time_stamp,word,frame,confidence,success,Tx,Ty,Tz,Rx,Ry,Rz,speaker_gender,listener_gender
3526,PT:BODY,3526,0.843873,1,-101.336,-308.994,1623.59,-0.0338249,-0.574858,-0.156761,w,m
3527,PT:BODY,3527,0.84902,1,-101.336,-308.994,1623.59,-0.0338249,-0.574858,-0.156761,w,m
3528,PT:BODY,3528,0.846901,1,-101.336,-308.994,1623.59,-0.0338249,-0.574858,-0.156761,w,m
3529,PT:BODY,3529,0.84146,1,-101.336,-308.994,1623.59,-0.0338249,-0.574858,-0.156761,w,m
3530,PT:BODY,3530,0.846297,1,-101.336,-308.994,1623.59,-0.0338249,-0.574858,-0.156761,w,m
3531,PT:BODY,3531,0.838781,1,-101.336,-308.994,1623.59,-0.0338249,-0.574858,-0.156761,w,m
3532,PT:BODY,3532,0.814811,1,-101.336,-308.994,1623.59,-0.0338249,-0.574858,-0.156761,w,m
3533,PT:BODY,3533,0.812565,1,-101.336,-308.994,1623.59,-0.0338249,-0.574858,-0.156761,w,m
3534,PT:BODY,3534,0.814835,1,-101.336,-308.994,1623.59,-0.0338249,-0.574858,-0.156761,w,m
3535,PT:BODY,3535,0.848889,1,-101.336,-308.994,1623.59,-0.0338249,-0.574858,-0.156761,w,m
3536,PT:BODY,3536,0.838686,1,-101.336,-308.994,1623.59,-0.0338249,-0.574858,-0.156761,w,m
3537,PT:BODY,3537,0.816157,1,-101.336,-308.994,1623.59,-0.0338249,-0.574858,-0.156761,w,m
3538,PT:BODY,3538,0.839674,1,-101.336,-308.994,1623.59,-0.0338249,-0.574858,-0.156761,w,m
3539,PT:BODY,3539,0.840987,1,-101.336,-308.994,1623.59,-0.0338249,-0.574858,-0.156761,w,m
3540,PT:BODY,3540,0.811376,1,-101.336,-308.994,1623.59,-0.0338249,-0.574858,-0.156761,w,m
3541,PT:BODY,3541,0.845845,1,-101.336,-308.994,1623.59,-0.0338249,-0.574858,-0.156761,w,m
3542,PT:BODY,3542,0.867484,1,-101.336,-308.994,1623.59,-0.0338249,-0.574858,-0.156761,w,m
3810,PT:BODY,3810,0.89041,1,-117.405,-310.435,1615.53,0.00611453,-0.574786,-0.167047,w,m
3811,PT:BODY,3811,0.872091,1,-117.405,-310.435,1615.53,0.00611453,-0.574786,-0.167047,w,m
3812,PT:BODY,3812,0.871803,1,-117.405,-310.435,1615.53,0.00611453,-0.574786,-0.167047,w,m
3813,PT:BODY,3813,0.886859,1,-117.405,-310.435,1615.53,0.00611453,-0.574786,-0.167047,w,m
3814,PT:BODY,3814,0.870772,1,-117.405,-310.435,1615.53,0.00611453,-0.574786,-0.167047,w,m
3815,PT:BODY,3815,0.854134,1,-117.405,-310.435,1615.53,0.00611453,-0.574786,-0.167047,w,m
3816,PT:BODY,3816,0.862785,1,-117.405,-310.435,1615.53,0.00611453,-0.574786,-0.167047,w,m
3817,PT:BODY,3817,0.881415,1,-117.405,-310.435,1615.53,0.00611453,-0.574786,-0.167047,w,m
3818,PT:BODY,3818,0.886609,1,-117.405,-310.435,1615.53,0.00611453,-0.574786,-0.167047,w,m
3819,PT:BODY,3819,0.89773,1,-117.405,-310.435,1615.53,0.00611453,-0.574786,-0.167047,w,m
3820,PT:BODY,3820,0.891125,1,-117.405,-310.435,1615.53,0.00611453,-0.574786,-0.167047,w,m
3821,PT:BODY,3821,0.883713,1,-117.405,-310.435,1615.53,0.00611453,-0.574786,-0.167047,w,m
3822,PT:BODY,3822,0.873148,1,-117.405,-310.435,1615.53,0.00611453,-0.574786,-0.167047,w,m
3823,PT:BODY,3823,0.871528,1,-117.405,-310.435,1615.53,0.00611453,-0.574786,-0.167047,w,m
3824,PT:BODY,3824,0.882509,1,-117.405,-310.435,1615.53,0.00611453,-0.574786,-0.167047,w,m
3825,PT:BODY,3825,0.889744,1,-117.405,-310.435,1615.53,0.00611453,-0.574786,-0.167047,w,m
3826,PT:BODY,3826,0.885455,1,-117.405,-310.435,1615.53,0.00611453,-0.574786,-0.167047,w,m
3827,PT:BODY,3827,0.887618,1,-117.405,-310.435,1615.53,0.00611453,-0.574786,-0.167047,w,m
4706,PT:BODY,4706,0.907377,1,-24.4956,-216.984,1250.45,0.225876,-0.371885,-0.017432,w,m
4707,PT:BODY,4707,0.889274,1,-26.6627,-219.565,1263.74,0.212299,-0.348755,-0.0240549,w,m
4708,PT:BODY,4708,0.878049,1,-29.3982,-219,1257.56,0.212679,-0.322316,-0.0313633,w,m
4709,PT:BODY,4709,0.909942,1,-32.3633,-219.6,1260.2,0.214159,-0.292359,-0.0305898,w,m
4710,PT:BODY,4710,0.907329,1,-33.6523,-220.125,1261.19,0.213897,-0.289046,-0.0285909,w,m
4711,PT:BODY,4711,0.859121,1,-34.1829,-220.348,1248.67,0.21354,-0.298686,-0.0277445,w,m
4712,PT:BODY,4712,0.882298,1,-35.2047,-220.688,1234.77,0.189435,-0.314677,-0.0360564,w,m
4713,PT:BODY,4713,0.893562,1,-38.4432,-221.342,1231.07,0.170279,-0.300701,-0.0472374,w,m
4714,PT:BODY,4714,0.908801,1,-42.4205,-220.778,1230.57,0.173817,-0.285043,-0.0542496,w,m
4715,PT:BODY,4715,0.7908,1,-47.3091,-227.308,1262.1,0.164292,-0.249225,-0.0690259,w,m
4717,PT:BODY,4717,0.905024,1,-52.7609,-232.467,1277.58,0.158181,-0.254803,-0.0845105,w,m
4718,PT:BODY,4718,0.913888,1,-49.1249,-231.732,1257.49,0.131988,-0.28841,-0.076339,w,m
4719,PT:BODY,4719,0.922136,1,-44.9755,-228.684,1240.16,0.138064,-0.321765,-0.0529306,w,m
4720,PT:BODY,4720,0.913617,1,-43.2675,-224.363,1234.3,0.180933,-0.334888,-0.0287681,w,m
4721,PT:BODY,4721,0.908018,1,-45.4978,-224.332,1247.34,0.214883,-0.330815,-0.0230996,w,m
4722,PT:BODY,4722,0.925782,1,-51.2725,-229.77,1276.99,0.193628,-0.312477,-0.0444274,w,m
4723,PT:BODY,4723,0.899653,1,-58.5201,-232.891,1296.82,0.186402,-0.289837,-0.060763,w,m
4724,PT:BODY,4724,0.91224,1,-65.3053,-235.148,1318.72,0.187799,-0.262245,-0.0777303,w,m
4725,PT:BODY,4725,0.917816,1,-69.4943,-234.075,1325.11,0.196371,-0.264251,-0.0907191,w,m
4726,PT:BODY,4726,0.829074,1,-69.4702,-234.941,1324.34,0.186227,-0.293945,-0.111291,w,m
4727,PT:BODY,4727,0.909564,1,-67.475,-235.517,1309.45,0.183601,-0.298043,-0.0809196,w,m
4728,PT:BODY,4728,0.930731,1,-67.1731,-233.408,1314.35,0.212004,-0.307026,-0.0631972,w,m
4729,PT:BODY,4729,0.933959,1,-68.9922,-233.09,1327.5,0.231469,-0.311448,-0.0594735,w,m
4730,PT:BODY,4730,0.909289,1,-70.3416,-235.326,1336.13,0.211901,-0.320559,-0.0611541,w,m
5414,PT:BODY,5414,0.897913,1,-56.9707,-234.912,1261.78,-0.126636,-0.407558,-0.458862,w,m
5415,PT:BODY,5415,0.897113,1,-57.0489,-234.918,1261.75,-0.126903,-0.40717,-0.459091,w,m
5416,PT:BODY,5416,0.896187,1,-57.1042,-234.656,1260.46,-0.126277,-0.408242,-0.458433,w,m
5417,PT:BODY,5417,0.894728,1,-57.1807,-234.705,1260.86,-0.12545,-0.407858,-0.458418,w,m
5418,PT:BODY,5418,0.898651,1,-57.4096,-234.662,1261.51,-0.123276,-0.405616,-0.45792,w,m
5419,PT:BODY,5419,0.896819,1,-57.4952,-234.479,1261.96,-0.117903,-0.405089,-0.455475,w,m
5420,PT:BODY,5420,0.906212,1,-58.06,-234.654,1267.36,-0.111988,-0.398721,-0.446472,w,m
5421,PT:BODY,5421,0.908461,1,-59.1799,-232.84,1270.02,-0.0940048,-0.377291,-0.431806,w,m
5422,PT:BODY,5422,0.923233,1,-60.8947,-227.723,1261.89,-0.0593465,-0.347961,-0.402993,w,m
5423,PT:BODY,5423,0.919412,1,-61.9389,-220.164,1243.92,-0.0131047,-0.32736,-0.362009,w,m
5424,PT:BODY,5424,0.925091,1,-62.3437,-215.415,1237.48,0.0339805,-0.303904,-0.32791,w,m
5425,PT:BODY,5425,0.928837,1,-61.8445,-211.311,1232.02,0.068377,-0.290083,-0.302509,w,m
5426,PT:BODY,5426,0.927196,1,-60.8965,-207.74,1226.41,0.0908554,-0.279959,-0.282326,w,m
5427,PT:BODY,5427,0.926145,1,-59.7945,-204.803,1221.41,0.108184,-0.273157,-0.265375,w,m
5428,PT:BODY,5428,0.922773,1,-58.8579,-202.256,1216.41,0.122243,-0.268593,-0.250718,w,m
5429,PT:BODY,5429,0.920441,1,-57.8236,-200.524,1213.93,0.133461,-0.269457,-0.237846,w,m
5430,PT:BODY,5430,0.922226,1,-56.6184,-198.575,1209.04,0.140723,-0.274667,-0.229153,w,m
5431,PT:BODY,5431,0.922071,1,-55.7111,-197.688,1210.52,0.145745,-0.277586,-0.225618,w,m
5432,PT:BODY,5432,0.93099,1,-55.0441,-196.081,1206.69,0.157416,-0.277288,-0.220901,w,m
5433,PT:BODY,5433,0.925702,1,-54.923,-194.502,1203.33,0.165073,-0.278333,-0.218433,w,m
5434,PT:BODY,5434,0.924976,1,-54.7465,-192.698,1197.91,0.1756,-0.280643,-0.214956,w,m
5435,PT:BODY,5435,0.925154,1,-55.1638,-192.223,1199.59,0.177181,-0.277119,-0.210605,w,m
5436,PT:BODY,5436,0.934842,1,-55.5358,-190.559,1197.97,0.190277,-0.265371,-0.206882,w,m
5437,PT:BODY,5437,0.921139,1,-55.3872,-187.433,1190.65,0.204477,-0.259101,-0.202115,w,m
5438,PT:BODY,5438,0.947799,1,-55.1626,-184.68,1188.71,0.219844,-0.255119,-0.195112,w,m
904,PT:BODY,904,0.856477,1,-33.0943,-177.568,1251.67,-0.213752,0.736744,0.399835,w,w
905,PT:BODY,905,0.880677,1,-32.8549,-180.501,1269.71,-0.191212,0.737071,0.389016,w,w
906,PT:BODY,906,0.899252,1,-32.8284,-183.636,1290.62,-0.162751,0.728715,0.364541,w,w
907,PT:BODY,907,0.884133,1,-33.0696,-186.02,1303.27,-0.143628,0.722037,0.346388,w,w
908,PT:BODY,908,0.88482,1,-32.8424,-187.431,1312.74,-0.131348,0.719951,0.334264,w,w
909,PT:BODY,909,0.882593,1,-32.8427,-188.692,1320.38,-0.123985,0.718495,0.328686,w,w
910,PT:BODY,910,0.886757,1,-32.836,-190.162,1327.86,-0.128621,0.715386,0.330025,w,w
911,PT:BODY,911,0.888228,1,-32.8475,-191.495,1334.02,-0.131836,0.712441,0.330711,w,w
912,PT:BODY,912,0.889048,1,-33.1671,-192.613,1337.33,-0.135791,0.712563,0.332128,w,w
913,PT:BODY,913,0.895528,1,-33.9671,-194.192,1343.62,-0.142114,0.707944,0.334536,w,w
914,PT:BODY,914,0.898869,1,-34.9168,-194.766,1344.04,-0.134015,0.702888,0.328885,w,w
915,PT:BODY,915,0.901855,1,-36.5142,-195.256,1344.22,-0.133526,0.702952,0.328642,w,w
916,PT:BODY,916,0.909175,1,-38.2105,-195.74,1344.63,-0.130093,0.702491,0.330027,w,w
917,PT:BODY,917,0.901354,1,-39.7246,-196.454,1346.51,-0.126036,0.704557,0.325003,w,w
918,PT:BODY,918,0.907633,1,-41.045,-197.271,1348.16,-0.127801,0.703054,0.323715,w,w
919,PT:BODY,919,0.909562,1,-42.3169,-198.013,1351.13,-0.125081,0.701186,0.319008,w,w
920,PT:BODY,920,0.911123,1,-43.2786,-198.295,1352.77,-0.120546,0.702972,0.316835,w,w
921,PT:BODY,921,0.908807,1,-43.8692,-198.028,1351.31,-0.116833,0.704782,0.317157,w,w
922,PT:BODY,922,0.910356,1,-44.7754,-198.488,1356.21,-0.114891,0.703791,0.319859,w,w
923,PT:BODY,923,0.913106,1,-45.6204,-198.892,1361.22,-0.110051,0.702531,0.319675,w,w
924,PT:BODY,924,0.915631,1,-46.216,-199.276,1363.93,-0.113233,0.699426,0.323655,w,w
925,PT:BODY,925,0.918392,1,-46.7052,-199.711,1366.18,-0.112803,0.700158,0.327127,w,w
926,PT:BODY,926,0.917547,1,-46.7745,-199.789,1367.41,-0.111485,0.699937,0.327506,w,w
927,PT:BODY,927,0.915638,1,-46.8684,-199.912,1369.56,-0.113133,0.698648,0.328294,w,w
928,PT:BODY,928,0.917777,1,-46.6241,-199.657,1369.62,-0.112576,0.695764,0.330666,w,w
929,PT:BODY,929,0.921508,1,-46.3762,-199.326,1369.05,-0.11128,0.696484,0.331572,w,w
930,PT:BODY,930,0.923593,1,-46.4313,-199.055,1369.48,-0.110953,0.696914,0.331274,w,w
931,PT:BODY,931,0.923184,1,-46.3555,-198.559,1369.8,-0.111076,0.698215,0.329813,w,w
932,PT:BODY,932,0.926147,1,-46.4413,-198.523,1370.99,-0.112214,0.697339,0.330418,w,w
933,PT:BODY,933,0.925706,1,-46.4298,-198.192,1370.06,-0.1125,0.696661,0.331712,w,w
934,PT:BODY,934,0.92416,1,-46.1361,-197.448,1366.24,-0.116548,0.69686,0.335386,w,w
935,PT:BODY,935,0.920022,1,-45.7556,-196.697,1362.43,-0.112796,0.695777,0.332196,w,w
936,PT:BODY,936,0.917125,1,-45.3441,-196.468,1362.97,-0.118087,0.6968,0.332451,w,w
937,PT:BODY,937,0.913013,1,-44.8251,-195.726,1359.57,-0.1181,0.699246,0.330763,w,w
938,PT:BODY,938,0.916558,1,-44.2149,-194.862,1355.75,-0.117645,0.704616,0.328973,w,w
939,PT:BODY,939,0.91669,1,-43.5025,-193.846,1350.81,-0.117398,0.707738,0.32589,w,w
940,PT:BODY,940,0.914939,1,-43.0158,-193.266,1347.91,-0.115702,0.710449,0.322622,w,w
941,PT:BODY,941,0.915647,1,-42.6768,-193.376,1348.52,-0.115694,0.710934,0.320722,w,w
942,PT:BODY,942,0.91683,1,-42.4099,-194.04,1352.62,-0.118117,0.708902,0.322444,w,w
943,PT:BODY,943,0.917114,1,-42.2044,-194.888,1356.97,-0.118704,0.708315,0.326494,w,w
944,PT:BODY,944,0.919665,1,-41.8298,-196.246,1361.78,-0.12317,0.703567,0.331966,w,w
945,PT:BODY,945,0.916846,1,-42.0347,-199.471,1376.65,-0.130178,0.695566,0.351814,w,w
946,PT:BODY,946,0.911448,1,-41.9241,-203.463,1393.32,-0.148932,0.686802,0.373186,w,w
947,PT:BODY,947,0.911993,1,-40.9699,-205.346,1394.76,-0.164347,0.684175,0.387282,w,w
948,PT:BODY,948,0.917857,1,-39.9227,-205.589,1389.32,-0.169822,0.687714,0.396963,w,w
949,PT:BODY,949,0.921872,1,-39.1323,-205.373,1383.09,-0.167049,0.690965,0.400185,w,w
950,PT:BODY,950,0.921168,1,-38.944,-205.339,1379.88,-0.167084,0.690089,0.400906,w,w
951,PT:BODY,951,0.923035,1,-38.925,-205.236,1376.46,-0.167053,0.690369,0.402167,w,w
952,PT:BODY,952,0.922096,1,-38.9899,-205.266,1375.67,-0.165145,0.691191,0.399132,w,w
953,PT:BODY,953,0.921515,1,-39.0944,-205.409,1375.23,-0.164322,0.691887,0.396479,w,w
2969,PT:BODY,2969,0.744949,1,-6.0597,-241.569,1621.9,0.171826,-0.835321,-0.0172838,w,w
2971,PT:BODY,2971,0.868091,1,-2.22156,-217.337,1486.7,0.136151,-0.887651,-0.0777156,w,w
2972,PT:BODY,2972,0.890695,1,-3.12528,-213.361,1462.7,0.156753,-0.916169,-0.0729354,w,w
2973,PT:BODY,2973,0.92808,1,-3.07461,-211.151,1448.16,0.143738,-0.923426,-0.0959005,w,w
2974,PT:BODY,2974,0.950761,1,-3.65618,-211.865,1452.07,0.120375,-0.909658,-0.127442,w,w
2975,PT:BODY,2975,0.959997,1,-4.84368,-217.742,1481.48,0.0924624,-0.894163,-0.152863,w,w
2976,PT:BODY,2976,0.959714,1,-5.42488,-220.18,1489.28,0.0687172,-0.891021,-0.183037,w,w
2977,PT:BODY,2977,0.959628,1,-5.96892,-220.702,1487.23,0.0546996,-0.893362,-0.201868,w,w
2978,PT:BODY,2978,0.955882,1,-6.34173,-221.698,1487.51,0.0328001,-0.893062,-0.227201,w,w
2979,PT:BODY,2979,0.959034,1,-7.38144,-222.91,1488.31,0.0104,-0.878335,-0.253829,w,w
2980,PT:BODY,2980,0.946639,1,-9.32886,-224.878,1491.56,-0.0186407,-0.854928,-0.289863,w,w
2981,PT:BODY,2981,0.945532,1,-11.8491,-228.019,1501.26,-0.0461327,-0.81417,-0.317853,w,w
2982,PT:BODY,2982,0.938833,1,-14.4182,-234.044,1523.3,-0.0895322,-0.775231,-0.346284,w,w
2984,PT:BODY,2984,0.781974,1,-18.7131,-246.27,1566.85,-0.158426,-0.726675,-0.405941,w,w
2986,PT:BODY,2986,0.766739,1,-19.8347,-231.224,1475.91,-0.153243,-0.761156,-0.415234,w,w
2987,PT:BODY,2987,0.781576,1,-21.2864,-236.443,1512.05,-0.162839,-0.776821,-0.420445,w,w
2988,PT:BODY,2988,0.864852,1,-23.1816,-232.164,1491.94,-0.145429,-0.774865,-0.407502,w,w
2989,PT:BODY,2989,0.861478,1,-24.1989,-224.415,1453.59,-0.141145,-0.794339,-0.392564,w,w
2990,PT:BODY,2990,0.746559,1,-25.154,-220.619,1426.64,-0.120288,-0.815118,-0.379321,w,w
2994,PT:BODY,2994,0.764934,1,-21.3091,-222.216,1441.74,-0.0877977,-0.821855,-0.341185,w,w
2995,PT:BODY,2995,0.781328,1,-20.2067,-220.745,1437.68,-0.0294647,-0.837627,-0.292937,w,w
2996,PT:BODY,2996,0.809811,1,-19.5012,-216.917,1423.37,0.051221,-0.868209,-0.224123,w,w
2997,PT:BODY,2997,0.828742,1,-18.0754,-213.23,1411.2,0.095969,-0.892058,-0.175797,w,w
2998,PT:BODY,2998,0.832089,1,-16.7471,-208.196,1390.49,0.126273,-0.91434,-0.135996,w,w
2999,PT:BODY,2999,0.84548,1,-16.2952,-206.085,1383.71,0.133057,-0.924693,-0.116893,w,w
3000,PT:BODY,3000,0.848091,1,-16.2462,-204.348,1374.62,0.129112,-0.934467,-0.115426,w,w
3001,PT:BODY,3001,0.882058,1,-17.1692,-203.93,1370.5,0.1204,-0.950677,-0.122172,w,w
3002,PT:BODY,3002,0.879194,1,-17.8217,-203.871,1367.85,0.107937,-0.959004,-0.135852,w,w
3003,PT:BODY,3003,0.870647,1,-19.0394,-205.23,1375.18,0.0951523,-0.958106,-0.146634,w,w
3004,PT:BODY,3004,0.881513,1,-20.3938,-205.756,1378.93,0.0892646,-0.960713,-0.150709,w,w
3005,PT:BODY,3005,0.873613,1,-21.3015,-206.693,1381.84,0.0882132,-0.961028,-0.149235,w,w
3006,PT:BODY,3006,0.872437,1,-21.9916,-207.338,1383.65,0.0824444,-0.960979,-0.150229,w,w
3007,PT:BODY,3007,0.880807,1,-22.8005,-207.894,1384.33,0.0832463,-0.961668,-0.145972,w,w
3008,PT:BODY,3008,0.884462,1,-23.2366,-208.369,1386.17,0.0902154,-0.953409,-0.137015,w,w
3009,PT:BODY,3009,0.892664,1,-23.4658,-208.361,1385.79,0.09827,-0.951928,-0.128814,w,w
3010,PT:BODY,3010,0.898942,1,-23.2189,-208.252,1385.23,0.10269,-0.950302,-0.126558,w,w
3011,PT:BODY,3011,0.9058,1,-22.974,-208.195,1385.59,0.104433,-0.948677,-0.124736,w,w
3012,PT:BODY,3012,0.91565,1,-22.5992,-207.927,1383.38,0.102741,-0.950881,-0.125645,w,w
3013,PT:BODY,3013,0.919331,1,-22.2432,-208.089,1383.68,0.0996659,-0.954394,-0.127485,w,w
3014,PT:BODY,3014,0.917215,1,-21.5585,-208.06,1382.64,0.0912822,-0.957836,-0.131351,w,w
3015,PT:BODY,3015,0.914674,1,-21.1642,-208.444,1384.23,0.0748665,-0.958885,-0.144469,w,w
3016,PT:BODY,3016,0.919331,1,-20.6296,-208.5,1384.3,0.0609904,-0.961246,-0.156723,w,w
3017,PT:BODY,3017,0.921229,1,-20.0814,-208.331,1383.09,0.0492098,-0.963536,-0.168966,w,w
3018,PT:BODY,3018,0.931106,1,-19.7196,-207.658,1380.28,0.0388672,-0.964841,-0.180527,w,w
3167,PT:BODY,3167,0.931897,1,-94.754,-198.885,1425.33,-0.00121982,-0.650439,-0.192661,w,w
3168,PT:BODY,3168,0.94555,1,-91.7261,-203.394,1409.03,-0.0291637,-0.660372,-0.214245,w,w
3169,PT:BODY,3169,0.944976,1,-87.5794,-207.757,1392.34,-0.0573573,-0.672191,-0.237609,w,w
3170,PT:BODY,3170,0.940457,1,-81.1928,-207.215,1356.68,-0.0788146,-0.690775,-0.275088,w,w
3171,PT:BODY,3171,0.906412,1,-74.822,-202.868,1316.51,-0.106507,-0.700599,-0.318883,w,w
3172,PT:BODY,3172,0.890442,1,-70.3252,-199.774,1292.26,-0.126176,-0.703017,-0.34851,w,w
3173,PT:BODY,3173,0.890301,1,-67.8131,-198.539,1286.36,-0.143382,-0.700153,-0.370228,w,w
3174,PT:BODY,3174,0.897186,1,-66.7677,-195.905,1284.2,-0.134012,-0.708617,-0.369586,w,w
3175,PT:BODY,3175,0.885845,1,-66.9929,-189.635,1274.14,-0.108178,-0.732984,-0.336773,w,w
3176,PT:BODY,3176,0.903806,1,-66.8746,-186.43,1273.29,-0.119104,-0.739405,-0.341104,w,w
3177,PT:BODY,3177,0.881171,1,-68.7396,-186.956,1285.29,-0.128104,-0.724194,-0.331023,w,w
3178,PT:BODY,3178,0.926349,1,-71.2469,-192.12,1311.25,-0.0967003,-0.689763,-0.296537,w,w
3179,PT:BODY,3179,0.942856,1,-73.2464,-196.496,1331.15,-0.0625981,-0.67852,-0.263124,w,w
3180,PT:BODY,3180,0.937025,1,-74.2599,-198.627,1348.1,-0.0248507,-0.672524,-0.219984,w,w
3181,PT:BODY,3181,0.937982,1,-73.1162,-197.424,1353.72,0.00145585,-0.691145,-0.194154,w,w
3182,PT:BODY,3182,0.941852,1,-71.7342,-195.408,1362.29,0.0200609,-0.68882,-0.187467,w,w
3183,PT:BODY,3183,0.933614,1,-67.6138,-183.65,1317.95,0.048375,-0.73895,-0.170671,w,w
3184,PT:BODY,3184,0.941014,1,-64.6147,-173.29,1279.58,0.112371,-0.77859,-0.137499,w,w
3185,PT:BODY,3185,0.955459,1,-62.1113,-171.566,1279.77,0.0993558,-0.790733,-0.133299,w,w
3186,PT:BODY,3186,0.945903,1,-57.1427,-170.521,1262.62,0.0853258,-0.802577,-0.146619,w,w
3187,PT:BODY,3187,0.942278,1,-52.6469,-169.311,1249.97,0.0941898,-0.817491,-0.145865,w,w
3188,PT:BODY,3188,0.933733,1,-49.2895,-168.089,1247.43,0.106983,-0.823218,-0.141655,w,w
3189,PT:BODY,3189,0.923117,1,-46.7756,-167.44,1248.99,0.100059,-0.844161,-0.136883,w,w
3190,PT:BODY,3190,0.899911,1,-45.2493,-167.232,1252.13,0.106253,-0.849943,-0.135939,w,w
3191,PT:BODY,3191,0.899992,1,-43.8613,-168.033,1257.25,0.0991814,-0.853759,-0.141499,w,w
3192,PT:BODY,3192,0.904772,1,-42.6716,-168.372,1257.24,0.0945011,-0.864035,-0.144341,w,w
3193,PT:BODY,3193,0.894819,1,-41.4307,-168.165,1259.27,0.109899,-0.868532,-0.136181,w,w
3194,PT:BODY,3194,0.90533,1,-42.8001,-168.821,1293.86,0.149339,-0.854833,-0.0979475,w,w
3195,PT:BODY,3195,0.868134,1,-45.7251,-170.037,1350.27,0.226319,-0.829753,-0.0357548,w,w
3196,PT:BODY,3196,0.889642,1,-45.1447,-166.729,1364,0.302052,-0.81693,0.0248915,w,w
3197,PT:BODY,3197,0.910551,1,-41.0571,-165.238,1359.57,0.288543,-0.836456,0.0340596,w,w
3198,PT:BODY,3198,0.943191,1,-36.9507,-165.576,1351.8,0.216577,-0.894295,0.0102693,w,w
3199,PT:BODY,3199,0.938227,1,-33.3973,-166.753,1356.45,0.174292,-0.942482,-0.0038339,w,w
3200,PT:BODY,3200,0.936022,1,-31.4134,-168.517,1382.55,0.193957,-0.965351,0.0178415,w,w
3201,PT:BODY,3201,0.939817,1,-28.9487,-171.024,1401.53,0.170066,-0.9762,-0.00125633,w,w
3202,PT:BODY,3202,0.938596,1,-27.0663,-175.765,1408.36,0.109903,-0.984664,-0.0416256,w,w
3203,PT:BODY,3203,0.91611,1,-27.284,-181.397,1421.58,0.074824,-0.982477,-0.0668208,w,w
3204,PT:BODY,3204,0.896903,1,-29.0073,-183.223,1427.03,0.102882,-0.964216,-0.0535868,w,w
3205,PT:BODY,3205,0.864468,1,-30.7295,-182.285,1422.55,0.164429,-0.945954,-0.0130812,w,w
3206,PT:BODY,3206,0.887691,1,-31.6403,-183.4,1417.3,0.193487,-0.931432,0.017594,w,w
3207,PT:BODY,3207,0.79153,1,-31.9825,-184.995,1406.18,0.12816,-0.915941,-0.0270921,w,w
3208,PT:BODY,3208,0.75695,1,-35.4253,-194.291,1446.7,0.108997,-0.878985,-0.0513708,w,w
3212,PT:BODY,3212,0.78036,1,-48.6549,-211.004,1528.3,0.0961433,-0.707057,-0.0846352,w,w
3213,PT:BODY,3213,0.757338,1,-49.7725,-214.335,1524.2,0.0444935,-0.676598,-0.113763,w,w
208,PT:BODY,208,0.900208,1,-39.8211,-204.928,1450.73,0.251958,0.49183,-0.0421695,w,w
209,PT:BODY,209,0.895856,1,-39.8309,-205.076,1451.61,0.25268,0.491395,-0.0423009,w,w
210,PT:BODY,210,0.892463,1,-39.8229,-205.202,1452.26,0.252336,0.490825,-0.0416696,w,w
211,PT:BODY,211,0.892576,1,-39.8285,-205.296,1452.72,0.25214,0.490615,-0.0411305,w,w
212,PT:BODY,212,0.894253,1,-39.7552,-205.529,1453.54,0.254643,0.49436,-0.0400943,w,w
213,PT:BODY,213,0.89168,1,-39.6973,-205.577,1453.43,0.254519,0.495248,-0.0399866,w,w
214,PT:BODY,214,0.90371,1,-39.3218,-205.225,1449.14,0.256775,0.495726,-0.0379454,w,w
215,PT:BODY,215,0.909276,1,-39.23,-205.186,1448.57,0.256675,0.495062,-0.0374379,w,w
216,PT:BODY,216,0.908814,1,-39.2188,-205.404,1450.38,0.255466,0.492503,-0.0377496,w,w
217,PT:BODY,217,0.90821,1,-39.1765,-205.732,1454.25,0.254473,0.488062,-0.0398747,w,w
218,PT:BODY,218,0.908215,1,-39.0957,-205.32,1455.36,0.265696,0.482268,-0.0441988,w,w
219,PT:BODY,219,0.902203,1,-39.334,-205.505,1462.08,0.270511,0.479648,-0.0463295,w,w
220,PT:BODY,220,0.902059,1,-39.5675,-205.798,1467.25,0.274418,0.478721,-0.0474505,w,w
221,PT:BODY,221,0.901608,1,-39.9003,-206.054,1472.55,0.270392,0.476948,-0.0439587,w,w
222,PT:BODY,222,0.907043,1,-40.1011,-206.18,1473.19,0.269503,0.479874,-0.0443998,w,w
223,PT:BODY,223,0.907016,1,-40.2802,-206.298,1472.72,0.26812,0.480344,-0.0465548,w,w
224,PT:BODY,224,0.904728,1,-40.4547,-206.479,1472.35,0.264472,0.481473,-0.0435691,w,w
225,PT:BODY,225,0.905795,1,-40.8142,-206.951,1474.01,0.261231,0.484441,-0.0386552,w,w
226,PT:BODY,226,0.905064,1,-41.0377,-207.237,1475.59,0.258776,0.482892,-0.0360902,w,w
227,PT:BODY,227,0.91014,1,-41.1003,-207.327,1476.17,0.258256,0.484121,-0.0352115,w,w
228,PT:BODY,228,0.907966,1,-41.3678,-207.34,1476.49,0.25519,0.481524,-0.0307137,w,w
229,PT:BODY,229,0.908739,1,-41.4974,-207.294,1476.55,0.251884,0.482746,-0.0269448,w,w
230,PT:BODY,230,0.908323,1,-41.514,-207.36,1476.82,0.250992,0.482618,-0.0260263,w,w
231,PT:BODY,231,0.906198,1,-41.5381,-207.459,1477.25,0.250011,0.482516,-0.0250653,w,w
232,PT:BODY,232,0.90875,1,-41.7118,-208.401,1482.7,0.240332,0.480115,-0.0192598,w,w
233,PT:BODY,233,0.909878,1,-41.9052,-209.443,1488.2,0.22778,0.480847,-0.0105977,w,w
260,PT:BODY,260,0.952243,1,-44.5121,-214.584,1514.18,0.201652,0.47161,0.012167,w,w
261,PT:BODY,261,0.949108,1,-44.4104,-215.15,1514.39,0.199906,0.471451,0.0124976,w,w
262,PT:BODY,262,0.952684,1,-44.0879,-215.353,1513.92,0.200072,0.471971,0.0120849,w,w
263,PT:BODY,263,0.94617,1,-43.6414,-215.083,1510.98,0.208732,0.476861,0.0102779,w,w
264,PT:BODY,264,0.947917,1,-43.2666,-214.64,1507.41,0.212524,0.476592,0.0102702,w,w
265,PT:BODY,265,0.946599,1,-42.9843,-214.012,1502.55,0.214038,0.477249,0.0110877,w,w
266,PT:BODY,266,0.946379,1,-42.6962,-214.162,1503.54,0.214746,0.477644,0.011077,w,w
267,PT:BODY,267,0.945612,1,-42.3915,-214.481,1504.28,0.219631,0.478476,0.0113041,w,w
268,PT:BODY,268,0.949484,1,-41.992,-214.561,1504.81,0.216729,0.476596,0.0134922,w,w
269,PT:BODY,269,0.949001,1,-41.6628,-214.925,1506.94,0.207616,0.476063,0.017591,w,w
270,PT:BODY,270,0.946982,1,-41.3348,-215.065,1506.67,0.206345,0.475663,0.016716,w,w
271,PT:BODY,271,0.939713,1,-40.9529,-215.415,1507.33,0.211402,0.472597,0.013211,w,w
272,PT:BODY,272,0.939377,1,-40.8517,-215.466,1507,0.211934,0.473292,0.0131095,w,w
273,PT:BODY,273,0.943409,1,-40.7642,-215.542,1507.22,0.212352,0.472622,0.0131156,w,w
274,PT:BODY,274,0.940718,1,-40.7036,-215.755,1508.71,0.211482,0.473496,0.0139703,w,w
275,PT:BODY,275,0.940399,1,-40.686,-215.844,1509.3,0.211596,0.473296,0.0144033,w,w
276,PT:BODY,276,0.941848,1,-40.661,-215.938,1509.97,0.211638,0.473239,0.0146674,w,w
277,PT:BODY,277,0.939931,1,-40.6579,-215.965,1510.15,0.211255,0.473057,0.015284,w,w
278,PT:BODY,278,0.936442,1,-40.6405,-215.836,1509.1,0.211971,0.473679,0.0152078,w,w
279,PT:BODY,279,0.934655,1,-40.6607,-215.843,1509,0.2123,0.473882,0.0153552,w,w
280,PT:BODY,280,0.940298,1,-40.6932,-215.771,1508.41,0.213116,0.474335,0.0149538,w,w
281,PT:BODY,281,0.943187,1,-40.7354,-215.68,1507.67,0.214094,0.475243,0.0142672,w,w
282,PT:BODY,282,0.942123,1,-40.9311,-215.564,1506.81,0.216172,0.477652,0.0116101,w,w
283,PT:BODY,283,0.938116,1,-40.966,-215.585,1507.13,0.216551,0.477235,0.0107797,w,w
284,PT:BODY,284,0.941862,1,-40.9872,-215.553,1507.08,0.216607,0.476885,0.0100409,w,w
4145,PT:BODY,4145,0.951418,1,-47.369,-213.316,1433.01,0.202868,0.52714,-0.0320669,w,w
4146,PT:BODY,4146,0.947204,1,-46.9749,-212.676,1430.7,0.204933,0.528757,-0.0344432,w,w
4147,PT:BODY,4147,0.940798,1,-46.4992,-211.559,1424.53,0.209669,0.53017,-0.0373515,w,w
4148,PT:BODY,4148,0.944044,1,-46.3344,-211.346,1423.72,0.211521,0.527438,-0.037622,w,w
4149,PT:BODY,4149,0.943275,1,-46.2729,-211.253,1423.43,0.212056,0.526567,-0.0381223,w,w
4150,PT:BODY,4150,0.939498,1,-46.1823,-211.293,1423.96,0.212668,0.525072,-0.0389379,w,w
4151,PT:BODY,4151,0.939969,1,-46.1472,-211.314,1424.22,0.212445,0.524994,-0.039297,w,w
4152,PT:BODY,4152,0.941117,1,-46.0682,-211.207,1423.94,0.213977,0.525007,-0.0400643,w,w
4153,PT:BODY,4153,0.937832,1,-46.0285,-210.947,1424,0.214363,0.52558,-0.0402668,w,w
4154,PT:BODY,4154,0.943629,1,-46.0368,-210.663,1425.51,0.214812,0.525487,-0.0412312,w,w
4155,PT:BODY,4155,0.946978,1,-46.1591,-210.733,1430.33,0.212955,0.525721,-0.0411986,w,w
4156,PT:BODY,4156,0.945011,1,-46.2466,-210.544,1432.75,0.215608,0.525469,-0.0419237,w,w
4157,PT:BODY,4157,0.945317,1,-46.2647,-210.054,1434.37,0.218575,0.524218,-0.0433909,w,w
4158,PT:BODY,4158,0.940036,1,-46.3257,-210.073,1438.33,0.221277,0.524916,-0.0482264,w,w
4159,PT:BODY,4159,0.940331,1,-46.4606,-210.406,1444.1,0.221617,0.526302,-0.0528023,w,w
4160,PT:BODY,4160,0.93191,1,-46.4824,-210.457,1445.14,0.219708,0.525519,-0.0540486,w,w
4161,PT:BODY,4161,0.930261,1,-46.4456,-210.325,1444.45,0.220174,0.525906,-0.0549424,w,w
4162,PT:BODY,4162,0.933562,1,-46.4861,-210.458,1445.59,0.217579,0.52556,-0.0559446,w,w
4163,PT:BODY,4163,0.935882,1,-46.5428,-210.623,1446.93,0.214137,0.525277,-0.057276,w,w
4164,PT:BODY,4164,0.935678,1,-46.5989,-210.489,1444.19,0.214607,0.52683,-0.0607773,w,w
4165,PT:BODY,4165,0.935976,1,-46.6193,-210.508,1444.17,0.214201,0.526819,-0.060696,w,w
4166,PT:BODY,4166,0.939803,1,-46.827,-210.489,1445.53,0.21877,0.526294,-0.0632444,w,w
4167,PT:BODY,4167,0.940274,1,-46.9582,-210.166,1445.13,0.221981,0.527148,-0.0666893,w,w
4168,PT:BODY,4168,0.938172,1,-47.1842,-210.09,1447.53,0.225139,0.526585,-0.0692164,w,w
4169,PT:BODY,4169,0.93533,1,-47.3346,-209.704,1448.16,0.23003,0.526145,-0.0727314,w,w
4170,PT:BODY,4170,0.937158,1,-47.3961,-209.749,1448.39,0.228181,0.525828,-0.0725094,w,w
5544,PT:BODY,5544,0.750841,1,-60.3833,-219.599,1454.01,0.0814274,0.685353,0.0207641,w,w
5545,PT:BODY,5545,0.763112,1,-60.0483,-218.533,1458.31,0.0920486,0.68571,0.0105112,w,w
5546,PT:BODY,5546,0.746069,1,-59.5588,-217.285,1462.72,0.102317,0.687147,0.00239472,w,w
5547,PT:BODY,5547,0.768948,1,-58.7544,-215.121,1462.33,0.11358,0.691215,-0.00851489,w,w
5548,PT:BODY,5548,0.757559,1,-58.3375,-214.063,1466.8,0.125729,0.687427,-0.0208014,w,w
5549,PT:BODY,5549,0.778897,1,-58.025,-212.905,1467.5,0.129784,0.690346,-0.0276668,w,w
5550,PT:BODY,5550,0.763412,1,-58.1489,-212.814,1472.65,0.134413,0.69038,-0.0314538,w,w
5551,PT:BODY,5551,0.771505,1,-58.1732,-212.883,1474.13,0.128885,0.690252,-0.0313441,w,w
5552,PT:BODY,5552,0.775031,1,-58.2525,-212.593,1471.63,0.124073,0.690831,-0.0269776,w,w
5553,PT:BODY,5553,0.772171,1,-58.4547,-212.3,1468.59,0.11479,0.688133,-0.0193437,w,w
5554,PT:BODY,5554,0.767606,1,-58.4007,-211.868,1462.96,0.113538,0.68767,-0.0186353,w,w
5555,PT:BODY,5555,0.743454,1,-58.4626,-211.76,1459.22,0.114247,0.690507,-0.0203396,w,w
5556,PT:BODY,5556,0.749817,1,-58.8488,-211.569,1455.59,0.115158,0.688896,-0.0238626,w,w
5557,PT:BODY,5557,0.730627,1,-59.1177,-211.219,1450.81,0.116813,0.691095,-0.0305804,w,w
5558,PT:BODY,5558,0.736076,1,-59.3102,-210.643,1440.18,0.12421,0.688809,-0.0361872,w,w
5559,PT:BODY,5559,0.727974,1,-59.9628,-210.324,1426.32,0.125076,0.688831,-0.0427085,w,w
5560,PT:BODY,5560,0.748441,1,-60.8844,-211.773,1418.99,0.113436,0.690292,-0.0361403,w,w
5561,PT:BODY,5561,0.730147,1,-62.1382,-214.358,1416.28,0.0915849,0.698651,-0.0235797,w,w
5562,PT:BODY,5562,0.89056,1,-64.8903,-211.58,1379.75,0.0953312,0.370205,-0.0963619,w,w
5563,PT:BODY,5563,0.882429,1,-64.6838,-215.536,1388.47,0.11611,0.468919,-0.115003,w,w
5564,PT:BODY,5564,0.756976,1,-64.4529,-220.831,1405.12,0.135466,0.557449,-0.133959,w,w
5565,PT:BODY,5565,0.758561,1,-64.6555,-225.009,1414,0.0865698,0.626618,-0.0825234,w,w
5566,PT:BODY,5566,0.757922,1,-65.1658,-228.744,1423.79,0.0578579,0.651309,-0.0469346,w,w
5567,PT:BODY,5567,0.744957,1,-65.8363,-232.074,1431.15,0.0243227,0.664177,-0.0179264,w,w
5568,PT:BODY,5568,0.755926,1,-66.1822,-235.427,1440.19,0.0063636,0.665738,0.00195981,w,w
5569,PT:BODY,5569,0.769072,1,-66.6497,-239.264,1453.39,-0.0076944,0.661813,0.0136327,w,w
5570,PT:BODY,5570,0.749632,1,-66.48,-241.366,1458.09,-0.0260338,0.650859,0.0286848,w,w
5571,PT:BODY,5571,0.753853,1,-66.1494,-242.722,1460.43,-0.0340475,0.655389,0.0364493,w,w
5572,PT:BODY,5572,0.748365,1,-65.5463,-243.293,1462.16,-0.0302428,0.653053,0.0349859,w,w
5573,PT:BODY,5573,0.748966,1,-64.8423,-243.093,1461.21,-0.0274853,0.653328,0.0338379,w,w
5574,PT:BODY,5574,0.7704,1,-64.0848,-242.857,1463.67,-0.0141837,0.646448,0.0286103,w,w
5575,PT:BODY,5575,0.768067,1,-63.4609,-241.633,1463.05,0.00216477,0.652751,0.0204781,w,w
5576,PT:BODY,5576,0.744913,1,-62.9969,-239.452,1459.25,0.0153583,0.652512,0.0156164,w,w
5577,PT:BODY,5577,0.761201,1,-62.3492,-236.562,1453.84,0.0309372,0.657856,0.00926147,w,w
5578,PT:BODY,5578,0.776868,1,-61.8766,-233.008,1446.65,0.0533206,0.668953,0.00187728,w,w
5579,PT:BODY,5579,0.77211,1,-61.471,-229.738,1442.97,0.0705921,0.669333,-0.00680688,w,w
5580,PT:BODY,5580,0.776669,1,-61.2022,-226.525,1440.84,0.0827833,0.675674,-0.0100072,w,w
5581,PT:BODY,5581,0.76203,1,-60.9331,-223.178,1438.51,0.095826,0.678722,-0.0154764,w,w
5582,PT:BODY,5582,0.758945,1,-60.7366,-220.064,1436.95,0.10575,0.681528,-0.0176323,w,w
5583,PT:BODY,5583,0.779829,1,-60.7127,-217.084,1436.2,0.109687,0.685174,-0.0156859,w,w
5584,PT:BODY,5584,0.750651,1,-60.8521,-215.108,1440.4,0.120581,0.688875,-0.0182782,w,w
5585,PT:BODY,5585,0.752917,1,-60.8248,-212.988,1444.92,0.12386,0.690991,-0.0205234,w,w
5586,PT:BODY,5586,0.855131,1,-64.9986,-204.372,1409.4,0.094235,0.257882,-0.055008,w,w
5587,PT:BODY,5587,0.859427,1,-64.8498,-207.581,1440.21,0.121396,0.304758,-0.0624502,w,w
5588,PT:BODY,5588,0.849908,1,-63.9638,-208.243,1449.93,0.159173,0.354575,-0.0796681,w,w
5589,PT:BODY,5589,0.85517,1,-62.2127,-208.452,1452.3,0.213177,0.452758,-0.10534,w,w
5590,PT:BODY,5590,0.882952,1,-60.3409,-207.174,1441.82,0.232043,0.529526,-0.122321,w,w
5591,PT:BODY,5591,0.897043,1,-59.4862,-206.2,1432.15,0.234299,0.54261,-0.12459,w,w
5592,PT:BODY,5592,0.918837,1,-58.9057,-205.995,1422.97,0.230004,0.541271,-0.117855,w,w
5593,PT:BODY,5593,0.917866,1,-58.4402,-206.698,1417.64,0.221854,0.537933,-0.111378,w,w
5594,PT:BODY,5594,0.929161,1,-57.6848,-206.659,1405.16,0.214556,0.53729,-0.103547,w,w
5595,PT:BODY,5595,0.918727,1,-57.3306,-208.025,1402.2,0.201235,0.535854,-0.0930716,w,w
5596,PT:BODY,5596,0.930993,1,-57.0186,-210.041,1404.41,0.18913,0.53275,-0.081636,w,w
5597,PT:BODY,5597,0.931841,1,-56.3735,-211.151,1400.22,0.18005,0.533542,-0.0689894,w,w
5598,PT:BODY,5598,0.932745,1,-55.4733,-211.854,1396.33,0.176704,0.536292,-0.0610862,w,w
5599,PT:BODY,5599,0.930163,1,-54.6673,-212.469,1396.99,0.167928,0.540152,-0.0545617,w,w
5600,PT:BODY,5600,0.929464,1,-53.7436,-212.447,1397.32,0.174311,0.53908,-0.0544173,w,w
5601,PT:BODY,5601,0.926065,1,-52.5129,-211.474,1394.64,0.190624,0.536433,-0.0626195,w,w
5602,PT:BODY,5602,0.922758,1,-52.1142,-210.803,1395.37,0.199781,0.539226,-0.0702519,w,w
5603,PT:BODY,5603,0.913273,1,-51.5074,-209.356,1393.3,0.218252,0.542506,-0.0846162,w,w
5604,PT:BODY,5604,0.737725,1,-51.7803,-207.813,1389.22,0.239334,0.555074,-0.105433,w,w
5606,PT:BODY,5606,0.750833,1,-54.0304,-208.8,1395.2,0.0984537,0.738813,0.0455318,w,w
5607,PT:BODY,5607,0.779336,1,-53.1553,-209.73,1399.75,0.0788177,0.736448,0.0673344,w,w
5608,PT:BODY,5608,0.769007,1,-51.3237,-211.208,1407.56,0.061635,0.7332,0.0881571,w,w
5609,PT:BODY,5609,0.744871,1,-49.3221,-212.172,1412.32,0.0395305,0.720765,0.114102,w,w
5610,PT:BODY,5610,0.730247,1,-48.4347,-213.754,1419.41,0.0330431,0.715336,0.127003,w,w
5611,PT:BODY,5611,0.745013,1,-48.3209,-215.288,1425.83,0.023567,0.722461,0.139618,w,w
5612,PT:BODY,5612,0.749558,1,-48.1674,-217.607,1434.55,0.00506833,0.722218,0.159284,w,w
5613,PT:BODY,5613,0.771239,1,-47.5198,-218.997,1439.08,-0.00731069,0.721123,0.175583,w,w
5614,PT:BODY,5614,0.772971,1,-46.7176,-219.454,1439.78,-0.0126159,0.718069,0.182748,w,w
5615,PT:BODY,5615,0.772163,1,-46.162,-219.433,1439.65,-0.00741207,0.71494,0.175491,w,w
5616,PT:BODY,5616,0.764849,1,-45.9205,-218.842,1437.08,-0.00120751,0.710439,0.166353,w,w
5617,PT:BODY,5617,0.758445,1,-45.8466,-218.417,1435.74,0.00407344,0.712009,0.158134,w,w
5618,PT:BODY,5618,0.740928,1,-45.9332,-217.923,1435.35,0.0129474,0.711392,0.145064,w,w
5619,PT:BODY,5619,0.73951,1,-46.125,-217.5,1435.09,0.0237326,0.714126,0.129995,w,w
5620,PT:BODY,5620,0.743699,1,-46.2606,-216.722,1433.56,0.0386773,0.715602,0.114416,w,w
5621,PT:BODY,5621,0.751455,1,-46.5624,-216.07,1432.62,0.0496773,0.715612,0.101456,w,w
5959,PT:BODY,5959,0.882328,1,-105.153,-165.225,1299.14,0.346815,0.469488,-0.666499,w,w
5960,PT:BODY,5960,0.757343,1,-103.499,-169.645,1303.91,0.363995,0.513276,-0.616657,w,w
5962,PT:BODY,5962,0.743982,1,-89.1419,-184.845,1310.19,0.341587,0.610046,-0.417492,w,w
5963,PT:BODY,5963,0.752388,1,-85.1113,-189.133,1310.32,0.351655,0.599877,-0.38988,w,w
5964,PT:BODY,5964,0.763576,1,-81.9929,-195.446,1332.43,0.347132,0.582097,-0.367034,w,w
5965,PT:BODY,5965,0.756374,1,-81.393,-204.719,1379.83,0.328093,0.568925,-0.345944,w,w
5966,PT:BODY,5966,0.808367,1,-85.0327,-207.684,1402.09,0.205979,0.366267,-0.211791,w,w
5967,PT:BODY,5967,0.799127,1,-84.5703,-208.437,1409.54,0.209197,0.429746,-0.248126,w,w
5968,PT:BODY,5968,0.812395,1,-84.6234,-209.968,1425.69,0.207078,0.462628,-0.288724,w,w
5969,PT:BODY,5969,0.820403,1,-84.6569,-211.241,1437.98,0.223263,0.506445,-0.34209,w,w
5970,PT:BODY,5970,0.855676,1,-84.2049,-210.131,1436.07,0.254267,0.548061,-0.410565,w,w
5971,PT:BODY,5971,0.887783,1,-85.1981,-209.272,1438.32,0.266268,0.541624,-0.45739,w,w
5972,PT:BODY,5972,0.897505,1,-86.6318,-207.621,1436.95,0.274167,0.525631,-0.489272,w,w
5973,PT:BODY,5973,0.894041,1,-87.9594,-206.562,1437.97,0.281162,0.515835,-0.50808,w,w
5974,PT:BODY,5974,0.883726,1,-87.37,-206.555,1437.44,0.300945,0.492401,-0.516754,w,w
5975,PT:BODY,5975,0.864355,1,-83.9547,-202.147,1406.35,0.334293,0.490991,-0.523043,w,w
5976,PT:BODY,5976,0.803417,1,-81.0075,-198.39,1374.01,0.339658,0.507564,-0.518603,w,w
5977,PT:BODY,5977,0.776253,1,-77.6485,-194.48,1345.24,0.373905,0.531816,-0.501911,w,w
5979,PT:BODY,5979,0.767265,1,-69.6985,-195.591,1340.61,0.390807,0.779315,-0.430609,w,w
6011,PT:BODY,6011,0.955779,1,-16.0214,-199.13,1344.93,0.254075,0.492685,-0.274197,w,w
6012,PT:BODY,6012,0.962479,1,-14.2094,-195.625,1330.89,0.276666,0.502387,-0.273158,w,w
6013,PT:BODY,6013,0.958437,1,-12.6358,-191.472,1316.08,0.260746,0.524247,-0.257648,w,w
6014,PT:BODY,6014,0.957489,1,-11.6228,-188.466,1309.22,0.238796,0.515427,-0.234914,w,w
6015,PT:BODY,6015,0.952123,1,-10.7367,-186.474,1309.2,0.213887,0.488658,-0.217026,w,w
6016,PT:BODY,6016,0.95361,1,-9.99147,-183.081,1295.83,0.21737,0.483746,-0.208836,w,w
6017,PT:BODY,6017,0.952329,1,-9.16724,-181.627,1289.96,0.22176,0.485619,-0.207085,w,w
6018,PT:BODY,6018,0.952658,1,-8.7267,-181.764,1289.67,0.208974,0.486681,-0.199041,w,w
6019,PT:BODY,6019,0.946544,1,-8.60463,-179.847,1278.3,0.191854,0.482939,-0.184945,w,w
6020,PT:BODY,6020,0.945941,1,-7.8997,-178.904,1276.11,0.203261,0.466341,-0.183868,w,w
6021,PT:BODY,6021,0.941836,1,-7.57372,-180.538,1285.65,0.199356,0.457408,-0.181096,w,w
6022,PT:BODY,6022,0.957783,1,-7.49192,-185.244,1308.67,0.177164,0.445116,-0.172144,w,w
6023,PT:BODY,6023,0.956085,1,-7.38427,-188.787,1322.87,0.161298,0.443655,-0.161497,w,w
6024,PT:BODY,6024,0.962284,1,-7.29546,-190.296,1331.03,0.160939,0.441341,-0.156539,w,w
6025,PT:BODY,6025,0.962762,1,-6.95877,-189.117,1329.27,0.181683,0.431511,-0.164168,w,w
6026,PT:BODY,6026,0.957379,1,-6.83573,-186.545,1323.66,0.212872,0.426939,-0.179838,w,w
6027,PT:BODY,6027,0.960192,1,-7.80505,-186.572,1331.82,0.21347,0.434673,-0.188566,w,w
6028,PT:BODY,6028,0.970317,1,-9.97118,-186.691,1331.05,0.193148,0.453146,-0.185687,w,w
6029,PT:BODY,6029,0.961902,1,-11.7659,-186.607,1326.49,0.191046,0.462078,-0.192131,w,w
6030,PT:BODY,6030,0.958218,1,-13.6042,-187.033,1325.13,0.1882,0.469444,-0.197774,w,w
6031,PT:BODY,6031,0.953793,1,-15.111,-186.343,1317.94,0.192138,0.479577,-0.205894,w,w
6032,PT:BODY,6032,0.955662,1,-15.9693,-184.168,1300.82,0.21019,0.484612,-0.22301,w,w
6033,PT:BODY,6033,0.961581,1,-17.6167,-183.858,1297.44,0.223646,0.487238,-0.238304,w,w
6034,PT:BODY,6034,0.963381,1,-19.3696,-184.276,1300.31,0.235022,0.486291,-0.252284,w,w
6035,PT:BODY,6035,0.962898,1,-20.6748,-185.148,1308.06,0.244111,0.485259,-0.263362,w,w
6036,PT:BODY,6036,0.95381,1,-21.4678,-185.378,1307.25,0.246936,0.490784,-0.272245,w,w
346,PT:BODY,346,0.777583,1,-67.7024,-197.349,1395.16,0.181591,0.521333,-0.210934,m,w
347,PT:BODY,347,0.751839,1,-68.102,-194.776,1381.11,0.124087,0.394467,-0.0851762,m,w
348,PT:BODY,348,0.756558,1,-68.9168,-194.917,1386.21,0.23047,0.400228,-0.148548,m,w
349,PT:BODY,349,0.797487,1,-70.6723,-190.577,1365.05,0.261778,0.496064,-0.185204,m,w
350,PT:BODY,350,0.83953,1,-84.1654,-191.372,1395.45,0.212309,0.45355,-0.120334,m,w
351,PT:BODY,351,0.82391,1,-85.9773,-187.913,1378.7,0.220093,0.535896,-0.152481,m,w
352,PT:BODY,352,0.738382,1,-89.5237,-186.565,1377.43,0.273921,0.613023,-0.199759,m,w
353,PT:BODY,353,0.798721,1,-94.0588,-187.291,1392.17,0.248881,0.688659,-0.204646,m,w
354,PT:BODY,354,0.787547,1,-94.7531,-184.655,1382.51,0.231885,0.699896,-0.195772,m,w
355,PT:BODY,355,0.786757,1,-94.7025,-183.758,1377.86,0.220619,0.694311,-0.185206,m,w
356,PT:BODY,356,0.805733,1,-94.8848,-182.056,1368.81,0.21426,0.684597,-0.178035,m,w
357,PT:BODY,357,0.800058,1,-95.4159,-179.643,1357.99,0.207539,0.679546,-0.173206,m,w
358,PT:BODY,358,0.766612,1,-96.2696,-177.367,1348.42,0.204877,0.664241,-0.171696,m,w
359,PT:BODY,359,0.766278,1,-97.5984,-175.797,1345.8,0.213023,0.655873,-0.180961,m,w
360,PT:BODY,360,0.78056,1,-98.4861,-174.122,1338.89,0.219805,0.648335,-0.186476,m,w
361,PT:BODY,361,0.771953,1,-99.136,-172.438,1333.54,0.220696,0.631893,-0.18264,m,w
362,PT:BODY,362,0.775605,1,-100.126,-171.193,1329.26,0.219725,0.624395,-0.17832,m,w
363,PT:BODY,363,0.7768,1,-100.956,-170.407,1327.52,0.218295,0.62019,-0.174339,m,w
364,PT:BODY,364,0.73581,1,-101.348,-170.22,1326.85,0.206797,0.611207,-0.162022,m,w
369,PT:BODY,369,0.80362,1,-87.8117,-182.263,1332.82,0.14185,0.322578,-0.0837237,m,w
370,PT:BODY,370,0.830976,1,-82.8386,-179.757,1317.51,0.139139,0.380788,-0.0761358,m,w
371,PT:BODY,371,0.797644,1,-76.6585,-175.389,1298.14,0.138517,0.421246,-0.0697495,m,w
372,PT:BODY,372,0.774216,1,-71.3916,-173.986,1291.75,0.12847,0.479392,-0.0620808,m,w
373,PT:BODY,373,0.81614,1,-67.7938,-176.524,1298.05,0.122543,0.533775,-0.0608553,m,w
518,PT:BODY,518,0.939625,1,-86.7243,-150.424,1252.97,0.170185,0.411393,-0.10034,m,w
519,PT:BODY,519,0.938509,1,-86.8121,-150.738,1251.5,0.158333,0.415934,-0.0957441,m,w
520,PT:BODY,520,0.887493,1,-86.6879,-151.272,1253.52,0.153213,0.4238,-0.0909153,m,w
521,PT:BODY,521,0.889081,1,-86.0141,-151.505,1249.3,0.148393,0.433837,-0.0899994,m,w
522,PT:BODY,522,0.930796,1,-85.1753,-153.264,1244.45,0.134932,0.447797,-0.0816343,m,w
523,PT:BODY,523,0.918149,1,-84.4512,-155.526,1245.47,0.12534,0.455664,-0.0735468,m,w
524,PT:BODY,524,0.90412,1,-84.4458,-157.82,1253.29,0.121969,0.466563,-0.0689122,m,w
525,PT:BODY,525,0.940749,1,-83.3653,-158.85,1246.54,0.12869,0.464535,-0.0685417,m,w
526,PT:BODY,526,0.945449,1,-83.4901,-160.231,1244.98,0.126448,0.464541,-0.0699122,m,w
527,PT:BODY,527,0.946937,1,-84.3543,-160.915,1249.74,0.126989,0.465008,-0.0768915,m,w
528,PT:BODY,528,0.921976,1,-86.337,-158.396,1261.6,0.14398,0.465688,-0.0909039,m,w
529,PT:BODY,529,0.930404,1,-87.5944,-153.303,1250.56,0.170362,0.464034,-0.108201,m,w
530,PT:BODY,530,0.886964,1,-89.984,-147.004,1231.5,0.20879,0.458636,-0.139939,m,w
531,PT:BODY,531,0.764852,1,-94.8441,-141.125,1230.05,0.261246,0.43972,-0.181226,m,w
532,PT:BODY,532,0.776037,1,-108.882,-132.159,1246.1,0.326611,0.35174,-0.19691,m,w
533,PT:BODY,533,0.755541,1,-117.874,-123.484,1245.56,0.26362,0.444428,-0.172542,m,w
534,PT:BODY,534,0.752004,1,-134.106,-116.663,1274.8,0.219348,0.369695,-0.179435,m,w
536,PT:BODY,536,0.757192,1,-151.032,-104.139,1309.02,0.339451,0.509138,-0.285332,m,w
537,PT:BODY,537,0.754323,1,-152.206,-97.0811,1304.78,0.419587,0.520577,-0.319295,m,w
538,PT:BODY,538,0.761426,1,-150.358,-89.3678,1291.64,0.504036,0.537092,-0.346306,m,w
539,PT:BODY,539,0.777281,1,-148.242,-82.3966,1284.48,0.562037,0.523587,-0.357179,m,w
540,PT:BODY,540,0.807666,1,-147.533,-77.5699,1293.48,0.619283,0.494884,-0.361171,m,w
541,PT:BODY,541,0.79988,1,-143.167,-72.3352,1274.97,0.631615,0.434459,-0.330923,m,w
542,PT:BODY,542,0.817165,1,-137.911,-70.1322,1238.52,0.567841,0.422213,-0.312518,m,w
543,PT:BODY,543,0.797794,1,-138.521,-73.3046,1231.52,0.453326,0.440281,-0.309538,m,w
544,PT:BODY,544,0.805373,1,-147.975,-78.3119,1220.4,0.0842744,0.0563818,-0.143051,m,w
545,PT:BODY,545,0.732854,1,-147.445,-80.8314,1193.74,-0.0496273,0.0983605,-0.142668,m,w
546,PT:BODY,546,0.81334,1,-155.829,-102.911,1264,0.10482,0.0231474,-0.089339,m,w
806,PT:BODY,806,0.826616,1,-206.104,-143.634,1283.43,0.0370602,0.179758,-0.114432,m,w
807,PT:BODY,807,0.873281,1,-205.392,-150.038,1342.85,-0.0204698,0.239748,-0.11386,m,w
808,PT:BODY,808,0.865992,1,-205.482,-150.15,1354.6,-0.0178192,0.223615,-0.117549,m,w
809,PT:BODY,809,0.871094,1,-201.491,-148.073,1342.14,-0.0183816,0.179848,-0.117502,m,w
814,PT:BODY,814,0.754302,1,-157.795,-127.397,1160.65,-0.0541397,-0.0752123,-0.20349,m,w
815,PT:BODY,815,0.78194,1,-144.557,-125.202,1110.16,0.0182844,-0.00155826,-0.10489,m,w
816,PT:BODY,816,0.76516,1,-143.856,-124.586,1109.74,0.0209493,-0.0922328,-0.136623,m,w
817,PT:BODY,817,0.775695,1,-132.621,-120.725,1066.37,-0.0111532,-0.160559,-0.161028,m,w
818,PT:BODY,818,0.810881,1,-124.739,-131.489,1134.27,0.015573,0.3727,-0.0593546,m,w
819,PT:BODY,819,0.896214,1,-128.752,-136.896,1171.71,0.058814,0.513821,-0.0836297,m,w
820,PT:BODY,820,0.797308,1,-126.138,-140.403,1177.03,0.0400769,0.598602,-0.0735234,m,w
821,PT:BODY,821,0.797042,1,-122.508,-141.662,1163.44,-0.0225342,0.677758,-0.0245968,m,w
822,PT:BODY,822,0.795569,1,-118.625,-143.835,1161.48,-0.0379054,0.697352,-0.0032699,m,w
823,PT:BODY,823,0.777715,1,-115.228,-147.045,1169.31,-0.0442391,0.702187,0.0104271,m,w
824,PT:BODY,824,0.788815,1,-110.977,-150.043,1175.32,-0.0486093,0.706728,0.021993,m,w
825,PT:BODY,825,0.809547,1,-106.852,-152.703,1184.85,-0.045168,0.71099,0.0291268,m,w
826,PT:BODY,826,0.791238,1,-102.468,-154.895,1196.05,-0.0277781,0.713634,0.0334946,m,w
827,PT:BODY,827,0.775783,1,-97.8191,-156.119,1206.42,0.00208128,0.707201,0.0264607,m,w
828,PT:BODY,828,0.81242,1,-94.4239,-159.458,1237.63,0.0359536,0.69153,0.0230958,m,w
829,PT:BODY,829,0.819426,1,-91.9028,-164.926,1284.59,0.0825027,0.669148,0.0148143,m,w
830,PT:BODY,830,0.822692,1,-86.8834,-164.875,1300.29,0.123382,0.650131,0.00612253,m,w
831,PT:BODY,831,0.807761,1,-80.8934,-162.996,1305.6,0.164401,0.631396,-7.39637e-05,m,w
832,PT:BODY,832,0.773089,1,-75.1836,-159.722,1310.89,0.19076,0.612277,-0.00142201,m,w
833,PT:BODY,833,0.79403,1,-57.9723,-141.428,1204.92,0.239936,0.415914,-0.0648054,m,w
834,PT:BODY,834,0.833056,1,-55.1341,-142.087,1232.06,0.28923,0.484295,-0.0579697,m,w
978,PT:BODY,978,0.876451,1,-96.0389,-175.417,1351.67,0.199014,0.500714,-0.218937,m,w
979,PT:BODY,979,0.855272,1,-96.2363,-169.917,1342.42,0.23203,0.475103,-0.243617,m,w
980,PT:BODY,980,0.788512,1,-97.7278,-166.054,1343.46,0.283654,0.471747,-0.277505,m,w
982,PT:BODY,982,0.749206,1,-106.334,-159.868,1344.76,0.299523,0.49948,-0.32138,m,w
983,PT:BODY,983,0.752513,1,-110.802,-156.402,1332.62,0.33207,0.506463,-0.336358,m,w
992,PT:BODY,992,0.737961,1,-115.265,-162.08,1262.82,0.0656036,0.37372,-0.11345,m,w
993,PT:BODY,993,0.804319,1,-117.527,-167.942,1289.32,0.122318,0.489045,-0.155998,m,w
994,PT:BODY,994,0.871552,1,-118.07,-176.291,1326.07,0.131134,0.538549,-0.158821,m,w
995,PT:BODY,995,0.842472,1,-117.903,-181.904,1351.27,0.119071,0.545357,-0.149989,m,w
996,PT:BODY,996,0.862241,1,-117.474,-185.788,1373.64,0.0928212,0.545984,-0.128207,m,w
997,PT:BODY,997,0.87834,1,-116.333,-187.774,1387.73,0.0885396,0.548331,-0.118572,m,w
998,PT:BODY,998,0.89391,1,-113.391,-187.321,1379.63,0.0910541,0.550032,-0.117372,m,w
999,PT:BODY,999,0.902837,1,-110.968,-186.789,1372.43,0.0815748,0.54079,-0.11418,m,w
1000,PT:BODY,1000,0.858395,1,-109.127,-185.602,1363.79,0.0855737,0.538717,-0.116999,m,w
1001,PT:BODY,1001,0.761995,1,-107.069,-184.706,1352.1,0.078532,0.544076,-0.117981,m,w
1002,PT:BODY,1002,0.829526,1,-105.198,-185.403,1355.52,0.0832322,0.545849,-0.121751,m,w
1003,PT:BODY,1003,0.88263,1,-103.351,-186.235,1358.61,0.099571,0.546429,-0.125998,m,w
4085,PT:BODY,4085,0.890226,1,-142.445,-199.872,1348.44,-0.233816,0.474177,-0.0200498,m,w
4086,PT:BODY,4086,0.921158,1,-146.851,-200.377,1355.11,-0.227919,0.483872,-0.0370143,m,w
4087,PT:BODY,4087,0.920815,1,-150.927,-199.272,1360.09,-0.209205,0.49212,-0.0507756,m,w
4088,PT:BODY,4088,0.926772,1,-151.435,-197.62,1353.07,-0.209115,0.499497,-0.0395429,m,w
4089,PT:BODY,4089,0.931228,1,-149.493,-194.45,1337.45,-0.198883,0.491156,-0.0303373,m,w
4090,PT:BODY,4090,0.961117,1,-145.813,-192.284,1312.78,-0.2088,0.456833,-0.0229218,m,w
4091,PT:BODY,4091,0.938665,1,-140.977,-191.624,1293.32,-0.230508,0.400085,-0.0184144,m,w
4092,PT:BODY,4092,0.885503,1,-136.773,-191.025,1278.45,-0.24006,0.31261,-0.0422985,m,w
4093,PT:BODY,4093,0.833269,1,-134.214,-190.835,1269.15,-0.249363,0.230406,-0.0701791,m,w
4094,PT:BODY,4094,0.936186,1,-133.868,-191.111,1274.09,-0.225807,0.166083,-0.0969971,m,w
4095,PT:BODY,4095,0.94428,1,-136.685,-194.948,1305.48,-0.197042,0.100637,-0.13725,m,w
4096,PT:BODY,4096,0.90758,1,-135.254,-190.793,1289.95,-0.191425,0.113829,-0.140485,m,w
4097,PT:BODY,4097,0.877564,1,-131.132,-186.924,1270.9,-0.186199,0.105157,-0.147097,m,w
4098,PT:BODY,4098,0.8835,1,-128.394,-184.358,1263.81,-0.145376,0.140062,-0.140193,m,w
4099,PT:BODY,4099,0.819127,1,-127.561,-186.548,1286.27,-0.087797,0.13799,-0.161828,m,w
4100,PT:BODY,4100,0.854633,1,-130.105,-187.888,1313.76,0.00337023,0.212202,-0.188564,m,w
4101,PT:BODY,4101,0.802278,1,-128.868,-180.228,1285.24,0.0483224,0.30883,-0.218424,m,w
4102,PT:BODY,4102,0.906056,1,-124.393,-169.751,1242.06,0.125648,0.35972,-0.279166,m,w
4103,PT:BODY,4103,0.892407,1,-124.537,-164.076,1228.02,0.173998,0.420762,-0.327171,m,w
4104,PT:BODY,4104,0.914571,1,-125.681,-157.885,1217.02,0.233941,0.463426,-0.374481,m,w
4105,PT:BODY,4105,0.860787,1,-123.297,-152.549,1188.41,0.230958,0.503743,-0.383151,m,w
4106,PT:BODY,4106,0.798501,1,-122.913,-153.155,1189.29,0.207091,0.525622,-0.377532,m,w
4372,PT:BODY,4372,0.931326,1,-45.6477,-140.743,1286.96,0.18163,0.47805,-0.178484,m,w
4373,PT:BODY,4373,0.933471,1,-47.0584,-136.965,1273.74,0.198697,0.478501,-0.206534,m,w
4374,PT:BODY,4374,0.934883,1,-49.7171,-132.547,1255.76,0.222365,0.485562,-0.235699,m,w
4375,PT:BODY,4375,0.929777,1,-54.6028,-131.792,1263.46,0.215253,0.505221,-0.250536,m,w
4376,PT:BODY,4376,0.8765,1,-59.8759,-130.962,1272.09,0.220735,0.52314,-0.264543,m,w
4377,PT:BODY,4377,0.828901,1,-65.0432,-129.145,1278.7,0.238708,0.538711,-0.275951,m,w
4378,PT:BODY,4378,0.797555,1,-69.2444,-126.165,1275.25,0.283149,0.567252,-0.289644,m,w
4379,PT:BODY,4379,0.793885,1,-73.2579,-123.7,1271.89,0.284792,0.6523,-0.291059,m,w
4380,PT:BODY,4380,0.817591,1,-76.0549,-121.42,1266.45,0.269927,0.683254,-0.27028,m,w
4381,PT:BODY,4381,0.795013,1,-76.4072,-120.341,1264.09,0.243897,0.690681,-0.234346,m,w
4382,PT:BODY,4382,0.745102,1,-75.108,-120.365,1260.3,0.226381,0.677528,-0.22374,m,w
4383,PT:BODY,4383,0.751664,1,-73.8378,-119.788,1251.21,0.217303,0.66999,-0.221517,m,w
4384,PT:BODY,4384,0.752394,1,-73.1874,-119.391,1243.3,0.213008,0.663309,-0.219835,m,w
4385,PT:BODY,4385,0.771766,1,-72.9748,-118.686,1234.16,0.197723,0.660991,-0.206913,m,w
4386,PT:BODY,4386,0.747756,1,-71.4306,-117.884,1215.77,0.175892,0.657547,-0.186083,m,w
4387,PT:BODY,4387,0.740938,1,-75.4149,-122.176,1242.56,0.0879983,0.147693,-0.135058,m,w
4388,PT:BODY,4388,0.775213,1,-73.412,-122.817,1233.49,0.0589343,0.13579,-0.154858,m,w
4389,PT:BODY,4389,0.763824,1,-72.5258,-123.284,1228.09,0.06624,0.145538,-0.178267,m,w
4390,PT:BODY,4390,0.818489,1,-72.6742,-124.197,1227.87,0.0850112,0.231802,-0.194153,m,w
4391,PT:BODY,4391,0.908242,1,-73.3384,-124.651,1225.55,0.10252,0.395609,-0.188481,m,w
4392,PT:BODY,4392,0.945187,1,-72.2926,-121.829,1197.81,0.108691,0.442682,-0.180143,m,w
4393,PT:BODY,4393,0.939909,1,-71.9776,-120.244,1180.09,0.0984488,0.436936,-0.170156,m,w
4394,PT:BODY,4394,0.938145,1,-71.79,-119.57,1170.21,0.0869894,0.419013,-0.16407,m,w
4395,PT:BODY,4395,0.941763,1,-72.6127,-120.5,1173.61,0.0741021,0.393358,-0.16425,m,w
4396,PT:BODY,4396,0.946771,1,-75.1124,-121.906,1183.99,0.0577249,0.378018,-0.164329,m,w
4397,PT:BODY,4397,0.951356,1,-77.1794,-120.925,1184.21,0.0619308,0.369774,-0.167744,m,w
4398,PT:BODY,4398,0.934039,1,-77.3051,-118.511,1166.76,0.0678013,0.361603,-0.163008,m,w
4399,PT:BODY,4399,0.927767,1,-78.2312,-116.941,1166.17,0.0690803,0.342592,-0.15256,m,w
4400,PT:BODY,4400,0.934095,1,-80.395,-116.575,1183.97,0.0554603,0.332985,-0.133987,m,w
5580,PT:BODY,5580,0.946334,1,-36.4903,-147.612,1422.07,0.012121,0.520844,-0.0095916,m,w
5581,PT:BODY,5581,0.944415,1,-36.674,-147.6,1421.79,0.0152764,0.521226,-0.0121719,m,w
5582,PT:BODY,5582,0.945574,1,-36.7236,-147.613,1422.25,0.0154201,0.521515,-0.0122662,m,w
5583,PT:BODY,5583,0.945848,1,-36.7825,-147.643,1423.04,0.0153265,0.521871,-0.012365,m,w
5584,PT:BODY,5584,0.946111,1,-36.8333,-147.677,1423.64,0.0151151,0.522147,-0.0123285,m,w
5585,PT:BODY,5585,0.946069,1,-36.876,-147.71,1424.13,0.0147976,0.522367,-0.0121765,m,w
5586,PT:BODY,5586,0.944737,1,-36.9166,-147.734,1424.12,0.0137036,0.522249,-0.0111939,m,w
5587,PT:BODY,5587,0.944984,1,-37.0747,-147.817,1424.59,0.0100623,0.521967,-0.00756906,m,w
5588,PT:BODY,5588,0.944272,1,-37.1386,-147.847,1424.59,0.0100568,0.52242,-0.00725138,m,w
5589,PT:BODY,5589,0.942454,1,-37.2332,-147.854,1424.52,0.01046,0.522969,-0.00739104,m,w
5590,PT:BODY,5590,0.936813,1,-37.3049,-147.87,1424.63,0.010696,0.523425,-0.0076767,m,w
5591,PT:BODY,5591,0.936117,1,-37.3538,-147.881,1424.69,0.0111758,0.523789,-0.00813645,m,w
5592,PT:BODY,5592,0.934662,1,-37.3903,-147.92,1424.8,0.0109949,0.524165,-0.0082034,m,w
5593,PT:BODY,5593,0.93448,1,-37.4325,-148.01,1425.27,0.0106711,0.524401,-0.00825017,m,w
5594,PT:BODY,5594,0.931583,1,-37.476,-148.086,1425.8,0.0108197,0.52452,-0.00856055,m,w
5595,PT:BODY,5595,0.930849,1,-37.5246,-148.163,1426.45,0.0112259,0.524501,-0.00905002,m,w
5596,PT:BODY,5596,0.931976,1,-37.5761,-148.22,1427.03,0.0119378,0.524586,-0.00957086,m,w
5597,PT:BODY,5597,0.933904,1,-37.631,-148.258,1427.52,0.0127989,0.524967,-0.0100328,m,w
5598,PT:BODY,5598,0.934043,1,-37.6873,-148.271,1427.66,0.0134806,0.524984,-0.0104211,m,w
5599,PT:BODY,5599,0.932471,1,-37.7397,-148.269,1427.6,0.0139895,0.524923,-0.0107756,m,w
5600,PT:BODY,5600,0.931342,1,-37.8128,-148.296,1427.8,0.0145232,0.524809,-0.0113695,m,w
5601,PT:BODY,5601,0.929617,1,-37.9956,-148.507,1429.72,0.0159509,0.524967,-0.0129245,m,w
5602,PT:BODY,5602,0.929892,1,-38.0856,-148.525,1429.85,0.0159178,0.525031,-0.0131618,m,w
5603,PT:BODY,5603,0.932058,1,-38.2483,-148.434,1429.01,0.0149373,0.527553,-0.0123223,m,w
5604,PT:BODY,5604,0.930607,1,-38.5123,-148.549,1429.86,0.0173413,0.524692,-0.0145679,m,w
5605,PT:BODY,5605,0.929558,1,-38.8775,-148.777,1431.81,0.0188726,0.524207,-0.0159171,m,w
5606,PT:BODY,5606,0.932405,1,-38.9413,-148.845,1432.45,0.0182692,0.524674,-0.0158475,m,w
5607,PT:BODY,5607,0.932,1,-39.0937,-148.622,1430.38,0.018448,0.526398,-0.0164027,m,w
5608,PT:BODY,5608,0.934316,1,-39.1387,-148.633,1430.57,0.0182035,0.526837,-0.0166199,m,w
5695,PT:BODY,5695,0.949578,1,-38.8846,-146.203,1414.92,0.0185713,0.544594,-0.0090086,m,w
5696,PT:BODY,5696,0.94596,1,-38.8771,-145.946,1414.63,0.0217996,0.544735,-0.00947507,m,w
5697,PT:BODY,5697,0.948528,1,-38.8765,-145.75,1414.83,0.0265809,0.544769,-0.0107131,m,w
5698,PT:BODY,5698,0.9485,1,-38.8897,-145.721,1414.63,0.0270912,0.544701,-0.0110005,m,w
5699,PT:BODY,5699,0.948112,1,-38.9124,-145.696,1414.45,0.0272932,0.544671,-0.0111727,m,w
5700,PT:BODY,5700,0.949426,1,-38.9277,-145.699,1414.52,0.0270008,0.545343,-0.0110937,m,w
5701,PT:BODY,5701,0.948785,1,-38.9586,-145.739,1414.92,0.0268363,0.546669,-0.0111377,m,w
5702,PT:BODY,5702,0.950168,1,-38.9817,-145.709,1415.02,0.0272637,0.547591,-0.0112014,m,w
5703,PT:BODY,5703,0.952401,1,-39.001,-145.637,1414.92,0.0281289,0.54833,-0.0112784,m,w
5704,PT:BODY,5704,0.949991,1,-39.0055,-145.622,1414.7,0.0278365,0.548996,-0.0107618,m,w
5705,PT:BODY,5705,0.948619,1,-39.0037,-145.672,1414.91,0.0267875,0.548957,-0.0100923,m,w
5706,PT:BODY,5706,0.946798,1,-38.9666,-145.708,1415.24,0.0266498,0.548818,-0.00992892,m,w
5707,PT:BODY,5707,0.947423,1,-38.8436,-145.923,1418.6,0.02625,0.548374,-0.0115327,m,w
5708,PT:BODY,5708,0.947016,1,-38.8959,-145.9,1419.21,0.0254713,0.544738,-0.0128036,m,w
5709,PT:BODY,5709,0.946614,1,-38.885,-145.699,1415.26,0.0271368,0.547571,-0.0103804,m,w
5710,PT:BODY,5710,0.946819,1,-38.8829,-145.684,1415,0.0270773,0.547612,-0.0100432,m,w
5711,PT:BODY,5711,0.946621,1,-38.8772,-145.665,1414.71,0.027007,0.547693,-0.00983609,m,w
5712,PT:BODY,5712,0.946915,1,-38.9798,-145.344,1414.86,0.0341369,0.547059,-0.0131278,m,w
5713,PT:BODY,5713,0.952522,1,-39.1873,-145.443,1414.2,0.0294639,0.548473,-0.0149036,m,w
5714,PT:BODY,5714,0.954916,1,-39.2072,-145.461,1413.82,0.0290851,0.548322,-0.0150803,m,w
5715,PT:BODY,5715,0.956255,1,-39.2227,-145.498,1413.31,0.0287581,0.548074,-0.0151561,m,w
5716,PT:BODY,5716,0.955648,1,-39.2329,-145.5,1413.57,0.0293285,0.54762,-0.0160399,m,w
5717,PT:BODY,5717,0.958897,1,-39.2955,-145.204,1414.83,0.0349466,0.547682,-0.0182237,m,w
5718,PT:BODY,5718,0.957816,1,-39.3375,-145.4,1414.83,0.0296961,0.547451,-0.0190117,m,w
5719,PT:BODY,5719,0.958388,1,-39.3984,-145.805,1414.75,0.0264497,0.547224,-0.0179709,m,w
5720,PT:BODY,5720,0.958196,1,-39.4443,-146.132,1414.42,0.0199631,0.547542,-0.0181805,m,w
5721,PT:BODY,5721,0.95251,1,-39.4438,-145.904,1414.19,0.0235062,0.547595,-0.0177464,m,w
5722,PT:BODY,5722,0.952397,1,-39.4917,-145.899,1414.26,0.024879,0.547898,-0.0184335,m,w
5723,PT:BODY,5723,0.9499,1,-39.5405,-145.881,1414.17,0.0261386,0.547917,-0.0194005,m,w
6558,PT:BODY,6558,0.895815,1,-34.2949,-149.956,1487.3,0.0851086,0.400618,0.0036022,m,w
6559,PT:BODY,6559,0.889244,1,-34.2853,-148.943,1487.54,0.0908253,0.402559,0.00435071,m,w
6560,PT:BODY,6560,0.887893,1,-34.2284,-148.932,1487.88,0.0807548,0.404473,0.00816452,m,w
6561,PT:BODY,6561,0.89146,1,-34.0832,-148.958,1487.41,0.0797189,0.408046,0.0131022,m,w
6562,PT:BODY,6562,0.896298,1,-33.9398,-148.928,1487.28,0.0758572,0.410349,0.0161636,m,w
6563,PT:BODY,6563,0.886741,1,-33.7676,-148.867,1485.39,0.0748869,0.413737,0.01826,m,w
6564,PT:BODY,6564,0.886251,1,-33.7984,-148.115,1487.55,0.0828994,0.41349,0.0184913,m,w
6565,PT:BODY,6565,0.891388,1,-33.7285,-147.702,1486.69,0.0875108,0.412262,0.0182139,m,w
6566,PT:BODY,6566,0.894879,1,-33.9088,-146.976,1486.87,0.097177,0.411562,0.0143356,m,w
6567,PT:BODY,6567,0.906005,1,-34.1231,-147.138,1492.07,0.0941541,0.416269,0.0114422,m,w
6568,PT:BODY,6568,0.893908,1,-34.2182,-147.631,1493.12,0.0841072,0.420257,0.0155934,m,w
6569,PT:BODY,6569,0.887773,1,-34.0906,-148.214,1492.79,0.0768786,0.421251,0.0238664,m,w
6570,PT:BODY,6570,0.894452,1,-33.7135,-147.903,1489.06,0.0803904,0.418392,0.0265786,m,w
6571,PT:BODY,6571,0.901918,1,-33.2234,-147.27,1484.57,0.0807954,0.418747,0.0277742,m,w
6572,PT:BODY,6572,0.90114,1,-32.7072,-147.021,1481.63,0.0843016,0.421535,0.0300973,m,w
6573,PT:BODY,6573,0.902756,1,-32.3422,-147.01,1482.59,0.0831273,0.420544,0.0329101,m,w
6574,PT:BODY,6574,0.890058,1,-31.8126,-146.819,1477.66,0.0767181,0.422638,0.0379532,m,w
6575,PT:BODY,6575,0.90978,1,-31.8016,-146.636,1478.31,0.0798196,0.422054,0.0388601,m,w
6576,PT:BODY,6576,0.909689,1,-31.769,-146.566,1477.31,0.08036,0.422817,0.0395418,m,w
6577,PT:BODY,6577,0.909172,1,-32.0444,-146.462,1479.49,0.0884756,0.420855,0.0370316,m,w
6578,PT:BODY,6578,0.913342,1,-32.3594,-146.414,1479.07,0.0901562,0.420884,0.0364749,m,w
6579,PT:BODY,6579,0.91538,1,-32.7042,-146.297,1478.02,0.0919006,0.41894,0.0355196,m,w
6580,PT:BODY,6580,0.920789,1,-33.0245,-146.425,1478.81,0.0911746,0.421929,0.0353937,m,w
6581,PT:BODY,6581,0.918315,1,-33.6362,-146.696,1471.83,0.0901149,0.433397,0.0372437,m,w
6582,PT:BODY,6582,0.925244,1,-34.3764,-147.088,1472.44,0.0936972,0.439148,0.0409395,m,w
6583,PT:BODY,6583,0.926262,1,-35.0609,-148.231,1478.35,0.0923269,0.439973,0.044699,m,w
6584,PT:BODY,6584,0.889927,1,-35.5576,-148.774,1484.44,0.0922891,0.447417,0.0461035,m,w
6585,PT:BODY,6585,0.865022,1,-35.6108,-149.975,1491.62,0.092224,0.44805,0.0476176,m,w
6586,PT:BODY,6586,0.825021,1,-34.8486,-148.104,1476.47,0.104355,0.463011,0.0450356,m,w
