time_stamp,word,frame,confidence,success,Tx,Ty,Tz,Rx,Ry,Rz,speaker_gender,listener_gender
9300,SURPRISE,9300,0.91191,1,-96.3442,-236.06,1224.11,-0.0742595,0.173842,-0.426083,w,m
9301,SURPRISE,9301,0.919101,1,-99.9441,-235.7,1229.93,-0.0640113,0.173073,-0.434275,w,m
9302,SURPRISE,9302,0.93318,1,-101.33,-229.454,1211.2,-0.0256475,0.174179,-0.449193,w,m
9303,SURPRISE,9303,0.919658,1,-102.328,-222.701,1187.18,-0.0192949,0.185364,-0.471998,w,m
9304,SURPRISE,9304,0.929405,1,-105.189,-217.739,1177.68,0.00457794,0.199266,-0.492796,w,m
9305,SURPRISE,9305,0.922324,1,-108.242,-213.43,1173.91,0.0439878,0.225714,-0.519055,w,m
9306,SURPRISE,9306,0.926309,1,-110.937,-211.19,1177.65,0.0652164,0.231704,-0.54591,w,m
9307,SURPRISE,9307,0.914795,1,-111.988,-209.248,1173.75,0.0739945,0.247858,-0.554123,w,m
9308,SURPRISE,9308,0.934543,1,-113.117,-210.077,1177.55,0.0868525,0.252803,-0.541568,w,m
9309,SURPRISE,9309,0.971381,1,-117.097,-218.02,1210.5,0.0829826,0.241322,-0.521029,w,m
9310,SURPRISE,9310,0.961789,1,-119.18,-223.595,1228.86,0.0772084,0.231846,-0.499222,w,m
9311,SURPRISE,9311,0.96655,1,-117.99,-224.86,1230.53,0.0838906,0.20575,-0.475069,w,m
9312,SURPRISE,9312,0.967426,1,-115.617,-224.639,1228.45,0.0923014,0.180487,-0.444855,w,m
9313,SURPRISE,9313,0.968571,1,-113.183,-224.374,1228.07,0.0988491,0.157131,-0.418642,w,m
9314,SURPRISE,9314,0.94896,1,-109.093,-222.501,1215.26,0.111487,0.129893,-0.409721,w,m
9315,SURPRISE,9315,0.937328,1,-106.525,-222.3,1213.06,0.12047,0.115879,-0.397701,w,m
9316,SURPRISE,9316,0.943982,1,-104.256,-222.704,1214.06,0.116996,0.11297,-0.381875,w,m
9317,SURPRISE,9317,0.940845,1,-102.102,-222.291,1212.01,0.124021,0.108539,-0.370723,w,m
9318,SURPRISE,9318,0.939232,1,-100.08,-221.386,1207.16,0.111569,0.109681,-0.363265,w,m
9319,SURPRISE,9319,0.938102,1,-96.7662,-217.596,1186.24,0.0966395,0.120801,-0.350551,w,m
9320,SURPRISE,9320,0.924419,1,-93.7077,-215.961,1172.01,0.069984,0.126886,-0.340559,w,m
9321,SURPRISE,9321,0.913754,1,-90.8759,-217.024,1165.61,0.0400193,0.132682,-0.325479,w,m
9322,SURPRISE,9322,0.913925,1,-88.359,-217.971,1165.21,0.0341342,0.122853,-0.310449,w,m
9323,SURPRISE,9323,0.916981,1,-87.1544,-219.784,1175.38,0.047274,0.108247,-0.301458,w,m
9324,SURPRISE,9324,0.942784,1,-86.9699,-221.626,1188.32,0.0828794,0.0960135,-0.305277,w,m
9325,SURPRISE,9325,0.934348,1,-85.7464,-222.489,1194.72,0.114657,0.072188,-0.308057,w,m
9326,SURPRISE,9326,0.920717,1,-85.4136,-225.083,1206.78,0.114019,0.0639721,-0.307973,w,m
9327,SURPRISE,9327,0.917433,1,-85.2795,-227.448,1217.3,0.108878,0.0544574,-0.305665,w,m
9328,SURPRISE,9328,0.91956,1,-84.8974,-229.338,1223.24,0.0973469,0.040249,-0.306503,w,m
9329,SURPRISE,9329,0.915025,1,-85.3722,-231.59,1231.53,0.0859563,0.0337986,-0.30898,w,m
9330,SURPRISE,9330,0.913037,1,-86.3038,-232.765,1236.88,0.0751839,0.0316611,-0.313252,w,m
9331,SURPRISE,9331,0.905382,1,-86.9256,-234.296,1244.18,0.0601577,0.019856,-0.314053,w,m
9332,SURPRISE,9332,0.889656,1,-85.9764,-236.709,1250.7,0.025593,-0.0162857,-0.306429,w,m
9333,SURPRISE,9333,0.876047,1,-83.4154,-237.855,1247.31,-0.0217154,-0.0698936,-0.294961,w,m
9334,SURPRISE,9334,0.882366,1,-80.6325,-237.558,1237.55,-0.0512342,-0.114253,-0.280155,w,m
9335,SURPRISE,9335,0.87449,1,-80.0043,-240.708,1246.8,-0.0468305,-0.135231,-0.260758,w,m
9336,SURPRISE,9336,0.772162,1,-77.7872,-236.991,1229.73,-0.0417532,-0.147364,-0.251957,w,m
9337,SURPRISE,9337,0.824935,1,-77.6724,-236.533,1230.15,-0.041606,-0.1457,-0.252666,w,m
9338,SURPRISE,9338,0.859703,1,-77.5238,-234.272,1224.44,-0.0381369,-0.145469,-0.253728,w,m
9339,SURPRISE,9339,0.858384,1,-77.7283,-231.789,1218.48,-0.0183267,-0.135304,-0.254259,w,m
9340,SURPRISE,9340,0.880062,1,-79.2143,-233.574,1231.13,-0.00170334,-0.138794,-0.252178,w,m
9341,SURPRISE,9341,0.901781,1,-80.3167,-233.292,1231.64,0.00775678,-0.11308,-0.24337,w,m
3421,SURPRISE,3421,0.991617,1,-85.7542,-206.521,1241.3,0.0174239,0.465475,0.103338,m,w
3422,SURPRISE,3422,0.990586,1,-82.9829,-205.921,1241.48,0.0332421,0.458426,0.121048,m,w
3423,SURPRISE,3423,0.984279,1,-78.8305,-205.983,1244.54,0.0682163,0.43427,0.133485,m,w
3424,SURPRISE,3424,0.833653,1,-74.2415,-205.653,1242.25,0.0521257,0.410601,0.157211,m,w
3425,SURPRISE,3425,0.928784,1,-70.576,-205.482,1244.53,0.0710583,0.417191,0.162099,m,w
3426,SURPRISE,3426,0.743913,1,-67.9855,-203.425,1243.88,0.119992,0.407228,0.168806,m,w
3428,SURPRISE,3428,0.881426,1,-66.9067,-203.294,1241.71,0.0516501,0.41485,0.192339,m,w
3429,SURPRISE,3429,0.919332,1,-65.2648,-198.165,1218.24,0.0358265,0.410109,0.190963,m,w
3430,SURPRISE,3430,0.98027,1,-63.3059,-197.585,1223.37,0.14004,0.348851,0.139688,m,w
3431,SURPRISE,3431,0.979015,1,-61.8014,-193.254,1207.21,0.184212,0.340169,0.104067,m,w
3432,SURPRISE,3432,0.97758,1,-61.5726,-192.183,1204.49,0.187586,0.334713,0.0827713,m,w
3433,SURPRISE,3433,0.97982,1,-62.9619,-191.301,1202.61,0.190706,0.340178,0.0678863,m,w
3434,SURPRISE,3434,0.97758,1,-64.2087,-191.394,1204.93,0.1991,0.342405,0.0576911,m,w
3435,SURPRISE,3435,0.977784,1,-65.3508,-191.83,1206.43,0.196138,0.344592,0.048396,m,w
3436,SURPRISE,3436,0.979323,1,-66.654,-192.164,1207.98,0.191562,0.336629,0.0422063,m,w
3437,SURPRISE,3437,0.978812,1,-67.67,-191.312,1207.68,0.199032,0.330956,0.0317657,m,w
3438,SURPRISE,3438,0.980838,1,-68.3026,-189.966,1204.93,0.213618,0.330426,0.0238612,m,w
3439,SURPRISE,3439,0.980182,1,-69.0708,-189.867,1205.64,0.213114,0.336963,0.0224642,m,w
3440,SURPRISE,3440,0.981308,1,-71.0826,-190.869,1209.61,0.205398,0.34632,0.0215738,m,w
3441,SURPRISE,3441,0.983825,1,-73.0176,-191.28,1211.25,0.206465,0.35455,0.0194081,m,w
3442,SURPRISE,3442,0.983936,1,-75.4645,-191.237,1210.23,0.193536,0.363797,0.0214228,m,w
3443,SURPRISE,3443,0.985598,1,-77.5402,-191.277,1208.51,0.191522,0.373237,0.0222134,m,w
3444,SURPRISE,3444,0.986719,1,-79.0138,-190.511,1204.9,0.196261,0.381513,0.0162559,m,w
3445,SURPRISE,3445,0.986445,1,-80.514,-190.247,1206.33,0.20753,0.391477,0.00964952,m,w
3446,SURPRISE,3446,0.977173,1,-81.5111,-190.261,1210.12,0.205643,0.390962,0.00712089,m,w
3447,SURPRISE,3447,0.921382,1,-82.6523,-193.669,1224.26,0.189412,0.388761,0.00200475,m,w
3448,SURPRISE,3448,0.978154,1,-81.7421,-191.439,1217.06,0.227883,0.391602,-0.0131363,m,w
3449,SURPRISE,3449,0.982999,1,-82.4998,-192.661,1218.92,0.20805,0.394363,-0.00211474,m,w
3450,SURPRISE,3450,0.984027,1,-82.8669,-193.143,1215.68,0.194277,0.391468,0.0110207,m,w
3451,SURPRISE,3451,0.984771,1,-83.1338,-193.722,1209.88,0.179655,0.393504,0.0202329,m,w
3452,SURPRISE,3452,0.983413,1,-83.0303,-193.967,1208.6,0.172294,0.394215,0.0217262,m,w
3453,SURPRISE,3453,0.981497,1,-82.5324,-193.159,1205.46,0.173722,0.391138,0.0253353,m,w
3454,SURPRISE,3454,0.984872,1,-82.3895,-193.035,1205.38,0.170079,0.396585,0.0316286,m,w
3455,SURPRISE,3455,0.986994,1,-82.708,-194.477,1211.22,0.180102,0.389461,0.0306928,m,w
3456,SURPRISE,3456,0.966991,1,-83.1969,-194.649,1206.53,0.161595,0.405449,0.0397641,m,w
3457,SURPRISE,3457,0.971485,1,-84.7754,-195.916,1210.35,0.140746,0.433559,0.0559446,m,w
3458,SURPRISE,3458,0.960859,1,-85.6659,-197.297,1217.94,0.120985,0.444634,0.0698769,m,w
3459,SURPRISE,3459,0.972202,1,-84.6381,-196.912,1219.92,0.15626,0.423832,0.0592639,m,w
3460,SURPRISE,3460,0.98562,1,-83.5067,-195.371,1213.48,0.1684,0.403353,0.048751,m,w
3461,SURPRISE,3461,0.983678,1,-83.1286,-195.496,1207.73,0.152719,0.403827,0.0452723,m,w
3462,SURPRISE,3462,0.983944,1,-83.4466,-196.29,1210.67,0.150009,0.39535,0.0419658,m,w
3463,SURPRISE,3463,0.982256,1,-83.8748,-195.439,1209.29,0.151956,0.398798,0.0399719,m,w
6320,SURPRISE,6320,0.907112,1,-38.3172,-178.265,1181.54,0.217508,0.49045,0.00690679,w,m
6321,SURPRISE,6321,0.909377,1,-37.6304,-181.444,1182.73,0.162634,0.526552,0.0157412,w,m
6322,SURPRISE,6322,0.910062,1,-36.9194,-184.339,1171.66,0.198482,0.399647,-0.00692505,w,m
6323,SURPRISE,6323,0.909056,1,-37.1794,-189.996,1183.13,0.12428,0.454327,0.017235,w,m
6324,SURPRISE,6324,0.921109,1,-37.0855,-194.655,1183.67,0.0648587,0.50557,0.0437717,w,m
6325,SURPRISE,6325,0.890936,1,-37.6317,-194.052,1143.85,0.134577,0.309101,0.0202401,w,m
6326,SURPRISE,6326,0.919855,1,-37.2907,-199.207,1149.74,0.0886847,0.361239,0.0346631,w,m
6327,SURPRISE,6327,0.919543,1,-36.9512,-203.528,1153.68,0.0657063,0.396336,0.0458881,w,m
6328,SURPRISE,6328,0.902258,1,-36.4261,-206.803,1154.43,0.0576095,0.413013,0.0507207,w,m
6329,SURPRISE,6329,0.86936,1,-36.4048,-209.8,1156.35,0.044834,0.431049,0.0546349,w,m
6330,SURPRISE,6330,0.898577,1,-37.1063,-212.71,1158.1,0.0261859,0.449332,0.0640032,w,m
6331,SURPRISE,6331,0.878977,1,-37.8648,-215.443,1161,0.00601627,0.459834,0.0712054,w,m
6332,SURPRISE,6332,0.891022,1,-38.6337,-217.626,1163,-0.00378855,0.463602,0.070101,w,m
6333,SURPRISE,6333,0.895999,1,-39.3996,-219.403,1162.12,-0.016733,0.467721,0.0739047,w,m
6334,SURPRISE,6334,0.888496,1,-40.4428,-221.359,1162.98,-0.0187833,0.470436,0.0754646,w,m
6335,SURPRISE,6335,0.870812,1,-41.4582,-223.19,1164.99,-0.0263476,0.467524,0.082042,w,m
6336,SURPRISE,6336,0.860413,1,-42.5401,-225.913,1171.4,-0.0312564,0.471418,0.0851519,w,m
6337,SURPRISE,6337,0.866621,1,-43.1897,-227.925,1174.08,-0.0383349,0.465448,0.0919964,w,m
6338,SURPRISE,6338,0.858105,1,-43.3844,-229.415,1175.15,-0.0412332,0.453354,0.0943763,w,m
6339,SURPRISE,6339,0.836816,1,-43.3453,-230.281,1174.08,-0.0498741,0.436416,0.100841,w,m
6340,SURPRISE,6340,0.83008,1,-42.9673,-230.766,1172.36,-0.0525886,0.415738,0.107701,w,m
6341,SURPRISE,6341,0.83233,1,-42.3427,-231.297,1173.89,-0.0486634,0.407614,0.116347,w,m
6342,SURPRISE,6342,0.82626,1,-41.4308,-231.033,1172.47,-0.0603928,0.393162,0.126615,w,m
6343,SURPRISE,6343,0.824134,1,-40.3653,-230.419,1169.39,-0.0700745,0.382324,0.137115,w,m
6344,SURPRISE,6344,0.83297,1,-39.7147,-231.294,1173.14,-0.0844732,0.382912,0.149697,w,m
6345,SURPRISE,6345,0.838079,1,-39.0656,-231.494,1171.92,-0.100458,0.383358,0.157139,w,m
6346,SURPRISE,6346,0.850416,1,-38.7321,-232.288,1174.78,-0.112716,0.39002,0.166702,w,m
6347,SURPRISE,6347,0.856256,1,-38.3854,-233.903,1179.84,-0.135638,0.389269,0.175471,w,m
6348,SURPRISE,6348,0.866475,1,-38.0638,-235.223,1183.09,-0.164645,0.390513,0.184052,w,m
6349,SURPRISE,6349,0.859185,1,-37.8232,-235.374,1181.13,-0.181096,0.396112,0.192845,w,m
6350,SURPRISE,6350,0.87072,1,-37.5654,-234.784,1176.51,-0.187173,0.418014,0.204093,w,m
6731,SURPRISE,6731,0.890438,1,7.65883,-244.666,1386.42,0.155784,-0.427673,0.0979739,m,w
6732,SURPRISE,6732,0.898321,1,7.60264,-244.402,1387.99,0.16093,-0.426064,0.098868,m,w
6733,SURPRISE,6733,0.917875,1,7.5965,-245.342,1389.35,0.139347,-0.414608,0.089962,m,w
6734,SURPRISE,6734,0.917236,1,6.91948,-247.217,1394.29,0.113934,-0.386028,0.0725029,m,w
6735,SURPRISE,6735,0.912482,1,4.35828,-249.693,1407.05,0.109706,-0.344094,0.0472774,m,w
6736,SURPRISE,6736,0.884447,1,-0.506613,-251.218,1419.28,0.112493,-0.287712,0.0082325,m,w
6737,SURPRISE,6737,0.857901,1,-5.92048,-254.341,1440.38,0.115255,-0.231384,-0.0402085,m,w
6738,SURPRISE,6738,0.837283,1,-11.7843,-260.769,1476.54,0.12163,-0.187367,-0.0926635,m,w
6739,SURPRISE,6739,0.868721,1,-24.9757,-229.773,1333.35,-0.169517,0.0145921,-0.0664116,m,w
6740,SURPRISE,6740,0.854333,1,-27.7279,-235.777,1369.4,-0.141292,0.0533162,-0.0899074,m,w
6741,SURPRISE,6741,0.84496,1,-29.3383,-241.752,1401.72,-0.119486,0.073018,-0.10247,m,w
6742,SURPRISE,6742,0.85132,1,-28.8454,-247.184,1428.03,-0.101003,0.0545552,-0.106985,m,w
6743,SURPRISE,6743,0.835272,1,-27.4574,-250.954,1447.4,-0.0645286,0.0130466,-0.101906,m,w
6744,SURPRISE,6744,0.855343,1,-26.0673,-253.99,1469.83,-0.0217567,-0.0145577,-0.0894069,m,w
6745,SURPRISE,6745,0.855952,1,-24.78,-255.162,1487.25,0.0332591,-0.0275385,-0.0742017,m,w
6746,SURPRISE,6746,0.84811,1,-22.3471,-253.312,1476.32,0.06144,-0.034869,-0.0516021,m,w
6747,SURPRISE,6747,0.864987,1,-19.1181,-252.86,1455.69,0.0278112,-0.0575663,-0.0302508,m,w
6748,SURPRISE,6748,0.885832,1,-16.1155,-252.761,1435.44,-0.0355992,-0.0904583,-0.012693,m,w
6749,SURPRISE,6749,0.857041,1,-13.8242,-251.118,1420.91,-0.0452074,-0.10511,0.00499712,m,w
6750,SURPRISE,6750,0.849215,1,-11.9187,-250.763,1424.21,-0.0199713,-0.105297,0.0259211,m,w
6751,SURPRISE,6751,0.828162,1,-9.7428,-250.215,1421.36,-0.0273528,-0.105596,0.040895,m,w
6752,SURPRISE,6752,0.786295,1,-7.4692,-249.509,1408.34,-0.0800829,-0.120801,0.0431573,m,w
6753,SURPRISE,6753,0.735901,1,-5.99043,-246.719,1389.83,-0.118808,-0.127042,0.0301734,m,w
6754,SURPRISE,6754,0.784748,1,-4.96091,-244.832,1386.54,-0.131121,-0.143531,0.0238935,m,w
6755,SURPRISE,6755,0.760007,1,-3.46784,-240.637,1372.86,-0.138303,-0.141013,0.0253794,m,w
6756,SURPRISE,6756,0.768936,1,-1.97953,-237.707,1355.51,-0.164079,-0.162116,0.0212515,m,w
6757,SURPRISE,6757,0.829183,1,-0.675416,-233.916,1328.14,-0.182973,-0.177436,0.0182195,m,w
6758,SURPRISE,6758,0.8774,1,0.941972,-240.205,1360.81,-0.113745,-0.280629,0.0192195,m,w
6759,SURPRISE,6759,0.90972,1,1.08719,-245.049,1396.15,-0.0256761,-0.36412,0.0330631,m,w
6760,SURPRISE,6760,0.906674,1,1.92048,-245.535,1399.53,0.0247625,-0.396552,0.0398002,m,w
6761,SURPRISE,6761,0.927731,1,2.77213,-246.94,1397.12,0.0203844,-0.410648,0.0248502,m,w
6762,SURPRISE,6762,0.919024,1,3.53029,-248.255,1395.95,0.0205445,-0.423788,0.0127753,m,w
34436,SURPRISE,34436,0.935332,1,-87.042,-249.935,1402.46,0.0773574,-0.594281,-0.0301859,w,w
34437,SURPRISE,34437,0.941249,1,-87.7783,-251.365,1402.97,0.0553357,-0.605266,-0.0485508,w,w
34438,SURPRISE,34438,0.944038,1,-89.2612,-255.064,1408.39,0.00411318,-0.624265,-0.101586,w,w
34439,SURPRISE,34439,0.939201,1,-91.4039,-259.877,1413.54,-0.0542357,-0.632686,-0.163894,w,w
34440,SURPRISE,34440,0.94643,1,-95.3514,-268.04,1438.95,-0.0888274,-0.634345,-0.224906,w,w
34441,SURPRISE,34441,0.952139,1,-99.167,-273.599,1456.81,-0.120378,-0.637759,-0.279601,w,w
34442,SURPRISE,34442,0.954291,1,-102.671,-275.137,1462.46,-0.129239,-0.640338,-0.309261,w,w
34443,SURPRISE,34443,0.951229,1,-103.821,-273.782,1455.51,-0.138646,-0.643132,-0.331797,w,w
34444,SURPRISE,34444,0.94511,1,-102.299,-273.389,1446.95,-0.15487,-0.644466,-0.356834,w,w
34445,SURPRISE,34445,0.921085,1,-96.9763,-273.148,1430.38,-0.175334,-0.652828,-0.387589,w,w
34446,SURPRISE,34446,0.895204,1,-91.0092,-273.975,1419.5,-0.187231,-0.663646,-0.419468,w,w
34447,SURPRISE,34447,0.907179,1,-85.8319,-274.975,1417.21,-0.201244,-0.658841,-0.440685,w,w
34448,SURPRISE,34448,0.936058,1,-83.8073,-276.395,1430.01,-0.183583,-0.634064,-0.420287,w,w
34449,SURPRISE,34449,0.925885,1,-81.8927,-274.889,1434.78,-0.150721,-0.627448,-0.368327,w,w
34450,SURPRISE,34450,0.913043,1,-77.0105,-269.912,1422.54,-0.113045,-0.642238,-0.315121,w,w
34451,SURPRISE,34451,0.910399,1,-71.9895,-266.391,1420.43,-0.0869315,-0.652298,-0.274928,w,w
34452,SURPRISE,34452,0.863322,1,-71.2047,-266.076,1437.85,-0.0302925,-0.685051,-0.213289,w,w
34453,SURPRISE,34453,0.87865,1,-71.9903,-263.056,1444.7,0.00711031,-0.701246,-0.162899,w,w
34454,SURPRISE,34454,0.874771,1,-71.5513,-260.489,1445.69,0.0295033,-0.702388,-0.136098,w,w
34455,SURPRISE,34455,0.86655,1,-70.0238,-259.475,1448.69,0.063093,-0.72431,-0.107048,w,w
34456,SURPRISE,34456,0.841474,1,-64.3611,-248.588,1403.79,0.0820607,-0.774646,-0.127186,w,w
34457,SURPRISE,34457,0.891849,1,-64.2364,-240.37,1389.41,0.0766974,-0.777861,-0.123084,w,w
34458,SURPRISE,34458,0.804787,1,-61.0505,-224.833,1330.62,0.0866272,-0.824551,-0.134864,w,w
34459,SURPRISE,34459,0.81405,1,-60.4198,-217.726,1307.68,0.10384,-0.860373,-0.107872,w,w
34460,SURPRISE,34460,0.873596,1,-62.261,-220.889,1328.57,0.140026,-0.870901,-0.0504907,w,w
34461,SURPRISE,34461,0.873593,1,-67.5918,-232.52,1390.17,0.180137,-0.843181,-0.0221396,w,w
34462,SURPRISE,34462,0.8893,1,-72.5351,-234.02,1405.81,0.197486,-0.836154,-0.0124642,w,w
34463,SURPRISE,34463,0.819047,1,-76.3472,-229.821,1396.2,0.199076,-0.855645,-0.00774508,w,w
34464,SURPRISE,34464,0.841439,1,-81.5373,-230.627,1409.54,0.238943,-0.858933,0.0236598,w,w
34465,SURPRISE,34465,0.877605,1,-87.9518,-237.113,1459.17,0.246021,-0.836297,0.0674101,w,w
34466,SURPRISE,34466,0.877973,1,-93.8203,-244.063,1508.82,0.188512,-0.769577,0.087703,w,w
34467,SURPRISE,34467,0.87676,1,-97.8606,-245.822,1522.61,0.101602,-0.7048,0.109323,w,w
34468,SURPRISE,34468,0.894641,1,-99.0008,-246.676,1513.61,0.0638228,-0.678082,0.119387,w,w
34469,SURPRISE,34469,0.868259,1,-95.3326,-245.816,1490.44,0.0499374,-0.681034,0.124799,w,w
34470,SURPRISE,34470,0.886271,1,-93.5915,-252.278,1507.48,0.140168,-0.696298,0.181405,w,w
34471,SURPRISE,34471,0.872725,1,-89.8459,-256.089,1522.11,0.176806,-0.692988,0.205543,w,w
34472,SURPRISE,34472,0.874394,1,-88.7903,-261.846,1561.18,0.178132,-0.6759,0.229231,w,w
34473,SURPRISE,34473,0.846629,1,-90.1715,-264.667,1593.18,0.208615,-0.665865,0.263936,w,w
34474,SURPRISE,34474,0.814602,1,-89.8887,-258.987,1575.65,0.261724,-0.638088,0.288246,w,w
34476,SURPRISE,34476,0.822987,1,-106.413,-261.762,1628.69,0.311765,-0.477098,0.123148,w,w
34477,SURPRISE,34477,0.890655,1,-106.487,-236.329,1502.7,0.187715,-0.266943,-0.00951213,w,w
34478,SURPRISE,34478,0.90322,1,-113.196,-240.872,1533.34,0.298672,-0.221171,-0.0262012,w,w
34479,SURPRISE,34479,0.905421,1,-117.739,-240.722,1536.61,0.356664,-0.188405,-0.0356712,w,w
34480,SURPRISE,34480,0.912188,1,-121.021,-243.253,1549.59,0.382633,-0.191646,-0.0497909,w,w
34481,SURPRISE,34481,0.902416,1,-121.723,-247.141,1567.51,0.376409,-0.217276,-0.0585476,w,w
34482,SURPRISE,34482,0.878403,1,-116.979,-242.678,1550.5,0.397397,-0.265976,-0.0560805,w,w
34483,SURPRISE,34483,0.885633,1,-112.501,-237.529,1535.13,0.403841,-0.345273,-0.0417982,w,w
34484,SURPRISE,34484,0.907216,1,-111.577,-237.535,1541.11,0.375994,-0.417941,-0.0322027,w,w
34485,SURPRISE,34485,0.926298,1,-113.612,-240.211,1553.09,0.314149,-0.460444,-0.0270125,w,w
28114,SURPRISE,28114,0.964637,1,-51.6604,-178.354,1381.96,0.192344,0.188461,-0.0348936,w,m
28115,SURPRISE,28115,0.966883,1,-52.4573,-178.877,1381.53,0.177281,0.195104,-0.0297847,w,m
28116,SURPRISE,28116,0.974251,1,-52.2505,-178.301,1374.84,0.177838,0.193927,-0.0299046,w,m
28117,SURPRISE,28117,0.972183,1,-52.394,-177.833,1371.44,0.182685,0.194949,-0.0327228,w,m
28118,SURPRISE,28118,0.970389,1,-52.6437,-177.751,1372.53,0.186597,0.201163,-0.0343116,w,m
28119,SURPRISE,28119,0.968417,1,-53.0952,-176.616,1368.39,0.197241,0.20895,-0.0338485,w,m
28120,SURPRISE,28120,0.980837,1,-52.9671,-175.102,1362.3,0.201442,0.194892,-0.0356335,w,m
28121,SURPRISE,28121,0.981863,1,-53.9314,-174.595,1363.66,0.200202,0.200735,-0.041602,w,m
28122,SURPRISE,28122,0.98041,1,-54.7443,-174.606,1364.26,0.204358,0.207124,-0.0457122,w,m
28123,SURPRISE,28123,0.978817,1,-55.2157,-174.643,1364.25,0.211485,0.215754,-0.0527274,w,m
28124,SURPRISE,28124,0.971562,1,-55.2538,-174.783,1364.43,0.220023,0.219602,-0.0541605,w,m
28125,SURPRISE,28125,0.970384,1,-55.0007,-174.693,1362.07,0.224194,0.223342,-0.0564424,w,m
28126,SURPRISE,28126,0.969654,1,-54.6667,-174.582,1361.81,0.225799,0.221964,-0.0564554,w,m
28127,SURPRISE,28127,0.967391,1,-54.1811,-173.602,1358.4,0.234774,0.219717,-0.0542801,w,m
28128,SURPRISE,28128,0.9624,1,-54.056,-172.024,1353.28,0.236116,0.222368,-0.0496093,w,m
28129,SURPRISE,28129,0.950323,1,-54.4747,-170.423,1347.36,0.227463,0.225268,-0.04526,w,m
28130,SURPRISE,28130,0.943263,1,-55.0574,-168.026,1336.81,0.216512,0.22866,-0.0438081,w,m
28131,SURPRISE,28131,0.938063,1,-55.9256,-165.967,1330.23,0.212618,0.233789,-0.0462741,w,m
28132,SURPRISE,28132,0.938624,1,-56.9855,-165.331,1330.24,0.204517,0.243095,-0.049145,w,m
28133,SURPRISE,28133,0.940856,1,-57.1927,-164.638,1327.64,0.196977,0.242587,-0.0499315,w,m
28134,SURPRISE,28134,0.941056,1,-57.1096,-164.221,1327.03,0.192042,0.243577,-0.04934,w,m
28135,SURPRISE,28135,0.941748,1,-56.8801,-163.955,1327.07,0.188342,0.245361,-0.0472802,w,m
28136,SURPRISE,28136,0.958843,1,-56.2453,-164.21,1327.3,0.182555,0.241698,-0.0439696,w,m
28137,SURPRISE,28137,0.964725,1,-55.6647,-165.077,1331.52,0.176666,0.23624,-0.04109,w,m
28138,SURPRISE,28138,0.970851,1,-55.494,-166.541,1340.45,0.185775,0.227241,-0.045917,w,m
28139,SURPRISE,28139,0.969794,1,-55.5765,-166.822,1343.24,0.197846,0.225464,-0.04731,w,m
28140,SURPRISE,28140,0.972508,1,-56.0627,-166.876,1344.97,0.203929,0.226047,-0.0528093,w,m
28141,SURPRISE,28141,0.968366,1,-56.6894,-166.899,1346.9,0.208321,0.230086,-0.057175,w,m
28142,SURPRISE,28142,0.973359,1,-56.7727,-166.548,1344.05,0.208939,0.236311,-0.0587361,w,m
28143,SURPRISE,28143,0.974153,1,-55.9965,-166.574,1343.96,0.2107,0.231082,-0.0564475,w,m
28144,SURPRISE,28144,0.973251,1,-54.7825,-167.365,1346.93,0.204226,0.220465,-0.0514221,w,m
28145,SURPRISE,28145,0.970453,1,-52.8523,-168.077,1347.13,0.189606,0.19541,-0.0455845,w,m
28146,SURPRISE,28146,0.975109,1,-50.4148,-168.826,1345.96,0.175394,0.161971,-0.041539,w,m
28147,SURPRISE,28147,0.975769,1,-47.08,-171.519,1354.49,0.198956,0.110033,-0.0481121,w,m
28148,SURPRISE,28148,0.981173,1,-43.9141,-172.751,1353.43,0.212987,0.0691039,-0.0561317,w,m
28149,SURPRISE,28149,0.977711,1,-40.4052,-174.454,1357.61,0.217323,0.0208786,-0.0576528,w,m
28150,SURPRISE,28150,0.975512,1,-35.2481,-175.704,1356.65,0.212913,-0.0365177,-0.0544329,w,m
28151,SURPRISE,28151,0.962954,1,-28.9276,-177.32,1357.94,0.19831,-0.0909484,-0.0513286,w,m
28152,SURPRISE,28152,0.885513,1,-22.3332,-178.598,1353.57,0.176069,-0.128426,-0.0477135,w,m
28153,SURPRISE,28153,0.775824,1,-16.5451,-180.376,1352.22,0.135082,-0.142829,-0.0561047,w,m
28154,SURPRISE,28154,0.756413,1,-11.1971,-182.81,1354.24,0.11229,-0.163039,-0.0664012,w,m
28155,SURPRISE,28155,0.960789,1,13.7598,-172.752,1256.74,0.0496427,-0.249522,-0.10185,w,m
28156,SURPRISE,28156,0.964735,1,15.8682,-177.519,1280.21,0.0712135,-0.385341,-0.126807,w,m
28157,SURPRISE,28157,0.974675,1,18.5666,-181.86,1297.68,0.0813564,-0.471108,-0.137709,w,m
28158,SURPRISE,28158,0.974643,1,21.0984,-184.757,1304.88,0.0866553,-0.516198,-0.133914,w,m
28159,SURPRISE,28159,0.96638,1,23.0584,-185.61,1299.93,0.0813964,-0.538537,-0.133883,w,m
28160,SURPRISE,28160,0.922412,1,24.5156,-185.169,1286.3,0.0594091,-0.565872,-0.148735,w,m
28161,SURPRISE,28161,0.928148,1,25.19,-183.701,1266.64,-0.017621,-0.638137,-0.190606,w,m
28162,SURPRISE,28162,0.930206,1,26.2866,-183.996,1264.92,-0.0291751,-0.642101,-0.203907,w,m
28163,SURPRISE,28163,0.935421,1,27.6999,-184.581,1264.68,-0.033997,-0.645136,-0.208717,w,m
28164,SURPRISE,28164,0.936795,1,29.6982,-186.454,1270.45,-0.0367651,-0.642658,-0.209391,w,m
28165,SURPRISE,28165,0.929462,1,31.4174,-187.959,1278.01,-0.0315567,-0.642165,-0.209852,w,m
28166,SURPRISE,28166,0.924312,1,32.5614,-189.012,1292.05,-0.0184286,-0.650102,-0.202978,w,m
28167,SURPRISE,28167,0.929532,1,33.5784,-187.759,1291.35,-0.0138001,-0.647735,-0.197649,w,m
28168,SURPRISE,28168,0.928558,1,34.857,-186.343,1278.92,-0.0164158,-0.658083,-0.194905,w,m
28169,SURPRISE,28169,0.929631,1,36.1532,-187.242,1273.93,-0.0325927,-0.658877,-0.204757,w,m
28170,SURPRISE,28170,0.940603,1,37.0461,-189.743,1282.36,-0.0356721,-0.655188,-0.208641,w,m
29261,SURPRISE,29261,0.92195,1,17.5688,-172.921,1265.87,0.102872,-0.665225,-0.090962,w,m
29262,SURPRISE,29262,0.92819,1,19.1232,-176.865,1278.05,0.0708797,-0.65028,-0.114873,w,m
29263,SURPRISE,29263,0.929213,1,20.7439,-177.892,1279.98,0.0659696,-0.647208,-0.126416,w,m
29264,SURPRISE,29264,0.927336,1,21.5902,-178.713,1284.77,0.0674538,-0.645966,-0.128708,w,m
29265,SURPRISE,29265,0.923822,1,22.3852,-178.804,1286.04,0.0715076,-0.64848,-0.126416,w,m
29266,SURPRISE,29266,0.911526,1,22.6653,-179.607,1292.09,0.07104,-0.65482,-0.12063,w,m
29267,SURPRISE,29267,0.895406,1,23.2357,-179.767,1292.56,0.0740457,-0.653843,-0.119085,w,m
29268,SURPRISE,29268,0.887692,1,23.7984,-180.147,1292.85,0.066976,-0.651757,-0.12397,w,m
29269,SURPRISE,29269,0.888091,1,24.3907,-180.943,1295.95,0.0577485,-0.649482,-0.128331,w,m
29270,SURPRISE,29270,0.89343,1,24.634,-181.345,1296.42,0.0543684,-0.647375,-0.13261,w,m
29271,SURPRISE,29271,0.896329,1,24.9483,-181.878,1296.41,0.04594,-0.647322,-0.1368,w,m
29272,SURPRISE,29272,0.894167,1,24.7072,-182.335,1296.01,0.0403913,-0.645525,-0.140441,w,m
29273,SURPRISE,29273,0.887096,1,24.4095,-182.749,1294.75,0.0402206,-0.646843,-0.143525,w,m
29274,SURPRISE,29274,0.907604,1,23.8771,-183.948,1295.78,0.0282898,-0.646013,-0.145626,w,m
29275,SURPRISE,29275,0.910943,1,23.4841,-185.107,1291.77,0.0176239,-0.651607,-0.154999,w,m
29276,SURPRISE,29276,0.931447,1,22.5049,-187.423,1290.3,-0.00412997,-0.653601,-0.16905,w,m
29277,SURPRISE,29277,0.922663,1,21.4642,-188.311,1276.29,-0.0321393,-0.657639,-0.189238,w,m
29278,SURPRISE,29278,0.959661,1,19.8265,-186.619,1247.58,-0.0689513,-0.666714,-0.208631,w,m
29279,SURPRISE,29279,0.947979,1,18.176,-185.762,1221.67,-0.109348,-0.680926,-0.238334,w,m
29280,SURPRISE,29280,0.942774,1,16.6767,-185.503,1201.24,-0.149618,-0.695471,-0.268228,w,m
29281,SURPRISE,29281,0.937553,1,14.884,-188.619,1199.91,-0.178817,-0.710202,-0.296953,w,m
29282,SURPRISE,29282,0.932064,1,13.2239,-191.15,1196.5,-0.207228,-0.709182,-0.323932,w,m
29283,SURPRISE,29283,0.927377,1,11.2799,-194.418,1198.47,-0.232107,-0.701651,-0.348368,w,m
29284,SURPRISE,29284,0.931198,1,9.1764,-198.068,1205.14,-0.248524,-0.6967,-0.367704,w,m
29285,SURPRISE,29285,0.928326,1,6.80721,-200.933,1208.62,-0.263587,-0.691613,-0.387561,w,m
29286,SURPRISE,29286,0.928207,1,4.76454,-202.596,1206.96,-0.273011,-0.689327,-0.406309,w,m
29287,SURPRISE,29287,0.927183,1,2.64808,-204.633,1209.58,-0.283516,-0.684282,-0.419468,w,m
29288,SURPRISE,29288,0.931036,1,0.822279,-206.321,1211.83,-0.286996,-0.677902,-0.42932,w,m
29289,SURPRISE,29289,0.929266,1,-0.706044,-207.319,1213.65,-0.292754,-0.671432,-0.437655,w,m
29290,SURPRISE,29290,0.931318,1,-1.94958,-208.105,1217.41,-0.293679,-0.672879,-0.443202,w,m
29291,SURPRISE,29291,0.935361,1,-2.79774,-207.917,1219.9,-0.278798,-0.676197,-0.442271,w,m
29292,SURPRISE,29292,0.935539,1,-2.99954,-206.603,1219.23,-0.243813,-0.698423,-0.450957,w,m
29293,SURPRISE,29293,0.929328,1,-2.66521,-203.773,1212.7,-0.207712,-0.722179,-0.455884,w,m
29294,SURPRISE,29294,0.928955,1,-1.60843,-201.51,1214.04,-0.173974,-0.735554,-0.441629,w,m
29295,SURPRISE,29295,0.926175,1,-0.22836,-198.572,1215.23,-0.150497,-0.73951,-0.415406,w,m
29296,SURPRISE,29296,0.930931,1,1.25102,-194.097,1212.25,-0.127226,-0.741815,-0.387759,w,m
29297,SURPRISE,29297,0.938517,1,2.76225,-189.215,1210.21,-0.0958465,-0.740154,-0.356085,w,m
29298,SURPRISE,29298,0.948045,1,3.63829,-186.719,1227.38,-0.0636217,-0.732994,-0.320516,w,m
29299,SURPRISE,29299,0.956601,1,3.47111,-184.645,1251.84,-0.0320143,-0.722433,-0.289807,w,m
29300,SURPRISE,29300,0.954387,1,3.14088,-180.937,1265.47,0.0074247,-0.716882,-0.256597,w,m
29301,SURPRISE,29301,0.957338,1,2.89829,-176.364,1268.54,0.0436079,-0.707903,-0.222635,w,m
29302,SURPRISE,29302,0.959145,1,3.59659,-172.938,1267.91,0.0579403,-0.702156,-0.199915,w,m
29303,SURPRISE,29303,0.962797,1,4.60913,-170.94,1263.86,0.0662537,-0.703862,-0.179747,w,m
29304,SURPRISE,29304,0.960827,1,5.98967,-171.678,1260.7,0.0546166,-0.70565,-0.179239,w,m
29305,SURPRISE,29305,0.962023,1,7.28422,-174.289,1256.81,0.0285425,-0.705106,-0.188316,w,m
29306,SURPRISE,29306,0.959707,1,8.46429,-179.476,1264,-0.00120378,-0.698441,-0.208726,w,m
29307,SURPRISE,29307,0.953706,1,9.21957,-184.651,1273.56,-0.0199309,-0.681624,-0.224871,w,m
29308,SURPRISE,29308,0.952685,1,9.89746,-187.58,1274.09,-0.0338871,-0.674453,-0.238142,w,m
29309,SURPRISE,29309,0.951664,1,10.3206,-188.856,1270.7,-0.0432291,-0.668331,-0.249366,w,m
29310,SURPRISE,29310,0.95934,1,10.3067,-188.597,1264.02,-0.0335371,-0.672211,-0.251742,w,m
29311,SURPRISE,29311,0.950187,1,9.49225,-185.655,1252.17,-0.0118427,-0.688141,-0.233605,w,m
29312,SURPRISE,29312,0.957079,1,9.31695,-186.19,1256.37,-0.0021283,-0.68839,-0.227098,w,m
29313,SURPRISE,29313,0.959922,1,9.29009,-187.48,1270.47,0.00757612,-0.682081,-0.221718,w,m
29314,SURPRISE,29314,0.956278,1,9.62369,-188.488,1284.18,0.0116499,-0.663989,-0.219424,w,m
29315,SURPRISE,29315,0.95093,1,9.93467,-187.67,1291.87,0.0233302,-0.661423,-0.210303,w,m
29316,SURPRISE,29316,0.950825,1,9.95413,-185.002,1290.94,0.0565122,-0.668023,-0.193533,w,m
29317,SURPRISE,29317,0.950737,1,10.0594,-182.327,1292.1,0.0876263,-0.671787,-0.178122,w,m
29318,SURPRISE,29318,0.937833,1,10.6907,-179.171,1290.51,0.122003,-0.68048,-0.15525,w,m
31097,SURPRISE,31097,0.902676,1,3.39741,-207.875,1219.53,-0.0191289,-0.65961,-0.15984,w,m
31098,SURPRISE,31098,0.906847,1,2.80359,-214.505,1244.2,-0.0347715,-0.639451,-0.186134,w,m
31099,SURPRISE,31099,0.88609,1,2.41095,-220.217,1263.02,-0.0555108,-0.626491,-0.212133,w,m
31100,SURPRISE,31100,0.877223,1,3.60225,-221.678,1262.42,-0.0945167,-0.625226,-0.246164,w,m
31101,SURPRISE,31101,0.888216,1,3.96544,-220.486,1261.77,-0.0747536,-0.619449,-0.243543,w,m
31102,SURPRISE,31102,0.911318,1,4.67633,-215.142,1250.11,-0.0421123,-0.626473,-0.228523,w,m
31103,SURPRISE,31103,0.914799,1,4.55245,-209.113,1237.39,-0.0335512,-0.637411,-0.211725,w,m
31104,SURPRISE,31104,0.916521,1,3.91098,-204.168,1226.35,-0.0286979,-0.655152,-0.196857,w,m
31105,SURPRISE,31105,0.921453,1,3.37816,-203.279,1228.28,-0.0140644,-0.652229,-0.184178,w,m
31106,SURPRISE,31106,0.926982,1,3.59896,-205.921,1236.41,-0.00390729,-0.647125,-0.172662,w,m
31107,SURPRISE,31107,0.93601,1,3.99279,-209.614,1245.69,-0.00292306,-0.643004,-0.165853,w,m
31108,SURPRISE,31108,0.930948,1,5.21831,-210.914,1246.18,-0.00126964,-0.641164,-0.164578,w,m
31109,SURPRISE,31109,0.934715,1,6.66052,-211.221,1246.44,0.000958839,-0.645366,-0.161325,w,m
31110,SURPRISE,31110,0.938316,1,7.8374,-211.029,1246.62,0.0105821,-0.648138,-0.155444,w,m
31111,SURPRISE,31111,0.932689,1,9.22324,-210.712,1244.87,0.0190213,-0.648508,-0.146198,w,m
31112,SURPRISE,31112,0.93417,1,10.3094,-210.849,1245.72,0.0180674,-0.651526,-0.139088,w,m
31113,SURPRISE,31113,0.934561,1,11.329,-211.08,1247.48,0.015093,-0.64811,-0.136146,w,m
31114,SURPRISE,31114,0.938859,1,12.3864,-212.188,1256.35,0.0166353,-0.647194,-0.129212,w,m
31115,SURPRISE,31115,0.934524,1,13.2073,-213.637,1266,0.0161755,-0.641935,-0.125045,w,m
31116,SURPRISE,31116,0.92687,1,14.3117,-214.005,1266.94,0.0242414,-0.646981,-0.122811,w,m
31117,SURPRISE,31117,0.925549,1,15.5358,-213.971,1267.16,0.0266079,-0.649424,-0.121409,w,m
31118,SURPRISE,31118,0.920473,1,16.7482,-213.101,1262.84,0.0286921,-0.648685,-0.119571,w,m
31119,SURPRISE,31119,0.921765,1,18.0376,-212.972,1263.67,0.032393,-0.648325,-0.115703,w,m
31120,SURPRISE,31120,0.916496,1,19.1016,-212.37,1260.45,0.0339999,-0.652204,-0.11332,w,m
31121,SURPRISE,31121,0.918442,1,20.3376,-212.287,1263.44,0.0371412,-0.652689,-0.103734,w,m
31122,SURPRISE,31122,0.90864,1,20.9816,-212.028,1267.6,0.0387303,-0.646887,-0.0979597,w,m
31123,SURPRISE,31123,0.906645,1,21.5776,-211.226,1266.44,0.0420575,-0.650372,-0.0944129,w,m
31124,SURPRISE,31124,0.899887,1,21.9844,-210.843,1269.47,0.0418516,-0.651552,-0.0858426,w,m
31125,SURPRISE,31125,0.902706,1,21.8931,-210.028,1268.99,0.0445375,-0.650262,-0.0817405,w,m
31126,SURPRISE,31126,0.898275,1,21.7303,-209.164,1268.56,0.0469957,-0.65064,-0.07805,w,m
31127,SURPRISE,31127,0.889387,1,20.6583,-208.586,1272.1,0.0507691,-0.647601,-0.0727919,w,m
31128,SURPRISE,31128,0.865885,1,18.6802,-208.399,1279.66,0.0562277,-0.645388,-0.0633952,w,m
31129,SURPRISE,31129,0.851735,1,15.3315,-208.775,1291.23,0.0527788,-0.641981,-0.0551322,w,m
31130,SURPRISE,31130,0.802932,1,11.4118,-209.547,1307.51,0.047319,-0.591992,-0.0583771,w,m
31131,SURPRISE,31131,0.828585,1,7.01774,-208.557,1307.83,0.0123433,-0.544427,-0.0807591,w,m
31132,SURPRISE,31132,0.848485,1,0.797683,-208.287,1307.56,0.0473415,-0.512681,-0.0620655,w,m
31133,SURPRISE,31133,0.859676,1,-5.38905,-208.37,1308.93,0.0677728,-0.453558,-0.0506837,w,m
31134,SURPRISE,31134,0.912114,1,-11.1572,-207.708,1307.06,0.0838532,-0.393281,-0.0417934,w,m
31135,SURPRISE,31135,0.949404,1,-15.8072,-206.295,1301.53,0.109009,-0.341832,-0.0281676,w,m
31136,SURPRISE,31136,0.963145,1,-18.3665,-205.472,1296.21,0.12895,-0.312528,-0.012375,w,m
31137,SURPRISE,31137,0.966085,1,-19.5222,-204.542,1290.52,0.140214,-0.303591,-0.00173648,w,m
31138,SURPRISE,31138,0.980939,1,-19.612,-204.057,1286.43,0.132102,-0.295609,0.00392539,w,m
31139,SURPRISE,31139,0.980705,1,-18.6945,-204.037,1288.86,0.131235,-0.294983,0.00659388,w,m
31140,SURPRISE,31140,0.982118,1,-16.7773,-203.419,1286.14,0.135035,-0.306645,0.0116163,w,m
31141,SURPRISE,31141,0.981818,1,-13.8034,-201.347,1278.12,0.144911,-0.329418,0.0154994,w,m
31142,SURPRISE,31142,0.978861,1,-10.2099,-199.331,1271.27,0.165225,-0.372115,0.0207836,w,m
31143,SURPRISE,31143,0.961303,1,-7.64649,-196.525,1260.56,0.179915,-0.395564,0.0322721,w,m
31144,SURPRISE,31144,0.967106,1,-5.72937,-195.345,1259.74,0.195443,-0.413281,0.0359811,w,m
31145,SURPRISE,31145,0.969722,1,-4.41246,-194.691,1261.14,0.197869,-0.42199,0.0301878,w,m
31146,SURPRISE,31146,0.968926,1,-5.16772,-194.619,1267.89,0.197853,-0.415419,0.0153483,w,m
31147,SURPRISE,31147,0.975921,1,-9.02245,-194.941,1280.72,0.195966,-0.374585,-0.00268529,w,m
31148,SURPRISE,31148,0.977136,1,-15.2005,-194.396,1293.09,0.201683,-0.333633,-0.0206446,w,m
31149,SURPRISE,31149,0.961772,1,-22.168,-192.936,1303.31,0.229777,-0.295921,-0.0364593,w,m
31150,SURPRISE,31150,0.938897,1,-27.6981,-189.748,1298.19,0.244021,-0.277602,-0.0519961,w,m
31151,SURPRISE,31151,0.939352,1,-32.5659,-185.783,1289.39,0.260585,-0.235657,-0.0668047,w,m
31152,SURPRISE,31152,0.966548,1,-37.3471,-183.645,1290.41,0.275428,-0.165266,-0.0754482,w,m
31153,SURPRISE,31153,0.982693,1,-39.8938,-182.728,1289.39,0.288835,-0.151986,-0.0548447,w,m
31154,SURPRISE,31154,0.975455,1,-37.6117,-185.578,1300.04,0.271907,-0.193987,-0.0321506,w,m
5925,SURPRISE,5925,0.877128,1,-63.6188,-182.55,1174.46,-0.197053,0.781102,0.450641,m,m
5926,SURPRISE,5926,0.895076,1,-61.3193,-185.056,1171.89,-0.196346,0.784064,0.462352,m,m
5927,SURPRISE,5927,0.88081,1,-58.9962,-189.297,1186.36,-0.16448,0.783099,0.453447,m,m
5928,SURPRISE,5928,0.860879,1,-56.4588,-190.992,1189.44,-0.149435,0.784959,0.464602,m,m
5929,SURPRISE,5929,0.864393,1,-53.6185,-192.22,1189.94,-0.144771,0.786621,0.465605,m,m
5930,SURPRISE,5930,0.873091,1,-50.4486,-193.605,1190.59,-0.147861,0.783287,0.463578,m,m
5931,SURPRISE,5931,0.870014,1,-47.3913,-194.828,1187.82,-0.157882,0.774846,0.461794,m,m
5932,SURPRISE,5932,0.851232,1,-44.1702,-192.083,1164.93,-0.182966,0.779567,0.468192,m,m
5933,SURPRISE,5933,0.809804,1,-41.5827,-182.813,1098.58,-0.272497,0.785054,0.528838,m,m
5934,SURPRISE,5934,0.777358,1,-39.6355,-180.463,1074.91,-0.299175,0.779454,0.547724,m,m
5935,SURPRISE,5935,0.781148,1,-38.8747,-182.473,1075.44,-0.319966,0.76604,0.554023,m,m
5936,SURPRISE,5936,0.815686,1,-37.313,-185.625,1086.39,-0.314757,0.765866,0.544746,m,m
5937,SURPRISE,5937,0.825479,1,-34.4818,-188.479,1096.52,-0.311231,0.756913,0.533825,m,m
5938,SURPRISE,5938,0.839536,1,-30.2692,-193.338,1114.3,-0.310909,0.736586,0.508266,m,m
5939,SURPRISE,5939,0.78148,1,-25.6772,-194.429,1107.73,-0.328947,0.723983,0.489905,m,m
5940,SURPRISE,5940,0.727655,1,-5.96466,-188.009,1119.71,0.228125,0.324343,0.0162354,m,m
5943,SURPRISE,5943,0.853972,1,-21.3079,-207.985,1145.9,-0.251876,0.700965,0.417908,m,m
5944,SURPRISE,5944,0.843889,1,-25.343,-206.937,1141.74,-0.25531,0.721967,0.464848,m,m
5945,SURPRISE,5945,0.842492,1,-28.861,-207.833,1145.26,-0.261405,0.750336,0.493309,m,m
5946,SURPRISE,5946,0.839051,1,-30.4047,-209.647,1149.64,-0.295505,0.765802,0.520694,m,m
5947,SURPRISE,5947,0.832167,1,-28.8839,-210.927,1151.15,-0.305728,0.739291,0.51674,m,m
5948,SURPRISE,5948,0.737674,1,-10.2706,-192.753,1118.62,0.188372,0.352159,0.0314364,m,m
5949,SURPRISE,5949,0.737983,1,-3.58236,-187.244,1096.12,0.224535,0.326558,0.00610537,m,m
5950,SURPRISE,5950,0.773074,1,-6.54518,-202.227,1147.81,-0.0992458,0.515231,0.0591368,m,m
5951,SURPRISE,5951,0.736627,1,-4.76142,-189.917,1099.07,-0.113929,0.525789,0.0474744,m,m
5952,SURPRISE,5952,0.736167,1,-8.54291,-187.21,1087.42,-0.130748,0.608098,0.0683495,m,m
5953,SURPRISE,5953,0.831645,1,-15.3366,-192.473,1105.11,-0.148109,0.671462,0.137544,m,m
5954,SURPRISE,5954,0.785262,1,-23.4516,-198.502,1129.08,-0.141529,0.722823,0.18725,m,m
5955,SURPRISE,5955,0.738286,1,-29.3629,-201.232,1139.38,-0.160835,0.791828,0.224983,m,m
5956,SURPRISE,5956,0.741387,1,-34.7438,-198.858,1131.34,-0.166261,0.879579,0.253324,m,m
5957,SURPRISE,5957,0.809308,1,-40.6944,-197.516,1130.87,-0.169604,0.942794,0.281428,m,m
5958,SURPRISE,5958,0.808923,1,-44.6167,-196.499,1135.47,-0.171078,0.96553,0.316902,m,m
5959,SURPRISE,5959,0.834175,1,-44.006,-194.82,1137.6,-0.186375,0.913026,0.340545,m,m
5960,SURPRISE,5960,0.778322,1,-41.9857,-196.581,1161.2,-0.166159,0.800656,0.315896,m,m
5961,SURPRISE,5961,0.82632,1,-35.6717,-183.71,1119.63,-0.0387644,0.264197,0.0325013,m,m
5962,SURPRISE,5962,0.893725,1,-31.7124,-184.956,1136.77,-0.0242776,0.255488,0.0379107,m,m
5963,SURPRISE,5963,0.929973,1,-27.6863,-188.197,1167.02,-0.015448,0.253227,0.0383554,m,m
5964,SURPRISE,5964,0.91218,1,-26.7907,-186.876,1167.21,0.0228682,0.377978,0.0266281,m,m
5965,SURPRISE,5965,0.878377,1,-28.574,-179.532,1129.54,0.0516628,0.519847,0.0319633,m,m
5966,SURPRISE,5966,0.793346,1,-33.3051,-178.851,1126.85,0.0545923,0.668475,0.071709,m,m
5967,SURPRISE,5967,0.828285,1,-40.1458,-178.731,1124.03,0.035524,0.75032,0.122669,m,m
5968,SURPRISE,5968,0.845524,1,-46.1242,-181.165,1131.16,0.0102037,0.777042,0.150058,m,m
5969,SURPRISE,5969,0.856137,1,-50.0508,-186.135,1145.91,-0.0267341,0.802352,0.19117,m,m
5970,SURPRISE,5970,0.8222,1,-50.2211,-188.793,1152.91,-0.0537004,0.786437,0.216628,m,m
5971,SURPRISE,5971,0.77822,1,-48.6656,-188.118,1147.86,-0.0793931,0.778684,0.234891,m,m
5972,SURPRISE,5972,0.880983,1,-46.4198,-186.04,1142.15,-0.0716851,0.781547,0.223872,m,m
5973,SURPRISE,5973,0.863686,1,-45.4454,-183.004,1129.85,-0.0743066,0.771292,0.235059,m,m
5974,SURPRISE,5974,0.854643,1,-45.652,-183.011,1129.71,-0.0970972,0.77307,0.255708,m,m
5975,SURPRISE,5975,0.832521,1,-45.1488,-184.55,1134.21,-0.108042,0.774171,0.268604,m,m
5976,SURPRISE,5976,0.842109,1,-43.3105,-185.899,1137.25,-0.0909436,0.779264,0.255395,m,m
5977,SURPRISE,5977,0.848446,1,-41.4879,-185.054,1125.74,-0.117926,0.807212,0.273879,m,m
5978,SURPRISE,5978,0.827757,1,-40.1579,-185.103,1121.25,-0.131118,0.809541,0.287881,m,m
5979,SURPRISE,5979,0.784215,1,-38.8405,-186.744,1126.72,-0.114286,0.793438,0.271234,m,m
5980,SURPRISE,5980,0.755411,1,-38.3818,-190.673,1143.33,-0.110272,0.780145,0.271972,m,m
5981,SURPRISE,5981,0.785773,1,-37.7998,-192.497,1151.24,-0.120276,0.773592,0.285321,m,m
5982,SURPRISE,5982,0.869925,1,-36.6167,-190.761,1144.52,-0.11929,0.778293,0.288301,m,m
5983,SURPRISE,5983,0.818323,1,-35.3341,-187.474,1132.53,-0.119981,0.782463,0.290627,m,m
5984,SURPRISE,5984,0.838127,1,-34.6884,-186.257,1128.6,-0.117944,0.778121,0.291198,m,m
3138,SURPRISE,3138,0.790992,1,-84.7314,-186.011,1306.04,0.594159,1.33385,-0.285125,w,w
3139,SURPRISE,3139,0.768303,1,-84.3606,-186.896,1306.87,0.585471,1.34511,-0.272201,w,w
3140,SURPRISE,3140,0.805348,1,-84.775,-187.056,1310.84,0.557776,1.33244,-0.247243,w,w
3141,SURPRISE,3141,0.791005,1,-84.8862,-186.533,1317.77,0.5849,1.32046,-0.279011,w,w
3142,SURPRISE,3142,0.816174,1,-85.4727,-185.455,1321.36,0.597275,1.29938,-0.291738,w,w
3143,SURPRISE,3143,0.810342,1,-86.2439,-185.335,1323.3,0.594732,1.28179,-0.286365,w,w
3144,SURPRISE,3144,0.750214,1,-86.9413,-186.113,1319.57,0.621621,1.28665,-0.284102,w,w
3145,SURPRISE,3145,0.728865,1,-88.0377,-189.068,1327.12,0.550324,1.28782,-0.203267,w,w
3147,SURPRISE,3147,0.73605,1,-88.0054,-189.694,1339.9,0.536345,1.32273,-0.214892,w,w
3148,SURPRISE,3148,0.768629,1,-88.1856,-187.774,1343.84,0.616934,1.29298,-0.303359,w,w
3149,SURPRISE,3149,0.769487,1,-88.4089,-185.87,1340,0.64883,1.26472,-0.332756,w,w
3150,SURPRISE,3150,0.751625,1,-88.7617,-185.275,1334.04,0.642187,1.25815,-0.324654,w,w
3151,SURPRISE,3151,0.764695,1,-88.9963,-186.495,1333.37,0.60792,1.26254,-0.285765,w,w
3152,SURPRISE,3152,0.773214,1,-89.3939,-188.464,1334.73,0.548188,1.25425,-0.216934,w,w
3153,SURPRISE,3153,0.749487,1,-89.5951,-189.602,1337.18,0.526822,1.25438,-0.194466,w,w
3154,SURPRISE,3154,0.767492,1,-89.8025,-189.765,1339.34,0.531083,1.25041,-0.197144,w,w
3155,SURPRISE,3155,0.757957,1,-89.988,-189.752,1341.19,0.531213,1.24851,-0.199096,w,w
3156,SURPRISE,3156,0.775124,1,-89.7276,-189.598,1336.14,0.533507,1.25753,-0.197873,w,w
3157,SURPRISE,3157,0.769557,1,-89.7728,-190.395,1337.23,0.526535,1.26669,-0.189123,w,w
3158,SURPRISE,3158,0.769073,1,-89.3474,-191.132,1336.94,0.50608,1.27398,-0.169213,w,w
3159,SURPRISE,3159,0.76677,1,-88.8116,-191.711,1335.86,0.495891,1.28619,-0.156377,w,w
3160,SURPRISE,3160,0.741521,1,-88.4679,-191.592,1335.42,0.49495,1.28763,-0.155069,w,w
3161,SURPRISE,3161,0.734597,1,-88.1219,-191.156,1337.94,0.515043,1.28397,-0.173474,w,w
3162,SURPRISE,3162,0.733366,1,-89.0387,-191.235,1351.82,0.535822,1.26317,-0.19993,w,w
3163,SURPRISE,3163,0.74243,1,-89.0643,-189.511,1355.1,0.592244,1.23765,-0.251716,w,w
3164,SURPRISE,3164,0.747227,1,-89.1858,-187.878,1354.71,0.622619,1.23031,-0.280355,w,w
3165,SURPRISE,3165,0.732848,1,-89.8159,-187.898,1354.53,0.628036,1.23558,-0.280876,w,w
3177,SURPRISE,3177,0.727522,1,-84.5008,-180.48,1335.8,0.814322,1.28107,-0.408728,w,w
3178,SURPRISE,3178,0.778549,1,-85.4117,-178.09,1343.24,0.850766,1.21934,-0.447055,w,w
3179,SURPRISE,3179,0.817164,1,-87.2548,-177.453,1359.4,0.861728,1.16581,-0.466493,w,w
3180,SURPRISE,3180,0.775447,1,-89.986,-179.513,1380.34,0.860163,1.15469,-0.457256,w,w
3181,SURPRISE,3181,0.749037,1,-90.0689,-180.852,1366.6,0.84057,1.19237,-0.434385,w,w
43468,SURPRISE,43468,0.948687,1,-96.3927,-157.774,1270.48,0.126926,0.611197,0.0583896,m,m
43469,SURPRISE,43469,0.94916,1,-96.4104,-157.776,1270.6,0.127353,0.611761,0.0579989,m,m
43470,SURPRISE,43470,0.950017,1,-96.3875,-157.683,1270.06,0.127483,0.611889,0.0579902,m,m
43471,SURPRISE,43471,0.950672,1,-96.3506,-157.558,1269.26,0.127277,0.611634,0.0583092,m,m
43472,SURPRISE,43472,0.950124,1,-96.3324,-157.574,1269.43,0.127766,0.611303,0.0578982,m,m
43473,SURPRISE,43473,0.950019,1,-96.3175,-157.646,1269.98,0.128603,0.610983,0.057136,m,m
43474,SURPRISE,43474,0.948066,1,-96.2948,-157.661,1270.17,0.129298,0.611063,0.0565804,m,m
43475,SURPRISE,43475,0.94711,1,-96.2721,-157.66,1270.24,0.129654,0.611301,0.0562432,m,m
43476,SURPRISE,43476,0.947128,1,-96.2159,-157.593,1269.89,0.13031,0.611106,0.0560189,m,m
43477,SURPRISE,43477,0.946999,1,-96.1492,-157.513,1269.51,0.130827,0.610549,0.0559938,m,m
43478,SURPRISE,43478,0.947581,1,-96.0944,-157.468,1269.24,0.130618,0.609969,0.0563987,m,m
43479,SURPRISE,43479,0.948017,1,-96.045,-157.455,1269.2,0.130234,0.609219,0.0568204,m,m
43480,SURPRISE,43480,0.947593,1,-95.9674,-157.455,1268.94,0.129873,0.608542,0.0573227,m,m
43481,SURPRISE,43481,0.94807,1,-95.8975,-157.49,1268.96,0.129147,0.607415,0.0577559,m,m
43482,SURPRISE,43482,0.948297,1,-95.8699,-157.538,1269.15,0.128458,0.606752,0.0581033,m,m
43483,SURPRISE,43483,0.949045,1,-95.8612,-157.584,1269.37,0.127741,0.606353,0.0584144,m,m
43484,SURPRISE,43484,0.949237,1,-95.8535,-157.561,1269.28,0.127642,0.606473,0.0585722,m,m
43485,SURPRISE,43485,0.949421,1,-95.846,-157.5,1268.91,0.127771,0.606675,0.0587698,m,m
43486,SURPRISE,43486,0.948409,1,-95.8511,-157.438,1268.55,0.127592,0.607104,0.0590139,m,m
43487,SURPRISE,43487,0.947573,1,-95.8647,-157.387,1268.27,0.12713,0.607816,0.0593415,m,m
43488,SURPRISE,43488,0.947734,1,-95.9127,-157.476,1269.06,0.128162,0.608535,0.0586168,m,m
43489,SURPRISE,43489,0.945007,1,-95.8316,-157.207,1268.1,0.130208,0.608228,0.0568434,m,m
43490,SURPRISE,43490,0.944868,1,-95.839,-157.232,1268.39,0.13057,0.607836,0.0562815,m,m
43491,SURPRISE,43491,0.945082,1,-95.851,-157.261,1268.67,0.131096,0.607688,0.0558993,m,m
43492,SURPRISE,43492,0.946296,1,-95.8117,-157.292,1269,0.132055,0.607416,0.05507,m,m
43493,SURPRISE,43493,0.947674,1,-95.6257,-157.328,1269.33,0.135399,0.606972,0.0517366,m,m
43494,SURPRISE,43494,0.947076,1,-95.5652,-157.236,1268.71,0.134989,0.607009,0.0520048,m,m
43495,SURPRISE,43495,0.946723,1,-95.5244,-157.143,1268.11,0.134189,0.606864,0.0524132,m,m
43496,SURPRISE,43496,0.946254,1,-95.4854,-157.046,1267.44,0.133561,0.607093,0.053092,m,m
43497,SURPRISE,43497,0.94599,1,-95.4479,-156.958,1266.85,0.13294,0.607597,0.0539892,m,m
43498,SURPRISE,43498,0.946105,1,-95.4793,-156.878,1266.53,0.132852,0.608363,0.0539842,m,m
43499,SURPRISE,43499,0.945782,1,-95.6417,-156.766,1265.86,0.133072,0.611056,0.0527637,m,m
43500,SURPRISE,43500,0.947912,1,-95.703,-156.718,1265.99,0.133156,0.610837,0.0527755,m,m
43501,SURPRISE,43501,0.949824,1,-95.7751,-156.669,1266.21,0.13324,0.61031,0.0529212,m,m
43502,SURPRISE,43502,0.948809,1,-95.86,-156.672,1266.81,0.133248,0.609659,0.052788,m,m
43503,SURPRISE,43503,0.949658,1,-95.9856,-156.719,1268.04,0.131612,0.608847,0.0522465,m,m
43504,SURPRISE,43504,0.949379,1,-96.0005,-156.696,1268.01,0.131777,0.609127,0.0522356,m,m
43505,SURPRISE,43505,0.94941,1,-96.0096,-156.683,1267.98,0.131694,0.609408,0.0523826,m,m
43506,SURPRISE,43506,0.951335,1,-95.9906,-156.771,1268.52,0.130853,0.609105,0.0534379,m,m
43507,SURPRISE,43507,0.951623,1,-95.8849,-156.924,1269.77,0.128463,0.607352,0.0565837,m,m
43508,SURPRISE,43508,0.951641,1,-95.987,-157.332,1272.23,0.122866,0.605814,0.0622271,m,m
43509,SURPRISE,43509,0.942797,1,-96.0499,-157.439,1272.71,0.116082,0.604827,0.0683005,m,m
43510,SURPRISE,43510,0.916318,1,-97.1713,-159.219,1291.07,0.0826686,0.605859,0.088285,m,m
43511,SURPRISE,43511,0.880385,1,-98.213,-160.759,1307.22,0.0597495,0.617054,0.107599,m,m
43512,SURPRISE,43512,0.845292,1,-98.5297,-161.106,1310.6,0.050105,0.618781,0.119461,m,m
43513,SURPRISE,43513,0.754018,1,-96.8444,-156.709,1279.4,0.0921893,0.6114,0.10637,m,m
43514,SURPRISE,43514,0.736326,1,-95.6069,-154.869,1262.54,0.118441,0.611237,0.095233,m,m
43515,SURPRISE,43515,0.729472,1,-94.8671,-154.497,1255.69,0.132853,0.609321,0.0876212,m,m
43516,SURPRISE,43516,0.734175,1,-94.2713,-154.504,1252.29,0.138016,0.608609,0.0855411,m,m
43517,SURPRISE,43517,0.741094,1,-93.9203,-154.996,1252.02,0.138825,0.606082,0.0854625,m,m
43518,SURPRISE,43518,0.765446,1,-93.6302,-154.95,1249.91,0.137919,0.608736,0.0846302,m,m
43519,SURPRISE,43519,0.801201,1,-93.6607,-155.571,1252.67,0.129765,0.608124,0.0887631,m,m
43520,SURPRISE,43520,0.818497,1,-93.6858,-156.064,1254.13,0.124133,0.608769,0.0897277,m,m
43521,SURPRISE,43521,0.827673,1,-93.6455,-156.306,1254.73,0.12181,0.6077,0.0904544,m,m
43522,SURPRISE,43522,0.852164,1,-93.8149,-157.19,1258.91,0.115243,0.604168,0.0915963,m,m
43523,SURPRISE,43523,0.864367,1,-93.951,-157.711,1261.5,0.107261,0.604262,0.0929041,m,m
2363,SURPRISE,2363,0.969538,1,-75.0033,-142.843,1416.98,0.137226,-0.513021,0.00473755,w,w
2364,SURPRISE,2364,0.969345,1,-75.0495,-142.898,1417.49,0.137094,-0.512709,0.00449458,w,w
2365,SURPRISE,2365,0.969582,1,-75.0905,-142.931,1417.78,0.136844,-0.512507,0.00425941,w,w
2366,SURPRISE,2366,0.971215,1,-75.213,-142.997,1418.28,0.136351,-0.511733,0.00394305,w,w
2367,SURPRISE,2367,0.971581,1,-75.503,-142.988,1418.09,0.136086,-0.511462,0.00355595,w,w
2368,SURPRISE,2368,0.971343,1,-75.4689,-142.955,1417.39,0.135702,-0.511338,0.00335994,w,w
2369,SURPRISE,2369,0.97138,1,-75.3937,-142.914,1416.51,0.135131,-0.511448,0.00311094,w,w
2370,SURPRISE,2370,0.970993,1,-75.3988,-143.225,1416.59,0.133542,-0.511396,0.00217459,w,w
2371,SURPRISE,2371,0.971587,1,-75.4532,-143.62,1417.32,0.132347,-0.510685,0.00165377,w,w
2372,SURPRISE,2372,0.968657,1,-75.6268,-144.527,1419.63,0.122549,-0.505783,-0.00367801,w,w
2373,SURPRISE,2373,0.967642,1,-75.5268,-146.279,1418.96,0.10054,-0.504313,-0.0107693,w,w
2374,SURPRISE,2374,0.968223,1,-75.4954,-148.309,1410.28,0.0728885,-0.502893,-0.0207337,w,w
2375,SURPRISE,2375,0.96249,1,-75.8944,-149.981,1403.03,0.0524173,-0.493002,-0.032219,w,w
2376,SURPRISE,2376,0.95908,1,-76.4838,-151.143,1395.24,0.0332973,-0.477421,-0.0432606,w,w
2377,SURPRISE,2377,0.952052,1,-77.4886,-152.318,1393.1,0.0201664,-0.472165,-0.0503007,w,w
2378,SURPRISE,2378,0.959022,1,-78.8055,-152.753,1395.13,0.0204544,-0.459212,-0.0532478,w,w
2379,SURPRISE,2379,0.958909,1,-80.3143,-152.05,1395.89,0.0278773,-0.453534,-0.0518341,w,w
2380,SURPRISE,2380,0.967892,1,-81.4773,-149.826,1391.09,0.0423108,-0.46153,-0.0410601,w,w
2381,SURPRISE,2381,0.969598,1,-81.6387,-147.327,1376.44,0.0496826,-0.475936,-0.0327695,w,w
2382,SURPRISE,2382,0.971425,1,-80.8622,-146.186,1355.41,0.0365482,-0.486684,-0.0370164,w,w
2383,SURPRISE,2383,0.961684,1,-80.2787,-146.426,1338.27,0.026798,-0.488859,-0.0447567,w,w
2384,SURPRISE,2384,0.951248,1,-80.0103,-147.71,1329.04,0.00380555,-0.48775,-0.0571561,w,w
2385,SURPRISE,2385,0.940637,1,-80.0768,-149.199,1326.65,-0.0153135,-0.485369,-0.0677729,w,w
2386,SURPRISE,2386,0.945488,1,-80.7168,-150.4,1330.81,-0.0171457,-0.479825,-0.0734778,w,w
2387,SURPRISE,2387,0.95832,1,-81.9429,-149.835,1338.6,-0.00152238,-0.474597,-0.0703377,w,w
2388,SURPRISE,2388,0.972783,1,-83.9994,-148.208,1349.61,0.0248347,-0.463597,-0.0573058,w,w
2389,SURPRISE,2389,0.978436,1,-86.1007,-145.889,1359.41,0.0555385,-0.45668,-0.0416513,w,w
2390,SURPRISE,2390,0.978196,1,-87.3998,-143.244,1359.78,0.0762553,-0.454662,-0.0284441,w,w
2391,SURPRISE,2391,0.978329,1,-88.0673,-142.481,1358.06,0.0772436,-0.452705,-0.0223192,w,w
2392,SURPRISE,2392,0.973813,1,-88.1692,-143.999,1357.23,0.0545036,-0.447734,-0.0294235,w,w
2393,SURPRISE,2393,0.972656,1,-88.0226,-146.565,1353.23,0.0252665,-0.443107,-0.0416793,w,w
2394,SURPRISE,2394,0.968969,1,-87.8778,-149.544,1350.3,-0.00188148,-0.434429,-0.0548427,w,w
2395,SURPRISE,2395,0.966437,1,-87.7564,-151.428,1349.34,-0.022146,-0.432111,-0.0671258,w,w
2396,SURPRISE,2396,0.969577,1,-88.0557,-151.811,1354.31,-0.0108469,-0.429394,-0.0679298,w,w
2397,SURPRISE,2397,0.976435,1,-88.6106,-149.994,1358.95,0.0172185,-0.429918,-0.0580929,w,w
2398,SURPRISE,2398,0.978208,1,-88.636,-146.681,1361.24,0.0538261,-0.43875,-0.0423301,w,w
2399,SURPRISE,2399,0.975287,1,-88.0907,-143.193,1359.59,0.0832649,-0.445265,-0.0276838,w,w
2400,SURPRISE,2400,0.971218,1,-87.4142,-141.697,1361.89,0.0896282,-0.451058,-0.0223164,w,w
2401,SURPRISE,2401,0.971275,1,-86.4337,-141.671,1358.37,0.08437,-0.45773,-0.0250535,w,w
2402,SURPRISE,2402,0.97157,1,-85.7765,-143.509,1356.17,0.0618391,-0.457733,-0.0325206,w,w
2403,SURPRISE,2403,0.973233,1,-85.2733,-146.32,1352.16,0.0316005,-0.451599,-0.0477325,w,w
2404,SURPRISE,2404,0.966291,1,-84.3793,-148.822,1345.64,0.00247316,-0.451271,-0.0645345,w,w
2405,SURPRISE,2405,0.959702,1,-83.7585,-150.522,1343.41,-0.0186508,-0.452361,-0.0776256,w,w
2406,SURPRISE,2406,0.960124,1,-83.7272,-150.644,1343.22,-0.0108961,-0.456988,-0.0834038,w,w
2407,SURPRISE,2407,0.967949,1,-84.2377,-148.644,1346.14,0.020321,-0.462316,-0.0764156,w,w
2408,SURPRISE,2408,0.974156,1,-85.3235,-144.828,1347.59,0.0603747,-0.475184,-0.0639955,w,w
2409,SURPRISE,2409,0.975229,1,-86.0937,-140.78,1348.68,0.0959053,-0.481606,-0.0495455,w,w
2410,SURPRISE,2410,0.973026,1,-85.8837,-138.179,1343.22,0.102434,-0.495558,-0.0468223,w,w
2411,SURPRISE,2411,0.971107,1,-85.2353,-137.74,1335.7,0.087332,-0.50378,-0.0542095,w,w
2412,SURPRISE,2412,0.965643,1,-84.6683,-139.315,1329.62,0.0594498,-0.506424,-0.0695267,w,w
2413,SURPRISE,2413,0.960216,1,-84.8741,-141.562,1329.48,0.0307968,-0.504863,-0.0843381,w,w
2414,SURPRISE,2414,0.964231,1,-85.823,-143.096,1331.8,0.022279,-0.500738,-0.0946022,w,w
2415,SURPRISE,2415,0.969783,1,-86.7115,-143.49,1335.71,0.0293888,-0.499616,-0.0974557,w,w
2416,SURPRISE,2416,0.971548,1,-87.7917,-142.734,1340.32,0.0470481,-0.499003,-0.091433,w,w
2417,SURPRISE,2417,0.97112,1,-89.03,-140.879,1346.72,0.0722645,-0.500784,-0.0781728,w,w
2418,SURPRISE,2418,0.971463,1,-90.7007,-139.148,1360.7,0.101753,-0.499596,-0.0655241,w,w
2419,SURPRISE,2419,0.96062,1,-92.632,-137.601,1382.18,0.138452,-0.49355,-0.0544441,w,w
2420,SURPRISE,2420,0.956056,1,-93.0067,-135.134,1390.19,0.180711,-0.498604,-0.0392899,w,w
2421,SURPRISE,2421,0.958317,1,-91.4199,-132.53,1377.23,0.183283,-0.50821,-0.030676,w,w
10200,SURPRISE,10200,0.974808,1,104.973,-195.306,1351.55,0.219972,0.543228,0.0734717,w,w
10201,SURPRISE,10201,0.969511,1,105.428,-195.095,1351.82,0.226163,0.541674,0.0702559,w,w
10202,SURPRISE,10202,0.970213,1,105.73,-195.11,1352.05,0.227904,0.540713,0.068849,w,w
10203,SURPRISE,10203,0.970196,1,105.981,-195.253,1353.24,0.230315,0.539305,0.0672382,w,w
10204,SURPRISE,10204,0.972963,1,106.13,-195.299,1353.82,0.229678,0.541587,0.0680187,w,w
10205,SURPRISE,10205,0.972985,1,106.076,-195.096,1352.73,0.229587,0.542225,0.0683298,w,w
10206,SURPRISE,10206,0.972988,1,106.05,-194.879,1351.88,0.230786,0.542228,0.0680071,w,w
10207,SURPRISE,10207,0.971134,1,106.129,-194.402,1350.39,0.233933,0.540037,0.0666657,w,w
10208,SURPRISE,10208,0.970045,1,106.131,-194.29,1350.02,0.235125,0.540858,0.0665367,w,w
10209,SURPRISE,10209,0.967955,1,106.15,-194.197,1349.86,0.237076,0.542124,0.0661456,w,w
10210,SURPRISE,10210,0.968175,1,106.122,-194.085,1349.5,0.237711,0.543139,0.0658342,w,w
10211,SURPRISE,10211,0.967622,1,106.077,-193.975,1349.04,0.237848,0.544097,0.0658342,w,w
10212,SURPRISE,10212,0.971205,1,105.942,-193.667,1347.78,0.240122,0.545496,0.0651001,w,w
10213,SURPRISE,10213,0.969673,1,105.733,-193.433,1347.58,0.24064,0.548205,0.0627113,w,w
10214,SURPRISE,10214,0.971944,1,105.677,-193.415,1347.68,0.239235,0.549225,0.0632197,w,w
10215,SURPRISE,10215,0.971802,1,105.358,-193.312,1347.28,0.235082,0.551939,0.0640182,w,w
10216,SURPRISE,10216,0.970586,1,105.092,-193.142,1346.28,0.235506,0.554166,0.0621168,w,w
10217,SURPRISE,10217,0.971658,1,104.892,-192.942,1345.15,0.236056,0.552098,0.0613991,w,w
10218,SURPRISE,10218,0.972364,1,104.558,-192.925,1345.08,0.236388,0.551791,0.0603101,w,w
10219,SURPRISE,10219,0.975797,1,104.271,-192.978,1345.31,0.236147,0.551277,0.0596732,w,w
10220,SURPRISE,10220,0.975302,1,104.031,-193.069,1346.24,0.233033,0.549453,0.0589001,w,w
10221,SURPRISE,10221,0.97751,1,103.743,-193.16,1346.74,0.233426,0.548866,0.0581322,w,w
10222,SURPRISE,10222,0.977651,1,103.386,-193.131,1346.41,0.233366,0.548985,0.0576486,w,w
10223,SURPRISE,10223,0.978742,1,103.009,-193.076,1345.99,0.23303,0.549512,0.0570815,w,w
10224,SURPRISE,10224,0.977494,1,102.498,-192.73,1344.5,0.232004,0.552452,0.052956,w,w
10225,SURPRISE,10225,0.977105,1,102.182,-192.693,1344.61,0.23065,0.555265,0.049368,w,w
10226,SURPRISE,10226,0.977809,1,102.116,-192.603,1344.53,0.23177,0.555955,0.0481602,w,w
10227,SURPRISE,10227,0.977253,1,101.892,-192.309,1343.92,0.233727,0.557941,0.0444759,w,w
10228,SURPRISE,10228,0.977859,1,101.912,-192.295,1344.48,0.229994,0.557923,0.0436988,w,w
10229,SURPRISE,10229,0.978196,1,101.919,-192.271,1344.97,0.226505,0.557746,0.0428919,w,w
10230,SURPRISE,10230,0.977226,1,101.911,-192,1344.81,0.227491,0.557687,0.0415516,w,w
10231,SURPRISE,10231,0.977379,1,101.968,-191.629,1343.61,0.231968,0.556761,0.0380492,w,w
10232,SURPRISE,10232,0.979028,1,102.176,-191.439,1342.95,0.232875,0.554039,0.0374056,w,w
10233,SURPRISE,10233,0.980377,1,102.503,-191.1,1342.53,0.234677,0.549307,0.0351101,w,w
10234,SURPRISE,10234,0.979073,1,102.519,-191.023,1342.14,0.233589,0.548781,0.0351564,w,w
10235,SURPRISE,10235,0.979009,1,102.521,-190.936,1341.68,0.232504,0.548285,0.0352932,w,w
10236,SURPRISE,10236,0.977546,1,102.53,-190.936,1341.72,0.231803,0.547846,0.0353631,w,w
10237,SURPRISE,10237,0.977635,1,102.536,-190.948,1341.87,0.231034,0.547772,0.0354965,w,w
10238,SURPRISE,10238,0.97807,1,102.517,-190.954,1341.81,0.229798,0.547847,0.035611,w,w
10239,SURPRISE,10239,0.978401,1,102.446,-190.937,1341.41,0.228525,0.548153,0.0356784,w,w
10240,SURPRISE,10240,0.979026,1,102.394,-190.942,1341.16,0.228244,0.548057,0.0356546,w,w
10241,SURPRISE,10241,0.979967,1,102.375,-190.981,1341.22,0.227678,0.547961,0.0357869,w,w
10242,SURPRISE,10242,0.979967,1,102.382,-191.035,1341.53,0.227276,0.547811,0.0358884,w,w
10243,SURPRISE,10243,0.980338,1,102.401,-191.101,1341.94,0.22707,0.547683,0.0360063,w,w
10244,SURPRISE,10244,0.980004,1,102.391,-191.125,1342.25,0.227946,0.547564,0.0354707,w,w
10245,SURPRISE,10245,0.979949,1,102.383,-191.142,1342.63,0.228892,0.547537,0.0347595,w,w
10246,SURPRISE,10246,0.980921,1,102.383,-191.14,1342.78,0.228788,0.547625,0.0344979,w,w
10247,SURPRISE,10247,0.982041,1,102.36,-191.09,1342.52,0.228375,0.547387,0.0344684,w,w
10248,SURPRISE,10248,0.980813,1,102.297,-191.008,1342.05,0.228248,0.54766,0.0342974,w,w
10249,SURPRISE,10249,0.981353,1,102.245,-190.917,1341.58,0.228008,0.548181,0.0343015,w,w
10250,SURPRISE,10250,0.981494,1,102.168,-190.539,1340.94,0.228875,0.548566,0.0336816,w,w
10251,SURPRISE,10251,0.981412,1,102.016,-189.933,1338.85,0.229846,0.549745,0.0327291,w,w
10252,SURPRISE,10252,0.981275,1,102.112,-189.576,1338.19,0.23623,0.549866,0.0292482,w,w
10253,SURPRISE,10253,0.980197,1,102.25,-189.366,1338.39,0.243013,0.549778,0.0255509,w,w
10254,SURPRISE,10254,0.981152,1,102.26,-189.406,1338.61,0.243145,0.549889,0.0251819,w,w
10255,SURPRISE,10255,0.981573,1,102.261,-189.468,1338.81,0.242946,0.550049,0.024957,w,w
4796,SURPRISE,4796,0.937752,1,-2.93283,-166.524,1228.2,0.213324,0.669752,-0.12181,w,m
4797,SURPRISE,4797,0.926051,1,-4.8837,-169.28,1243.06,0.216041,0.660073,-0.131275,w,m
4798,SURPRISE,4798,0.938423,1,-6.42471,-172.015,1259.08,0.215811,0.654039,-0.13301,w,m
4799,SURPRISE,4799,0.936018,1,-7.40523,-174.254,1270.1,0.212647,0.648375,-0.130431,w,m
4800,SURPRISE,4800,0.936227,1,-8.24712,-176.485,1277.72,0.208723,0.647771,-0.124969,w,m
4801,SURPRISE,4801,0.926616,1,-8.63446,-179.251,1288.48,0.197721,0.647954,-0.113321,w,m
4802,SURPRISE,4802,0.935004,1,-8.52786,-184.537,1310.24,0.135855,0.675796,-0.090527,w,m
4803,SURPRISE,4803,0.920406,1,-6.29319,-190.754,1328.01,0.0475961,0.674842,-0.0516797,w,m
4804,SURPRISE,4804,0.914426,1,-1.63919,-197.314,1346.38,-0.012501,0.66128,-0.0125725,w,m
4805,SURPRISE,4805,0.889374,1,3.93305,-202.23,1365.16,-0.0183445,0.596765,0.0105377,w,m
4806,SURPRISE,4806,0.965471,1,8.29301,-207.619,1391.45,0.000776747,0.486572,0.00662839,w,m
4807,SURPRISE,4807,0.968548,1,13.1021,-207.413,1382.73,0.0485493,0.379202,0.0100502,w,m
4808,SURPRISE,4808,0.969272,1,15.3158,-204.5,1360.98,0.116574,0.316285,-0.00350176,w,m
4809,SURPRISE,4809,0.974145,1,15.0166,-202.439,1345.4,0.170524,0.30262,-0.0154194,w,m
4810,SURPRISE,4810,0.970874,1,12.914,-200.672,1333.9,0.210688,0.335845,-0.0340215,w,m
4811,SURPRISE,4811,0.966748,1,9.19413,-197.797,1310.49,0.207444,0.385351,-0.0518295,w,m
4812,SURPRISE,4812,0.960047,1,4.00138,-192.498,1265.55,0.198665,0.454707,-0.0682543,w,m
4813,SURPRISE,4813,0.913719,1,-1.21659,-188.897,1225.02,0.186118,0.522207,-0.074119,w,m
4814,SURPRISE,4814,0.743882,1,-6.19642,-190.66,1219.22,0.157907,0.581268,-0.0617946,w,m
4815,SURPRISE,4815,0.799462,1,-10.6638,-195.534,1242.29,0.125425,0.647234,-0.0347995,w,m
4816,SURPRISE,4816,0.811384,1,-12.3628,-196.57,1255.16,0.12467,0.666811,-0.0145447,w,m
4817,SURPRISE,4817,0.815361,1,-13.2069,-196.816,1267.73,0.104828,0.664081,0.0197609,w,m
4818,SURPRISE,4818,0.821608,1,-12.9154,-195.363,1268.63,0.0997896,0.653686,0.0271622,w,m
4819,SURPRISE,4819,0.816612,1,-12.8049,-195.912,1288.96,0.0986396,0.646708,0.0398872,w,m
4820,SURPRISE,4820,0.826133,1,-12.1338,-193.439,1294.72,0.111698,0.648635,0.0240202,w,m
4821,SURPRISE,4821,0.80301,1,-13.0454,-192.658,1308.83,0.098555,0.653562,0.0353496,w,m
4822,SURPRISE,4822,0.783737,1,-12.4768,-190.505,1310.24,0.11652,0.648216,0.0120931,w,m
4823,SURPRISE,4823,0.793176,1,-12.4651,-187.827,1309.77,0.133885,0.648313,-0.00889931,w,m
4824,SURPRISE,4824,0.79524,1,-13.2368,-184.401,1304.27,0.14772,0.647336,-0.0219012,w,m
