time_stamp,word,frame,confidence,success,Tx,Ty,Tz,Rx,Ry,Rz,speaker_gender,listener_gender
4288,NAME,4288,0.931586,1,-43.062,-255.098,1351.24,-0.0854035,-0.385289,-0.181663,w,w
4289,NAME,4289,0.934863,1,-43.6692,-253.073,1354.1,-0.0577959,-0.379017,-0.186062,w,w
4290,NAME,4290,0.912924,1,-44.6432,-252.889,1369.15,-0.0384683,-0.378949,-0.183436,w,w
4291,NAME,4291,0.930338,1,-45.5036,-251.715,1371.15,-0.0251873,-0.372292,-0.184495,w,w
4292,NAME,4292,0.920407,1,-45.4662,-251.11,1360.01,-0.0515044,-0.379374,-0.200698,w,w
4293,NAME,4293,0.912242,1,-45.6225,-252.321,1351.36,-0.0796059,-0.364941,-0.210068,w,w
4294,NAME,4294,0.89962,1,-45.5725,-251.95,1347.62,-0.0657786,-0.369054,-0.211143,w,w
4295,NAME,4295,0.903617,1,-44.4898,-249.047,1340.66,-0.0447121,-0.376549,-0.22036,w,w
4296,NAME,4296,0.883076,1,-44.2401,-248.603,1352.61,-0.0171637,-0.370392,-0.218622,w,w
4297,NAME,4297,0.835443,1,-43.9891,-245.943,1348.82,-0.00486991,-0.365598,-0.221158,w,w
4298,NAME,4298,0.848264,1,-44.2919,-246.113,1354.59,-0.00564293,-0.36489,-0.225902,w,w
4299,NAME,4299,0.879212,1,-44.7694,-245.989,1352,-0.0115594,-0.361497,-0.229682,w,w
4300,NAME,4300,0.926991,1,-44.8462,-246.57,1341.34,-0.0536248,-0.368171,-0.257174,w,w
4301,NAME,4301,0.882047,1,-45.6591,-247.721,1337.35,-0.0649217,-0.357378,-0.265227,w,w
4302,NAME,4302,0.931229,1,-47.5494,-249.044,1340.79,-0.0563993,-0.336783,-0.260643,w,w
4303,NAME,4303,0.926897,1,-47.9737,-248.644,1340.52,-0.0422631,-0.337497,-0.259913,w,w
4304,NAME,4304,0.936039,1,-48.2632,-247.789,1343.08,-0.0348901,-0.339929,-0.260146,w,w
6431,NAME,6431,0.955786,1,19.9369,-290.161,1302.06,0.182546,-0.465143,-0.0902433,m,m
6432,NAME,6432,0.954066,1,19.9682,-290.022,1301.49,0.18205,-0.465262,-0.0905573,m,m
6433,NAME,6433,0.952673,1,20.0051,-289.896,1300.93,0.181706,-0.465558,-0.0906896,m,m
6434,NAME,6434,0.949489,1,20.0046,-289.93,1301.05,0.181382,-0.465366,-0.0906194,m,m
6435,NAME,6435,0.948748,1,19.9992,-289.942,1301.06,0.181356,-0.465263,-0.090522,m,m
6436,NAME,6436,0.947168,1,19.9536,-289.992,1301.23,0.181548,-0.46551,-0.0906698,m,m
6437,NAME,6437,0.946796,1,19.8896,-290.04,1301.38,0.181967,-0.466021,-0.0911115,m,m
6438,NAME,6438,0.950879,1,19.6065,-289.801,1300.65,0.183459,-0.464544,-0.0912325,m,m
6439,NAME,6439,0.952486,1,19.4653,-289.643,1300.4,0.186786,-0.463085,-0.0904877,m,m
6440,NAME,6440,0.950893,1,19.3369,-288.813,1297.7,0.188473,-0.464357,-0.0911988,m,m
6441,NAME,6441,0.95386,1,19.3046,-288.742,1297.62,0.18976,-0.465192,-0.091005,m,m
6442,NAME,6442,0.954158,1,19.2835,-288.69,1297.5,0.190168,-0.466011,-0.0909586,m,m
6443,NAME,6443,0.954927,1,19.2756,-288.629,1297.3,0.190198,-0.466771,-0.091042,m,m
6444,NAME,6444,0.953442,1,19.2706,-288.616,1297.2,0.189263,-0.467246,-0.0910497,m,m
6445,NAME,6445,0.95276,1,19.2682,-288.633,1297.17,0.187726,-0.467496,-0.0910746,m,m
6446,NAME,6446,0.952496,1,19.2679,-288.703,1297.44,0.186773,-0.467795,-0.0909965,m,m
6447,NAME,6447,0.951511,1,19.2597,-288.797,1297.84,0.186058,-0.467997,-0.0909269,m,m
6448,NAME,6448,0.950251,1,19.2949,-288.758,1297.73,0.185883,-0.468215,-0.0904667,m,m
6449,NAME,6449,0.948299,1,19.361,-288.674,1297.43,0.185791,-0.468356,-0.0899396,m,m
6450,NAME,6450,0.94904,1,19.658,-288.576,1296.92,0.186255,-0.46822,-0.0892083,m,m
6451,NAME,6451,0.949682,1,19.9107,-288.362,1295.91,0.186884,-0.468989,-0.088124,m,m
6452,NAME,6452,0.951397,1,19.9578,-288.352,1296.08,0.187067,-0.468395,-0.0877776,m,m
6453,NAME,6453,0.952199,1,20.0166,-288.402,1296.57,0.186812,-0.467681,-0.0874753,m,m
6454,NAME,6454,0.950137,1,20.3368,-288.521,1297.45,0.184989,-0.466729,-0.0867937,m,m
6455,NAME,6455,0.948482,1,20.5451,-288.549,1297.88,0.186734,-0.467546,-0.0847663,m,m
6456,NAME,6456,0.950558,1,20.6796,-288.857,1299.45,0.186701,-0.466905,-0.0854046,m,m
6457,NAME,6457,0.95052,1,20.7651,-288.883,1299.77,0.186161,-0.467368,-0.0858176,m,m
6458,NAME,6458,0.950209,1,21.0398,-288.779,1299.47,0.186308,-0.470728,-0.0854303,m,m
6459,NAME,6459,0.949848,1,21.0997,-288.572,1298.8,0.186814,-0.471589,-0.0850804,m,m
6460,NAME,6460,0.948785,1,21.1466,-288.47,1298.44,0.1865,-0.472503,-0.0849767,m,m
6461,NAME,6461,0.94916,1,21.1803,-288.437,1298.35,0.186135,-0.473174,-0.084944,m,m
6462,NAME,6462,0.949267,1,21.1936,-288.398,1298.1,0.185125,-0.473885,-0.085118,m,m
6463,NAME,6463,0.948742,1,21.2087,-288.373,1297.9,0.184296,-0.474823,-0.085286,m,m
6464,NAME,6464,0.95082,1,21.1996,-288.371,1297.81,0.183155,-0.475084,-0.0859224,m,m
6465,NAME,6465,0.950037,1,21.1827,-288.445,1298.11,0.18182,-0.47512,-0.0866843,m,m
6466,NAME,6466,0.952797,1,20.961,-287.751,1297.67,0.188636,-0.471925,-0.0865583,m,m
6467,NAME,6467,0.952932,1,20.7232,-287.131,1300.15,0.196006,-0.468568,-0.0841299,m,m
6468,NAME,6468,0.953218,1,20.3131,-285.187,1299.77,0.219164,-0.465102,-0.0752997,m,m
6469,NAME,6469,0.947514,1,20.2237,-283.27,1298.98,0.238385,-0.45995,-0.0636653,m,m
6470,NAME,6470,0.949398,1,20.3434,-281.412,1294.98,0.244259,-0.459565,-0.057567,m,m
6471,NAME,6471,0.949594,1,20.4287,-281.204,1296.24,0.247168,-0.462684,-0.0521291,m,m
6472,NAME,6472,0.949738,1,20.3985,-281.337,1296.18,0.241293,-0.46265,-0.0519873,m,m
6473,NAME,6473,0.949289,1,20.2902,-281.52,1295.94,0.239793,-0.464295,-0.0503709,m,m
6474,NAME,6474,0.945792,1,20.2463,-281.693,1295.33,0.237616,-0.464917,-0.05038,m,m
1522,NAME,1522,0.80492,1,23.403,-262.649,1317.28,0.119434,-0.415193,-0.0201516,m,w
1523,NAME,1523,0.792824,1,17.3865,-258.067,1308.32,0.0829117,-0.270763,0.0126902,m,w
1524,NAME,1524,0.902776,1,3.55257,-255.646,1315.67,-0.0301463,-0.164693,0.0995246,m,w
1525,NAME,1525,0.921576,1,-2.60579,-251.904,1309.01,-0.019923,-0.0752959,0.0978272,m,w
1526,NAME,1526,0.913714,1,-22.36,-262.462,1376.59,-0.102272,0.233982,0.0862737,m,w
1808,NAME,1808,0.894069,1,114.584,-281.785,1469.14,0.182747,-0.751309,0.193621,m,w
1809,NAME,1809,0.905419,1,114.868,-282.024,1468.97,0.187819,-0.775287,0.178262,m,w
1810,NAME,1810,0.879177,1,115.464,-283.245,1475.04,0.19126,-0.779348,0.167327,m,w
1811,NAME,1811,0.861848,1,113.826,-278.089,1456.93,0.208548,-0.796139,0.169373,m,w
1812,NAME,1812,0.759349,1,111.877,-272.664,1439.65,0.196854,-0.811642,0.15734,m,w
1813,NAME,1813,0.842671,1,112.476,-274.632,1453.38,0.171499,-0.818042,0.128187,m,w
1814,NAME,1814,0.813747,1,116.006,-285.19,1503.43,0.124755,-0.813486,0.0787564,m,w
1816,NAME,1816,0.788646,1,119.654,-300.596,1578.47,-0.0587744,-0.674081,-0.0953967,m,w
1821,NAME,1821,0.764093,1,91.5537,-303.467,1584.3,-0.0200472,-0.687662,-0.124697,m,w
1823,NAME,1823,0.832875,1,91.8651,-313.643,1627.78,0.0603892,-0.704323,-0.114731,m,w
1824,NAME,1824,0.842097,1,91.8651,-313.643,1627.78,0.0603892,-0.704323,-0.114731,m,w
1832,NAME,1832,0.836767,1,78.8383,-282.918,1446.48,0.0369229,-0.716781,-0.0622322,m,w
1833,NAME,1833,0.799856,1,79.679,-278.481,1426.95,0.0264116,-0.719178,-0.0651819,m,w
1834,NAME,1834,0.742706,1,78.9846,-272.252,1398.55,0.00508204,-0.721962,-0.0838885,m,w
1835,NAME,1835,0.75221,1,77.9469,-270.026,1387.8,-0.0208328,-0.718631,-0.110801,m,w
1836,NAME,1836,0.726329,1,76.6556,-269.864,1387.08,-0.039685,-0.712882,-0.131522,m,w
1837,NAME,1837,0.734279,1,77.1553,-268.49,1382.72,-0.0419764,-0.709208,-0.138626,m,w
1838,NAME,1838,0.730472,1,80.0378,-266.921,1376.04,-0.0202432,-0.71488,-0.127306,m,w
784,NAME,784,0.968414,1,-61.0938,-278.985,1454.62,-0.00549504,-0.454921,-0.0591575,w,m
785,NAME,785,0.964856,1,-64.7068,-278.829,1436.63,-0.0363717,-0.438984,-0.077353,w,m
786,NAME,786,0.940498,1,-66.9388,-278.741,1426.7,-0.0586196,-0.439609,-0.0868841,w,m
787,NAME,787,0.930662,1,-68.4731,-281.999,1438.34,-0.0751729,-0.423775,-0.0830628,w,m
788,NAME,788,0.91207,1,-68.8874,-286.455,1453.26,-0.0634149,-0.410701,-0.0694522,w,m
789,NAME,789,0.920822,1,-67.5585,-290.004,1454.84,-0.120089,-0.416814,-0.0751919,w,m
790,NAME,790,0.937233,1,-67.3613,-293.972,1463.61,-0.157844,-0.399368,-0.083989,w,m
791,NAME,791,0.938222,1,-66.7066,-297.371,1473.8,-0.166071,-0.388585,-0.0962343,w,m
792,NAME,792,0.927239,1,-67.3881,-300.3,1489.19,-0.113984,-0.388515,-0.0885944,w,m
793,NAME,793,0.956287,1,-67.8694,-297.285,1485.94,-0.0597212,-0.387108,-0.0736759,w,m
794,NAME,794,0.939544,1,-67.5837,-293.169,1473.94,-0.0341864,-0.387789,-0.0696002,w,m
795,NAME,795,0.941027,1,-69.178,-298.501,1498.17,-0.0587276,-0.375755,-0.0687857,w,m
796,NAME,796,0.952864,1,-69.6861,-304.701,1522.53,-0.0881464,-0.366189,-0.0745201,w,m
797,NAME,797,0.96324,1,-69.1891,-308.651,1538.04,-0.108261,-0.369424,-0.0869545,w,m
798,NAME,798,0.983461,1,-68.9961,-307.828,1538.47,-0.0984862,-0.373688,-0.0897706,w,m
799,NAME,799,0.965478,1,-68.5593,-302.246,1523.2,-0.0653007,-0.38456,-0.0761381,w,m
800,NAME,800,0.961495,1,-68.9352,-296.591,1509.8,-0.0189984,-0.394748,-0.0566942,w,m
801,NAME,801,0.973289,1,-68.9859,-293.005,1500.91,-0.0105912,-0.402295,-0.0563121,w,m
1974,NAME,1974,0.865634,1,-30.9677,-234.043,1327.89,0.248935,-0.497726,0.10354,w,m
1975,NAME,1975,0.87711,1,-31.5851,-234.551,1334.48,0.249176,-0.492546,0.0969698,w,m
1976,NAME,1976,0.884786,1,-32.3159,-234.698,1337.48,0.242495,-0.495107,0.0855918,w,m
1977,NAME,1977,0.882093,1,-32.7722,-234.565,1337.38,0.233875,-0.495406,0.0789478,w,m
1978,NAME,1978,0.894351,1,-33.0668,-234.651,1338.51,0.22506,-0.490011,0.0689099,w,m
1979,NAME,1979,0.890271,1,-33.0684,-234.677,1339.58,0.218057,-0.488826,0.0602333,w,m
1980,NAME,1980,0.892573,1,-33.3004,-234.716,1342,0.223219,-0.484099,0.0596014,w,m
1981,NAME,1981,0.886244,1,-33.3404,-234.696,1341.83,0.224128,-0.484273,0.0594953,w,m
1982,NAME,1982,0.891312,1,-33.5844,-233.979,1337.25,0.219733,-0.486281,0.0578926,w,m
1983,NAME,1983,0.88758,1,-33.962,-234.572,1338.89,0.218695,-0.487711,0.0570472,w,m
1984,NAME,1984,0.887586,1,-34.2867,-234.441,1337.34,0.21297,-0.487537,0.0529733,w,m
1985,NAME,1985,0.88446,1,-34.3755,-233.739,1336.04,0.216636,-0.485498,0.0523763,w,m
1986,NAME,1986,0.888548,1,-34.5978,-233.557,1337.12,0.214759,-0.485658,0.0476233,w,m
1987,NAME,1987,0.894131,1,-34.6352,-233.485,1336.6,0.214885,-0.484186,0.0453991,w,m
1988,NAME,1988,0.893668,1,-34.6337,-233.553,1336.82,0.214898,-0.48268,0.0451413,w,m
1989,NAME,1989,0.889687,1,-34.6423,-233.713,1337.6,0.211914,-0.482971,0.0430379,w,m
1990,NAME,1990,0.894666,1,-34.6471,-233.738,1337.84,0.211501,-0.482653,0.0423233,w,m
1991,NAME,1991,0.891194,1,-34.9164,-233.926,1340.45,0.21081,-0.477754,0.0402891,w,m
1992,NAME,1992,0.897954,1,-35.0731,-233.707,1339.19,0.209296,-0.476979,0.0384431,w,m
1993,NAME,1993,0.89662,1,-35.0786,-233.007,1334.48,0.208064,-0.478977,0.0371008,w,m
1994,NAME,1994,0.901427,1,-35.2256,-233.114,1333.76,0.202608,-0.48081,0.034456,w,m
1995,NAME,1995,0.906635,1,-35.3461,-233.384,1333.27,0.199402,-0.48379,0.0336212,w,m
1996,NAME,1996,0.90832,1,-35.3639,-233.326,1332.78,0.198584,-0.483559,0.0332816,w,m
1997,NAME,1997,0.908419,1,-35.4072,-232.737,1329.27,0.197665,-0.484184,0.031695,w,m
1998,NAME,1998,0.910957,1,-35.419,-232.687,1329.04,0.19572,-0.484347,0.0307926,w,m
3112,NAME,3112,0.985059,1,-100.134,-241.827,1442.8,0.018562,0.500706,0.161344,w,w
3113,NAME,3113,0.983344,1,-100.168,-241.518,1442.69,0.0220736,0.502035,0.16156,w,w
3114,NAME,3114,0.982921,1,-100.45,-241.517,1441.18,0.0171824,0.50348,0.164801,w,w
3115,NAME,3115,0.981404,1,-100.815,-241.735,1440.43,0.013867,0.504624,0.168197,w,w
3116,NAME,3116,0.981508,1,-100.923,-241.842,1440.78,0.0131932,0.504479,0.168023,w,w
3117,NAME,3117,0.980824,1,-101.013,-241.903,1440.96,0.0131265,0.50415,0.167915,w,w
3118,NAME,3118,0.981933,1,-101.101,-242.041,1441.6,0.0135352,0.504225,0.167598,w,w
3119,NAME,3119,0.982555,1,-101.185,-242.215,1442.49,0.0141367,0.505165,0.167042,w,w
3120,NAME,3120,0.981868,1,-101.095,-242.974,1443.84,0.00932901,0.509304,0.168371,w,w
3121,NAME,3121,0.980079,1,-100.835,-243.699,1444.29,0.00305559,0.507741,0.172597,w,w
3122,NAME,3122,0.984098,1,-100.546,-244.485,1446.03,0.000390741,0.509439,0.175935,w,w
3123,NAME,3123,0.985193,1,-100.032,-244.931,1446.16,-0.00188375,0.509669,0.178798,w,w
3124,NAME,3124,0.986627,1,-99.2893,-243.928,1438.17,-0.000938988,0.514818,0.179481,w,w
3125,NAME,3125,0.987567,1,-98.336,-242.472,1427.55,-0.00220135,0.52162,0.178288,w,w
3126,NAME,3126,0.987678,1,-96.9365,-239.851,1410.6,-0.00311763,0.532908,0.17742,w,w
3127,NAME,3127,0.979421,1,-94.6079,-236.202,1390.07,0.0102149,0.546527,0.162666,w,w
3128,NAME,3128,0.97946,1,-92.715,-233.803,1377.53,0.0141451,0.546365,0.151544,w,w
3129,NAME,3129,0.980105,1,-92.0648,-234.52,1380.62,0.0122636,0.534617,0.147475,w,w
3130,NAME,3130,0.983402,1,-93.1151,-239.569,1405.16,0.00389094,0.516651,0.152372,w,w
3131,NAME,3131,0.973776,1,-94.387,-245.038,1431.27,-0.0202138,0.497885,0.163311,w,w
3132,NAME,3132,0.964512,1,-95.3336,-249.168,1457.26,-0.0465638,0.482391,0.172785,w,w
3133,NAME,3133,0.961459,1,-94.5709,-249.074,1461.97,-0.0540208,0.483288,0.172894,w,w
3134,NAME,3134,0.960956,1,-93.7569,-248.416,1463.68,-0.0671235,0.473597,0.173892,w,w
3135,NAME,3135,0.961663,1,-93.7572,-248.595,1465.06,-0.0731524,0.471702,0.173482,w,w
3136,NAME,3136,0.967691,1,-94.3735,-251.203,1473.98,-0.0807069,0.467997,0.175305,w,w
3137,NAME,3137,0.968531,1,-94.3161,-252.344,1474.09,-0.0865406,0.467534,0.176997,w,w
3138,NAME,3138,0.973263,1,-94.1029,-252.257,1470.31,-0.0729578,0.468311,0.17308,w,w
3139,NAME,3139,0.97631,1,-93.4963,-250.821,1462.56,-0.0545745,0.46859,0.170584,w,w
3140,NAME,3140,0.980045,1,-93.1459,-249.369,1457.09,-0.0331203,0.467584,0.164918,w,w
3141,NAME,3141,0.980858,1,-93.0684,-248.867,1454.95,-0.0219609,0.469949,0.164664,w,w
3142,NAME,3142,0.983154,1,-93.4043,-248.913,1452.95,-0.020593,0.471384,0.163256,w,w
3143,NAME,3143,0.983151,1,-93.6743,-249.149,1452.1,-0.0201122,0.472584,0.162343,w,w
3144,NAME,3144,0.983529,1,-93.9978,-249.207,1452.13,-0.0199839,0.472391,0.161484,w,w
3145,NAME,3145,0.982814,1,-94.3979,-249.022,1451.77,-0.0186617,0.472037,0.15799,w,w
3146,NAME,3146,0.983142,1,-94.4824,-248.495,1449.39,-0.0148656,0.476353,0.156337,w,w
3147,NAME,3147,0.984158,1,-94.5304,-248.409,1449.2,-0.0133039,0.477483,0.155385,w,w
3148,NAME,3148,0.984592,1,-94.5894,-248.609,1449.43,-0.0162652,0.477521,0.15524,w,w
3149,NAME,3149,0.984797,1,-94.6254,-248.941,1449.77,-0.018784,0.477502,0.154637,w,w
3150,NAME,3150,0.984562,1,-94.7075,-248.947,1449.71,-0.0187155,0.477216,0.154219,w,w
3151,NAME,3151,0.984538,1,-94.7966,-248.945,1449.65,-0.0187068,0.477202,0.154115,w,w
3152,NAME,3152,0.984324,1,-95.1556,-248.797,1449.84,-0.0169719,0.478116,0.154258,w,w
3153,NAME,3153,0.984636,1,-95.4823,-248.732,1450.28,-0.0146387,0.480641,0.15424,w,w
3154,NAME,3154,0.984638,1,-95.5894,-248.935,1451.19,-0.0165097,0.480946,0.154879,w,w
3155,NAME,3155,0.98584,1,-95.5908,-249.35,1451.83,-0.0209037,0.482311,0.1559,w,w
3156,NAME,3156,0.985182,1,-95.5238,-250.048,1452.03,-0.0298105,0.481879,0.156442,w,w
3157,NAME,3157,0.984053,1,-95.5725,-250.688,1452.16,-0.0411826,0.486146,0.158489,w,w
3158,NAME,3158,0.984311,1,-95.6131,-251.499,1454.71,-0.0479175,0.48967,0.160634,w,w
3159,NAME,3159,0.983791,1,-95.6017,-251.606,1455.12,-0.0492285,0.490091,0.161221,w,w
3160,NAME,3160,0.982201,1,-95.2172,-251.532,1455.21,-0.0526483,0.491647,0.164356,w,w
3161,NAME,3161,0.983086,1,-95.0189,-251.315,1455.6,-0.0525355,0.495377,0.168343,w,w
18802,NAME,18802,0.941669,1,-88.5914,-206.384,1488.88,0.224444,-0.314519,-0.079299,w,w
18803,NAME,18803,0.916816,1,-90.3506,-202.699,1453.64,0.206727,-0.284043,-0.0740969,w,w
18804,NAME,18804,0.929744,1,-93.8803,-203.034,1440.08,0.144476,-0.227896,-0.0670953,w,w
18805,NAME,18805,0.968629,1,-98.2106,-208.276,1457.67,0.110226,-0.197752,-0.0539796,w,w
18806,NAME,18806,0.955991,1,-100.332,-209.349,1453.13,0.0891425,-0.165309,-0.0380747,w,w
18807,NAME,18807,0.968167,1,-103.728,-208.311,1447.1,0.0389721,-0.101828,-0.0102264,w,w
18808,NAME,18808,0.965775,1,-105.454,-207.727,1438.99,-0.00935223,-0.0699411,0.0182022,w,w
18809,NAME,18809,0.965978,1,-106.358,-208.347,1433.78,-0.0475474,-0.059532,0.0336728,w,w
18810,NAME,18810,0.953389,1,-106.556,-208.536,1429.6,-0.0306188,-0.082717,0.0455741,w,w
18811,NAME,18811,0.725026,1,-103.051,-205.961,1402.06,-0.0532172,-0.0957597,0.0450018,w,w
18812,NAME,18812,0.943763,1,-99.355,-210.701,1410.29,-0.106943,-0.140908,0.046032,w,w
18813,NAME,18813,0.963707,1,-96.0628,-217.488,1431.15,-0.112743,-0.193928,0.0553516,w,w
18814,NAME,18814,0.965662,1,-89.7971,-218.656,1428.3,-0.0652451,-0.256273,0.0407559,w,w
18815,NAME,18815,0.979881,1,-84.2938,-218.567,1420.61,-0.0400092,-0.311132,0.0268681,w,w
18816,NAME,18816,0.98019,1,-79.9214,-216.526,1408.34,-0.0133112,-0.356569,0.018067,w,w
18817,NAME,18817,0.942578,1,-77.9019,-216.193,1398.23,0.0320987,-0.419556,0.0287504,w,w
18818,NAME,18818,0.936075,1,-76.937,-216.191,1395.32,0.0551786,-0.427362,0.0404661,w,w
18819,NAME,18819,0.93642,1,-76.8151,-218.68,1407.2,0.0627338,-0.427539,0.0361891,w,w
18820,NAME,18820,0.973636,1,-77.8679,-223.759,1433.96,0.0534857,-0.425025,0.0293851,w,w
18821,NAME,18821,0.971994,1,-78.0712,-226.26,1451.79,0.0472496,-0.425826,0.0280641,w,w
18822,NAME,18822,0.969597,1,-78.5561,-224.193,1458.58,0.105563,-0.463899,0.0541825,w,w
18823,NAME,18823,0.892186,1,-80.8069,-230.15,1509.05,0.141056,-0.484452,0.0595713,w,w
18824,NAME,18824,0.759261,1,-78.8601,-201.739,1384.49,0.120621,-0.403677,0.0494856,w,w
18825,NAME,18825,0.974404,1,-87.9724,-209.266,1439.47,0.0680218,-0.37862,0.0418138,w,w
18826,NAME,18826,0.982242,1,-92.9364,-206.965,1443.66,0.0921503,-0.405458,0.0534436,w,w
18827,NAME,18827,0.986476,1,-90.284,-203.993,1423.72,0.0764655,-0.438933,0.0546422,w,w
18828,NAME,18828,0.987258,1,-84.0892,-204.392,1409.96,0.0601342,-0.464345,0.0499336,w,w
18829,NAME,18829,0.985029,1,-79.4611,-204.885,1410.45,0.0890343,-0.49688,0.0569438,w,w
18830,NAME,18830,0.985104,1,-77.8789,-203.277,1413.93,0.0984846,-0.482686,0.0610546,w,w
18831,NAME,18831,0.984836,1,-78.3694,-202.258,1415.01,0.10495,-0.481697,0.0628169,w,w
18832,NAME,18832,0.985752,1,-76.9684,-203.625,1407.44,0.0730726,-0.48847,0.0434924,w,w
18833,NAME,18833,0.984175,1,-72.8992,-206.578,1396.98,0.0270694,-0.493255,0.0217283,w,w
18834,NAME,18834,0.986882,1,-68.0226,-209.101,1388.82,0.0056516,-0.489666,0.00805418,w,w
18835,NAME,18835,0.978456,1,-64.924,-210.752,1397.49,0.0217188,-0.490157,0.0117123,w,w
18836,NAME,18836,0.976539,1,-64.494,-208.634,1409.68,0.0811407,-0.484433,0.0440724,w,w
18837,NAME,18837,0.981347,1,-64.9936,-203.782,1407.32,0.139223,-0.468202,0.0968332,w,w
18838,NAME,18838,0.986704,1,-64.8307,-202.843,1410.61,0.15782,-0.450397,0.125752,w,w
18839,NAME,18839,0.983024,1,-64.9104,-204.718,1424.16,0.154266,-0.442656,0.133355,w,w
18840,NAME,18840,0.977295,1,-64.8314,-207.095,1426.41,0.128361,-0.448074,0.120592,w,w
18841,NAME,18841,0.971693,1,-65.4646,-211.93,1432.34,0.0991923,-0.455739,0.105679,w,w
18842,NAME,18842,0.976119,1,-67.0878,-215.143,1432.1,0.113236,-0.493161,0.111359,w,w
18843,NAME,18843,0.950045,1,-69.4256,-216.883,1426.52,0.159851,-0.553601,0.134976,w,w
18844,NAME,18844,0.955674,1,-70.0149,-220.927,1437.39,0.137745,-0.59612,0.141499,w,w
18845,NAME,18845,0.941803,1,-70.6064,-226.258,1448.24,0.131797,-0.61366,0.119366,w,w
18846,NAME,18846,0.948428,1,-65.2491,-223.586,1420.49,0.125149,-0.602433,0.0854014,w,w
18847,NAME,18847,0.946982,1,-58.1583,-217.443,1375.87,0.0902914,-0.603327,0.0475729,w,w
18848,NAME,18848,0.933099,1,-52.1934,-217.648,1369.79,0.0731884,-0.576269,0.0229136,w,w
18849,NAME,18849,0.926419,1,-45.9268,-218.494,1374.29,0.0643407,-0.556522,0.00469889,w,w
18850,NAME,18850,0.9144,1,-39.0812,-211.845,1351.6,0.101339,-0.556979,-0.00260878,w,w
8377,NAME,8377,0.932159,1,22.9573,-176.054,1280.21,0.112789,-0.679252,-0.114182,w,m
8378,NAME,8378,0.93046,1,22.9971,-176.054,1280.27,0.112407,-0.679326,-0.115133,w,m
8379,NAME,8379,0.928442,1,23.0186,-176.005,1280.13,0.111294,-0.678975,-0.116496,w,m
8380,NAME,8380,0.926207,1,23.0132,-176.131,1281.07,0.110237,-0.678271,-0.118012,w,m
8381,NAME,8381,0.927105,1,23.0226,-176.377,1283.29,0.107529,-0.6766,-0.122591,w,m
8382,NAME,8382,0.926065,1,23.0084,-176.41,1283.91,0.108326,-0.675774,-0.122758,w,m
8383,NAME,8383,0.923608,1,22.9894,-176.432,1285.22,0.111468,-0.674301,-0.121848,w,m
8384,NAME,8384,0.925912,1,22.9982,-176.498,1285.78,0.111271,-0.673923,-0.121806,w,m
8385,NAME,8385,0.919904,1,23.5234,-176.814,1285.17,0.110553,-0.67389,-0.121757,w,m
8386,NAME,8386,0.927519,1,24.2278,-177.455,1285.45,0.111228,-0.679135,-0.124491,w,m
8387,NAME,8387,0.92175,1,24.7227,-177.341,1283.96,0.110818,-0.678418,-0.125412,w,m
8388,NAME,8388,0.924355,1,24.6512,-177.473,1284.53,0.112194,-0.67622,-0.125153,w,m
8389,NAME,8389,0.927453,1,24.6088,-177.508,1284.44,0.112139,-0.675463,-0.126112,w,m
8390,NAME,8390,0.929733,1,24.6767,-177.859,1284.95,0.109962,-0.674321,-0.129147,w,m
8391,NAME,8391,0.929819,1,24.8872,-178.036,1283.25,0.113389,-0.677122,-0.13017,w,m
8392,NAME,8392,0.925586,1,24.9554,-178.254,1283.13,0.105031,-0.678443,-0.13552,w,m
8393,NAME,8393,0.928338,1,24.9724,-178.363,1283.09,0.0982533,-0.680318,-0.142087,w,m
8394,NAME,8394,0.930715,1,24.8999,-178.286,1281.76,0.0970472,-0.680286,-0.143262,w,m
8395,NAME,8395,0.930762,1,24.7044,-178.177,1280.22,0.0946242,-0.678842,-0.146199,w,m
8396,NAME,8396,0.938359,1,24.309,-178.261,1279.95,0.101457,-0.680267,-0.140825,w,m
8397,NAME,8397,0.932928,1,23.9886,-179.234,1294.65,0.0870743,-0.688419,-0.132058,w,m
8398,NAME,8398,0.930964,1,23.3942,-177.667,1303.24,0.101556,-0.69288,-0.10866,w,m
8399,NAME,8399,0.944716,1,23.956,-176.106,1297.56,0.105614,-0.700032,-0.103884,w,m
8400,NAME,8400,0.944053,1,24.5748,-177.331,1292.04,0.0915801,-0.710003,-0.112899,w,m
8401,NAME,8401,0.942177,1,24.8463,-179.305,1287.08,0.0768151,-0.715722,-0.130283,w,m
8402,NAME,8402,0.945337,1,24.5419,-180.492,1283.94,0.07689,-0.712702,-0.135817,w,m
8403,NAME,8403,0.940856,1,24.5985,-180.812,1282.47,0.0892921,-0.710801,-0.131237,w,m
8404,NAME,8404,0.941443,1,24.7774,-180.226,1276.98,0.0936819,-0.708257,-0.132917,w,m
8405,NAME,8405,0.942879,1,24.9959,-180.01,1275.17,0.0934179,-0.706969,-0.133812,w,m
8406,NAME,8406,0.941877,1,25.1045,-179.891,1275.7,0.096154,-0.707343,-0.134221,w,m
8407,NAME,8407,0.93679,1,25.222,-179.879,1275.92,0.0972284,-0.704433,-0.13487,w,m
8408,NAME,8408,0.937213,1,25.4139,-180.009,1276.6,0.0990513,-0.698999,-0.134693,w,m
8409,NAME,8409,0.936391,1,25.7442,-179.872,1275.08,0.101983,-0.696649,-0.135107,w,m
8410,NAME,8410,0.93736,1,26.0873,-179.701,1275.39,0.103602,-0.695838,-0.135108,w,m
8411,NAME,8411,0.9403,1,26.4972,-179.194,1276.53,0.111612,-0.693173,-0.132713,w,m
8412,NAME,8412,0.941872,1,26.7284,-178.803,1279.96,0.113247,-0.691209,-0.133266,w,m
8413,NAME,8413,0.939507,1,27.0012,-177.869,1277.83,0.117006,-0.69122,-0.135018,w,m
8414,NAME,8414,0.93655,1,27.1721,-178.052,1282.38,0.113406,-0.689096,-0.1358,w,m
8415,NAME,8415,0.935189,1,27.1797,-177.738,1282.24,0.113314,-0.689271,-0.136096,w,m
8416,NAME,8416,0.933369,1,26.9592,-177.98,1282.9,0.117329,-0.689167,-0.135219,w,m
8417,NAME,8417,0.935594,1,26.5421,-178.33,1284,0.111878,-0.688813,-0.138392,w,m
8418,NAME,8418,0.937678,1,26.1471,-178.612,1285.25,0.106716,-0.692705,-0.140893,w,m
8419,NAME,8419,0.935307,1,25.785,-178.353,1283.57,0.105588,-0.69199,-0.144406,w,m
8420,NAME,8420,0.932963,1,25.5956,-178.072,1283.54,0.103826,-0.691342,-0.151634,w,m
8421,NAME,8421,0.926304,1,25.264,-177.764,1284.56,0.108209,-0.686568,-0.152998,w,m
8422,NAME,8422,0.927199,1,24.8723,-177.418,1286.27,0.110121,-0.684166,-0.154684,w,m
8423,NAME,8423,0.9253,1,24.1937,-177.025,1288.63,0.109094,-0.683194,-0.155868,w,m
8424,NAME,8424,0.925161,1,24.0828,-176.716,1290.74,0.106717,-0.681584,-0.154683,w,m
8425,NAME,8425,0.924448,1,24.1458,-176.265,1291.47,0.106854,-0.681237,-0.154342,w,m
8426,NAME,8426,0.918905,1,23.74,-175.877,1296.55,0.111227,-0.67229,-0.153616,w,m
8427,NAME,8427,0.923043,1,22.5313,-174.948,1297.45,0.111193,-0.666772,-0.149674,w,m
8428,NAME,8428,0.92106,1,22.6017,-174.786,1293.98,0.108233,-0.668637,-0.149477,w,m
8429,NAME,8429,0.919591,1,23.5634,-175.354,1292.77,0.109008,-0.677579,-0.147176,w,m
8430,NAME,8430,0.914715,1,24.9716,-175.822,1287.7,0.106028,-0.691045,-0.149511,w,m
8431,NAME,8431,0.918584,1,25.6685,-176.381,1286.8,0.107784,-0.688104,-0.149846,w,m
8432,NAME,8432,0.924858,1,25.8971,-177.067,1287.82,0.107143,-0.681334,-0.154365,w,m
8433,NAME,8433,0.924242,1,25.9724,-177.921,1289.74,0.106666,-0.679334,-0.155007,w,m
8434,NAME,8434,0.925493,1,25.9266,-178.388,1289.86,0.0990169,-0.680968,-0.160432,w,m
11475,NAME,11475,0.975426,1,-25.6321,-218.618,1328.74,-0.114437,-0.255178,-0.0753672,w,m
11476,NAME,11476,0.980274,1,-24.7725,-217.373,1325.08,-0.0966387,-0.274039,-0.0884596,w,m
11477,NAME,11477,0.980592,1,-24.3886,-216.239,1322.36,-0.0816763,-0.284119,-0.0979509,w,m
11478,NAME,11478,0.985455,1,-23.7691,-214.896,1319.83,-0.0667457,-0.300124,-0.1044,w,m
11479,NAME,11479,0.985767,1,-22.4368,-213.667,1317.99,-0.0514702,-0.320628,-0.109482,w,m
11480,NAME,11480,0.985697,1,-19.7556,-212.919,1316.24,-0.0480995,-0.345356,-0.11432,w,m
11481,NAME,11481,0.985266,1,-15.093,-212.989,1316.14,-0.0362888,-0.385081,-0.114184,w,m
11482,NAME,11482,0.978339,1,-9.13459,-214.367,1316.95,-0.0143477,-0.426288,-0.116884,w,m
11483,NAME,11483,0.969632,1,-3.37679,-215.773,1317.17,0.00742131,-0.48572,-0.118564,w,m
11484,NAME,11484,0.966386,1,1.02033,-216.178,1317.75,0.00585588,-0.531071,-0.130086,w,m
11485,NAME,11485,0.972783,1,2.69923,-216.648,1324.48,0.00976312,-0.53601,-0.148552,w,m
11486,NAME,11486,0.979311,1,2.72182,-216.218,1328.22,0.0177714,-0.517034,-0.166145,w,m
11487,NAME,11487,0.98091,1,2.18189,-215.174,1328.99,0.0223236,-0.509544,-0.180511,w,m
11488,NAME,11488,0.978105,1,1.86975,-213.261,1325.69,0.0259664,-0.505864,-0.187603,w,m
11489,NAME,11489,0.973868,1,1.78245,-209.834,1312.61,0.0223831,-0.507479,-0.194396,w,m
11490,NAME,11490,0.968133,1,2.08493,-206.804,1298.55,-0.000113985,-0.514358,-0.205138,w,m
11491,NAME,11491,0.966736,1,1.91123,-205.657,1294.65,-0.0125221,-0.515089,-0.209231,w,m
11492,NAME,11492,0.969669,1,1.12265,-204.793,1296.14,0.00472131,-0.504266,-0.205035,w,m
11493,NAME,11493,0.973355,1,-0.0283761,-202.439,1292.35,0.0230351,-0.49648,-0.196245,w,m
11494,NAME,11494,0.967496,1,-0.850901,-197.746,1277.4,0.0425321,-0.497079,-0.179875,w,m
11495,NAME,11495,0.966876,1,-1.53734,-195.848,1276.25,0.0392947,-0.485333,-0.172396,w,m
11496,NAME,11496,0.969038,1,-1.99299,-194.292,1275.44,0.0482684,-0.48222,-0.169739,w,m
11497,NAME,11497,0.970123,1,-2.04983,-193.357,1276.13,0.0546723,-0.485965,-0.164764,w,m
11498,NAME,11498,0.975143,1,-2.49642,-193.187,1280.57,0.062056,-0.487753,-0.160928,w,m
11499,NAME,11499,0.970032,1,-2.64513,-192.981,1283.77,0.062757,-0.488619,-0.16222,w,m
11500,NAME,11500,0.972829,1,-2.63762,-192.356,1283.28,0.0595487,-0.47901,-0.167671,w,m
11501,NAME,11501,0.971743,1,-3.35555,-192.029,1286.28,0.073224,-0.466228,-0.158199,w,m
11502,NAME,11502,0.978007,1,-3.80374,-189.892,1277.18,0.0906249,-0.468393,-0.144757,w,m
11503,NAME,11503,0.960481,1,-4.73253,-187.53,1263.8,0.11325,-0.460797,-0.122889,w,m
11504,NAME,11504,0.962389,1,-5.32469,-185.871,1252.43,0.115887,-0.47011,-0.1143,w,m
11505,NAME,11505,0.964476,1,-5.57705,-184.52,1247.13,0.113262,-0.478539,-0.105173,w,m
11506,NAME,11506,0.96535,1,-6.14923,-185.585,1257.71,0.10629,-0.48446,-0.103157,w,m
11507,NAME,11507,0.966801,1,-6.92275,-186.969,1271.38,0.107759,-0.460051,-0.10154,w,m
11508,NAME,11508,0.976586,1,-8.24998,-187.963,1281.9,0.129705,-0.411218,-0.094893,w,m
11509,NAME,11509,0.981721,1,-10.1309,-189.384,1292.44,0.140087,-0.405829,-0.0858724,w,m
11510,NAME,11510,0.983452,1,-11.4432,-188.82,1292.18,0.15349,-0.400175,-0.0756452,w,m
11511,NAME,11511,0.982519,1,-11.4432,-186.797,1286.69,0.159711,-0.409824,-0.062462,w,m
11512,NAME,11512,0.96827,1,-10.4347,-184.297,1278.38,0.183809,-0.434442,-0.0461241,w,m
11513,NAME,11513,0.966238,1,-8.37147,-183.41,1278.99,0.192885,-0.445694,-0.0414524,w,m
11514,NAME,11514,0.96416,1,-6.72691,-182.869,1280.4,0.206929,-0.45704,-0.0417318,w,m
11515,NAME,11515,0.964174,1,-6.81925,-182.571,1285.92,0.207485,-0.451366,-0.0476304,w,m
11516,NAME,11516,0.960111,1,-7.929,-181.302,1284.86,0.21328,-0.445078,-0.041393,w,m
11517,NAME,11517,0.955673,1,-8.09322,-178.743,1273.59,0.208631,-0.446157,-0.0313802,w,m
11518,NAME,11518,0.949442,1,-7.54835,-177.045,1265.19,0.212298,-0.458646,-0.0184723,w,m
11519,NAME,11519,0.952379,1,-6.69338,-176.252,1260.9,0.210916,-0.461484,-0.011818,w,m
11520,NAME,11520,0.942845,1,-6.89492,-175.382,1256.91,0.208885,-0.462324,-0.0110258,w,m
11521,NAME,11521,0.954414,1,-8.9889,-174.122,1252.95,0.213118,-0.447338,-0.00491196,w,m
11522,NAME,11522,0.942871,1,-12.6743,-173.794,1263.32,0.217554,-0.424841,-0.0114651,w,m
11523,NAME,11523,0.944732,1,-16.9185,-174.048,1277.38,0.222363,-0.402436,-0.0142797,w,m
11524,NAME,11524,0.954092,1,-19.5572,-173.472,1283.97,0.230396,-0.375929,-0.0382934,w,m
11525,NAME,11525,0.94031,1,-22.2604,-176.359,1310.81,0.260651,-0.359769,-0.0362668,w,m
11526,NAME,11526,0.90332,1,-25.2659,-182.104,1347.75,0.341923,-0.355953,-0.00995459,w,m
11527,NAME,11527,0.909299,1,-26.1493,-182.871,1356.98,0.423623,-0.362687,0.0214566,w,m
11528,NAME,11528,0.899047,1,-26.3879,-183.035,1365.83,0.481556,-0.353118,0.043938,w,m
11529,NAME,11529,0.899798,1,-22.6592,-172.007,1317.02,0.492156,-0.337595,0.0347457,w,m
11530,NAME,11530,0.953209,1,-19.6619,-166.878,1302.51,0.487798,-0.322612,0.022811,w,m
11531,NAME,11531,0.965297,1,-17.3265,-162.997,1296.71,0.448504,-0.314084,0.010237,w,m
11532,NAME,11532,0.971859,1,-15.3542,-160.583,1300.35,0.419946,-0.321753,0.0102941,w,m
22721,NAME,22721,0.931468,1,-41.0117,-182.385,1385.53,-0.00326923,-0.406172,-0.191366,w,m
22722,NAME,22722,0.957474,1,-45.7867,-185.868,1370.63,-0.0437258,-0.360408,-0.189043,w,m
22723,NAME,22723,0.972168,1,-49.0577,-187.176,1350.8,-0.031168,-0.341075,-0.173204,w,m
22724,NAME,22724,0.9768,1,-51.2885,-186.579,1343.26,0.0231384,-0.337013,-0.156292,w,m
22725,NAME,22725,0.97516,1,-53.2048,-183.305,1342.85,0.0904457,-0.337856,-0.137265,w,m
22726,NAME,22726,0.978323,1,-54.373,-177.519,1342.24,0.157798,-0.336157,-0.117967,w,m
22727,NAME,22727,0.97764,1,-55.389,-171.341,1341.53,0.211891,-0.330716,-0.101383,w,m
22728,NAME,22728,0.970459,1,-55.4236,-168.537,1335.4,0.203059,-0.334974,-0.0970875,w,m
22729,NAME,22729,0.952884,1,-54.9796,-170.771,1335.52,0.149125,-0.35811,-0.0900935,w,m
22730,NAME,22730,0.937955,1,-52.4748,-173.847,1319.2,0.0592326,-0.402265,-0.0983331,w,m
22731,NAME,22731,0.940701,1,-49.7608,-179.838,1313.24,-0.0259222,-0.443639,-0.119986,w,m
22732,NAME,22732,0.953107,1,-48.3875,-187.63,1320.69,-0.0996146,-0.47275,-0.143262,w,m
22733,NAME,22733,0.967098,1,-46.5134,-191.527,1312.07,-0.112694,-0.491724,-0.164137,w,m
22734,NAME,22734,0.969625,1,-44.5802,-192.625,1298.89,-0.0914988,-0.522999,-0.181149,w,m
22735,NAME,22735,0.970476,1,-43.0401,-192.927,1292.26,-0.0705083,-0.525839,-0.193691,w,m
22736,NAME,22736,0.970651,1,-42.1646,-192.704,1289.11,-0.0454682,-0.531548,-0.198044,w,m
22737,NAME,22737,0.974135,1,-41.2847,-192.727,1288.33,-0.0267169,-0.534199,-0.200783,w,m
22738,NAME,22738,0.972226,1,-40.4962,-192.883,1289.72,0.00428719,-0.534874,-0.20323,w,m
22739,NAME,22739,0.972446,1,-40.2264,-193.636,1293.75,0.0200401,-0.527926,-0.207946,w,m
22740,NAME,22740,0.972839,1,-40.3067,-194.262,1295.21,0.0284866,-0.520445,-0.213351,w,m
22741,NAME,22741,0.970717,1,-40.3831,-194.701,1295.38,0.0301972,-0.521658,-0.21456,w,m
22742,NAME,22742,0.975365,1,-40.5911,-195.052,1294.68,0.0252767,-0.518878,-0.217333,w,m
22743,NAME,22743,0.973742,1,-40.6729,-195.344,1293.94,0.0234426,-0.51797,-0.217817,w,m
22744,NAME,22744,0.975974,1,-40.678,-195.467,1292.64,0.0246098,-0.518248,-0.217302,w,m
22745,NAME,22745,0.97596,1,-40.6923,-195.554,1291.55,0.0256766,-0.518125,-0.216883,w,m
22746,NAME,22746,0.975379,1,-40.7585,-195.615,1291.58,0.0264089,-0.517669,-0.216973,w,m
22747,NAME,22747,0.975588,1,-41.0012,-195.665,1291.21,0.0292014,-0.515641,-0.217667,w,m
22748,NAME,22748,0.976026,1,-40.9476,-195.051,1288.26,0.0321919,-0.518661,-0.216047,w,m
22749,NAME,22749,0.975944,1,-40.9197,-194.45,1285.83,0.0356935,-0.519128,-0.21388,w,m
22750,NAME,22750,0.970121,1,-41.2641,-193.758,1284.24,0.0398062,-0.521754,-0.211448,w,m
22751,NAME,22751,0.966559,1,-41.766,-193.074,1285.21,0.0367218,-0.5202,-0.208768,w,m
22752,NAME,22752,0.942832,1,-43.4469,-193.689,1297.36,0.0312201,-0.512627,-0.20964,w,m
22753,NAME,22753,0.943457,1,-45.8764,-194.661,1308.58,0.0292868,-0.493135,-0.209862,w,m
22754,NAME,22754,0.957717,1,-49.7006,-195.559,1320.27,0.0283758,-0.488893,-0.205467,w,m
22755,NAME,22755,0.956555,1,-54.1103,-196.024,1329.22,0.0310469,-0.462691,-0.199781,w,m
22756,NAME,22756,0.958911,1,-58.4951,-194.709,1329.07,0.0364171,-0.430991,-0.192178,w,m
22757,NAME,22757,0.959224,1,-63.3028,-194.655,1334.32,0.0429626,-0.389308,-0.184932,w,m
22758,NAME,22758,0.964648,1,-68.2108,-194.295,1337.37,0.0577956,-0.345061,-0.18002,w,m
22759,NAME,22759,0.968068,1,-72.8254,-193.754,1339.19,0.0673785,-0.293022,-0.171954,w,m
22760,NAME,22760,0.97277,1,-77.2654,-193.091,1342.74,0.0701325,-0.230879,-0.162162,w,m
22761,NAME,22761,0.972722,1,-80.8842,-192.546,1344.56,0.0796306,-0.185381,-0.151755,w,m
22762,NAME,22762,0.960764,1,-83.6563,-192.753,1349.72,0.0843934,-0.150872,-0.144217,w,m
22763,NAME,22763,0.959857,1,-85.5471,-191.697,1346.92,0.0797393,-0.105029,-0.116646,w,m
22764,NAME,22764,0.954274,1,-86.2467,-191.617,1348.26,0.0725035,-0.103123,-0.107606,w,m
22765,NAME,22765,0.948176,1,-86.1906,-191.495,1347.3,0.0683322,-0.106416,-0.105678,w,m
22766,NAME,22766,0.949895,1,-85.7086,-191.317,1344.37,0.0660505,-0.111631,-0.102138,w,m
22767,NAME,22767,0.95426,1,-85.1392,-191.251,1342.81,0.0660421,-0.123208,-0.0983897,w,m
22768,NAME,22768,0.953707,1,-84.14,-191.155,1339.96,0.0600571,-0.131464,-0.0940665,w,m
22769,NAME,22769,0.950138,1,-83.174,-191.109,1337.46,0.055076,-0.14054,-0.091063,w,m
22770,NAME,22770,0.946957,1,-82.104,-191.195,1336.27,0.0463632,-0.150934,-0.0848716,w,m
22771,NAME,22771,0.942341,1,-81.3371,-191.408,1336.41,0.0380065,-0.157777,-0.0809275,w,m
22772,NAME,22772,0.951556,1,-81.0471,-191.463,1336.75,0.0399395,-0.157777,-0.0800238,w,m
22773,NAME,22773,0.948585,1,-81.0143,-191.448,1336.88,0.0404727,-0.157807,-0.07917,w,m
22774,NAME,22774,0.948584,1,-81.2657,-191.441,1336.69,0.0406577,-0.154199,-0.0794739,w,m
22775,NAME,22775,0.948896,1,-81.6353,-191.62,1338.95,0.0416291,-0.150725,-0.0809329,w,m
22776,NAME,22776,0.947453,1,-82.4599,-190.399,1341.27,0.0630668,-0.148257,-0.0821077,w,m
22777,NAME,22777,0.949781,1,-83.1845,-188.449,1341.62,0.0855428,-0.151468,-0.0809763,w,m
41517,NAME,41517,0.986079,1,-85.6395,-214.224,1355.54,-0.0969383,-0.553979,0.0441332,w,w
41518,NAME,41518,0.988394,1,-79.649,-212.927,1348.2,-0.099185,-0.577474,0.0300211,w,w
41519,NAME,41519,0.987773,1,-74.3287,-211.717,1350.67,-0.0797675,-0.586749,0.0359108,w,w
41520,NAME,41520,0.987133,1,-69.3242,-209.995,1361.13,-0.0419951,-0.591811,0.0586276,w,w
41521,NAME,41521,0.984806,1,-63.8652,-204.585,1358.12,0.0102084,-0.602779,0.0870044,w,w
41522,NAME,41522,0.983228,1,-59.5196,-200.074,1364.15,0.0735057,-0.608579,0.120985,w,w
41523,NAME,41523,0.983688,1,-56.3248,-196.325,1375.11,0.126154,-0.613032,0.157212,w,w
41524,NAME,41524,0.984433,1,-54.4979,-191.939,1382.5,0.167796,-0.615208,0.187314,w,w
41525,NAME,41525,0.986228,1,-53.5427,-187.88,1390.93,0.212239,-0.604473,0.211398,w,w
41526,NAME,41526,0.985659,1,-52.9172,-186.072,1407.72,0.214386,-0.593828,0.217951,w,w
41527,NAME,41527,0.987245,1,-52.1217,-186.151,1425.73,0.196591,-0.588819,0.210848,w,w
41528,NAME,41528,0.987338,1,-50.9456,-185.901,1426.79,0.16581,-0.581848,0.181349,w,w
41529,NAME,41529,0.9856,1,-49.3689,-184.726,1410.22,0.127176,-0.57164,0.140837,w,w
41530,NAME,41530,0.986301,1,-48.5672,-183.724,1381.77,0.0787015,-0.560701,0.0921926,w,w
41531,NAME,41531,0.986104,1,-48.4611,-185.808,1366,0.0218152,-0.552232,0.0483511,w,w
41532,NAME,41532,0.982599,1,-48.8251,-187.987,1355.59,-0.0343084,-0.538036,0.00946324,w,w
41533,NAME,41533,0.975836,1,-50.5975,-194.042,1373,-0.0454515,-0.469122,0.0354544,w,w
41534,NAME,41534,0.975178,1,-52.145,-198.054,1375.49,-0.0723204,-0.428157,0.0413101,w,w
41535,NAME,41535,0.97603,1,-53.852,-200.895,1375.41,-0.0908646,-0.39481,0.0454475,w,w
41536,NAME,41536,0.973143,1,-56.2936,-203.846,1381.39,-0.0973087,-0.352323,0.0517457,w,w
41537,NAME,41537,0.973116,1,-57.8628,-205.858,1382.98,-0.106771,-0.323652,0.0496497,w,w
41538,NAME,41538,0.972938,1,-58.9014,-206.96,1379.54,-0.121345,-0.295398,0.0489949,w,w
41539,NAME,41539,0.975193,1,-59.6257,-207.485,1377.66,-0.124471,-0.277612,0.0466602,w,w
41540,NAME,41540,0.973065,1,-60.5451,-207.01,1374.57,-0.115122,-0.260264,0.0488856,w,w
41541,NAME,41541,0.974535,1,-62.5587,-206.074,1376.31,-0.101573,-0.239226,0.0492027,w,w
41542,NAME,41542,0.973942,1,-65.3701,-204.14,1373.7,-0.0843597,-0.216701,0.0505941,w,w
41543,NAME,41543,0.974649,1,-68.9579,-202.702,1370.4,-0.0751765,-0.202109,0.0504672,w,w
41544,NAME,41544,0.981859,1,-73.0101,-200.925,1363.32,-0.0602329,-0.195889,0.0410887,w,w
41545,NAME,41545,0.981063,1,-77.7476,-199.511,1360.81,-0.0498239,-0.180952,0.033758,w,w
41546,NAME,41546,0.982453,1,-82.4722,-196.96,1355.38,-0.029091,-0.165094,0.0218633,w,w
41547,NAME,41547,0.98196,1,-87.3876,-192.771,1347.21,-0.00707589,-0.112465,0.0303942,w,w
41548,NAME,41548,0.962981,1,-91.674,-187.698,1337.02,0.0220039,-0.0821814,0.0346051,w,w
41549,NAME,41549,0.952479,1,-95.924,-185.423,1338.68,0.0585162,-0.0589644,0.0390871,w,w
41550,NAME,41550,0.955432,1,-98.7635,-184.018,1338.94,0.0850193,-0.0525258,0.0394348,w,w
41551,NAME,41551,0.95764,1,-100.277,-183.112,1336.05,0.0957953,-0.0498605,0.0359628,w,w
41552,NAME,41552,0.959816,1,-100.579,-182.457,1332.83,0.115153,-0.0489263,0.0367558,w,w
41553,NAME,41553,0.950859,1,-99.9591,-180.78,1326.36,0.136216,-0.0518977,0.036729,w,w
41554,NAME,41554,0.935267,1,-97.9321,-176.044,1306.61,0.157058,-0.0521439,0.0307178,w,w
41555,NAME,41555,0.948711,1,-100.562,-179.88,1333.46,0.129554,-0.0356301,0.0413057,w,w
41556,NAME,41556,0.969379,1,-101.611,-179.532,1329.71,0.107877,-0.0301746,0.0526668,w,w
41557,NAME,41557,0.972062,1,-101.948,-176.408,1312.46,0.10147,-0.0288022,0.0510764,w,w
41558,NAME,41558,0.973838,1,-104.888,-175.26,1317.95,0.138801,0.0062157,0.0459242,w,w
41559,NAME,41559,0.931656,1,-102.955,-169.791,1308.42,0.186036,-0.0350994,0.0160161,w,w
41560,NAME,41560,0.931607,1,-103.861,-165.916,1303.14,0.223834,-0.00247162,0.0109953,w,w
41561,NAME,41561,0.961399,1,-101.561,-158.631,1274.62,0.226042,-0.0037754,0.0132432,w,w
41562,NAME,41562,0.969585,1,-100.566,-156.476,1264.8,0.19781,0.00358117,0.0120304,w,w
41563,NAME,41563,0.973663,1,-100.059,-156.224,1261.16,0.168504,0.0136856,0.010085,w,w
41564,NAME,41564,0.977265,1,-100.7,-156.452,1262.79,0.157316,0.0249546,0.0117564,w,w
41565,NAME,41565,0.975708,1,-101.455,-156.581,1264.19,0.143064,0.0244184,0.0124201,w,w
6999,NAME,6999,0.941049,1,-94.231,-180.476,844.627,0.0571726,0.374926,-0.127522,m,m
7000,NAME,7000,0.951829,1,-99.4622,-185.726,869.984,0.113658,0.521184,-0.144474,m,m
7001,NAME,7001,0.754515,1,-104.878,-188.745,884.417,0.106812,0.585862,-0.14111,m,m
7002,NAME,7002,0.753407,1,-107.624,-189.271,887.383,0.0943688,0.685882,-0.127044,m,m
7003,NAME,7003,0.78137,1,-109.441,-192.55,897.598,0.110735,0.69179,-0.103274,m,m
7004,NAME,7004,0.838028,1,-94.7804,-172.065,800.134,0.0406136,0.455541,-0.0550022,m,m
7005,NAME,7005,0.909005,1,-98.8309,-186.687,861.591,0.0713445,0.506029,-0.0524758,m,m
7006,NAME,7006,0.942612,1,-97.1156,-190.035,883.993,0.095761,0.457922,-0.045076,m,m
7007,NAME,7007,0.939772,1,-91.9661,-189.583,886.213,0.109972,0.359648,-0.0546806,m,m
7008,NAME,7008,0.931561,1,-86.2077,-189.016,876.53,0.111664,0.281134,-0.0627765,m,m
7009,NAME,7009,0.893764,1,-82.4782,-190.89,867.982,0.0940538,0.236029,-0.061643,m,m
7010,NAME,7010,0.893489,1,-79.93,-193.637,861.111,0.0807655,0.216639,-0.0655791,m,m
7011,NAME,7011,0.919484,1,-77.5501,-195.842,856.507,0.0779957,0.208756,-0.0677546,m,m
7012,NAME,7012,0.897513,1,-75.0986,-195.916,852.187,0.0867159,0.21148,-0.066173,m,m
7013,NAME,7013,0.906384,1,-73.0386,-196.188,853.735,0.0922318,0.213594,-0.0606501,m,m
7014,NAME,7014,0.91083,1,-70.7595,-196.518,856.819,0.0888894,0.217154,-0.0488444,m,m
7015,NAME,7015,0.917634,1,-68.4333,-195.764,857.486,0.0902349,0.213075,-0.0476424,m,m
7016,NAME,7016,0.910314,1,-66.0375,-195.392,859.336,0.0899771,0.21129,-0.0449156,m,m
7017,NAME,7017,0.910549,1,-64.5207,-194.417,859.217,0.0858375,0.215895,-0.0523566,m,m
7018,NAME,7018,0.926144,1,-63.4298,-194.084,863.432,0.0811111,0.218279,-0.0545268,m,m
7019,NAME,7019,0.927844,1,-61.1725,-192.79,862.02,0.0768117,0.217592,-0.0550271,m,m
7020,NAME,7020,0.924328,1,-59.1188,-192.87,862.103,0.0690922,0.219114,-0.0552901,m,m
7021,NAME,7021,0.922857,1,-57.6671,-193.606,862.577,0.0613681,0.222486,-0.0572736,m,m
7022,NAME,7022,0.936606,1,-56.9196,-194.423,861.205,0.0542976,0.226183,-0.0638405,m,m
7023,NAME,7023,0.931894,1,-56.9573,-196.069,860.876,0.0379033,0.231263,-0.0660996,m,m
7024,NAME,7024,0.939562,1,-57.6201,-198.049,862.422,0.0206031,0.232319,-0.0649412,m,m
7025,NAME,7025,0.943161,1,-57.7802,-198.585,865.223,0.0234061,0.228213,-0.0653766,m,m
7026,NAME,7026,0.934364,1,-56.9429,-194.25,860.842,0.0581742,0.222102,-0.0702412,m,m
7027,NAME,7027,0.931604,1,-56.7684,-188.146,852.671,0.0840229,0.225942,-0.0743302,m,m
7028,NAME,7028,0.934516,1,-56.4773,-184.8,847.892,0.0815666,0.227632,-0.0730906,m,m
7029,NAME,7029,0.92118,1,-54.9687,-186.635,848.997,0.0571844,0.220194,-0.0670618,m,m
7030,NAME,7030,0.935,1,-52.9498,-189.538,847.891,0.0327122,0.213587,-0.0565026,m,m
7031,NAME,7031,0.916463,1,-51.473,-190.362,846.957,0.0380362,0.20663,-0.0481563,m,m
7032,NAME,7032,0.89088,1,-50.5672,-190.41,847.882,0.0430974,0.201179,-0.0444134,m,m
7033,NAME,7033,0.894372,1,-49.4095,-189.569,846.789,0.0581141,0.196835,-0.0465719,m,m
7034,NAME,7034,0.889328,1,-48.2972,-187.898,842.231,0.0651508,0.200748,-0.0510297,m,m
7035,NAME,7035,0.86991,1,-47.9085,-186.864,840.571,0.0683751,0.210638,-0.0509571,m,m
7036,NAME,7036,0.882771,1,-47.8211,-185.345,840.381,0.0778373,0.211837,-0.0481338,m,m
7037,NAME,7037,0.897932,1,-48.3023,-184.376,841.963,0.0815932,0.216598,-0.0461322,m,m
7038,NAME,7038,0.891173,1,-49.0724,-181.383,840.2,0.0886507,0.213726,-0.0519229,m,m
7039,NAME,7039,0.91513,1,-50.0013,-178.028,834.636,0.095972,0.213184,-0.0576534,m,m
7040,NAME,7040,0.923958,1,-51.5319,-175.566,830.541,0.101877,0.215292,-0.0592113,m,m
7041,NAME,7041,0.908802,1,-53.5361,-174.016,828.646,0.103154,0.217922,-0.0622432,m,m
7042,NAME,7042,0.904904,1,-55.2708,-171.93,825.224,0.107672,0.21819,-0.065432,m,m
7043,NAME,7043,0.919331,1,-57.1619,-170.214,820.386,0.109926,0.218676,-0.0679677,m,m
7044,NAME,7044,0.932805,1,-59.1892,-168.762,814.944,0.107088,0.216328,-0.0743557,m,m
7045,NAME,7045,0.923474,1,-61.6785,-167.09,812.449,0.114747,0.218647,-0.0829182,m,m
7046,NAME,7046,0.924009,1,-64.3514,-164.495,807.279,0.12453,0.221648,-0.0910137,m,m
7047,NAME,7047,0.937085,1,-66.8884,-163.294,806.493,0.130744,0.224269,-0.100163,m,m
7048,NAME,7048,0.938255,1,-68.4607,-163.563,811.091,0.144741,0.217285,-0.108957,m,m
7049,NAME,7049,0.919355,1,-69.1478,-164.928,814.065,0.150975,0.213521,-0.115878,m,m
7050,NAME,7050,0.925688,1,-70.2839,-167.992,812.251,0.124989,0.228552,-0.111432,m,m
7051,NAME,7051,0.91986,1,-71.435,-172.137,816.196,0.108352,0.233678,-0.103634,m,m
7052,NAME,7052,0.926855,1,-72.1848,-173.671,817.657,0.125383,0.231027,-0.103306,m,m
7053,NAME,7053,0.934091,1,-73.0105,-172.53,815.139,0.138816,0.234268,-0.104996,m,m
7054,NAME,7054,0.934755,1,-74.4941,-171.334,813.346,0.148604,0.233786,-0.106824,m,m
7055,NAME,7055,0.922357,1,-76.4968,-170.363,814.056,0.153419,0.239509,-0.106814,m,m
7056,NAME,7056,0.935202,1,-78.4995,-168.657,814.547,0.164143,0.239358,-0.11175,m,m
7057,NAME,7057,0.937471,1,-79.7631,-165.71,810.921,0.165504,0.243971,-0.114482,m,m
7058,NAME,7058,0.938723,1,-81.0161,-163.66,811.878,0.167666,0.246602,-0.11328,m,m
7059,NAME,7059,0.939885,1,-81.8038,-162.058,812.28,0.166791,0.245622,-0.114717,m,m
7060,NAME,7060,0.938867,1,-82.4594,-160.767,812.612,0.171129,0.247897,-0.120166,m,m
7061,NAME,7061,0.939095,1,-82.0723,-159.592,810.529,0.167897,0.247213,-0.115196,m,m
7062,NAME,7062,0.945572,1,-82.6802,-159.421,813.434,0.173047,0.25163,-0.120911,m,m
7063,NAME,7063,0.938413,1,-82.1878,-157.808,809.922,0.175153,0.248109,-0.12277,m,m
7064,NAME,7064,0.939619,1,-82.2287,-156.758,808.11,0.17453,0.251771,-0.123127,m,m
7065,NAME,7065,0.925414,1,-82.267,-155.215,804.555,0.170083,0.251453,-0.124345,m,m
7066,NAME,7066,0.927505,1,-82.798,-154.803,805.531,0.171814,0.256313,-0.121751,m,m
7067,NAME,7067,0.9304,1,-82.991,-153.878,803.861,0.16778,0.256086,-0.12046,m,m
7068,NAME,7068,0.93385,1,-82.7588,-153.171,803.339,0.166784,0.253982,-0.117353,m,m
7069,NAME,7069,0.937293,1,-82.6827,-152.951,803.749,0.169891,0.252986,-0.118776,m,m
7070,NAME,7070,0.929398,1,-82.5234,-152.023,801.007,0.166198,0.255222,-0.125187,m,m
7071,NAME,7071,0.917101,1,-82.9894,-154.174,805.007,0.138742,0.257966,-0.119985,m,m
7072,NAME,7072,0.923101,1,-83.1175,-159.714,814.891,0.0954797,0.246093,-0.0981818,m,m
7073,NAME,7073,0.932031,1,-80.983,-165.784,817.29,0.029539,0.225102,-0.0797684,m,m
7074,NAME,7074,0.942438,1,-78.2294,-170.789,815.29,-0.00487835,0.213978,-0.0740661,m,m
7075,NAME,7075,0.942548,1,-75.0034,-174.454,810.76,-0.00672078,0.20967,-0.0706982,m,m
7076,NAME,7076,0.937384,1,-72.0697,-178.388,808.219,-0.00364771,0.193992,-0.0669215,m,m
7077,NAME,7077,0.933573,1,-69.5374,-182.55,811.527,0.026253,0.172084,-0.0598496,m,m
7078,NAME,7078,0.963101,1,-67.0516,-186.298,812.081,0.0397644,0.147512,-0.0563541,m,m
7079,NAME,7079,0.964143,1,-65.5393,-190.154,816.682,0.0403658,0.135669,-0.0645958,m,m
7080,NAME,7080,0.954533,1,-64.0495,-192.833,821.984,0.0699492,0.132344,-0.0740629,m,m
7081,NAME,7081,0.951612,1,-62.8742,-195.754,826.891,0.047874,0.144619,-0.0777112,m,m
7082,NAME,7082,0.953733,1,-61.3728,-196.158,827.627,0.0533236,0.152667,-0.087678,m,m
7083,NAME,7083,0.948851,1,-59.3136,-194.509,827.423,0.0839423,0.149324,-0.0902394,m,m
410,NAME,410,0.928943,1,-28.716,-185.347,1295.95,0.00746735,0.645472,0.0415257,w,m
411,NAME,411,0.928822,1,-28.0739,-184.092,1285.42,0.0173649,0.648134,0.0341126,w,m
412,NAME,412,0.93197,1,-27.5379,-183.31,1277.23,0.0185536,0.65001,0.0275732,w,m
413,NAME,413,0.93165,1,-27.0163,-182.418,1268.84,0.0243706,0.65252,0.0203083,w,m
414,NAME,414,0.934852,1,-26.2622,-181.922,1263.89,0.0360014,0.651494,0.0120294,w,m
415,NAME,415,0.932466,1,-25.906,-181.415,1259.88,0.0382374,0.652029,0.00897939,w,m
416,NAME,416,0.93309,1,-25.6591,-181.181,1258.22,0.0427298,0.651141,0.00489082,w,m
417,NAME,417,0.93268,1,-25.3109,-180.758,1258.69,0.0514053,0.647522,0.000601096,w,m
418,NAME,418,0.934921,1,-25.0572,-179.759,1259.86,0.0642593,0.646332,-0.00756173,w,m
419,NAME,419,0.931725,1,-24.7175,-177.834,1255.85,0.0809802,0.644349,-0.0211763,w,m
420,NAME,420,0.936173,1,-24.7826,-176.722,1256.19,0.0914249,0.644202,-0.0294365,w,m
421,NAME,421,0.934275,1,-25.1729,-176.378,1254.46,0.0927453,0.643036,-0.034066,w,m
422,NAME,422,0.933394,1,-26.0846,-177.595,1258.27,0.0697427,0.649808,-0.0213607,w,m
423,NAME,423,0.921882,1,-26.7446,-179.169,1255.18,0.0441602,0.653548,-0.00127124,w,m
424,NAME,424,0.922237,1,-26.8599,-181.053,1254.7,0.0258041,0.654988,0.0188358,w,m
425,NAME,425,0.924318,1,-26.5253,-181.234,1254.16,0.0290923,0.652223,0.0222077,w,m
426,NAME,426,0.933757,1,-25.73,-180.37,1257.37,0.0491207,0.651353,0.0128021,w,m
427,NAME,427,0.934797,1,-25.2874,-178.3,1258.6,0.0741662,0.661504,-0.0263998,w,m
428,NAME,428,0.925701,1,-25.1857,-177.267,1261.76,0.0894331,0.65643,-0.0329316,w,m
429,NAME,429,0.921626,1,-26.1407,-177.591,1259.84,0.0753184,0.658171,-0.0264615,w,m
430,NAME,430,0.915842,1,-26.9715,-179.993,1269.03,0.0559963,0.650385,-0.0021541,w,m
431,NAME,431,0.913577,1,-27.5941,-181.792,1270.15,0.0418648,0.648682,0.0126663,w,m
432,NAME,432,0.921341,1,-27.2371,-181.723,1269.55,0.0476796,0.645302,0.0146658,w,m
433,NAME,433,0.926773,1,-26.8886,-180.817,1269.58,0.0620102,0.646515,0.00751635,w,m
434,NAME,434,0.925608,1,-27.0791,-181.135,1268.73,0.0547162,0.646443,0.0134178,w,m
435,NAME,435,0.919169,1,-27.4666,-181.713,1268.5,0.0418053,0.647089,0.0233161,w,m
436,NAME,436,0.922316,1,-27.6073,-182.063,1268.03,0.0379839,0.646346,0.0296177,w,m
437,NAME,437,0.922939,1,-27.7571,-182.518,1272.97,0.0368498,0.643591,0.0309569,w,m
438,NAME,438,0.924727,1,-28.0534,-183.112,1275.64,0.0317242,0.642721,0.0342067,w,m
585,NAME,585,0.923105,1,-33.8718,-185.579,1278.77,-0.00563991,0.665426,0.072295,w,m
586,NAME,586,0.928288,1,-33.4226,-184.986,1274.33,-0.00396435,0.666761,0.0721456,w,m
587,NAME,587,0.927695,1,-32.8767,-184.13,1268.76,-0.00183308,0.667666,0.0726129,w,m
588,NAME,588,0.930616,1,-32.5158,-183.497,1265.1,-0.000249867,0.669402,0.0714944,w,m
589,NAME,589,0.932719,1,-32.2802,-183.232,1262.93,0.00416575,0.670648,0.0659026,w,m
590,NAME,590,0.931298,1,-32.1959,-182.503,1256.74,0.00819388,0.673406,0.062846,w,m
591,NAME,591,0.930249,1,-32.2007,-181.996,1251.32,0.0115117,0.676421,0.0622501,w,m
592,NAME,592,0.930867,1,-32.2227,-181.943,1251.1,0.0117551,0.676,0.0614572,w,m
593,NAME,593,0.92612,1,-32.2564,-181.204,1249.64,0.0164455,0.675575,0.0562707,w,m
594,NAME,594,0.927251,1,-32.169,-180.006,1248.91,0.030973,0.675475,0.0443769,w,m
595,NAME,595,0.927728,1,-32.4256,-178.604,1248,0.0430632,0.675685,0.0326028,w,m
596,NAME,596,0.933471,1,-32.6035,-177.699,1245.81,0.0512096,0.677341,0.0235523,w,m
597,NAME,597,0.933275,1,-33.0543,-177.333,1244.76,0.0551201,0.676564,0.0211117,w,m
598,NAME,598,0.9326,1,-33.2195,-177.597,1242.74,0.0478198,0.676271,0.0260116,w,m
599,NAME,599,0.933632,1,-33.5457,-178.12,1241.13,0.0384519,0.676275,0.0337703,w,m
600,NAME,600,0.929958,1,-33.7609,-178.889,1238.91,0.0326209,0.678663,0.0417966,w,m
601,NAME,601,0.932153,1,-33.8557,-179.639,1240.79,0.0312735,0.678802,0.0397958,w,m
602,NAME,602,0.932749,1,-33.7836,-179.547,1239.8,0.032234,0.679638,0.0395777,w,m
603,NAME,603,0.934544,1,-33.6591,-179.048,1240.08,0.0391559,0.679,0.0356932,w,m
604,NAME,604,0.933804,1,-33.3674,-178.002,1238.32,0.0477984,0.681026,0.0292525,w,m
605,NAME,605,0.931425,1,-33.2382,-177.027,1237.62,0.0522482,0.681941,0.0254732,w,m
606,NAME,606,0.930608,1,-33.2728,-176.792,1236.8,0.0530023,0.683671,0.0253052,w,m
607,NAME,607,0.930175,1,-33.3662,-176.714,1236.24,0.0504263,0.685352,0.0269255,w,m
608,NAME,608,0.931901,1,-33.3699,-177.214,1236.1,0.0386962,0.688194,0.0356462,w,m
609,NAME,609,0.931258,1,-33.3301,-177.843,1237.45,0.0350466,0.688654,0.0413954,w,m
610,NAME,610,0.933088,1,-33.0828,-178.227,1239.5,0.0308722,0.687061,0.046599,w,m
611,NAME,611,0.934576,1,-32.5599,-177.737,1238.95,0.0377042,0.688222,0.0402136,w,m
612,NAME,612,0.931653,1,-32.5268,-177.331,1241.61,0.044843,0.686582,0.0370717,w,m
613,NAME,613,0.927927,1,-32.4298,-176.886,1240.75,0.0458787,0.687254,0.0350639,w,m
614,NAME,614,0.927553,1,-32.4009,-176.846,1240.48,0.0456073,0.686816,0.035076,w,m
7169,NAME,7169,0.975856,1,-126.452,-195.223,1339.02,0.0517558,-0.456221,-0.193202,w,m
7170,NAME,7170,0.976354,1,-126.613,-195.607,1339.5,0.0506662,-0.456402,-0.1931,w,m
7171,NAME,7171,0.976392,1,-126.693,-195.836,1339.25,0.0479144,-0.45666,-0.193001,w,m
7172,NAME,7172,0.976156,1,-126.71,-195.83,1339.22,0.047782,-0.458138,-0.192727,w,m
7173,NAME,7173,0.974245,1,-126.831,-195.879,1340.36,0.0471231,-0.458368,-0.192322,w,m
7174,NAME,7174,0.969747,1,-127.441,-196.348,1344.33,0.0351941,-0.459548,-0.197387,w,m
7175,NAME,7175,0.974309,1,-126.992,-195.957,1340.07,0.0281245,-0.460039,-0.202359,w,m
7176,NAME,7176,0.976165,1,-127.037,-196.228,1340.54,0.0253659,-0.458563,-0.202823,w,m
7177,NAME,7177,0.975893,1,-127.016,-196.189,1340.36,0.0266814,-0.459169,-0.202577,w,m
7178,NAME,7178,0.976172,1,-127.122,-195.824,1341.5,0.0390205,-0.454872,-0.198441,w,m
7179,NAME,7179,0.976868,1,-127.012,-195.135,1341.37,0.0526834,-0.453495,-0.194669,w,m
7180,NAME,7180,0.977681,1,-126.873,-194.717,1340.98,0.0566285,-0.453787,-0.192943,w,m
7181,NAME,7181,0.976876,1,-126.872,-194.764,1341.29,0.0558873,-0.454479,-0.192749,w,m
7182,NAME,7182,0.97697,1,-126.628,-194.855,1338.97,0.0481235,-0.456956,-0.196102,w,m
7183,NAME,7183,0.976955,1,-126.688,-195.677,1338.82,0.0332019,-0.457617,-0.201037,w,m
7184,NAME,7184,0.976,1,-126.932,-196.666,1339.98,0.0244175,-0.456155,-0.203765,w,m
7185,NAME,7185,0.976938,1,-127.065,-197.28,1340.08,0.0231532,-0.455791,-0.204887,w,m
7186,NAME,7186,0.976534,1,-127.154,-197.161,1339.69,0.0226067,-0.453145,-0.206853,w,m
7187,NAME,7187,0.973558,1,-127.702,-197.044,1344.86,0.032168,-0.454634,-0.206128,w,m
7188,NAME,7188,0.972439,1,-127.911,-196.26,1347.37,0.0421246,-0.449686,-0.203821,w,m
7189,NAME,7189,0.972719,1,-127.804,-194.991,1347.37,0.0553907,-0.448809,-0.197602,w,m
7190,NAME,7190,0.973961,1,-127.705,-194.185,1346.8,0.0621257,-0.446758,-0.193734,w,m
7191,NAME,7191,0.97294,1,-127.617,-194.252,1344.69,0.0547705,-0.450681,-0.196041,w,m
7192,NAME,7192,0.974721,1,-127.852,-195.245,1343.08,0.040175,-0.448766,-0.201575,w,m
7193,NAME,7193,0.976539,1,-128.04,-196.444,1339.35,0.0204987,-0.447025,-0.20903,w,m
7194,NAME,7194,0.977348,1,-128.645,-197.86,1337.09,0.000895203,-0.44379,-0.216714,w,m
7195,NAME,7195,0.979046,1,-129.297,-199.618,1336.57,-0.0220433,-0.440276,-0.225388,w,m
7196,NAME,7196,0.979643,1,-130.029,-200.591,1336.36,-0.0377141,-0.436748,-0.233298,w,m
7197,NAME,7197,0.979389,1,-130.691,-200.542,1335.95,-0.035648,-0.434413,-0.236837,w,m
7198,NAME,7198,0.979654,1,-131.043,-199.981,1337.13,-0.0205176,-0.433784,-0.234366,w,m
7199,NAME,7199,0.97831,1,-131.448,-199.046,1339.84,0.00324621,-0.431411,-0.230307,w,m
7200,NAME,7200,0.978933,1,-131.427,-197.595,1339.96,0.021157,-0.430181,-0.222862,w,m
7201,NAME,7201,0.979299,1,-131.387,-196.637,1340.36,0.0271124,-0.428609,-0.218437,w,m
7202,NAME,7202,0.980513,1,-131.449,-196.654,1340.75,0.024303,-0.428022,-0.217622,w,m
7203,NAME,7203,0.980062,1,-131.55,-196.89,1339.08,0.0142466,-0.428575,-0.221035,w,m
7204,NAME,7204,0.981294,1,-131.681,-197.664,1338.31,0.00377091,-0.428317,-0.22275,w,m
7205,NAME,7205,0.98152,1,-131.911,-198.42,1338.15,-0.00224493,-0.430079,-0.224991,w,m
7206,NAME,7206,0.982036,1,-131.86,-198.291,1337.29,-0.00148905,-0.429793,-0.22488,w,m
7207,NAME,7207,0.983019,1,-132.048,-198,1338.29,0.0073685,-0.428732,-0.222005,w,m
7208,NAME,7208,0.98214,1,-132.13,-197.511,1338.88,0.0152331,-0.426877,-0.219037,w,m
7209,NAME,7209,0.98218,1,-131.949,-196.842,1338.22,0.0197665,-0.426175,-0.218023,w,m
7210,NAME,7210,0.981706,1,-131.791,-196.674,1337.28,0.0194468,-0.4264,-0.217802,w,m
7211,NAME,7211,0.981832,1,-131.403,-196.498,1335.81,0.0183367,-0.429686,-0.217616,w,m
7212,NAME,7212,0.980801,1,-130.875,-196.337,1332.72,0.012628,-0.429921,-0.216548,w,m
7213,NAME,7213,0.981346,1,-130.548,-196.443,1331.47,0.010078,-0.432469,-0.214975,w,m
4845,NAME,4845,0.888235,1,10.4976,-249.215,1372.48,-0.0593895,0.713362,0.26312,m,m
4846,NAME,4846,0.887528,1,13.8078,-250.111,1383.89,-0.0504316,0.705757,0.259426,m,m
4847,NAME,4847,0.875021,1,16.3953,-249.945,1393.17,-0.0424502,0.698328,0.253755,m,m
4848,NAME,4848,0.868425,1,18.362,-249.121,1398.63,-0.0368718,0.690996,0.242035,m,m
4849,NAME,4849,0.851148,1,19.4617,-248.226,1394.93,-0.0479634,0.685924,0.2415,m,m
4850,NAME,4850,0.858896,1,19.9861,-249.473,1391.47,-0.0702124,0.680369,0.256085,m,m
4851,NAME,4851,0.848906,1,19.8965,-254.181,1392.41,-0.0986025,0.66999,0.275776,m,m
4852,NAME,4852,0.866773,1,19.2885,-259.667,1393.42,-0.125328,0.662802,0.298024,m,m
4853,NAME,4853,0.854993,1,18.6923,-264.109,1396.08,-0.136662,0.662624,0.312117,m,m
4854,NAME,4854,0.860616,1,18.7123,-266.567,1397.14,-0.145271,0.661764,0.324129,m,m
4855,NAME,4855,0.853134,1,19.267,-268.313,1402.74,-0.155133,0.66062,0.337607,m,m
4856,NAME,4856,0.837236,1,19.2736,-264.023,1390.65,-0.131509,0.680477,0.33574,m,m
4857,NAME,4857,0.864306,1,16.9268,-253.864,1353.11,-0.123825,0.718553,0.331425,m,m
4858,NAME,4858,0.870565,1,14.9798,-250.544,1341.03,-0.126235,0.723415,0.327778,m,m
4859,NAME,4859,0.877394,1,13.6983,-254.705,1356.5,-0.133315,0.71608,0.325116,m,m
4860,NAME,4860,0.839418,1,12.9239,-263.619,1395.62,-0.107536,0.687255,0.317038,m,m
4861,NAME,4861,0.824403,1,9.87047,-269.906,1421.91,-0.119809,0.666128,0.324513,m,m
4862,NAME,4862,0.822398,1,5.8245,-269.328,1423.68,-0.110083,0.666008,0.321597,m,m
4863,NAME,4863,0.834806,1,1.61443,-265.408,1414.57,-0.0871525,0.673236,0.302588,m,m
4864,NAME,4864,0.825647,1,-2.39509,-261.548,1408.11,-0.0644243,0.679973,0.276981,m,m
4865,NAME,4865,0.824947,1,-5.82063,-258.264,1404.06,-0.0477521,0.683559,0.255703,m,m
4866,NAME,4866,0.848237,1,-8.00162,-254.797,1401.66,-0.0295077,0.68877,0.229921,m,m
4867,NAME,4867,0.848446,1,-8.03186,-250.112,1398.52,-0.00383378,0.695316,0.201923,m,m
4868,NAME,4868,0.870351,1,-7.18585,-243.795,1391.35,0.0267636,0.704482,0.165205,m,m
4869,NAME,4869,0.85945,1,-7.45031,-238.488,1386.21,0.0417015,0.707543,0.139495,m,m
4870,NAME,4870,0.844758,1,-9.1275,-234.842,1389.09,0.0453492,0.707887,0.135578,m,m
4871,NAME,4871,0.8422,1,-10.7382,-227.128,1382.59,0.0746782,0.720799,0.120163,m,m
4872,NAME,4872,0.849767,1,-12.0341,-214.164,1349.1,0.0919968,0.761037,0.110252,m,m
4873,NAME,4873,0.846684,1,-12.2484,-206.53,1329.75,0.0615028,0.766002,0.126617,m,m
4874,NAME,4874,0.875534,1,-11.5758,-210.619,1364.17,0.0833355,0.730307,0.102255,m,m
4875,NAME,4875,0.877163,1,-12.2875,-211.412,1378.73,0.119812,0.716962,0.0739731,m,m
4876,NAME,4876,0.849949,1,-13.211,-211.265,1376.16,0.138508,0.715514,0.0613648,m,m
4226,NAME,4226,0.884514,1,-156.196,-186.405,1487.48,0.0258994,0.520857,0.186935,w,w
4227,NAME,4227,0.866952,1,-155.439,-189.358,1493.1,0.0224131,0.509865,0.192941,w,w
4228,NAME,4228,0.904796,1,-155.286,-193.123,1495.59,-0.00596612,0.506565,0.213296,w,w
4229,NAME,4229,0.874507,1,-157.001,-198.893,1523.94,-0.0257425,0.495208,0.223983,w,w
4230,NAME,4230,0.868158,1,-158.782,-202.73,1541.75,-0.0442267,0.501891,0.243257,w,w
4231,NAME,4231,0.878439,1,-157.143,-200.028,1533.96,0.0144574,0.484742,0.21571,w,w
4232,NAME,4232,0.858101,1,-158.807,-200.209,1543.58,0.0126402,0.507497,0.218166,w,w
4233,NAME,4233,0.799859,1,-157.587,-195.405,1533.79,0.0577188,0.496295,0.191556,w,w
4234,NAME,4234,0.862046,1,-158.162,-193.621,1529.52,0.0571417,0.504808,0.184957,w,w
4235,NAME,4235,0.869342,1,-157.595,-192.53,1525.11,0.060874,0.494258,0.178876,w,w
4236,NAME,4236,0.895801,1,-156.814,-192.306,1523.58,0.0642462,0.483047,0.16852,w,w
4237,NAME,4237,0.844561,1,-156.59,-192.866,1517.19,0.0416363,0.498438,0.177191,w,w
4238,NAME,4238,0.87016,1,-158.976,-196.544,1526.87,-0.000476064,0.517488,0.208316,w,w
4239,NAME,4239,0.894016,1,-160.676,-198.403,1534.42,-0.0056594,0.52097,0.221933,w,w
4240,NAME,4240,0.883972,1,-162.543,-200.479,1549.32,0.0023655,0.51856,0.221278,w,w
4241,NAME,4241,0.827474,1,-163.508,-199.615,1553.34,0.0127832,0.521495,0.21196,w,w
4242,NAME,4242,0.856836,1,-163.073,-195.983,1550.5,0.0575503,0.516418,0.187778,w,w
4243,NAME,4243,0.805249,1,-162.267,-190.583,1543.75,0.107464,0.508812,0.149986,w,w
4244,NAME,4244,0.809642,1,-161.155,-183.885,1532.54,0.156714,0.516417,0.099539,w,w
4245,NAME,4245,0.730913,1,-160.417,-177.167,1524.84,0.215996,0.512057,0.0517291,w,w
4246,NAME,4246,0.76884,1,-160.073,-172.142,1536.46,0.323666,0.46213,-0.0073847,w,w
4247,NAME,4247,0.752325,1,-159.697,-167.654,1543.46,0.371179,0.435653,-0.0455829,w,w
4248,NAME,4248,0.827475,1,-159.864,-168.157,1570.55,0.35493,0.390093,-0.0615422,w,w
4249,NAME,4249,0.905253,1,-157.591,-168.962,1573.39,0.308421,0.362853,-0.0811817,w,w
4250,NAME,4250,0.860612,1,-156.921,-174.605,1598.07,0.243357,0.327847,-0.0969954,w,w
4251,NAME,4251,0.844246,1,-156.921,-174.605,1598.07,0.243357,0.327847,-0.0969954,w,w
4252,NAME,4252,0.851339,1,-156.921,-174.605,1598.07,0.243357,0.327847,-0.0969954,w,w
4253,NAME,4253,0.89658,1,-137.091,-173.143,1465.17,0.174589,0.285045,-0.0941128,w,w
4254,NAME,4254,0.945414,1,-140.702,-179.327,1488.43,0.11487,0.326484,-0.0848852,w,w
4255,NAME,4255,0.948406,1,-142.72,-182.798,1486.35,0.0705362,0.353348,-0.0664359,w,w
4256,NAME,4256,0.931951,1,-144.381,-182.278,1468.45,0.0675882,0.39607,-0.0432976,w,w
4257,NAME,4257,0.934899,1,-147.576,-182.485,1465.39,0.0736931,0.43711,-0.0163654,w,w
4258,NAME,4258,0.923994,1,-150.373,-181.253,1462.12,0.076367,0.476926,0.0137669,w,w
4259,NAME,4259,0.930258,1,-152.809,-179.784,1456.22,0.0538453,0.495321,0.0540239,w,w
4260,NAME,4260,0.93173,1,-153.494,-178.122,1435.33,0.0344721,0.522109,0.0885936,w,w
4261,NAME,4261,0.928526,1,-152.431,-177.602,1405.62,0.0233788,0.54497,0.100788,w,w
4262,NAME,4262,0.725747,1,-153.268,-180.003,1403.52,-0.000958688,0.568791,0.124542,w,w
4263,NAME,4263,0.816267,1,-153.681,-181.595,1395.34,-0.0271939,0.602336,0.166018,w,w
4264,NAME,4264,0.844001,1,-153.524,-183.68,1399.77,-0.0395559,0.613602,0.18171,w,w
4265,NAME,4265,0.808265,1,-152.371,-184.481,1399.41,-0.0310725,0.607489,0.17365,w,w
4266,NAME,4266,0.779087,1,-148.777,-182.962,1381.67,-0.0376171,0.618366,0.173628,w,w
4267,NAME,4267,0.802725,1,-144.537,-181.116,1357.49,-0.0630338,0.614685,0.183355,w,w
4268,NAME,4268,0.783526,1,-141.574,-181.155,1347.4,-0.0845194,0.630359,0.184583,w,w
4269,NAME,4269,0.773674,1,-136.979,-180.74,1332.9,-0.113849,0.605175,0.189408,w,w
4270,NAME,4270,0.789561,1,-134.608,-182.702,1331.41,-0.148688,0.596521,0.197679,w,w
4271,NAME,4271,0.841409,1,-129.54,-183.124,1320.89,-0.188703,0.572593,0.212053,w,w
4272,NAME,4272,0.851154,1,-126.71,-186.158,1330.9,-0.201374,0.558053,0.203407,w,w
