time_stamp,word,frame,confidence,success,Tx,Ty,Tz,Rx,Ry,Rz,speaker_gender,listener_gender
4847,PT:PRO1PL,4847,0.966927,1,-51.9196,-263.323,1416.26,0.116209,-0.367523,-0.00850177,w,m
4848,PT:PRO1PL,4848,0.967626,1,-51.8725,-263.421,1416.44,0.115479,-0.368365,-0.00868451,w,m
4849,PT:PRO1PL,4849,0.966471,1,-51.7687,-263.406,1415.81,0.114872,-0.369529,-0.00861786,w,m
4850,PT:PRO1PL,4850,0.963651,1,-51.6974,-263.789,1416.36,0.112129,-0.36835,-0.0105453,w,m
4851,PT:PRO1PL,4851,0.962137,1,-51.6705,-263.792,1415.93,0.110844,-0.369902,-0.0112468,w,m
4852,PT:PRO1PL,4852,0.966697,1,-51.6363,-264.153,1416.01,0.109803,-0.370287,-0.0116894,w,m
4853,PT:PRO1PL,4853,0.966388,1,-51.4782,-264.266,1415.21,0.107931,-0.372191,-0.0143152,w,m
4854,PT:PRO1PL,4854,0.966144,1,-51.4585,-264.241,1415.12,0.107844,-0.371947,-0.0148328,w,m
4855,PT:PRO1PL,4855,0.966086,1,-51.4639,-264.347,1415.5,0.107845,-0.371754,-0.0147184,w,m
4856,PT:PRO1PL,4856,0.967491,1,-51.4668,-264.455,1416.01,0.108067,-0.371104,-0.0150397,w,m
4857,PT:PRO1PL,4857,0.966849,1,-51.4495,-264.402,1415.77,0.108155,-0.371373,-0.0151091,w,m
4858,PT:PRO1PL,4858,0.966577,1,-51.4502,-264.442,1416.04,0.108071,-0.371933,-0.0149878,w,m
4859,PT:PRO1PL,4859,0.965518,1,-51.4702,-264.381,1415.9,0.108319,-0.371322,-0.0151656,w,m
4860,PT:PRO1PL,4860,0.960619,1,-51.5808,-264.777,1418.99,0.108223,-0.370029,-0.0165814,w,m
4861,PT:PRO1PL,4861,0.961159,1,-51.6015,-264.457,1418.84,0.108315,-0.371483,-0.017483,w,m
4862,PT:PRO1PL,4862,0.964236,1,-51.9667,-263.987,1419.46,0.118594,-0.371473,-0.0128298,w,m
4863,PT:PRO1PL,4863,0.958602,1,-52.2469,-262.421,1415.27,0.119511,-0.369617,-0.0151882,w,m
4864,PT:PRO1PL,4864,0.952442,1,-52.5688,-261.939,1416.92,0.127959,-0.366351,-0.010422,w,m
4865,PT:PRO1PL,4865,0.951733,1,-53.0425,-261.375,1418.21,0.13303,-0.361679,-0.00730686,w,m
4866,PT:PRO1PL,4866,0.953174,1,-53.4276,-260.734,1417.29,0.136554,-0.359391,-0.00467709,w,m
4867,PT:PRO1PL,4867,0.946061,1,-53.7371,-260.884,1420.03,0.136766,-0.359434,-0.00289685,w,m
4868,PT:PRO1PL,4868,0.947858,1,-53.7668,-260.84,1420.22,0.136832,-0.359428,-0.00288011,w,m
4869,PT:PRO1PL,4869,0.946394,1,-53.7715,-260.705,1419.68,0.136318,-0.360086,-0.00337859,w,m
4870,PT:PRO1PL,4870,0.95119,1,-53.8991,-260.844,1420.71,0.134301,-0.363979,-0.00447653,w,m
4871,PT:PRO1PL,4871,0.948618,1,-53.9145,-260.909,1421.24,0.132687,-0.364665,-0.00587338,w,m
4872,PT:PRO1PL,4872,0.94674,1,-53.8565,-261.126,1421.38,0.129601,-0.365615,-0.00747395,w,m
4873,PT:PRO1PL,4873,0.947093,1,-53.557,-261.466,1421.76,0.128382,-0.371086,-0.00930152,w,m
4874,PT:PRO1PL,4874,0.953488,1,-53.0892,-261.395,1419.81,0.127311,-0.376039,-0.011486,w,m
4875,PT:PRO1PL,4875,0.951227,1,-52.7863,-261.962,1421.01,0.126782,-0.375773,-0.0122117,w,m
4876,PT:PRO1PL,4876,0.95562,1,-52.2327,-262.361,1420.34,0.123809,-0.381088,-0.0127506,w,m
4877,PT:PRO1PL,4877,0.958133,1,-51.8021,-262.74,1419.48,0.121463,-0.385717,-0.0155844,w,m
4878,PT:PRO1PL,4878,0.963809,1,-51.1695,-263.227,1416.88,0.120085,-0.390074,-0.0148199,w,m
4879,PT:PRO1PL,4879,0.962544,1,-50.3579,-264.123,1415.7,0.117062,-0.396531,-0.0145269,w,m
4880,PT:PRO1PL,4880,0.962176,1,-49.2874,-264.474,1411.03,0.121517,-0.403662,-0.00909256,w,m
4881,PT:PRO1PL,4881,0.959547,1,-48.523,-265.753,1412.26,0.11536,-0.417063,-0.0118679,w,m
4882,PT:PRO1PL,4882,0.959234,1,-47.8358,-267.006,1412.64,0.114965,-0.426731,-0.0113359,w,m
4883,PT:PRO1PL,4883,0.957472,1,-47.1618,-267.832,1410.56,0.118237,-0.438543,-0.0103343,w,m
4884,PT:PRO1PL,4884,0.955734,1,-46.5037,-268.897,1409.39,0.114304,-0.4447,-0.00888643,w,m
4885,PT:PRO1PL,4885,0.952674,1,-46.1469,-270.173,1410.09,0.111579,-0.448847,-0.0107839,w,m
4886,PT:PRO1PL,4886,0.953754,1,-45.8158,-271.807,1412.9,0.109274,-0.454949,-0.00927653,w,m
4887,PT:PRO1PL,4887,0.948817,1,-45.4784,-272.798,1412.08,0.10576,-0.455315,-0.00925584,w,m
4888,PT:PRO1PL,4888,0.947872,1,-45.3964,-273.097,1409.5,0.105934,-0.456949,-0.00920108,w,m
4889,PT:PRO1PL,4889,0.950023,1,-45.356,-273.32,1406.89,0.106316,-0.457667,-0.00910819,w,m
4890,PT:PRO1PL,4890,0.941126,1,-45.589,-273.829,1406.75,0.100527,-0.454759,-0.011114,w,m
4891,PT:PRO1PL,4891,0.940933,1,-45.7599,-273.406,1402.39,0.104728,-0.45411,-0.00782203,w,m
4892,PT:PRO1PL,4892,0.936177,1,-46.2571,-274.016,1404.89,0.106075,-0.446997,-0.00658802,w,m
4893,PT:PRO1PL,4893,0.931815,1,-47.0064,-273.451,1404.6,0.108862,-0.440827,-0.00501992,w,m
4894,PT:PRO1PL,4894,0.921751,1,-47.8814,-273.432,1410.37,0.114627,-0.433836,-0.0055018,w,m
4895,PT:PRO1PL,4895,0.92202,1,-49.1095,-272.909,1414.6,0.122824,-0.424933,-0.00221276,w,m
4896,PT:PRO1PL,4896,0.922655,1,-50.3563,-272.428,1419.07,0.118602,-0.403369,-0.004438,w,m
4897,PT:PRO1PL,4897,0.921135,1,-51.4788,-270.71,1416.28,0.117958,-0.391003,-0.00565813,w,m
4898,PT:PRO1PL,4898,0.930105,1,-52.8128,-270.203,1418.35,0.108707,-0.378759,-0.0077221,w,m
4899,PT:PRO1PL,4899,0.923711,1,-53.8803,-270.15,1420.63,0.105783,-0.367027,-0.00980447,w,m
4900,PT:PRO1PL,4900,0.924531,1,-54.3722,-269.57,1418.21,0.106899,-0.365015,-0.00951107,w,m
4901,PT:PRO1PL,4901,0.936308,1,-54.3779,-269.256,1416.08,0.106739,-0.366239,-0.00936469,w,m
4902,PT:PRO1PL,4902,0.940993,1,-53.8187,-269.354,1414.77,0.104444,-0.374368,-0.00971105,w,m
4903,PT:PRO1PL,4903,0.949221,1,-52.9264,-270.146,1415.12,0.0979383,-0.382734,-0.0123758,w,m
4904,PT:PRO1PL,4904,0.947279,1,-51.8913,-270.419,1412.09,0.0995393,-0.393951,-0.00912314,w,m
4905,PT:PRO1PL,4905,0.950641,1,-51.0317,-271.207,1411.83,0.107276,-0.404205,-0.00588874,w,m
4906,PT:PRO1PL,4906,0.94309,1,-50.5182,-272.475,1413.68,0.0995938,-0.41101,-0.0084052,w,m
4907,PT:PRO1PL,4907,0.950007,1,-50.0645,-273.35,1413.79,0.0995614,-0.416165,-0.00923737,w,m
4908,PT:PRO1PL,4908,0.946357,1,-49.8662,-274.001,1414.28,0.09842,-0.422475,-0.00989202,w,m
4909,PT:PRO1PL,4909,0.944809,1,-49.6299,-274.766,1414.97,0.0968131,-0.426187,-0.00949336,w,m
4910,PT:PRO1PL,4910,0.940077,1,-49.5987,-275.292,1414.71,0.0972066,-0.427189,-0.00926852,w,m
4911,PT:PRO1PL,4911,0.939638,1,-49.6438,-275.605,1414.44,0.0923663,-0.427677,-0.00921265,w,m
4912,PT:PRO1PL,4912,0.940403,1,-50.257,-276.274,1416.59,0.0882294,-0.426309,-0.0107167,w,m
4913,PT:PRO1PL,4913,0.941138,1,-50.8297,-276.39,1415.71,0.0872072,-0.422744,-0.0116182,w,m
4914,PT:PRO1PL,4914,0.940644,1,-51.5087,-276.254,1414.46,0.0836049,-0.416511,-0.0129058,w,m
4915,PT:PRO1PL,4915,0.934593,1,-52.0472,-275.94,1412.57,0.0767386,-0.414802,-0.016567,w,m
4916,PT:PRO1PL,4916,0.937042,1,-52.2566,-275.238,1409,0.0784482,-0.410302,-0.018392,w,m
4917,PT:PRO1PL,4917,0.938319,1,-52.1908,-274.823,1407.14,0.0800813,-0.411105,-0.0181081,w,m
4918,PT:PRO1PL,4918,0.939313,1,-51.7389,-274.11,1402.74,0.0822919,-0.41499,-0.0168096,w,m
681,PT:PRO1PL,681,0.887292,1,-97.6409,-194.275,1162.95,0.39349,0.739747,-0.274208,w,w
682,PT:PRO1PL,682,0.887881,1,-97.7919,-194.201,1162.28,0.398932,0.744204,-0.279686,w,w
683,PT:PRO1PL,683,0.889061,1,-97.8929,-194.026,1161.28,0.400893,0.747914,-0.282917,w,w
684,PT:PRO1PL,684,0.890513,1,-97.6647,-193.464,1158.91,0.408814,0.752606,-0.289659,w,w
685,PT:PRO1PL,685,0.887259,1,-97.6112,-193.11,1158.42,0.415453,0.755942,-0.294358,w,w
686,PT:PRO1PL,686,0.88601,1,-97.2993,-192.463,1155.75,0.420231,0.761013,-0.297512,w,w
687,PT:PRO1PL,687,0.886769,1,-96.9639,-191.795,1152.99,0.424292,0.76669,-0.300649,w,w
688,PT:PRO1PL,688,0.886775,1,-96.8905,-191.764,1152.8,0.423043,0.771574,-0.300849,w,w
689,PT:PRO1PL,689,0.886069,1,-96.9253,-191.929,1153.52,0.421479,0.774082,-0.300466,w,w
690,PT:PRO1PL,690,0.886111,1,-97.0358,-191.9,1153.61,0.416192,0.778288,-0.295398,w,w
691,PT:PRO1PL,691,0.872932,1,-97.0647,-191.738,1153.08,0.40971,0.783083,-0.290885,w,w
692,PT:PRO1PL,692,0.858371,1,-97.5161,-191.404,1155.82,0.402419,0.781685,-0.290787,w,w
693,PT:PRO1PL,693,0.834119,1,-97.4114,-190.037,1153.58,0.4011,0.772983,-0.293996,w,w
694,PT:PRO1PL,694,0.819885,1,-96.6918,-188.897,1149.21,0.406144,0.764289,-0.301775,w,w
695,PT:PRO1PL,695,0.808552,1,-96.5626,-189.465,1152.16,0.399862,0.750373,-0.30343,w,w
696,PT:PRO1PL,696,0.826139,1,-96.3868,-190.819,1157.86,0.392811,0.72761,-0.309605,w,w
697,PT:PRO1PL,697,0.819388,1,-96.0203,-191.462,1161.53,0.381577,0.708021,-0.312657,w,w
698,PT:PRO1PL,698,0.831459,1,-95.4338,-193.263,1169.4,0.350046,0.677471,-0.303734,w,w
699,PT:PRO1PL,699,0.845519,1,-93.839,-193.831,1171.83,0.335275,0.659632,-0.302326,w,w
700,PT:PRO1PL,700,0.875466,1,-91.9575,-195.567,1177.66,0.303638,0.646677,-0.291598,w,w
701,PT:PRO1PL,701,0.862392,1,-89.0049,-196.162,1177.23,0.284172,0.639575,-0.281104,w,w
702,PT:PRO1PL,702,0.856995,1,-86.464,-197.96,1181.55,0.263288,0.607184,-0.273952,w,w
703,PT:PRO1PL,703,0.930704,1,-84.1683,-200.891,1192.07,0.227809,0.533109,-0.260348,w,w
704,PT:PRO1PL,704,0.926999,1,-81.0186,-202.743,1201.64,0.22728,0.474353,-0.263784,w,w
705,PT:PRO1PL,705,0.917543,1,-76.8856,-205.618,1211.71,0.211298,0.422019,-0.260232,w,w
706,PT:PRO1PL,706,0.917281,1,-73.8886,-210.122,1230.75,0.190397,0.358753,-0.25479,w,w
707,PT:PRO1PL,707,0.915018,1,-70.05,-212.755,1241.11,0.185144,0.301236,-0.251964,w,w
708,PT:PRO1PL,708,0.925094,1,-66.4371,-214.229,1246.62,0.185102,0.25992,-0.247914,w,w
709,PT:PRO1PL,709,0.929982,1,-63.1083,-214.181,1245.16,0.191536,0.236162,-0.242287,w,w
710,PT:PRO1PL,710,0.932446,1,-61.1002,-213.733,1242.56,0.191427,0.227016,-0.233548,w,w
711,PT:PRO1PL,711,0.934055,1,-60.0888,-213.886,1244.5,0.195081,0.228395,-0.224597,w,w
712,PT:PRO1PL,712,0.932194,1,-60.1161,-213.381,1243.04,0.198583,0.245763,-0.218637,w,w
713,PT:PRO1PL,713,0.929349,1,-60.3541,-213.198,1243.27,0.200837,0.26072,-0.211409,w,w
714,PT:PRO1PL,714,0.927693,1,-61.3553,-213.073,1244.44,0.206623,0.273143,-0.204999,w,w
715,PT:PRO1PL,715,0.9247,1,-62.2839,-213.129,1245.96,0.204804,0.288085,-0.196673,w,w
716,PT:PRO1PL,716,0.923398,1,-63.4574,-213.623,1249.8,0.207684,0.305451,-0.193404,w,w
717,PT:PRO1PL,717,0.919593,1,-64.6621,-213.812,1251.53,0.204762,0.326165,-0.186177,w,w
718,PT:PRO1PL,718,0.920242,1,-65.6149,-214.183,1253.12,0.202838,0.338422,-0.183339,w,w
719,PT:PRO1PL,719,0.923753,1,-66.4685,-214.443,1254.22,0.202348,0.352054,-0.181419,w,w
720,PT:PRO1PL,720,0.925231,1,-66.8514,-215.023,1255.68,0.200183,0.360059,-0.178151,w,w
721,PT:PRO1PL,721,0.927903,1,-67.2788,-214.666,1253.42,0.19899,0.370938,-0.169902,w,w
722,PT:PRO1PL,722,0.92441,1,-67.318,-214.648,1252.92,0.200974,0.37127,-0.167549,w,w
723,PT:PRO1PL,723,0.922136,1,-67.3212,-214.561,1252.14,0.203788,0.37285,-0.166705,w,w
724,PT:PRO1PL,724,0.925984,1,-67.7897,-214.85,1253.32,0.201168,0.377484,-0.161619,w,w
725,PT:PRO1PL,725,0.925308,1,-68.2957,-215.285,1255.69,0.197485,0.380287,-0.156164,w,w
726,PT:PRO1PL,726,0.923727,1,-68.3231,-215.325,1255.8,0.197136,0.380584,-0.155386,w,w
727,PT:PRO1PL,727,0.922935,1,-68.3489,-215.396,1256.12,0.196556,0.381046,-0.154511,w,w
728,PT:PRO1PL,728,0.925152,1,-68.4193,-215.531,1256.84,0.196272,0.382622,-0.153556,w,w
729,PT:PRO1PL,729,0.923564,1,-68.6496,-215.787,1258.53,0.194506,0.386498,-0.150332,w,w
730,PT:PRO1PL,730,0.922527,1,-68.9398,-215.87,1259.11,0.195265,0.389143,-0.15013,w,w
731,PT:PRO1PL,731,0.921331,1,-69.0011,-215.914,1259.36,0.19585,0.389746,-0.149819,w,w
954,PT:PRO1PL,954,0.783889,1,-98.3339,-208.654,1205.93,0.125484,0.623424,-0.175595,w,w
955,PT:PRO1PL,955,0.773325,1,-98.1224,-207.087,1200.43,0.126357,0.625229,-0.177005,w,w
956,PT:PRO1PL,956,0.772677,1,-98.0074,-206.353,1199.4,0.126701,0.625113,-0.177093,w,w
957,PT:PRO1PL,957,0.780449,1,-97.8924,-205.815,1198.12,0.123179,0.622975,-0.177603,w,w
958,PT:PRO1PL,958,0.781894,1,-97.5645,-205.544,1198.56,0.121087,0.623791,-0.178283,w,w
959,PT:PRO1PL,959,0.761544,1,-96.6877,-205.011,1196.76,0.118548,0.626438,-0.176223,w,w
960,PT:PRO1PL,960,0.749987,1,-95.4529,-204.268,1193.15,0.10672,0.627879,-0.164652,w,w
961,PT:PRO1PL,961,0.730639,1,-93.8405,-203.858,1188.44,0.0971031,0.623805,-0.149528,w,w
962,PT:PRO1PL,962,0.85635,1,-94.0364,-212.188,1224.7,0.169922,0.389067,-0.174172,w,w
963,PT:PRO1PL,963,0.883017,1,-93.3698,-213.347,1230.82,0.163343,0.487336,-0.179827,w,w
964,PT:PRO1PL,964,0.869648,1,-91.7897,-214.487,1232.86,0.144631,0.515674,-0.166323,w,w
965,PT:PRO1PL,965,0.872578,1,-89.4192,-214.621,1229.22,0.134596,0.518663,-0.153572,w,w
966,PT:PRO1PL,966,0.888781,1,-87.0699,-214.518,1223.46,0.122508,0.520768,-0.139477,w,w
967,PT:PRO1PL,967,0.893551,1,-84.8235,-214.364,1216.21,0.102077,0.522945,-0.123586,w,w
968,PT:PRO1PL,968,0.932947,1,-82.6137,-213.541,1207.2,0.0859484,0.521986,-0.103383,w,w
969,PT:PRO1PL,969,0.924421,1,-80.6485,-213.825,1203.28,0.0744012,0.521434,-0.0919054,w,w
970,PT:PRO1PL,970,0.925616,1,-78.8125,-214.456,1203.24,0.0635186,0.510631,-0.0759399,w,w
1839,PT:PRO1PL,1839,0.939054,1,-80.2983,-227.535,1225.34,-0.0297333,0.508608,0.0119392,w,w
1840,PT:PRO1PL,1840,0.939122,1,-80.4468,-227.971,1227.02,-0.0294279,0.507732,0.0119258,w,w
1841,PT:PRO1PL,1841,0.937702,1,-80.53,-228.107,1227.64,-0.0287646,0.507447,0.0118672,w,w
1842,PT:PRO1PL,1842,0.938186,1,-80.5547,-228.175,1228.07,-0.0286959,0.507528,0.0122912,w,w
1843,PT:PRO1PL,1843,0.938834,1,-80.5296,-228.175,1228.23,-0.0287921,0.507947,0.0128079,w,w
1844,PT:PRO1PL,1844,0.93844,1,-80.5118,-228.108,1227.88,-0.028063,0.507949,0.012816,w,w
1845,PT:PRO1PL,1845,0.937252,1,-80.5115,-228.027,1227.37,-0.0268378,0.507516,0.0125773,w,w
1846,PT:PRO1PL,1846,0.938582,1,-80.5323,-228.021,1227.28,-0.0258647,0.507299,0.0122749,w,w
1847,PT:PRO1PL,1847,0.938759,1,-80.5552,-228.043,1227.3,-0.0252071,0.507245,0.0119553,w,w
1848,PT:PRO1PL,1848,0.939211,1,-80.6134,-228.227,1227.88,-0.0262673,0.50745,0.012422,w,w
1849,PT:PRO1PL,1849,0.94033,1,-80.8709,-228.985,1230.92,-0.0289854,0.507236,0.0144295,w,w
1850,PT:PRO1PL,1850,0.942781,1,-80.8983,-229.393,1231.37,-0.0285491,0.507156,0.0146277,w,w
1851,PT:PRO1PL,1851,0.943407,1,-80.9203,-229.83,1231.92,-0.0284604,0.50673,0.014715,w,w
1852,PT:PRO1PL,1852,0.942856,1,-80.9647,-230.292,1232.83,-0.0287697,0.506287,0.0144655,w,w
1853,PT:PRO1PL,1853,0.942579,1,-81.0441,-230.766,1234.14,-0.0306264,0.505558,0.0139337,w,w
1854,PT:PRO1PL,1854,0.943794,1,-81.0802,-230.739,1233.76,-0.0301511,0.505164,0.0140062,w,w
1855,PT:PRO1PL,1855,0.944303,1,-81.3716,-230.783,1233.67,-0.0303307,0.505202,0.0146298,w,w
1856,PT:PRO1PL,1856,0.943503,1,-81.4185,-230.835,1233.56,-0.0301515,0.504821,0.0147761,w,w
1857,PT:PRO1PL,1857,0.941897,1,-81.4236,-230.815,1232.84,-0.0296417,0.504867,0.0136545,w,w
1858,PT:PRO1PL,1858,0.942628,1,-81.5393,-231.329,1234.21,-0.0308269,0.504563,0.0157652,w,w
1859,PT:PRO1PL,1859,0.943141,1,-81.6177,-231.882,1235.93,-0.0325274,0.505296,0.0194775,w,w
1860,PT:PRO1PL,1860,0.945018,1,-81.4552,-231.894,1235.96,-0.0356702,0.505132,0.0232712,w,w
1861,PT:PRO1PL,1861,0.944186,1,-81.1754,-231.858,1235.58,-0.0417683,0.504275,0.0303662,w,w
1862,PT:PRO1PL,1862,0.945653,1,-80.9088,-232.052,1236.62,-0.0416872,0.503121,0.0308287,w,w
1863,PT:PRO1PL,1863,0.948418,1,-80.3807,-232.184,1237.4,-0.0411782,0.501859,0.0308731,w,w
1864,PT:PRO1PL,1864,0.949621,1,-80.128,-231.868,1235.85,-0.040235,0.501063,0.0309467,w,w
1865,PT:PRO1PL,1865,0.95361,1,-79.8101,-232.033,1236.95,-0.0400727,0.500873,0.0319973,w,w
1866,PT:PRO1PL,1866,0.953981,1,-79.7452,-232.035,1236.96,-0.0402991,0.500308,0.0323981,w,w
1867,PT:PRO1PL,1867,0.95333,1,-79.6842,-232.059,1236.96,-0.0408582,0.499731,0.0329429,w,w
1868,PT:PRO1PL,1868,0.953333,1,-79.6293,-232.048,1236.84,-0.0409905,0.499303,0.0332668,w,w
1869,PT:PRO1PL,1869,0.953002,1,-79.579,-232.009,1236.61,-0.041113,0.499008,0.033493,w,w
1870,PT:PRO1PL,1870,0.952211,1,-79.5274,-232.001,1236.26,-0.0411326,0.498491,0.0338587,w,w
1871,PT:PRO1PL,1871,0.950854,1,-79.4561,-231.952,1235.49,-0.0393088,0.498089,0.0344476,w,w
1872,PT:PRO1PL,1872,0.94984,1,-79.5515,-232.426,1237.12,-0.0407291,0.49718,0.0346581,w,w
1873,PT:PRO1PL,1873,0.948957,1,-79.5789,-232.536,1237.39,-0.0415878,0.497169,0.0346209,w,w
1874,PT:PRO1PL,1874,0.947977,1,-79.6231,-232.66,1237.76,-0.0418804,0.497232,0.034074,w,w
1875,PT:PRO1PL,1875,0.948723,1,-79.6811,-232.803,1238.06,-0.0413059,0.498156,0.0319971,w,w
1876,PT:PRO1PL,1876,0.951298,1,-79.7081,-232.833,1238.13,-0.0411164,0.498338,0.0314366,w,w
1877,PT:PRO1PL,1877,0.951854,1,-79.7226,-232.811,1237.97,-0.0409843,0.498763,0.0311355,w,w
1878,PT:PRO1PL,1878,0.952055,1,-79.7312,-232.793,1237.87,-0.0408529,0.498982,0.0307945,w,w
1879,PT:PRO1PL,1879,0.952351,1,-79.7155,-232.745,1237.65,-0.0407376,0.49905,0.0303818,w,w
1880,PT:PRO1PL,1880,0.951849,1,-79.6938,-232.751,1237.5,-0.0420379,0.49879,0.0303473,w,w
1881,PT:PRO1PL,1881,0.949427,1,-79.633,-232.805,1237.4,-0.044123,0.497756,0.0303433,w,w
1882,PT:PRO1PL,1882,0.951859,1,-79.5525,-232.868,1236.91,-0.0504577,0.49705,0.0307844,w,w
1883,PT:PRO1PL,1883,0.95384,1,-79.5405,-233.138,1237.36,-0.053607,0.496637,0.0310228,w,w
1884,PT:PRO1PL,1884,0.954935,1,-79.4572,-233.137,1237.2,-0.053321,0.496721,0.031247,w,w
1885,PT:PRO1PL,1885,0.956404,1,-79.0869,-232.988,1236,-0.0524787,0.496605,0.0315522,w,w
1886,PT:PRO1PL,1886,0.954546,1,-79.0038,-232.902,1235.26,-0.0534326,0.496599,0.0315618,w,w
1887,PT:PRO1PL,1887,0.952842,1,-78.9245,-232.802,1234.46,-0.0543109,0.496748,0.0318566,w,w
1888,PT:PRO1PL,1888,0.953241,1,-78.8547,-232.684,1233.7,-0.0547602,0.496917,0.0319041,w,w
1889,PT:PRO1PL,1889,0.953676,1,-78.7959,-232.578,1233.07,-0.0550239,0.497052,0.0318328,w,w
4426,PT:PRO1PL,4426,0.963809,1,-4.40158,-208.883,1138.89,0.0629594,0.22104,-0.0210245,w,w
4427,PT:PRO1PL,4427,0.972671,1,-5.0432,-209.054,1136.18,0.0389612,0.232041,-0.0281926,w,w
4428,PT:PRO1PL,4428,0.968376,1,-6.42533,-210.337,1131.62,-0.0186845,0.251134,-0.01993,w,w
4429,PT:PRO1PL,4429,0.967683,1,-8.33588,-212.143,1126.76,-0.0911751,0.277927,0.0016443,w,w
4430,PT:PRO1PL,4430,0.949649,1,-10.4065,-211.81,1108.9,-0.135617,0.321065,0.0230338,w,w
4431,PT:PRO1PL,4431,0.944118,1,-12.2055,-211.755,1097.79,-0.136891,0.363186,0.0355752,w,w
4432,PT:PRO1PL,4432,0.922198,1,-14.5493,-212.597,1093.02,-0.14132,0.409175,0.0501316,w,w
4433,PT:PRO1PL,4433,0.913869,1,-16.4396,-215.656,1097.64,-0.147586,0.440819,0.0589746,w,w
4434,PT:PRO1PL,4434,0.947675,1,-17.3579,-218.236,1100.59,-0.152923,0.461254,0.0649675,w,w
4435,PT:PRO1PL,4435,0.93257,1,-17.7775,-222.452,1111.61,-0.155607,0.470252,0.0650908,w,w
4436,PT:PRO1PL,4436,0.940169,1,-17.6857,-225.673,1118.85,-0.161999,0.475109,0.0612429,w,w
4437,PT:PRO1PL,4437,0.91862,1,-18.0307,-229.633,1131,-0.149355,0.47327,0.059074,w,w
4438,PT:PRO1PL,4438,0.927622,1,-18.659,-232.702,1139,-0.151224,0.470455,0.0574239,w,w
4439,PT:PRO1PL,4439,0.928469,1,-19.9596,-236.504,1150.29,-0.171418,0.472449,0.0647921,w,w
4440,PT:PRO1PL,4440,0.926921,1,-21.666,-240.484,1163.45,-0.190993,0.472319,0.074749,w,w
4441,PT:PRO1PL,4441,0.92311,1,-23.2312,-242.409,1171.25,-0.202284,0.460015,0.0848846,w,w
4442,PT:PRO1PL,4442,0.926064,1,-25.2291,-243.104,1176.97,-0.186967,0.456957,0.0891315,w,w
4443,PT:PRO1PL,4443,0.946311,1,-27.3488,-242.128,1176.6,-0.167295,0.458523,0.0929165,w,w
4444,PT:PRO1PL,4444,0.952797,1,-29.6863,-242.406,1182.07,-0.162273,0.440259,0.0995176,w,w
4445,PT:PRO1PL,4445,0.945314,1,-32.7013,-243.353,1192.19,-0.159518,0.424552,0.113815,w,w
4446,PT:PRO1PL,4446,0.959046,1,-35.969,-242.242,1196.84,-0.154153,0.406987,0.127669,w,w
4447,PT:PRO1PL,4447,0.954793,1,-39.8516,-240.396,1201.35,-0.125153,0.408449,0.139811,w,w
4448,PT:PRO1PL,4448,0.952244,1,-43.7377,-236.135,1199.22,-0.082835,0.427064,0.13774,w,w
4449,PT:PRO1PL,4449,0.944616,1,-47.6249,-230.33,1193.57,-0.062202,0.45442,0.130243,w,w
4450,PT:PRO1PL,4450,0.908329,1,-51.4937,-226.998,1197.7,-0.0147178,0.451604,0.107548,w,w
4451,PT:PRO1PL,4451,0.830396,1,-54.414,-226.795,1213.17,0.059607,0.423816,0.0497532,w,w
4452,PT:PRO1PL,4452,0.765089,1,-57.5163,-225.086,1214.55,0.165777,0.430255,-0.0106168,w,w
4454,PT:PRO1PL,4454,0.847436,1,-65.7861,-203.864,1154.44,0.160157,0.520653,-0.0256822,w,w
4455,PT:PRO1PL,4455,0.835382,1,-65.7619,-198.013,1131.62,0.167765,0.528594,-0.0203274,w,w
6788,PT:PRO1PL,6788,0.972008,1,10.581,-284.882,1309.14,0.226797,-0.433729,-0.0093817,m,m
6789,PT:PRO1PL,6789,0.971141,1,10.7973,-285.465,1309.81,0.220082,-0.433667,-0.0142606,m,m
6790,PT:PRO1PL,6790,0.970599,1,10.9071,-285.585,1308.85,0.219548,-0.439184,-0.0171623,m,m
6791,PT:PRO1PL,6791,0.969938,1,11.0489,-285.702,1307.93,0.216913,-0.441378,-0.0204705,m,m
6792,PT:PRO1PL,6792,0.96885,1,11.0853,-285.808,1308.12,0.21607,-0.44204,-0.021132,m,m
6793,PT:PRO1PL,6793,0.968967,1,11.1148,-285.876,1308.11,0.215145,-0.442816,-0.0219963,m,m
6794,PT:PRO1PL,6794,0.968205,1,11.1359,-286.004,1308.5,0.214771,-0.443006,-0.0228087,m,m
6795,PT:PRO1PL,6795,0.967039,1,11.1561,-286.157,1309.08,0.214703,-0.443236,-0.0235343,m,m
6796,PT:PRO1PL,6796,0.966963,1,11.0781,-286.574,1310.86,0.213469,-0.444504,-0.0251974,m,m
6797,PT:PRO1PL,6797,0.967612,1,10.9188,-286.92,1312.3,0.210878,-0.444622,-0.0280998,m,m
6798,PT:PRO1PL,6798,0.968118,1,10.8574,-287.214,1312.33,0.211019,-0.445305,-0.0287533,m,m
6799,PT:PRO1PL,6799,0.966517,1,10.7106,-286.511,1307.22,0.210988,-0.447671,-0.0310946,m,m
6800,PT:PRO1PL,6800,0.952311,1,10.863,-287.5,1303.37,0.170078,-0.463585,-0.0475263,m,m
6801,PT:PRO1PL,6801,0.912121,1,11.4918,-288.577,1295.29,0.109514,-0.475203,-0.0745553,m,m
6802,PT:PRO1PL,6802,0.864598,1,12.6516,-291.887,1294.2,0.0701443,-0.499256,-0.0965767,m,m
6803,PT:PRO1PL,6803,0.872028,1,13.118,-295.474,1293.2,0.0385013,-0.510211,-0.118696,m,m
6804,PT:PRO1PL,6804,0.859818,1,13.3437,-298.63,1292.37,0.0181814,-0.515901,-0.132623,m,m
6805,PT:PRO1PL,6805,0.865088,1,13.3847,-300.397,1290.5,0.00974224,-0.516778,-0.142076,m,m
6806,PT:PRO1PL,6806,0.898546,1,13.6592,-301.074,1287.99,0.0216893,-0.518993,-0.14666,m,m
6807,PT:PRO1PL,6807,0.895975,1,13.7312,-301.838,1289.97,0.0362863,-0.51284,-0.147589,m,m
6808,PT:PRO1PL,6808,0.908402,1,13.6812,-302.773,1296.07,0.0560173,-0.503192,-0.142087,m,m
6809,PT:PRO1PL,6809,0.922343,1,13.4804,-301.599,1295.7,0.0754271,-0.49657,-0.136475,m,m
6810,PT:PRO1PL,6810,0.931281,1,13.3381,-300.272,1296.41,0.0925501,-0.491289,-0.126763,m,m
6811,PT:PRO1PL,6811,0.931841,1,13.2077,-300.022,1302.16,0.10727,-0.485682,-0.117292,m,m
6812,PT:PRO1PL,6812,0.94655,1,12.9386,-298.704,1303.89,0.128628,-0.487879,-0.10524,m,m
6813,PT:PRO1PL,6813,0.941411,1,12.9698,-297.544,1305.17,0.136681,-0.482781,-0.0944764,m,m
6814,PT:PRO1PL,6814,0.952844,1,12.9394,-296.267,1305.86,0.148185,-0.487113,-0.0874677,m,m
6815,PT:PRO1PL,6815,0.956453,1,12.9199,-294.976,1307.31,0.159831,-0.483699,-0.0811693,m,m
6816,PT:PRO1PL,6816,0.955827,1,12.8271,-292.981,1304.01,0.171034,-0.480972,-0.0765528,m,m
6817,PT:PRO1PL,6817,0.962078,1,13.1808,-291.425,1302.73,0.178922,-0.477821,-0.0713695,m,m
6818,PT:PRO1PL,6818,0.961058,1,13.7237,-290.588,1302.39,0.186753,-0.478524,-0.0675871,m,m
6819,PT:PRO1PL,6819,0.964195,1,14.4403,-289.716,1301.21,0.192969,-0.479058,-0.0624637,m,m
6820,PT:PRO1PL,6820,0.963062,1,15.1579,-289.759,1301.55,0.192074,-0.479517,-0.0596147,m,m
6821,PT:PRO1PL,6821,0.962996,1,15.7546,-289.737,1301.32,0.192249,-0.480342,-0.0590274,m,m
6822,PT:PRO1PL,6822,0.961372,1,16.3971,-289.751,1301.06,0.189166,-0.480244,-0.0584405,m,m
6823,PT:PRO1PL,6823,0.962125,1,17.2756,-290.34,1302.71,0.184968,-0.47995,-0.0582088,m,m
6824,PT:PRO1PL,6824,0.960722,1,18.0938,-289.946,1300.2,0.187601,-0.478334,-0.0548843,m,m
6825,PT:PRO1PL,6825,0.960976,1,18.8089,-289.875,1299.33,0.189407,-0.478335,-0.0513771,m,m
6826,PT:PRO1PL,6826,0.955894,1,19.4454,-289.509,1297.5,0.191033,-0.475622,-0.0492153,m,m
6827,PT:PRO1PL,6827,0.958017,1,20.0444,-289.085,1295.53,0.190019,-0.473704,-0.0461951,m,m
6828,PT:PRO1PL,6828,0.957574,1,20.5728,-288.75,1294.62,0.188667,-0.475099,-0.0443766,m,m
6829,PT:PRO1PL,6829,0.956009,1,21.0279,-288.065,1292.3,0.188452,-0.479226,-0.0428592,m,m
6830,PT:PRO1PL,6830,0.953357,1,21.2169,-287.364,1290.9,0.190945,-0.479245,-0.0404514,m,m
6831,PT:PRO1PL,6831,0.954245,1,21.4624,-286.544,1289.1,0.193967,-0.481099,-0.0383358,m,m
6832,PT:PRO1PL,6832,0.949898,1,21.456,-285.507,1286.26,0.196358,-0.482218,-0.0378193,m,m
463,PT:PRO1PL,463,0.938276,1,-117.609,-313.44,1604.97,-0.0951564,-0.34723,-0.0756017,w,m
464,PT:PRO1PL,464,0.870387,1,-117.609,-313.44,1604.97,-0.0951564,-0.34723,-0.0756017,w,m
465,PT:PRO1PL,465,0.883651,1,-131.224,-318.136,1601.42,0.002502,-0.231611,-0.0217123,w,m
466,PT:PRO1PL,466,0.909102,1,-131.224,-318.136,1601.42,0.002502,-0.231611,-0.0217123,w,m
467,PT:PRO1PL,467,0.828558,1,-131.224,-318.136,1601.42,0.002502,-0.231611,-0.0217123,w,m
468,PT:PRO1PL,468,0.793285,1,-131.224,-318.136,1601.42,0.002502,-0.231611,-0.0217123,w,m
469,PT:PRO1PL,469,0.900128,1,-126.744,-312.581,1608.31,-0.0303483,-0.404537,-0.0446805,w,m
470,PT:PRO1PL,470,0.790878,1,-126.744,-312.581,1608.31,-0.0303483,-0.404537,-0.0446805,w,m
472,PT:PRO1PL,472,0.852914,1,-117.495,-313.844,1612.86,0.0155842,-0.508442,-0.0813627,w,m
473,PT:PRO1PL,473,0.813676,1,-117.495,-313.844,1612.86,0.0155842,-0.508442,-0.0813627,w,m
474,PT:PRO1PL,474,0.797226,1,-117.495,-313.844,1612.86,0.0155842,-0.508442,-0.0813627,w,m
475,PT:PRO1PL,475,0.813245,1,-117.495,-313.844,1612.86,0.0155842,-0.508442,-0.0813627,w,m
476,PT:PRO1PL,476,0.817905,1,-117.495,-313.844,1612.86,0.0155842,-0.508442,-0.0813627,w,m
477,PT:PRO1PL,477,0.803127,1,-117.495,-313.844,1612.86,0.0155842,-0.508442,-0.0813627,w,m
478,PT:PRO1PL,478,0.8056,1,-117.495,-313.844,1612.86,0.0155842,-0.508442,-0.0813627,w,m
479,PT:PRO1PL,479,0.812499,1,-117.495,-313.844,1612.86,0.0155842,-0.508442,-0.0813627,w,m
480,PT:PRO1PL,480,0.805646,1,-117.495,-313.844,1612.86,0.0155842,-0.508442,-0.0813627,w,m
1389,PT:PRO1PL,1389,0.973105,1,-75.341,-300.494,1525.02,-0.037161,-0.0843942,-0.00528937,w,m
1390,PT:PRO1PL,1390,0.975074,1,-80.2656,-301.398,1529.16,-0.0501078,-0.0556117,0.00390617,w,m
1391,PT:PRO1PL,1391,0.980314,1,-84.7533,-303.234,1536.24,-0.0658107,-0.0448717,0.0110286,w,m
1392,PT:PRO1PL,1392,0.98296,1,-89.1694,-304.824,1541.78,-0.0727279,-0.0444288,0.0100518,w,m
1393,PT:PRO1PL,1393,0.983422,1,-94.6567,-305.183,1542.57,-0.0718517,-0.0340675,0.0060511,w,m
1394,PT:PRO1PL,1394,0.98264,1,-101.958,-305.761,1545.6,-0.0707798,-0.0180928,-0.00042381,w,m
1395,PT:PRO1PL,1395,0.977731,1,-110.399,-307.767,1555.61,-0.0787844,-0.00164185,-0.00641358,w,m
1396,PT:PRO1PL,1396,0.974294,1,-118.863,-309.849,1565.6,-0.0888925,0.0149158,-0.00979886,w,m
1397,PT:PRO1PL,1397,0.971671,1,-127.282,-311.934,1578.28,-0.080333,0.0347276,-0.0138045,w,m
1398,PT:PRO1PL,1398,0.964674,1,-137.081,-318.27,1615.02,-0.0496133,0.0663502,-0.0239498,w,m
1399,PT:PRO1PL,1399,0.891451,1,-137.081,-318.27,1615.02,-0.0496133,0.0663502,-0.0239498,w,m
1400,PT:PRO1PL,1400,0.785284,1,-137.081,-318.27,1615.02,-0.0496133,0.0663502,-0.0239498,w,m
1401,PT:PRO1PL,1401,0.986859,1,-162.813,-304.523,1552.52,-0.062888,0.0184889,-0.034013,w,m
1402,PT:PRO1PL,1402,0.98549,1,-167.037,-302.914,1547.01,-0.063942,0.0221977,-0.0394466,w,m
1403,PT:PRO1PL,1403,0.983141,1,-170.258,-302.718,1546.92,-0.0663304,0.00761159,-0.0390162,w,m
1404,PT:PRO1PL,1404,0.976445,1,-170.331,-302.906,1549.84,-0.0568714,-0.0357078,-0.0407771,w,m
1405,PT:PRO1PL,1405,0.973584,1,-167.433,-302.386,1547.75,-0.0518015,-0.0735202,-0.0386001,w,m
1406,PT:PRO1PL,1406,0.978906,1,-162.646,-302.373,1546.14,-0.0495445,-0.109946,-0.028572,w,m
13953,PT:PRO1PL,13953,0.983208,1,-142.66,-282.333,1473.07,-0.116594,0.491835,-0.0221632,w,w
13954,PT:PRO1PL,13954,0.982878,1,-141.183,-282.329,1469.55,-0.121117,0.490158,-0.0303629,w,w
13955,PT:PRO1PL,13955,0.982226,1,-140.406,-282.218,1467.89,-0.114969,0.491537,-0.0387333,w,w
13956,PT:PRO1PL,13956,0.981589,1,-139.483,-281.821,1466.45,-0.108479,0.493015,-0.046774,w,w
13957,PT:PRO1PL,13957,0.983119,1,-138.343,-281.435,1465.88,-0.106423,0.494657,-0.0522796,w,w
13958,PT:PRO1PL,13958,0.984349,1,-137.285,-281.033,1465.79,-0.100027,0.496627,-0.0578697,w,w
13959,PT:PRO1PL,13959,0.98429,1,-136.226,-281.428,1469.68,-0.0973619,0.500316,-0.0583659,w,w
13960,PT:PRO1PL,13960,0.984749,1,-134.553,-281.491,1472.73,-0.0917033,0.507132,-0.062639,w,w
13961,PT:PRO1PL,13961,0.985503,1,-132.36,-281.397,1474.06,-0.0897466,0.50885,-0.0647401,w,w
13962,PT:PRO1PL,13962,0.985852,1,-130.191,-282.683,1481.37,-0.0823062,0.506694,-0.0724535,w,w
13963,PT:PRO1PL,13963,0.984878,1,-127.489,-283.623,1489.17,-0.0658852,0.50375,-0.0832445,w,w
13964,PT:PRO1PL,13964,0.983779,1,-124.701,-284.804,1500.51,-0.0406422,0.509361,-0.0887399,w,w
13965,PT:PRO1PL,13965,0.98414,1,-122.083,-286.321,1511.5,-0.0305628,0.503521,-0.0906063,w,w
13966,PT:PRO1PL,13966,0.98181,1,-120.074,-289.48,1522.66,-0.0444481,0.498567,-0.0885324,w,w
13967,PT:PRO1PL,13967,0.979677,1,-118.508,-293.623,1538.2,-0.0552631,0.493691,-0.0863625,w,w
13968,PT:PRO1PL,13968,0.976208,1,-117.239,-296.301,1553.22,-0.0410519,0.485479,-0.0928735,w,w
13969,PT:PRO1PL,13969,0.976176,1,-115.874,-296.247,1558.36,-0.0227677,0.472368,-0.10361,w,w
13970,PT:PRO1PL,13970,0.977877,1,-114.908,-294.001,1548.43,-0.0176427,0.464561,-0.11065,w,w
13971,PT:PRO1PL,13971,0.980918,1,-114.228,-290.942,1528.63,-0.027058,0.46684,-0.114942,w,w
13972,PT:PRO1PL,13972,0.985538,1,-112.922,-286.695,1501.02,-0.0447182,0.476629,-0.114343,w,w
13973,PT:PRO1PL,13973,0.986032,1,-111.283,-282.3,1478.72,-0.0506622,0.490293,-0.114749,w,w
13974,PT:PRO1PL,13974,0.987468,1,-110.027,-279.426,1468.21,-0.0500465,0.493058,-0.117932,w,w
13975,PT:PRO1PL,13975,0.986113,1,-109.538,-278.226,1466.04,-0.0453051,0.493494,-0.12281,w,w
13976,PT:PRO1PL,13976,0.9859,1,-109.42,-277.724,1462.9,-0.0457718,0.490751,-0.123374,w,w
13977,PT:PRO1PL,13977,0.985991,1,-109.973,-277.501,1455.98,-0.0599724,0.489065,-0.115941,w,w
13978,PT:PRO1PL,13978,0.986357,1,-111.13,-277.33,1450.48,-0.0819775,0.493313,-0.103376,w,w
13979,PT:PRO1PL,13979,0.982692,1,-113.123,-278.002,1456.87,-0.0946413,0.492877,-0.0909109,w,w
13980,PT:PRO1PL,13980,0.979139,1,-114.974,-276.86,1457.63,-0.0835515,0.491379,-0.0865035,w,w
13981,PT:PRO1PL,13981,0.977094,1,-117.478,-275.673,1455.76,-0.0738164,0.493714,-0.0865098,w,w
13982,PT:PRO1PL,13982,0.980181,1,-119.972,-275.505,1451.78,-0.0749902,0.49961,-0.0858893,w,w
13983,PT:PRO1PL,13983,0.981503,1,-122.309,-275.338,1446.75,-0.0777253,0.503672,-0.08278,w,w
13984,PT:PRO1PL,13984,0.983377,1,-124.911,-275.577,1447.32,-0.076939,0.509873,-0.0791675,w,w
13985,PT:PRO1PL,13985,0.983749,1,-127.247,-274.822,1445.8,-0.0660143,0.515103,-0.0793331,w,w
13986,PT:PRO1PL,13986,0.982391,1,-129.742,-273.025,1441.25,-0.0448143,0.519316,-0.0822441,w,w
13987,PT:PRO1PL,13987,0.980744,1,-132.991,-272.225,1441.65,-0.0314724,0.524428,-0.083561,w,w
13988,PT:PRO1PL,13988,0.981762,1,-136.106,-271.601,1441.43,-0.0198192,0.532092,-0.085753,w,w
13989,PT:PRO1PL,13989,0.979755,1,-138.445,-271.621,1441.83,-0.0176533,0.533561,-0.0864745,w,w
13990,PT:PRO1PL,13990,0.980334,1,-140.106,-271.743,1443,-0.019866,0.529646,-0.0858289,w,w
13991,PT:PRO1PL,13991,0.980393,1,-140.898,-272.576,1447.26,-0.0191819,0.528887,-0.0863034,w,w
13992,PT:PRO1PL,13992,0.980627,1,-141.107,-272.993,1450.89,-0.0206343,0.522959,-0.0854799,w,w
13993,PT:PRO1PL,13993,0.980251,1,-141.036,-272.926,1452.7,-0.024032,0.516437,-0.0851861,w,w
13994,PT:PRO1PL,13994,0.981581,1,-140.446,-272.615,1452.19,-0.0227694,0.512067,-0.0867306,w,w
13995,PT:PRO1PL,13995,0.981605,1,-139.936,-272.782,1452.99,-0.0221164,0.51134,-0.0871928,w,w
13996,PT:PRO1PL,13996,0.982953,1,-139.723,-273.095,1455.05,-0.0264223,0.509144,-0.0815775,w,w
13997,PT:PRO1PL,13997,0.982658,1,-139.686,-274.973,1457.57,-0.048185,0.510086,-0.0771584,w,w
13998,PT:PRO1PL,13998,0.980389,1,-139.259,-276.653,1459.59,-0.0613081,0.508608,-0.0791373,w,w
13999,PT:PRO1PL,13999,0.981632,1,-137.929,-276.891,1459.04,-0.0620586,0.507561,-0.082884,w,w
14000,PT:PRO1PL,14000,0.981912,1,-136.313,-276.251,1459.61,-0.0496842,0.502691,-0.0923158,w,w
14001,PT:PRO1PL,14001,0.982155,1,-134.862,-274.958,1460.05,-0.0370416,0.501515,-0.0967379,w,w
14002,PT:PRO1PL,14002,0.981352,1,-133.851,-274.177,1458.65,-0.0382595,0.500963,-0.095238,w,w
11813,PT:PRO1PL,11813,0.885278,1,-84.0482,-202.905,1463.84,0.243526,0.545045,-0.141276,w,w
11814,PT:PRO1PL,11814,0.901454,1,-83.54,-202.926,1451.73,0.236688,0.547998,-0.135596,w,w
11815,PT:PRO1PL,11815,0.891518,1,-83.533,-203.82,1446.22,0.232601,0.546301,-0.1301,w,w
11816,PT:PRO1PL,11816,0.883983,1,-83.1841,-203.34,1438.27,0.241003,0.544789,-0.127876,w,w
11817,PT:PRO1PL,11817,0.896072,1,-83.1696,-203.199,1437.03,0.246924,0.545103,-0.12794,w,w
11818,PT:PRO1PL,11818,0.897958,1,-83.1199,-201.817,1434.18,0.262145,0.545109,-0.12786,w,w
11819,PT:PRO1PL,11819,0.907043,1,-83.367,-200.712,1438.96,0.271734,0.543414,-0.129141,w,w
11820,PT:PRO1PL,11820,0.888422,1,-84.3269,-200.737,1452.09,0.268839,0.549228,-0.12851,w,w
11821,PT:PRO1PL,11821,0.880933,1,-85.0387,-200.988,1464.16,0.270008,0.54823,-0.129651,w,w
11822,PT:PRO1PL,11822,0.890794,1,-85.3985,-201.436,1470.23,0.265964,0.549592,-0.133076,w,w
11823,PT:PRO1PL,11823,0.878593,1,-85.3198,-201.414,1469.33,0.259602,0.550977,-0.132251,w,w
11824,PT:PRO1PL,11824,0.726816,1,-84.9483,-202.093,1465.89,0.245665,0.553738,-0.12586,w,w
11825,PT:PRO1PL,11825,0.850989,1,-85.0145,-196.741,1413.23,0.226842,0.34085,-0.0922359,w,w
11826,PT:PRO1PL,11826,0.853673,1,-84.3661,-200.443,1424.55,0.23224,0.435553,-0.103109,w,w
11827,PT:PRO1PL,11827,0.889718,1,-83.728,-204.022,1433.11,0.231989,0.518548,-0.110848,w,w
11828,PT:PRO1PL,11828,0.899925,1,-83.28,-206.173,1431.85,0.225346,0.536331,-0.103807,w,w
11829,PT:PRO1PL,11829,0.91374,1,-82.8195,-207.392,1424.3,0.221406,0.541588,-0.1007,w,w
11830,PT:PRO1PL,11830,0.924176,1,-82.5639,-208.151,1415.88,0.219488,0.545837,-0.0948235,w,w
11831,PT:PRO1PL,11831,0.908793,1,-82.4953,-209.447,1411.24,0.21142,0.547739,-0.0885809,w,w
11832,PT:PRO1PL,11832,0.927569,1,-82.7217,-211.673,1411.77,0.204054,0.546596,-0.0842039,w,w
11833,PT:PRO1PL,11833,0.932436,1,-83.1317,-214.083,1413.75,0.188876,0.546248,-0.0753819,w,w
11834,PT:PRO1PL,11834,0.770033,1,-83.7166,-216.422,1415.59,0.185774,0.553235,-0.0706654,w,w
11835,PT:PRO1PL,11835,0.76858,1,-84.5667,-218.915,1422.3,0.144457,0.600171,-0.0301815,w,w
11836,PT:PRO1PL,11836,0.737359,1,-85.3126,-220.062,1429.75,0.126694,0.642672,-0.0173231,w,w
11837,PT:PRO1PL,11837,0.894652,1,-87.4315,-217.672,1424.14,0.146081,0.384811,-0.0881174,w,w
11838,PT:PRO1PL,11838,0.877429,1,-88.3238,-218.614,1439,0.217182,0.509429,-0.11688,w,w
17167,PT:PRO1PL,17167,0.869103,1,-65.3167,-201.249,1403.97,0.17352,0.396837,-0.107355,w,w
17168,PT:PRO1PL,17168,0.875078,1,-61.7779,-202.331,1411.61,0.128434,0.340685,-0.0589021,w,w
17169,PT:PRO1PL,17169,0.944322,1,-36.3147,-197.9,1399.56,0.157253,0.455112,0.0064667,w,w
17364,PT:PRO1PL,17364,0.741264,1,-36.43,-207.458,1402.87,-0.0644865,0.797158,0.274427,w,w
17365,PT:PRO1PL,17365,0.756848,1,-32.9194,-207.517,1382.76,-0.112713,0.814066,0.309026,w,w
17366,PT:PRO1PL,17366,0.772646,1,-28.6053,-207.716,1360.61,-0.13073,0.837878,0.325423,w,w
17367,PT:PRO1PL,17367,0.761089,1,-24.2956,-209.596,1350.16,-0.131327,0.8565,0.326753,w,w
17368,PT:PRO1PL,17368,0.757037,1,-19.9367,-210.182,1336.68,-0.12987,0.865181,0.321217,w,w
17369,PT:PRO1PL,17369,0.751333,1,-15.9386,-211.159,1325.66,-0.120565,0.863186,0.303678,w,w
17370,PT:PRO1PL,17370,0.768985,1,-12.9511,-213.466,1324.69,-0.120163,0.858297,0.289488,w,w
17371,PT:PRO1PL,17371,0.759059,1,-10.869,-217.547,1333.28,-0.132437,0.856636,0.284359,w,w
17372,PT:PRO1PL,17372,0.76497,1,-9.74715,-221.421,1339.4,-0.142997,0.852616,0.26977,w,w
17373,PT:PRO1PL,17373,0.785208,1,-9.46019,-225.015,1341.95,-0.142369,0.847491,0.253664,w,w
17374,PT:PRO1PL,17374,0.790362,1,-11.5397,-231.457,1358.13,-0.134836,0.815194,0.243357,w,w
17375,PT:PRO1PL,17375,0.725529,1,-15.0621,-233.974,1352.32,-0.141839,0.795679,0.248602,w,w
17377,PT:PRO1PL,17377,0.732726,1,-30.0039,-244.794,1378.91,-0.213078,0.799921,0.332747,w,w
17772,PT:PRO1PL,17772,0.82379,1,-2.78803,-203.929,1223.92,0.141677,0.453146,-0.0974414,w,w
17773,PT:PRO1PL,17773,0.913445,1,-2.30118,-211.167,1266.67,0.133147,0.541013,-0.0781039,w,w
17774,PT:PRO1PL,17774,0.754303,1,-1.47961,-217.197,1301.9,0.123212,0.564354,-0.0587979,w,w
17775,PT:PRO1PL,17775,0.791837,1,0.371484,-220.373,1318.79,0.0946988,0.615827,-0.0113696,w,w
17776,PT:PRO1PL,17776,0.763294,1,2.07442,-221.238,1324.09,0.0488954,0.635726,0.0227521,w,w
17777,PT:PRO1PL,17777,0.759889,1,3.48177,-224.347,1342.22,0.039676,0.655574,0.0377824,w,w
17778,PT:PRO1PL,17778,0.767389,1,3.93985,-227.901,1368.54,0.0620998,0.67981,0.0275634,w,w
17779,PT:PRO1PL,17779,0.74806,1,3.23911,-223.144,1357.5,0.113889,0.710647,-0.022741,w,w
17780,PT:PRO1PL,17780,0.749914,1,0.933869,-214.491,1330.83,0.167567,0.744758,-0.0883592,w,w
17797,PT:PRO1PL,17797,0.780198,1,-37.3733,-252.084,1478.57,-0.0794928,0.684492,-0.0899673,w,w
19746,PT:PRO1PL,19746,0.757055,1,-58.0361,-210.061,1344.41,0.151685,0.671902,-0.279712,w,w
19749,PT:PRO1PL,19749,0.73746,1,-71.248,-203.26,1394.41,0.208957,0.676029,-0.283009,w,w
19750,PT:PRO1PL,19750,0.727857,1,-72.1987,-201.21,1410.1,0.235692,0.648305,-0.288917,w,w
19751,PT:PRO1PL,19751,0.732989,1,-71.8944,-197.816,1420.88,0.252327,0.629772,-0.289169,w,w
19752,PT:PRO1PL,19752,0.738854,1,-70.135,-193.829,1415.15,0.249923,0.626109,-0.278026,w,w
19760,PT:PRO1PL,19760,0.727307,1,-68.5308,-190.281,1360.79,0.09414,0.710329,-0.0509798,w,w
19761,PT:PRO1PL,19761,0.736503,1,-68.0232,-193.079,1361.46,0.070187,0.697665,-0.0337198,w,w
19762,PT:PRO1PL,19762,0.729189,1,-68.0577,-196.004,1361.7,0.040196,0.683582,-0.0156713,w,w
19763,PT:PRO1PL,19763,0.751604,1,-68.3881,-198.795,1361.21,0.0116836,0.674281,0.00169288,w,w
19764,PT:PRO1PL,19764,0.860378,1,-70.4229,-208.917,1412.33,0.103509,0.434552,-0.140469,w,w
19765,PT:PRO1PL,19765,0.845385,1,-71.3704,-208.993,1414.88,0.13673,0.534205,-0.158821,w,w
20984,PT:PRO1PL,20984,0.782494,1,-74.0496,-222.999,1447.66,-0.110387,0.687647,0.318921,w,w
20985,PT:PRO1PL,20985,0.779039,1,-74.1831,-221.292,1449.83,-0.10139,0.692156,0.308653,w,w
20986,PT:PRO1PL,20986,0.786865,1,-74.4035,-219.438,1449.22,-0.0875049,0.698551,0.294682,w,w
20987,PT:PRO1PL,20987,0.781783,1,-74.4112,-217.334,1446.92,-0.0705963,0.698404,0.279677,w,w
20988,PT:PRO1PL,20988,0.774029,1,-74.7789,-216.164,1451.97,-0.0556023,0.699399,0.264506,w,w
20989,PT:PRO1PL,20989,0.779736,1,-74.9515,-214.802,1455.09,-0.0464039,0.69801,0.250232,w,w
20990,PT:PRO1PL,20990,0.768772,1,-75.5679,-214.632,1461.75,-0.0394251,0.701646,0.237249,w,w
20991,PT:PRO1PL,20991,0.780638,1,-75.4353,-213.439,1459.63,-0.029315,0.704901,0.22608,w,w
20992,PT:PRO1PL,20992,0.772756,1,-75.378,-213.214,1461.4,-0.0299466,0.703305,0.220509,w,w
20993,PT:PRO1PL,20993,0.758232,1,-75.1454,-212.828,1462.41,-0.0310837,0.700377,0.215575,w,w
20994,PT:PRO1PL,20994,0.77476,1,-74.8545,-212.777,1462.94,-0.0336622,0.699896,0.214256,w,w
20995,PT:PRO1PL,20995,0.765738,1,-74.3357,-212.502,1461.58,-0.0328891,0.700888,0.211488,w,w
20996,PT:PRO1PL,20996,0.785576,1,-73.8498,-212.183,1458.89,-0.0367657,0.699282,0.213577,w,w
20997,PT:PRO1PL,20997,0.78535,1,-73.3783,-211.779,1455.83,-0.0398103,0.696555,0.216252,w,w
20998,PT:PRO1PL,20998,0.786301,1,-72.9896,-211.995,1455.52,-0.040298,0.69823,0.216227,w,w
20999,PT:PRO1PL,20999,0.78861,1,-72.5402,-212.097,1454.62,-0.0392214,0.698158,0.214876,w,w
21000,PT:PRO1PL,21000,0.79657,1,-72.3619,-212.867,1457.47,-0.0415079,0.693321,0.213468,w,w
21001,PT:PRO1PL,21001,0.784795,1,-71.3604,-212.043,1449.59,-0.0526305,0.695837,0.215652,w,w
21002,PT:PRO1PL,21002,0.795261,1,-70.3074,-211.367,1441.62,-0.0482243,0.691779,0.213929,w,w
21003,PT:PRO1PL,21003,0.799569,1,-69.5341,-211.622,1439.44,-0.0546593,0.688828,0.216561,w,w
21004,PT:PRO1PL,21004,0.790917,1,-68.7693,-212.145,1437.69,-0.0642947,0.685496,0.221453,w,w
21005,PT:PRO1PL,21005,0.790626,1,-68.0635,-212.715,1434.77,-0.0767833,0.690187,0.2262,w,w
21006,PT:PRO1PL,21006,0.806092,1,-67.2213,-213.378,1430.12,-0.082996,0.690268,0.230587,w,w
21007,PT:PRO1PL,21007,0.80297,1,-66.5487,-214.146,1426.85,-0.0943064,0.685413,0.238074,w,w
21008,PT:PRO1PL,21008,0.795168,1,-65.6967,-214.787,1425.07,-0.107573,0.686216,0.249467,w,w
21009,PT:PRO1PL,21009,0.796359,1,-64.9009,-215.247,1422,-0.119252,0.684389,0.260197,w,w
12149,PT:PRO1PL,12149,0.937722,1,-163.413,-212.056,1423.01,0.339251,0.43311,-0.170688,m,m
12150,PT:PRO1PL,12150,0.905536,1,-159.408,-199.2,1376.64,0.392802,0.450138,-0.157919,m,m
12151,PT:PRO1PL,12151,0.937204,1,-152.274,-187.941,1326.84,0.389641,0.466601,-0.149058,m,m
12152,PT:PRO1PL,12152,0.934234,1,-146.009,-181.97,1300.8,0.314767,0.476821,-0.11442,m,m
12153,PT:PRO1PL,12153,0.942945,1,-140.955,-180.032,1301.66,0.241961,0.489523,-0.0789997,m,m
12154,PT:PRO1PL,12154,0.958527,1,-135.143,-179.866,1304.77,0.198846,0.479031,-0.0478531,m,m
12155,PT:PRO1PL,12155,0.970327,1,-128.054,-178.844,1295.36,0.176981,0.463373,-0.0200732,m,m
12156,PT:PRO1PL,12156,0.967449,1,-120.608,-177.689,1281.02,0.162402,0.446472,-0.000324705,m,m
12157,PT:PRO1PL,12157,0.965898,1,-114.459,-179.331,1277.01,0.148415,0.416847,0.017838,m,m
12158,PT:PRO1PL,12158,0.971626,1,-110.163,-185.486,1291.66,0.10968,0.373616,0.0341437,m,m
12159,PT:PRO1PL,12159,0.965298,1,-105.871,-191.998,1306.12,0.0674409,0.326956,0.0429741,m,m
12160,PT:PRO1PL,12160,0.960485,1,-101.467,-197.385,1317.76,0.0415855,0.278739,0.0476579,m,m
12161,PT:PRO1PL,12161,0.941336,1,-97.0362,-201.006,1321.05,0.0184464,0.232713,0.052176,m,m
12162,PT:PRO1PL,12162,0.948434,1,-93.2939,-203.743,1319.48,0.00266724,0.191873,0.0541721,m,m
12163,PT:PRO1PL,12163,0.964234,1,-90.7885,-205.399,1315.31,0.00072691,0.166075,0.0507104,m,m
12164,PT:PRO1PL,12164,0.974713,1,-88.8133,-204.902,1305.87,-0.00956923,0.141886,0.0131003,m,m
12165,PT:PRO1PL,12165,0.976683,1,-89.1613,-205.617,1305.81,-0.0104837,0.159468,-0.00321963,m,m
12166,PT:PRO1PL,12166,0.968837,1,-90.8829,-206.654,1306.49,-0.0149323,0.183463,-0.0124158,m,m
12167,PT:PRO1PL,12167,0.960395,1,-95.2856,-209.548,1314.08,-0.0226195,0.253767,0.0029469,m,m
12168,PT:PRO1PL,12168,0.962335,1,-100.88,-210.991,1314.51,-0.0363591,0.287973,0.00857917,m,m
12169,PT:PRO1PL,12169,0.977249,1,-106.589,-208.523,1300.34,-0.0391773,0.330831,0.0064917,m,m
12170,PT:PRO1PL,12170,0.977118,1,-113.011,-205.549,1287.08,-0.01405,0.363629,-0.00437723,m,m
12171,PT:PRO1PL,12171,0.963453,1,-119.064,-202.583,1277.73,0.0174975,0.375262,-0.021323,m,m
12172,PT:PRO1PL,12172,0.951622,1,-124.49,-199.595,1267.33,0.0487998,0.395936,-0.0361414,m,m
12173,PT:PRO1PL,12173,0.939754,1,-129.038,-196.332,1252.69,0.0737823,0.434867,-0.0505213,m,m
12174,PT:PRO1PL,12174,0.92735,1,-133.757,-194.739,1246.23,0.099737,0.496757,-0.0553351,m,m
12175,PT:PRO1PL,12175,0.788012,1,-140.094,-195.231,1253.7,0.129118,0.571065,-0.0509301,m,m
12176,PT:PRO1PL,12176,0.876933,1,-146.314,-200.432,1286.02,0.123856,0.681736,-0.0215999,m,m
12177,PT:PRO1PL,12177,0.886843,1,-147.509,-198.973,1282.21,0.102671,0.722741,0.0115816,m,m
12178,PT:PRO1PL,12178,0.880123,1,-147.15,-197.081,1276.41,0.0867553,0.731457,0.0372909,m,m
12179,PT:PRO1PL,12179,0.883799,1,-146.625,-195.421,1269.43,0.0732731,0.730579,0.0580225,m,m
12180,PT:PRO1PL,12180,0.894847,1,-147.31,-195.276,1270.57,0.0490979,0.712434,0.0872476,m,m
12181,PT:PRO1PL,12181,0.897142,1,-148.076,-195.603,1274.71,0.0319554,0.69699,0.112658,m,m
12182,PT:PRO1PL,12182,0.905724,1,-147.984,-195.756,1277.57,0.0234904,0.692673,0.126755,m,m
12183,PT:PRO1PL,12183,0.907531,1,-147.505,-195.572,1278.69,0.0212925,0.690868,0.133582,m,m
12184,PT:PRO1PL,12184,0.915552,1,-146.749,-195.198,1279.51,0.0204569,0.690712,0.136196,m,m
12185,PT:PRO1PL,12185,0.915474,1,-146.062,-194.873,1280.77,0.0188467,0.691271,0.139463,m,m
12186,PT:PRO1PL,12186,0.921906,1,-144.951,-194.291,1279.82,0.0211527,0.689675,0.137275,m,m
12187,PT:PRO1PL,12187,0.921188,1,-143.863,-193.789,1279.21,0.0248567,0.688825,0.132632,m,m
12188,PT:PRO1PL,12188,0.929213,1,-142.693,-193.591,1278.36,0.0268416,0.684781,0.130204,m,m
12189,PT:PRO1PL,12189,0.93075,1,-141.894,-193.726,1278.75,0.0237558,0.684747,0.131538,m,m
12190,PT:PRO1PL,12190,0.932648,1,-141.107,-193.893,1278.55,0.0192358,0.684224,0.135577,m,m
12191,PT:PRO1PL,12191,0.932982,1,-140.34,-194.041,1278.28,0.0146954,0.684224,0.139794,m,m
12192,PT:PRO1PL,12192,0.934261,1,-139.181,-193.825,1275.52,0.0152838,0.682043,0.143168,m,m
12193,PT:PRO1PL,12193,0.939617,1,-137.759,-193.699,1272.93,4.07483e-06,0.687091,0.155846,m,m
12194,PT:PRO1PL,12194,0.941089,1,-136.273,-193.841,1270.4,-0.000316531,0.68802,0.15661,m,m
12195,PT:PRO1PL,12195,0.944624,1,-134.534,-194.323,1268.3,-0.009026,0.685275,0.16808,m,m
12196,PT:PRO1PL,12196,0.947259,1,-132.649,-194.874,1267.06,-0.0151398,0.683212,0.175412,m,m
12197,PT:PRO1PL,12197,0.945446,1,-130.298,-195.232,1265.62,-0.0256953,0.678746,0.189425,m,m
12198,PT:PRO1PL,12198,0.945363,1,-128.496,-195.954,1267.88,-0.0393238,0.668852,0.207325,m,m
12199,PT:PRO1PL,12199,0.944933,1,-126.496,-195.643,1265.41,-0.0458486,0.662843,0.216828,m,m
12200,PT:PRO1PL,12200,0.948846,1,-125.111,-195.71,1265.78,-0.0454855,0.658766,0.221896,m,m
12201,PT:PRO1PL,12201,0.946004,1,-124.088,-194.993,1264.35,-0.045523,0.654626,0.226269,m,m
12202,PT:PRO1PL,12202,0.945757,1,-123.511,-194.058,1265.01,-0.0405546,0.654923,0.225776,m,m
12203,PT:PRO1PL,12203,0.944868,1,-122.999,-193.163,1266.21,-0.0349918,0.655172,0.224916,m,m
12204,PT:PRO1PL,12204,0.946125,1,-122.513,-192.527,1267.6,-0.033112,0.653241,0.226421,m,m
16409,PT:PRO1PL,16409,0.940857,1,-18.5913,-196.838,1369.11,0.0138886,-0.705951,-0.117751,m,m
16410,PT:PRO1PL,16410,0.940449,1,-18.5092,-196.531,1368.87,0.0132344,-0.705344,-0.118193,m,m
16411,PT:PRO1PL,16411,0.94024,1,-18.446,-196.22,1368.55,0.0131615,-0.705345,-0.118689,m,m
16412,PT:PRO1PL,16412,0.941231,1,-18.0079,-195.809,1366.01,0.00822991,-0.705497,-0.122526,m,m
16413,PT:PRO1PL,16413,0.942958,1,-17.9189,-195.795,1366.13,0.00854894,-0.705549,-0.1223,m,m
16414,PT:PRO1PL,16414,0.941678,1,-17.614,-195.844,1366.54,0.00799137,-0.704907,-0.122687,m,m
16415,PT:PRO1PL,16415,0.944051,1,-17.4005,-195.891,1367.01,0.00407321,-0.705092,-0.126722,m,m
16416,PT:PRO1PL,16416,0.940938,1,-17.2711,-196.071,1368.32,0.00357593,-0.702589,-0.126595,m,m
16417,PT:PRO1PL,16417,0.941599,1,-16.962,-196.132,1368.28,7.47633e-05,-0.704104,-0.128194,m,m
16418,PT:PRO1PL,16418,0.942286,1,-16.8826,-196.128,1368.57,-0.000454074,-0.703836,-0.128232,m,m
16419,PT:PRO1PL,16419,0.941923,1,-16.791,-196.055,1368.49,-0.000254202,-0.703643,-0.12809,m,m
16420,PT:PRO1PL,16420,0.940021,1,-16.5123,-195.607,1365.89,-0.00419023,-0.704602,-0.130642,m,m
16421,PT:PRO1PL,16421,0.940564,1,-16.4411,-195.543,1365.76,-0.0051333,-0.704785,-0.131393,m,m
16422,PT:PRO1PL,16422,0.938303,1,-16.3852,-195.469,1365.6,-0.00583841,-0.704812,-0.131788,m,m
16423,PT:PRO1PL,16423,0.937273,1,-16.1614,-195.117,1363.3,-0.00964521,-0.706308,-0.135076,m,m
16424,PT:PRO1PL,16424,0.936746,1,-16.1194,-195.063,1362.94,-0.0112165,-0.706101,-0.135692,m,m
16425,PT:PRO1PL,16425,0.935135,1,-16.0414,-194.847,1361.47,-0.0154286,-0.705857,-0.137219,m,m
16426,PT:PRO1PL,16426,0.936905,1,-16.058,-194.687,1360.34,-0.0194482,-0.705521,-0.140169,m,m
16427,PT:PRO1PL,16427,0.936841,1,-16.1593,-194.77,1360.77,-0.0255781,-0.705833,-0.144588,m,m
16428,PT:PRO1PL,16428,0.934635,1,-16.1509,-194.792,1360.83,-0.0271637,-0.706403,-0.145961,m,m
16429,PT:PRO1PL,16429,0.936042,1,-16.1681,-194.824,1361.16,-0.0283266,-0.706149,-0.146625,m,m
16430,PT:PRO1PL,16430,0.935814,1,-16.2084,-194.899,1361.95,-0.0285784,-0.705902,-0.146734,m,m
16431,PT:PRO1PL,16431,0.934102,1,-16.1905,-194.834,1361.78,-0.028395,-0.705843,-0.146684,m,m
16432,PT:PRO1PL,16432,0.935905,1,-16.171,-194.824,1362.03,-0.02792,-0.705887,-0.146552,m,m
16433,PT:PRO1PL,16433,0.937177,1,-16.1593,-194.859,1362.64,-0.0275756,-0.705863,-0.146231,m,m
16434,PT:PRO1PL,16434,0.936492,1,-16.23,-195.046,1364.29,-0.0250357,-0.7049,-0.143877,m,m
16435,PT:PRO1PL,16435,0.940044,1,-16.1497,-195.254,1359.38,-0.0300682,-0.707108,-0.147117,m,m
16436,PT:PRO1PL,16436,0.945684,1,-16.6152,-196.915,1362.37,-0.0243022,-0.703417,-0.141282,m,m
16437,PT:PRO1PL,16437,0.949485,1,-17.4402,-198.142,1366.97,-0.0109127,-0.702247,-0.132977,m,m
16438,PT:PRO1PL,16438,0.947017,1,-18.061,-198.415,1370.98,8.22976e-06,-0.701767,-0.126761,m,m
16439,PT:PRO1PL,16439,0.951528,1,-18.6755,-198.658,1373.93,0.0142145,-0.703272,-0.115431,m,m
16440,PT:PRO1PL,16440,0.953297,1,-18.8408,-198.269,1370.34,0.0166139,-0.704232,-0.113772,m,m
16441,PT:PRO1PL,16441,0.950013,1,-19.7974,-199.451,1377.23,0.0256216,-0.699919,-0.103287,m,m
16442,PT:PRO1PL,16442,0.950429,1,-20.2221,-199.491,1378.36,0.0303937,-0.697752,-0.0999908,m,m
16443,PT:PRO1PL,16443,0.949773,1,-20.5527,-199.593,1379.31,0.0315194,-0.696756,-0.0992735,m,m
16444,PT:PRO1PL,16444,0.948562,1,-21.0413,-200.377,1384.42,0.0366105,-0.692441,-0.0943417,m,m
16445,PT:PRO1PL,16445,0.943319,1,-21.3069,-200.916,1387.49,0.0396994,-0.690722,-0.0906149,m,m
16446,PT:PRO1PL,16446,0.941832,1,-21.5415,-201.018,1388.21,0.0392991,-0.694514,-0.0901915,m,m
16447,PT:PRO1PL,16447,0.940015,1,-21.6826,-200.839,1387.03,0.0382124,-0.697246,-0.0907314,m,m
16448,PT:PRO1PL,16448,0.941779,1,-21.708,-200.815,1387.32,0.0390518,-0.695627,-0.0908412,m,m
16449,PT:PRO1PL,16449,0.939107,1,-21.6827,-200.564,1387.52,0.0398602,-0.695658,-0.0900136,m,m
16450,PT:PRO1PL,16450,0.940027,1,-21.6373,-200.577,1387.93,0.0413761,-0.695528,-0.0892909,m,m
16451,PT:PRO1PL,16451,0.940498,1,-21.3269,-200.24,1386.71,0.0452089,-0.694923,-0.0881196,m,m
16452,PT:PRO1PL,16452,0.943627,1,-21.1272,-200.032,1386.51,0.0506706,-0.694483,-0.0847947,m,m
16453,PT:PRO1PL,16453,0.942866,1,-21.0784,-199.907,1385.88,0.0514297,-0.694943,-0.0844613,m,m
16454,PT:PRO1PL,16454,0.941601,1,-20.9962,-199.821,1385.49,0.052349,-0.695516,-0.0840139,m,m
16455,PT:PRO1PL,16455,0.940386,1,-20.8997,-199.737,1385.12,0.0525233,-0.69612,-0.0840078,m,m
16456,PT:PRO1PL,16456,0.93853,1,-20.8032,-199.633,1384.66,0.0526417,-0.696551,-0.0837126,m,m
16457,PT:PRO1PL,16457,0.939729,1,-20.7266,-199.562,1384.25,0.0521904,-0.696626,-0.0837466,m,m
16458,PT:PRO1PL,16458,0.941427,1,-20.7154,-199.592,1384.17,0.0523981,-0.696648,-0.0833303,m,m
16459,PT:PRO1PL,16459,0.934705,1,-20.5659,-199.261,1379.36,0.0449248,-0.697969,-0.0899692,m,m
16460,PT:PRO1PL,16460,0.917508,1,-21.0525,-201.165,1384.26,0.0392494,-0.695248,-0.0968405,m,m
16461,PT:PRO1PL,16461,0.91219,1,-22.3865,-204.82,1393.69,0.00388425,-0.68421,-0.110899,m,m
16462,PT:PRO1PL,16462,0.900018,1,-23.6192,-208.158,1395.41,-0.0405952,-0.677761,-0.130042,m,m
16463,PT:PRO1PL,16463,0.904766,1,-24.4834,-205.563,1362.87,-0.0925026,-0.684411,-0.139166,m,m
6410,PT:PRO1PL,6410,0.938534,1,-162.6,-201.36,864.702,-0.00472631,0.478674,-0.145048,m,w
6411,PT:PRO1PL,6411,0.936877,1,-165.347,-206.177,877.249,-0.0219019,0.445655,-0.164356,m,w
6412,PT:PRO1PL,6412,0.93476,1,-165.642,-205.567,872.394,-0.020729,0.441536,-0.186691,m,w
6413,PT:PRO1PL,6413,0.905203,1,-161.9,-199.58,848.498,-0.030933,0.441096,-0.216331,m,w
6414,PT:PRO1PL,6414,0.862961,1,-160.715,-195.039,833.518,-0.0186227,0.443783,-0.261765,m,w
6415,PT:PRO1PL,6415,0.878008,1,-162.92,-193.77,832.627,-0.00266525,0.461632,-0.302648,m,w
6416,PT:PRO1PL,6416,0.867245,1,-166.485,-193.682,831.321,0.0295646,0.478824,-0.331479,m,w
6417,PT:PRO1PL,6417,0.913617,1,-168.302,-194.856,840.029,0.0460937,0.451459,-0.381957,m,w
6418,PT:PRO1PL,6418,0.93795,1,-171.393,-195.703,845.597,0.0302893,0.477942,-0.380278,m,w
6419,PT:PRO1PL,6419,0.938962,1,-174.308,-198.298,853.928,0.00512866,0.454109,-0.378079,m,w
6420,PT:PRO1PL,6420,0.933366,1,-179.212,-202.878,870.024,0.0331564,0.445944,-0.399687,m,w
6421,PT:PRO1PL,6421,0.928045,1,-183.913,-204.971,880.4,0.0300036,0.418111,-0.410728,m,w
6422,PT:PRO1PL,6422,0.923611,1,-186.653,-204.857,882.704,0.0276973,0.401397,-0.418382,m,w
6423,PT:PRO1PL,6423,0.918729,1,-187.23,-202.689,878.122,0.0507279,0.393875,-0.43355,m,w
6424,PT:PRO1PL,6424,0.895104,1,-184.81,-196.888,861.436,0.0679614,0.398378,-0.45145,m,w
6425,PT:PRO1PL,6425,0.917402,1,-185.709,-194.621,856.63,0.0654112,0.404177,-0.457197,m,w
6426,PT:PRO1PL,6426,0.911601,1,-188.517,-194.006,859.983,0.0646146,0.403736,-0.468949,m,w
6427,PT:PRO1PL,6427,0.92793,1,-190.037,-191.915,858.53,0.079519,0.407628,-0.479764,m,w
6428,PT:PRO1PL,6428,0.918471,1,-192.984,-191.527,862.085,0.0867314,0.406856,-0.491388,m,w
6429,PT:PRO1PL,6429,0.926396,1,-196.197,-191.692,865.006,0.0757579,0.407726,-0.487858,m,w
6430,PT:PRO1PL,6430,0.933541,1,-198.09,-189.176,861.071,0.0898191,0.421815,-0.482795,m,w
6431,PT:PRO1PL,6431,0.934585,1,-199.89,-187.299,858.251,0.107607,0.452107,-0.472712,m,w
6432,PT:PRO1PL,6432,0.942348,1,-199.676,-186.52,852.248,0.108871,0.485329,-0.448448,m,w
6433,PT:PRO1PL,6433,0.95036,1,-199.362,-187.694,851.469,0.0890423,0.510029,-0.413512,m,w
6434,PT:PRO1PL,6434,0.954338,1,-198.494,-190.106,854.221,0.0785169,0.523638,-0.380064,m,w
6435,PT:PRO1PL,6435,0.956289,1,-196.275,-191.544,856.065,0.0821026,0.530985,-0.356447,m,w
6436,PT:PRO1PL,6436,0.949743,1,-194.408,-192.194,861.379,0.104769,0.524459,-0.336985,m,w
6437,PT:PRO1PL,6437,0.945843,1,-194.094,-194.301,872.357,0.123411,0.521502,-0.322596,m,w
6438,PT:PRO1PL,6438,0.941384,1,-192.886,-195.684,880.369,0.126727,0.518717,-0.30643,m,w
6439,PT:PRO1PL,6439,0.935712,1,-190.785,-195.666,885.343,0.133232,0.512779,-0.294135,m,w
6440,PT:PRO1PL,6440,0.924336,1,-188.512,-196.693,891.121,0.107755,0.505528,-0.280796,m,w
6441,PT:PRO1PL,6441,0.928878,1,-186.95,-198.798,897.815,0.0960623,0.510261,-0.267299,m,w
6442,PT:PRO1PL,6442,0.938349,1,-184.636,-199.421,900.557,0.0996633,0.510366,-0.252367,m,w
6443,PT:PRO1PL,6443,0.942425,1,-181.507,-199.213,897.881,0.102257,0.519624,-0.238794,m,w
6444,PT:PRO1PL,6444,0.936423,1,-178.035,-198.466,893.232,0.103842,0.531318,-0.221487,m,w
6445,PT:PRO1PL,6445,0.733879,1,-175.051,-197.165,888.649,0.113293,0.547275,-0.2044,m,w
6446,PT:PRO1PL,6446,0.72717,1,-170.958,-194.319,877.069,0.122305,0.578502,-0.186862,m,w
6447,PT:PRO1PL,6447,0.736887,1,-165.486,-189.842,858.879,0.134544,0.586495,-0.184593,m,w
6448,PT:PRO1PL,6448,0.761389,1,-162.462,-187.417,848.988,0.138126,0.592285,-0.182689,m,w
6449,PT:PRO1PL,6449,0.781785,1,-163.675,-189.362,856.965,0.123124,0.586501,-0.176145,m,w
6450,PT:PRO1PL,6450,0.760565,1,-164.699,-190.838,861.891,0.101598,0.583868,-0.172357,m,w
6451,PT:PRO1PL,6451,0.74889,1,-163.734,-190.302,861.582,0.117553,0.564341,-0.192805,m,w
6452,PT:PRO1PL,6452,0.896093,1,-158.705,-184.605,845.058,0.146429,0.474882,-0.216039,m,w
6453,PT:PRO1PL,6453,0.898981,1,-158.086,-183.646,842.846,0.156785,0.481969,-0.224207,m,w
6454,PT:PRO1PL,6454,0.901273,1,-158.223,-183.869,845.207,0.15196,0.52473,-0.235133,m,w
6455,PT:PRO1PL,6455,0.913956,1,-159.455,-183.299,847.021,0.14618,0.528297,-0.240585,m,w
6456,PT:PRO1PL,6456,0.917023,1,-158.897,-181.14,842.978,0.170543,0.522635,-0.251457,m,w
6457,PT:PRO1PL,6457,0.906608,1,-158.83,-179.427,837.805,0.179625,0.519423,-0.252029,m,w
6458,PT:PRO1PL,6458,0.925822,1,-160.987,-180.07,839.957,0.162417,0.515,-0.240884,m,w
6459,PT:PRO1PL,6459,0.932097,1,-162.537,-179.331,837.772,0.144844,0.511319,-0.228013,m,w
6460,PT:PRO1PL,6460,0.931057,1,-164.122,-177.687,834.365,0.154253,0.510914,-0.226835,m,w
6461,PT:PRO1PL,6461,0.913074,1,-165.952,-175.485,829.696,0.154534,0.517481,-0.221254,m,w
6462,PT:PRO1PL,6462,0.898117,1,-167.21,-173.397,826.544,0.162017,0.520666,-0.229672,m,w
6463,PT:PRO1PL,6463,0.903672,1,-170.022,-173.872,833.314,0.171721,0.502407,-0.239731,m,w
6464,PT:PRO1PL,6464,0.864454,1,-171.102,-172.897,832.835,0.171492,0.505884,-0.249693,m,w
6465,PT:PRO1PL,6465,0.867784,1,-172.426,-172.905,835.099,0.168983,0.502489,-0.248467,m,w
6466,PT:PRO1PL,6466,0.90616,1,-173.03,-172.121,833.557,0.178421,0.507974,-0.247334,m,w
6467,PT:PRO1PL,6467,0.897028,1,-173.16,-170.128,829.071,0.217069,0.523482,-0.250309,m,w
6468,PT:PRO1PL,6468,0.882803,1,-174.287,-169.689,830.799,0.208858,0.52257,-0.247515,m,w
6469,PT:PRO1PL,6469,0.86746,1,-174.42,-169.051,830.291,0.215594,0.526424,-0.250827,m,w
6470,PT:PRO1PL,6470,0.878036,1,-173.996,-168.49,828.423,0.215771,0.532684,-0.253353,m,w
6471,PT:PRO1PL,6471,0.894355,1,-174.162,-168.605,827.957,0.215555,0.538074,-0.25,m,w
6472,PT:PRO1PL,6472,0.739242,1,-174.483,-168.881,828.126,0.214936,0.540205,-0.247087,m,w
6473,PT:PRO1PL,6473,0.778924,1,-174.919,-168.154,821.785,0.182137,0.576155,-0.219211,m,w
6474,PT:PRO1PL,6474,0.769698,1,-175.049,-169.842,823.403,0.159394,0.567717,-0.202923,m,w
6475,PT:PRO1PL,6475,0.801904,1,-175.487,-172.566,828.261,0.143734,0.574438,-0.187738,m,w
6476,PT:PRO1PL,6476,0.792769,1,-175.69,-177.034,835.808,0.116394,0.577136,-0.163753,m,w
6477,PT:PRO1PL,6477,0.807604,1,-173.849,-181.274,840.102,0.0621207,0.565214,-0.125959,m,w
5433,PT:PRO1PL,5433,0.92715,1,133.194,-189.849,1238.48,-0.00316656,0.638624,-0.103074,w,w
5434,PT:PRO1PL,5434,0.910406,1,136.691,-194.101,1264.03,0.00278513,0.613989,-0.104214,w,w
5435,PT:PRO1PL,5435,0.914837,1,139.96,-201.536,1300.45,-0.0251642,0.591184,-0.0837777,w,w
5436,PT:PRO1PL,5436,0.943064,1,143.79,-209.747,1344.92,-0.0480334,0.541534,-0.0554315,w,w
5437,PT:PRO1PL,5437,0.959238,1,143.022,-211.332,1350.02,-0.0155407,0.508168,-0.071667,w,w
5438,PT:PRO1PL,5438,0.961693,1,140.746,-208.932,1335.17,0.00212398,0.517887,-0.0791898,w,w
5439,PT:PRO1PL,5439,0.968939,1,139.627,-208.392,1330.92,0.017655,0.522694,-0.0853895,w,w
5440,PT:PRO1PL,5440,0.973888,1,138.497,-208.932,1332.55,0.0304342,0.525496,-0.0914128,w,w
5441,PT:PRO1PL,5441,0.97004,1,137.226,-208.959,1334.25,0.038859,0.524421,-0.0928026,w,w
5442,PT:PRO1PL,5442,0.96576,1,135.574,-207.157,1328.59,0.0578011,0.531753,-0.0988528,w,w
5443,PT:PRO1PL,5443,0.805893,1,132.824,-202.644,1310.35,0.0601236,0.55376,-0.103571,w,w
5444,PT:PRO1PL,5444,0.770011,1,129.962,-198.286,1292.45,0.0303808,0.606389,-0.083731,w,w
5445,PT:PRO1PL,5445,0.761952,1,128.086,-195.394,1278.86,-0.00125227,0.622325,-0.0718144,w,w
5446,PT:PRO1PL,5446,0.799282,1,126.071,-190.564,1257.35,0.0125487,0.627034,-0.081132,w,w
5447,PT:PRO1PL,5447,0.836133,1,123.754,-186.329,1235.98,0.0313063,0.630718,-0.0883039,w,w
5448,PT:PRO1PL,5448,0.85535,1,122.801,-184.655,1228.14,0.0388629,0.631441,-0.0895569,w,w
5449,PT:PRO1PL,5449,0.865173,1,122.312,-183.89,1225.35,0.0437506,0.632004,-0.0894057,w,w
5450,PT:PRO1PL,5450,0.865274,1,122.064,-183.908,1225.77,0.0473648,0.632339,-0.0892094,w,w
5451,PT:PRO1PL,5451,0.867616,1,122.362,-184.971,1232.94,0.0534939,0.632056,-0.0894177,w,w
5452,PT:PRO1PL,5452,0.862807,1,123.809,-187.987,1251.09,0.0732795,0.623933,-0.0941096,w,w
5453,PT:PRO1PL,5453,0.858879,1,125.558,-192.431,1276.1,0.0766704,0.608086,-0.0876988,w,w
5454,PT:PRO1PL,5454,0.878089,1,128.113,-198.407,1310.69,0.0733666,0.588106,-0.0731271,w,w
5455,PT:PRO1PL,5455,0.867111,1,129.657,-202.203,1334.79,0.0752818,0.581237,-0.0632804,w,w
5456,PT:PRO1PL,5456,0.866328,1,129.838,-203.367,1342.15,0.0720243,0.584169,-0.0571679,w,w
5457,PT:PRO1PL,5457,0.859555,1,129.679,-203.743,1344.81,0.0679867,0.588208,-0.0520724,w,w
5458,PT:PRO1PL,5458,0.858449,1,129.29,-204.477,1347.77,0.0644216,0.594948,-0.047467,w,w
5459,PT:PRO1PL,5459,0.868278,1,127.086,-201.716,1330.63,0.0654607,0.609689,-0.0482226,w,w
5460,PT:PRO1PL,5460,0.826242,1,123.594,-197.44,1300.75,0.0720464,0.633524,-0.0571642,w,w
5461,PT:PRO1PL,5461,0.8058,1,120.03,-195.285,1280.84,0.0574129,0.65299,-0.0554165,w,w
5462,PT:PRO1PL,5462,0.789923,1,116.988,-196.49,1277,0.0227423,0.660946,-0.0308392,w,w
5463,PT:PRO1PL,5463,0.800952,1,115.401,-200.282,1289.61,-0.0189901,0.652159,-0.000813724,w,w
5464,PT:PRO1PL,5464,0.849691,1,112.778,-201.896,1294.47,-0.0260803,0.65134,0.0196787,w,w
5465,PT:PRO1PL,5465,0.849222,1,111.04,-203.356,1302.18,-0.0163751,0.64692,0.0331337,w,w
5466,PT:PRO1PL,5466,0.87088,1,109.308,-201,1292.91,-0.0232914,0.660518,0.0378424,w,w
5467,PT:PRO1PL,5467,0.836723,1,108.212,-196.147,1269.64,0.00285987,0.680395,0.0230093,w,w
5468,PT:PRO1PL,5468,0.821343,1,108.728,-194.548,1262.14,0.0164195,0.692171,0.0195977,w,w
5469,PT:PRO1PL,5469,0.82416,1,112.442,-201.768,1300.58,-0.0070742,0.665422,0.0424818,w,w
5470,PT:PRO1PL,5470,0.84489,1,113.813,-204.334,1315.07,-0.0122804,0.664362,0.0663187,w,w
5471,PT:PRO1PL,5471,0.857748,1,115.539,-205.318,1322.18,-0.0202695,0.669662,0.086042,w,w
5472,PT:PRO1PL,5472,0.881245,1,117.326,-203.772,1321.73,-0.00418364,0.685631,0.0880752,w,w
5473,PT:PRO1PL,5473,0.868408,1,120.44,-207.866,1344.82,-0.0219602,0.674086,0.109349,w,w
5474,PT:PRO1PL,5474,0.864961,1,122.196,-211.943,1364.87,-0.050702,0.667597,0.134648,w,w
5475,PT:PRO1PL,5475,0.832942,1,122.966,-215.64,1383.05,-0.0602605,0.673161,0.147809,w,w
5476,PT:PRO1PL,5476,0.85259,1,122.931,-218.476,1395.69,-0.0536217,0.680135,0.154505,w,w
5477,PT:PRO1PL,5477,0.87197,1,123.835,-221.333,1408.65,-0.0612598,0.680207,0.160806,w,w
5478,PT:PRO1PL,5478,0.852837,1,126.438,-222.769,1415.34,-0.0606201,0.651332,0.15775,w,w
5479,PT:PRO1PL,5479,0.844853,1,126.501,-219.6,1403.41,-0.0467392,0.641298,0.14858,w,w
5480,PT:PRO1PL,5480,0.881144,1,123.504,-215.099,1385.46,-0.0294215,0.672615,0.13833,w,w
5481,PT:PRO1PL,5481,0.884754,1,120.585,-211.875,1374.94,-0.0149902,0.700781,0.131829,w,w
5482,PT:PRO1PL,5482,0.858194,1,120.54,-212.098,1385.33,-0.0202924,0.701184,0.134255,w,w
5483,PT:PRO1PL,5483,0.867318,1,120.729,-212.039,1392.43,-0.0178474,0.699879,0.137288,w,w
5484,PT:PRO1PL,5484,0.866062,1,120.213,-210.541,1389.68,-0.00502374,0.699645,0.130447,w,w
5485,PT:PRO1PL,5485,0.866715,1,119.455,-208.358,1382.79,0.00600899,0.71394,0.124103,w,w
5486,PT:PRO1PL,5486,0.878804,1,118.74,-205.52,1370.17,0.0233999,0.726046,0.114234,w,w
5487,PT:PRO1PL,5487,0.852474,1,117.795,-201.465,1349.17,0.048975,0.735745,0.094021,w,w
3114,PT:PRO1PL,3114,0.937608,1,89.8052,-113.306,830.165,-0.0567604,-0.412812,-0.118658,w,m
3115,PT:PRO1PL,3115,0.942248,1,89.8128,-113.464,829.822,-0.0570596,-0.412109,-0.119461,w,m
3116,PT:PRO1PL,3116,0.942933,1,89.9453,-113.671,830.795,-0.0581014,-0.413932,-0.119366,w,m
3117,PT:PRO1PL,3117,0.940772,1,90.0393,-113.834,831.388,-0.0578328,-0.414589,-0.118919,w,m
3118,PT:PRO1PL,3118,0.937366,1,89.9452,-113.85,831.265,-0.0593796,-0.413879,-0.119565,w,m
3119,PT:PRO1PL,3119,0.942727,1,89.7417,-113.771,830.503,-0.0609664,-0.412631,-0.120277,w,m
3120,PT:PRO1PL,3120,0.945183,1,89.5153,-113.722,830.088,-0.0611321,-0.412969,-0.119618,w,m
3121,PT:PRO1PL,3121,0.951149,1,89.3263,-113.951,829.149,-0.0677179,-0.412882,-0.121656,w,m
3122,PT:PRO1PL,3122,0.953575,1,89.2735,-114.128,829.455,-0.0673726,-0.41528,-0.122219,w,m
3123,PT:PRO1PL,3123,0.948983,1,89.1394,-114.386,829.329,-0.0716676,-0.414076,-0.12299,w,m
3124,PT:PRO1PL,3124,0.946825,1,89.1836,-114.526,830.261,-0.0711292,-0.417945,-0.121591,w,m
3125,PT:PRO1PL,3125,0.953187,1,89.1787,-114.83,830.08,-0.0710478,-0.416486,-0.119864,w,m
3126,PT:PRO1PL,3126,0.948097,1,89.2128,-114.988,831.247,-0.0696638,-0.417945,-0.119041,w,m
3127,PT:PRO1PL,3127,0.95092,1,89.07,-115.157,830.538,-0.0720414,-0.417248,-0.11972,w,m
3128,PT:PRO1PL,3128,0.949483,1,88.8932,-115.188,829.938,-0.0692368,-0.414465,-0.120448,w,m
3129,PT:PRO1PL,3129,0.944131,1,88.8215,-115.481,829.699,-0.0748934,-0.413651,-0.12367,w,m
3130,PT:PRO1PL,3130,0.94237,1,88.9683,-116.108,831.321,-0.0770113,-0.413405,-0.126322,w,m
3131,PT:PRO1PL,3131,0.940503,1,89.0104,-116.633,832.079,-0.0757918,-0.413185,-0.127021,w,m
3132,PT:PRO1PL,3132,0.940309,1,88.968,-116.828,832.949,-0.0747281,-0.411797,-0.126081,w,m
3133,PT:PRO1PL,3133,0.938723,1,88.9869,-116.678,833.38,-0.0728547,-0.413236,-0.126505,w,m
3134,PT:PRO1PL,3134,0.94081,1,88.8968,-116.165,833.397,-0.0692253,-0.413053,-0.124986,w,m
3135,PT:PRO1PL,3135,0.943238,1,88.7619,-115.535,832.91,-0.0669567,-0.413273,-0.124039,w,m
3136,PT:PRO1PL,3136,0.940736,1,88.8845,-115.444,833.336,-0.0681437,-0.412799,-0.12429,w,m
3137,PT:PRO1PL,3137,0.949618,1,88.9812,-115.572,832.688,-0.0753128,-0.410583,-0.127884,w,m
3138,PT:PRO1PL,3138,0.946605,1,89.1581,-115.932,832.475,-0.0801282,-0.411226,-0.133632,w,m
3139,PT:PRO1PL,3139,0.943313,1,89.2067,-116.269,833.258,-0.0816863,-0.410881,-0.135426,w,m
3140,PT:PRO1PL,3140,0.941434,1,89.0759,-116.523,833.578,-0.0838345,-0.408502,-0.138572,w,m
3141,PT:PRO1PL,3141,0.938617,1,88.8478,-116.644,833.198,-0.0843922,-0.405713,-0.140648,w,m
3142,PT:PRO1PL,3142,0.934945,1,88.8458,-117.099,833.161,-0.0851504,-0.405812,-0.143378,w,m
3143,PT:PRO1PL,3143,0.935473,1,88.7812,-117.313,834.249,-0.083742,-0.406647,-0.143048,w,m
3144,PT:PRO1PL,3144,0.937601,1,88.6817,-117.391,834.452,-0.0825146,-0.405669,-0.141012,w,m
3145,PT:PRO1PL,3145,0.934579,1,88.5484,-117.153,833.639,-0.0826165,-0.409477,-0.141235,w,m
3146,PT:PRO1PL,3146,0.939204,1,88.3989,-117.403,833.429,-0.0841526,-0.408014,-0.141181,w,m
3147,PT:PRO1PL,3147,0.938464,1,88.2969,-117.548,833.978,-0.0836591,-0.406823,-0.141418,w,m
3148,PT:PRO1PL,3148,0.938973,1,88.0338,-118.104,833.767,-0.0909197,-0.404017,-0.145608,w,m
3149,PT:PRO1PL,3149,0.942878,1,87.9166,-118.503,835.105,-0.0964852,-0.402738,-0.149022,w,m
3150,PT:PRO1PL,3150,0.939976,1,87.5426,-118.824,834.122,-0.0972536,-0.39977,-0.149792,w,m
