time_stamp,word,frame,confidence,success,Tx,Ty,Tz,Rx,Ry,Rz,speaker_gender,listener_gender
40152,CAN,40152,0.980896,1,-133.222,-255.803,1421.33,-0.0155232,0.462229,0.207611,w,w
40153,CAN,40153,0.979615,1,-133.094,-256.748,1421.88,-0.0279538,0.460719,0.217767,w,w
40154,CAN,40154,0.98258,1,-132.778,-257.568,1422.76,-0.0343743,0.454032,0.222859,w,w
40155,CAN,40155,0.981718,1,-132.365,-258.16,1422.85,-0.0410192,0.449779,0.22629,w,w
40156,CAN,40156,0.982015,1,-132.065,-258.313,1422.01,-0.0415711,0.451203,0.230659,w,w
40157,CAN,40157,0.983241,1,-131.989,-258.624,1422.62,-0.0440405,0.45118,0.234281,w,w
40158,CAN,40158,0.984237,1,-132,-258.615,1422.41,-0.0436533,0.451277,0.23419,w,w
40159,CAN,40159,0.984234,1,-132.031,-258.609,1422.2,-0.0428613,0.451513,0.23359,w,w
40160,CAN,40160,0.984461,1,-132.056,-258.551,1421.65,-0.0427694,0.451566,0.233401,w,w
40161,CAN,40161,0.984206,1,-132.084,-258.346,1420.16,-0.0432039,0.450647,0.233759,w,w
40162,CAN,40162,0.984194,1,-132.11,-258.726,1420.57,-0.0438317,0.451083,0.234032,w,w
40163,CAN,40163,0.983678,1,-132.141,-259.124,1421.02,-0.0448238,0.451498,0.234544,w,w
40164,CAN,40164,0.984018,1,-132.205,-259.49,1421.58,-0.0476503,0.450801,0.23451,w,w
40165,CAN,40165,0.983755,1,-132.226,-259.854,1421.92,-0.0477341,0.451357,0.235096,w,w
40166,CAN,40166,0.982729,1,-132.324,-259.792,1422.02,-0.0447825,0.452152,0.234609,w,w
40167,CAN,40167,0.981995,1,-132.734,-260.107,1424.61,-0.0408176,0.45226,0.233457,w,w
40168,CAN,40168,0.98328,1,-132.782,-259.929,1423.38,-0.03957,0.451351,0.232744,w,w
40169,CAN,40169,0.983363,1,-133.105,-260.132,1424.07,-0.0399526,0.453437,0.232824,w,w
40170,CAN,40170,0.984516,1,-133.158,-260.529,1424.52,-0.0408239,0.453642,0.233096,w,w
40171,CAN,40171,0.983736,1,-133.197,-260.894,1424.68,-0.0420509,0.453628,0.233335,w,w
40172,CAN,40172,0.983935,1,-133.4,-261.15,1424.43,-0.0463707,0.453242,0.234595,w,w
40173,CAN,40173,0.984577,1,-133.487,-261.346,1424.03,-0.0518336,0.453115,0.237481,w,w
40174,CAN,40174,0.984143,1,-133.526,-261.401,1424.13,-0.0521531,0.453136,0.237764,w,w
40175,CAN,40175,0.9831,1,-133.578,-261.495,1424.41,-0.0524779,0.453052,0.238082,w,w
40176,CAN,40176,0.982863,1,-133.6,-261.884,1424.82,-0.0535587,0.452897,0.238531,w,w
40177,CAN,40177,0.982461,1,-133.596,-262.146,1424.77,-0.0560182,0.452542,0.238512,w,w
40178,CAN,40178,0.982445,1,-133.836,-262.329,1425.52,-0.0526718,0.453404,0.235807,w,w
40179,CAN,40179,0.981492,1,-134.171,-262.539,1426.62,-0.0510065,0.456131,0.235029,w,w
40180,CAN,40180,0.982947,1,-134.446,-262.399,1427.24,-0.0435197,0.457112,0.231045,w,w
40181,CAN,40181,0.983004,1,-134.742,-262.263,1427.55,-0.040256,0.457805,0.226848,w,w
40182,CAN,40182,0.983841,1,-135.066,-261.887,1425.58,-0.0421686,0.46111,0.225268,w,w
40183,CAN,40183,0.983546,1,-135.4,-262.047,1426.24,-0.0419616,0.463014,0.224509,w,w
40184,CAN,40184,0.983247,1,-135.633,-262.321,1427.11,-0.0396801,0.461664,0.221258,w,w
40185,CAN,40185,0.98265,1,-135.79,-262.465,1427.16,-0.0381435,0.46063,0.218149,w,w
40186,CAN,40186,0.983048,1,-136.095,-262.572,1427.39,-0.0383268,0.46044,0.217932,w,w
40187,CAN,40187,0.982578,1,-136.395,-262.764,1428.28,-0.0376271,0.458881,0.217446,w,w
40188,CAN,40188,0.982346,1,-136.604,-262.653,1427.61,-0.0369489,0.46198,0.216633,w,w
40189,CAN,40189,0.982585,1,-136.784,-262.508,1426.87,-0.0359744,0.465272,0.215302,w,w
40190,CAN,40190,0.983568,1,-136.847,-262.578,1427.31,-0.0353293,0.465836,0.214718,w,w
40191,CAN,40191,0.983497,1,-136.884,-262.65,1427.68,-0.0351483,0.465993,0.214222,w,w
40192,CAN,40192,0.983861,1,-136.903,-262.718,1427.97,-0.0346929,0.466148,0.213519,w,w
40193,CAN,40193,0.983968,1,-136.904,-262.782,1428.27,-0.0341496,0.466453,0.212694,w,w
40194,CAN,40194,0.984334,1,-136.906,-262.789,1428.48,-0.0334149,0.466102,0.211502,w,w
40195,CAN,40195,0.984238,1,-136.922,-262.8,1428.8,-0.0326187,0.465316,0.210029,w,w
40196,CAN,40196,0.984443,1,-136.682,-262.193,1426.5,-0.0303607,0.46619,0.207637,w,w
40197,CAN,40197,0.984147,1,-136.615,-261.944,1425.81,-0.0277718,0.466565,0.206418,w,w
40198,CAN,40198,0.984678,1,-136.627,-261.928,1425.85,-0.0274982,0.465962,0.205437,w,w
40199,CAN,40199,0.984716,1,-136.647,-261.911,1425.87,-0.0274833,0.46498,0.204528,w,w
40200,CAN,40200,0.984988,1,-136.659,-261.826,1425.49,-0.0276563,0.465082,0.203869,w,w
40201,CAN,40201,0.985852,1,-136.883,-261.865,1425.21,-0.031606,0.465184,0.205633,w,w
30541,CAN,30541,0.814664,1,-126.469,-206.395,1131.98,0.580465,1.30012,-0.211989,m,w
30542,CAN,30542,0.813429,1,-126.695,-206.422,1134.56,0.569805,1.30071,-0.207629,m,w
30543,CAN,30543,0.816524,1,-126.92,-206.458,1136.19,0.560748,1.30174,-0.203899,m,w
30544,CAN,30544,0.813854,1,-126.979,-206.5,1136.89,0.559031,1.30077,-0.201936,m,w
30545,CAN,30545,0.817131,1,-127.223,-206.455,1139.38,0.550238,1.29268,-0.195827,m,w
30546,CAN,30546,0.805464,1,-127.426,-206.697,1141.66,0.553874,1.29165,-0.199756,m,w
30547,CAN,30547,0.801239,1,-127.468,-206.825,1142.02,0.554936,1.29029,-0.198437,m,w
30548,CAN,30548,0.793046,1,-127.389,-206.822,1141.53,0.555363,1.28789,-0.190818,m,w
30549,CAN,30549,0.778068,1,-127.445,-206.788,1140.89,0.552074,1.28394,-0.183635,m,w
30550,CAN,30550,0.778133,1,-127.441,-206.802,1141.26,0.550839,1.28553,-0.179839,m,w
30551,CAN,30551,0.771275,1,-127.701,-206.705,1142.24,0.540485,1.27919,-0.167709,m,w
30552,CAN,30552,0.767768,1,-127.988,-206.184,1144.31,0.527675,1.27309,-0.161877,m,w
30553,CAN,30553,0.796236,1,-127.787,-205.951,1144.93,0.530156,1.27486,-0.165244,m,w
30554,CAN,30554,0.803322,1,-128.149,-205.822,1145.61,0.53516,1.26573,-0.162962,m,w
30555,CAN,30555,0.813706,1,-128.523,-205.57,1146.96,0.538443,1.25176,-0.162753,m,w
30556,CAN,30556,0.808096,1,-129.313,-205.422,1151.42,0.527463,1.23728,-0.160059,m,w
30557,CAN,30557,0.799779,1,-129.945,-205.166,1154.14,0.522465,1.22401,-0.162194,m,w
30558,CAN,30558,0.78616,1,-130.194,-205.127,1155.48,0.522892,1.22071,-0.16452,m,w
30559,CAN,30559,0.795834,1,-130.245,-205.197,1156.02,0.526693,1.22087,-0.167885,m,w
30560,CAN,30560,0.790121,1,-130.227,-205.232,1156.07,0.532122,1.22125,-0.171358,m,w
30561,CAN,30561,0.785888,1,-130.198,-205.153,1155.49,0.537002,1.22063,-0.173795,m,w
30562,CAN,30562,0.781192,1,-130.363,-205.038,1156.09,0.539795,1.21722,-0.176327,m,w
30563,CAN,30563,0.7822,1,-130.408,-204.908,1157.09,0.546104,1.21312,-0.18322,m,w
30564,CAN,30564,0.768881,1,-130.666,-204.619,1159.03,0.537885,1.20877,-0.184351,m,w
30565,CAN,30565,0.766862,1,-130.906,-204.475,1160.73,0.533063,1.20597,-0.185888,m,w
30566,CAN,30566,0.756797,1,-131.122,-204.421,1163.3,0.534142,1.2009,-0.195899,m,w
30567,CAN,30567,0.752564,1,-131.145,-204.342,1163.37,0.535857,1.20075,-0.198625,m,w
30568,CAN,30568,0.754985,1,-130.817,-204.12,1162.26,0.546284,1.20347,-0.208812,m,w
30569,CAN,30569,0.753054,1,-130.872,-204.089,1162.63,0.54766,1.20158,-0.211368,m,w
30570,CAN,30570,0.75947,1,-130.909,-204.056,1162.38,0.549923,1.20068,-0.213163,m,w
30571,CAN,30571,0.756221,1,-130.914,-204.012,1161.73,0.553106,1.20064,-0.214592,m,w
30572,CAN,30572,0.754609,1,-131.107,-204.01,1161.3,0.552342,1.2005,-0.212718,m,w
30573,CAN,30573,0.762536,1,-131.167,-203.906,1160.34,0.551832,1.19941,-0.209956,m,w
30574,CAN,30574,0.752583,1,-131.153,-203.514,1159.52,0.552746,1.1984,-0.209476,m,w
30575,CAN,30575,0.75306,1,-131.208,-202.943,1159.09,0.54878,1.19796,-0.208973,m,w
30576,CAN,30576,0.747788,1,-131.291,-202.505,1158.64,0.54932,1.19592,-0.209886,m,w
30577,CAN,30577,0.738261,1,-131.758,-202.245,1160.61,0.54547,1.18821,-0.210811,m,w
30578,CAN,30578,0.742959,1,-131.976,-202.185,1162.08,0.544667,1.18513,-0.212632,m,w
30579,CAN,30579,0.745321,1,-131.972,-202.239,1162.64,0.546873,1.18688,-0.215342,m,w
30580,CAN,30580,0.751645,1,-131.859,-202.323,1163.09,0.555802,1.18785,-0.221365,m,w
30581,CAN,30581,0.749539,1,-131.942,-202.389,1163.71,0.556795,1.18736,-0.221588,m,w
30582,CAN,30582,0.747345,1,-131.922,-202.327,1163.79,0.558746,1.18833,-0.22356,m,w
30583,CAN,30583,0.741727,1,-131.827,-202.237,1163.46,0.561214,1.19065,-0.225804,m,w
30584,CAN,30584,0.741272,1,-131.767,-202.253,1163.84,0.564331,1.1928,-0.229078,m,w
30585,CAN,30585,0.74712,1,-131.552,-202.325,1164.5,0.572429,1.19841,-0.237765,m,w
30586,CAN,30586,0.734081,1,-131.307,-202.399,1165.14,0.579379,1.20315,-0.245413,m,w
151,CAN,151,0.870768,1,33.554,-122.076,869.663,-0.028761,-0.0884376,-0.105102,w,m
152,CAN,152,0.870466,1,33.6666,-122.783,872.719,-0.0301447,-0.0952309,-0.109472,w,m
153,CAN,153,0.850814,1,33.9767,-121.49,864.571,-0.0364439,-0.08483,-0.112085,w,m
154,CAN,154,0.817292,1,34.4977,-120.978,865.369,-0.034291,-0.0832527,-0.114474,w,m
155,CAN,155,0.86364,1,34.6868,-119.996,872.307,0.0016938,-0.0885904,-0.115592,w,m
156,CAN,156,0.838452,1,35.177,-119.525,883.492,0.0376377,-0.111309,-0.115134,w,m
157,CAN,157,0.833676,1,35.6865,-118.23,892.242,0.0675254,-0.122201,-0.10629,w,m
158,CAN,158,0.807316,1,35.5935,-117.01,900.326,0.0929347,-0.127581,-0.0926923,w,m
159,CAN,159,0.888574,1,36.6177,-118.038,912.871,0.111008,-0.183878,-0.091386,w,m
160,CAN,160,0.878636,1,37.5679,-121.596,946.371,0.101434,-0.244177,-0.108464,w,m
161,CAN,161,0.88068,1,38.0208,-122.934,958.299,0.105354,-0.289961,-0.109842,w,m
162,CAN,162,0.902612,1,38.0649,-123.064,959.382,0.112242,-0.326669,-0.103594,w,m
163,CAN,163,0.908985,1,38.2079,-124.531,966.288,0.13355,-0.386234,-0.0889398,w,m
164,CAN,164,0.888952,1,37.6112,-126.893,980.403,0.150456,-0.531966,-0.0483548,w,m
165,CAN,165,0.810516,1,39.9781,-116.403,901.268,0.072102,-0.0971725,-0.0695942,w,m
166,CAN,166,0.832582,1,40.1678,-116.615,901.71,0.0650375,-0.127867,-0.0766186,w,m
167,CAN,167,0.818443,1,39.8874,-116.903,901.772,0.0712789,-0.13954,-0.0814845,w,m
168,CAN,168,0.842757,1,40.2529,-117.2,901.346,0.043274,-0.132232,-0.0841267,w,m
169,CAN,169,0.883319,1,41.2099,-119.174,909.131,0.037742,-0.183884,-0.0824551,w,m
170,CAN,170,0.893585,1,41.5365,-121.791,922.862,0.0122188,-0.26546,-0.107558,w,m
171,CAN,171,0.894782,1,42.0438,-123.138,927.711,0.0108982,-0.298648,-0.110864,w,m
172,CAN,172,0.886549,1,43.2768,-125.554,938.485,0.015339,-0.319013,-0.10752,w,m
173,CAN,173,0.903151,1,44.4881,-127.631,947.978,0.0328658,-0.369332,-0.103705,w,m
174,CAN,174,0.908038,1,45.4069,-130.849,964.818,0.101314,-0.527382,-0.075365,w,m
175,CAN,175,0.863872,1,51.1953,-123.225,911.801,0.0181432,-0.195072,-0.0908462,w,m
176,CAN,176,0.882995,1,52.1688,-126.446,933.732,-0.00489314,-0.274244,-0.108035,w,m
177,CAN,177,0.893648,1,53.4965,-128.312,943.4,0.00570655,-0.307956,-0.106885,w,m
178,CAN,178,0.899027,1,54.7214,-129.695,950.244,0.0246402,-0.338833,-0.105255,w,m
179,CAN,179,0.890428,1,55.9318,-130.998,955.364,0.0322563,-0.372163,-0.103584,w,m
180,CAN,180,0.880842,1,56.5802,-133.393,968.439,0.0597446,-0.432999,-0.099833,w,m
181,CAN,181,0.796929,1,56.87,-119.817,881.022,-0.0154009,-0.127914,-0.0986743,w,m
182,CAN,182,0.87716,1,57.1461,-123.802,906.207,-0.016844,-0.184243,-0.104878,w,m
183,CAN,183,0.886089,1,57.0605,-126.408,922.038,-0.0328693,-0.208326,-0.111827,w,m
184,CAN,184,0.882968,1,55.6638,-127.317,927.566,-0.0351815,-0.221366,-0.109767,w,m
185,CAN,185,0.861949,1,53.4998,-127.768,929.289,-0.0346944,-0.259109,-0.105657,w,m
186,CAN,186,0.870858,1,51.2752,-127.395,923.952,-0.0364867,-0.257081,-0.107355,w,m
187,CAN,187,0.88078,1,49.2804,-127.025,921.008,-0.0488874,-0.236871,-0.110696,w,m
188,CAN,188,0.88669,1,47.7291,-128.524,925.924,-0.0684962,-0.230451,-0.118051,w,m
189,CAN,189,0.887221,1,45.8683,-129.472,931.084,-0.0647674,-0.251017,-0.124142,w,m
190,CAN,190,0.885899,1,44.1924,-130.426,936.889,-0.0540567,-0.244826,-0.120896,w,m
191,CAN,191,0.915945,1,42.5549,-132.91,950.334,-0.0471733,-0.247943,-0.118773,w,m
192,CAN,192,0.904464,1,41.1219,-134.278,957.447,-0.01299,-0.282113,-0.114562,w,m
193,CAN,193,0.924619,1,39.4332,-136.953,973.128,0.0341451,-0.380748,-0.110807,w,m
194,CAN,194,0.911099,1,37.4973,-137.317,972.346,0.0638678,-0.481425,-0.0991401,w,m
195,CAN,195,0.916929,1,35.9968,-135.813,961.467,0.0821446,-0.491051,-0.0893828,w,m
196,CAN,196,0.916799,1,34.0094,-133.12,944.824,0.0937118,-0.490259,-0.0861888,w,m
197,CAN,197,0.920609,1,32.753,-131.844,935.646,0.0992507,-0.487493,-0.081619,w,m
198,CAN,198,0.92609,1,32.0893,-131.324,933.524,0.103938,-0.482814,-0.077496,w,m
199,CAN,199,0.929907,1,31.5117,-131.048,932.792,0.109919,-0.477623,-0.0731363,w,m
200,CAN,200,0.927028,1,31.1528,-130.745,931.794,0.107506,-0.475914,-0.0717588,w,m
201,CAN,201,0.924589,1,31.2608,-130.651,932.371,0.107511,-0.476832,-0.0724651,w,m
202,CAN,202,0.927083,1,31.6456,-130.432,932.471,0.11088,-0.479624,-0.0703597,w,m
203,CAN,203,0.92631,1,32.3785,-130.506,933.068,0.113436,-0.487161,-0.0705304,w,m
204,CAN,204,0.915862,1,33.2558,-130.639,933.935,0.11744,-0.49247,-0.0691057,w,m
205,CAN,205,0.915705,1,34.0073,-130.474,933.11,0.118443,-0.497796,-0.0699367,w,m
206,CAN,206,0.915474,1,34.8038,-130.568,933.291,0.117996,-0.505197,-0.0703354,w,m
207,CAN,207,0.903306,1,35.5774,-130.672,933.109,0.115544,-0.510091,-0.0728498,w,m
208,CAN,208,0.900867,1,36.6731,-130.739,931.838,0.120437,-0.518433,-0.0688805,w,m
209,CAN,209,0.906053,1,37.8048,-131.341,934.655,0.123006,-0.527721,-0.0681061,w,m
210,CAN,210,0.917001,1,39.0221,-131.545,934.466,0.122869,-0.535351,-0.0689248,w,m
211,CAN,211,0.781782,1,40.3814,-131.626,932.428,0.0922409,-0.563687,-0.0708478,w,m
212,CAN,212,0.763672,1,41.4711,-131.977,934.637,0.0579948,-0.612464,-0.0833571,w,m
213,CAN,213,0.783526,1,41.8594,-131.986,933.014,0.0533057,-0.662595,-0.0943402,w,m
214,CAN,214,0.786906,1,42.3783,-132.188,932.007,0.0591666,-0.679637,-0.0989635,w,m
215,CAN,215,0.8047,1,42.8929,-132.492,932.125,0.0651489,-0.695124,-0.0985932,w,m
216,CAN,216,0.829738,1,43.1459,-132.477,930.45,0.0617068,-0.687123,-0.101678,w,m
217,CAN,217,0.83276,1,43.4978,-132.873,930.929,0.0568786,-0.68836,-0.10401,w,m
218,CAN,218,0.818765,1,43.7227,-133.252,931.728,0.0577481,-0.688787,-0.103315,w,m
219,CAN,219,0.821509,1,43.3538,-133.273,930.514,0.0548788,-0.689086,-0.10541,w,m
220,CAN,220,0.800281,1,42.7041,-133.654,931.424,0.0447849,-0.685236,-0.111333,w,m
221,CAN,221,0.81215,1,41.5959,-133.656,930.223,0.0393484,-0.678668,-0.116488,w,m
222,CAN,222,0.820436,1,40.5941,-133.821,930.382,0.0343769,-0.66896,-0.115055,w,m
223,CAN,223,0.806884,1,39.3593,-133.856,928.63,0.0234419,-0.662662,-0.120566,w,m
224,CAN,224,0.827423,1,38.1028,-134.323,930.035,0.0146647,-0.660583,-0.125513,w,m
225,CAN,225,0.804053,1,36.7445,-134.668,931.12,0.0108678,-0.649982,-0.127706,w,m
4879,CAN,4879,0.857846,1,98.9373,-178.121,1214.44,0.158052,0.672646,-0.0626943,w,w
4880,CAN,4880,0.854613,1,98.9171,-179.654,1215.71,0.136642,0.679447,-0.0414321,w,w
4881,CAN,4881,0.852779,1,100.808,-181.932,1227.51,0.0758135,0.696715,-0.00561541,w,w
4882,CAN,4882,0.838587,1,100.986,-183.033,1224.27,0.0448363,0.714455,0.0199874,w,w
4883,CAN,4883,0.851688,1,101.125,-184.026,1220.08,0.012331,0.706608,0.0472487,w,w
4884,CAN,4884,0.864048,1,102.002,-185.795,1222.13,-0.0168641,0.687876,0.0779895,w,w
4885,CAN,4885,0.868115,1,102.763,-186.484,1218.87,-0.0423929,0.676355,0.101237,w,w
4886,CAN,4886,0.87011,1,104.029,-188.156,1222.37,-0.0541699,0.676978,0.116742,w,w
4887,CAN,4887,0.851883,1,105.374,-188.892,1221.38,-0.0578206,0.670338,0.124399,w,w
4888,CAN,4888,0.874516,1,108.107,-192.394,1237.7,-0.0713303,0.653663,0.138001,w,w
4889,CAN,4889,0.853813,1,110.921,-198.496,1262.87,-0.12115,0.624249,0.184469,w,w
4890,CAN,4890,0.848669,1,112.602,-201.464,1272.41,-0.152507,0.603311,0.216708,w,w
4891,CAN,4891,0.857489,1,114.287,-203.528,1278.67,-0.166478,0.587425,0.235108,w,w
4892,CAN,4892,0.849378,1,115.292,-204.437,1280.68,-0.167788,0.581263,0.242759,w,w
4893,CAN,4893,0.835547,1,116.204,-204.954,1283.37,-0.154655,0.582952,0.241532,w,w
4894,CAN,4894,0.891743,1,116.248,-203.838,1278.9,-0.114496,0.599696,0.220605,w,w
4895,CAN,4895,0.896332,1,113.807,-201.043,1264.2,-0.0851005,0.629338,0.193981,w,w
4896,CAN,4896,0.896179,1,110.866,-201.601,1264.13,-0.0913167,0.646252,0.18314,w,w
4897,CAN,4897,0.892559,1,108.061,-202.823,1269.08,-0.0863815,0.65785,0.171047,w,w
4898,CAN,4898,0.889067,1,106.181,-206.108,1285.49,-0.0700417,0.671993,0.15733,w,w
4899,CAN,4899,0.884086,1,105.171,-210.541,1308.96,-0.064013,0.680495,0.152248,w,w
4900,CAN,4900,0.86754,1,105.728,-215.449,1340.21,-0.0508346,0.684892,0.141745,w,w
4901,CAN,4901,0.850982,1,106.72,-218.03,1363.76,-0.0366472,0.695459,0.131346,w,w
4902,CAN,4902,0.864947,1,107.747,-217.342,1370.65,-0.0160399,0.710621,0.124033,w,w
4903,CAN,4903,0.855253,1,107.972,-214.405,1365.25,0.00506786,0.722063,0.114771,w,w
4904,CAN,4904,0.855475,1,105.919,-208.961,1345.11,0.0359757,0.75161,0.0951416,w,w
4905,CAN,4905,0.847482,1,102.409,-202.77,1321.03,0.0511133,0.776425,0.0862259,w,w
4906,CAN,4906,0.790435,1,99.1489,-197.744,1304.61,0.065081,0.787788,0.0814879,w,w
4907,CAN,4907,0.780257,1,95.635,-193.221,1290.63,0.0566409,0.789585,0.10452,w,w
4908,CAN,4908,0.792576,1,92.0839,-190.529,1281.37,0.0643152,0.795144,0.116671,w,w
4909,CAN,4909,0.744428,1,89.4746,-186.734,1270.56,0.134742,0.807511,0.08688,w,w
4911,CAN,4911,0.756178,1,80.6548,-179.804,1260.16,0.213288,0.833157,0.0380666,w,w
4912,CAN,4912,0.730009,1,78.4944,-177.17,1253.08,0.26474,0.849689,-0.00874708,w,w
4914,CAN,4914,0.745919,1,75.0982,-175.217,1258.52,0.274059,0.84784,-0.0479731,w,w
4915,CAN,4915,0.75212,1,74.3684,-173.138,1243.55,0.259438,0.863961,-0.0508999,w,w
4916,CAN,4916,0.778465,1,74.8936,-173.428,1241.8,0.226936,0.863741,-0.0361878,w,w
4917,CAN,4917,0.79183,1,75.6848,-173.736,1240.79,0.211966,0.865399,-0.0251556,w,w
4918,CAN,4918,0.799133,1,75.9629,-173.118,1236.26,0.196936,0.87378,-0.00961652,w,w
4919,CAN,4919,0.800309,1,76.2166,-172.004,1228.87,0.179995,0.874127,0.0113658,w,w
4920,CAN,4920,0.802491,1,76.5936,-171.307,1222.61,0.165956,0.878658,0.0283141,w,w
4921,CAN,4921,0.800343,1,77.537,-172.348,1227.45,0.147198,0.873937,0.0426015,w,w
4922,CAN,4922,0.787151,1,78.2078,-172.709,1229.17,0.154303,0.876577,0.0409205,w,w
4923,CAN,4923,0.79248,1,79.1572,-173.991,1237.21,0.155453,0.873136,0.0362479,w,w
4924,CAN,4924,0.799847,1,80.4457,-174.306,1241.41,0.148257,0.86524,0.0386313,w,w
4925,CAN,4925,0.807383,1,82.2587,-174.265,1240.92,0.10283,0.839397,0.0695851,w,w
4926,CAN,4926,0.811768,1,84.5337,-173.26,1232.02,0.050501,0.822379,0.111038,w,w
4927,CAN,4927,0.766204,1,88.4202,-174.026,1235.51,0.0125969,0.817199,0.146581,w,w
4929,CAN,4929,0.821296,1,112.33,-192.664,1366.31,0.0549004,0.680915,0.0667239,w,w
4930,CAN,4930,0.818793,1,114.969,-192.304,1367.75,0.0658945,0.665046,0.0457418,w,w
4931,CAN,4931,0.817218,1,113.891,-189.612,1347.55,0.0845715,0.65717,0.0349972,w,w
4932,CAN,4932,0.819091,1,110.275,-185.592,1319.04,0.0977916,0.687668,0.0270326,w,w
4933,CAN,4933,0.791461,1,105.947,-182.367,1294.05,0.103424,0.717548,0.0364679,w,w
15411,CAN,15411,0.917137,1,55.0288,-191.159,1321.84,0.0847247,0.614119,0.121086,w,w
15412,CAN,15412,0.916165,1,55.0693,-191.188,1321.97,0.0855164,0.613598,0.120564,w,w
15413,CAN,15413,0.916037,1,55.1238,-191.216,1322.19,0.0861391,0.61338,0.120142,w,w
15414,CAN,15414,0.915885,1,55.1606,-191.153,1322.02,0.0873729,0.612514,0.119578,w,w
15415,CAN,15415,0.918388,1,55.1921,-191.074,1321.8,0.0892608,0.611544,0.118601,w,w
15416,CAN,15416,0.921686,1,55.3548,-190.734,1320.39,0.0965925,0.608547,0.115157,w,w
15417,CAN,15417,0.923848,1,55.4347,-190.581,1319.49,0.100965,0.608087,0.112013,w,w
15418,CAN,15418,0.925872,1,55.8713,-190.369,1319.33,0.113007,0.605679,0.1025,w,w
15419,CAN,15419,0.92574,1,55.9312,-190.435,1319.92,0.11344,0.606011,0.102093,w,w
15420,CAN,15420,0.924593,1,56.1102,-190.37,1319.41,0.111487,0.606907,0.103592,w,w
15421,CAN,15421,0.924289,1,56.2252,-190.368,1318.82,0.110093,0.608494,0.105581,w,w
15422,CAN,15422,0.923766,1,56.4466,-190.296,1317.72,0.112182,0.607554,0.106502,w,w
15423,CAN,15423,0.922284,1,56.5758,-190.134,1315.56,0.110698,0.60963,0.109032,w,w
15424,CAN,15424,0.920871,1,56.7937,-190.042,1314.86,0.113506,0.606958,0.107,w,w
15425,CAN,15425,0.919267,1,56.9455,-189.945,1314.23,0.117133,0.606844,0.103774,w,w
15426,CAN,15426,0.917699,1,56.9909,-189.911,1314.04,0.117345,0.606303,0.10374,w,w
15427,CAN,15427,0.915045,1,57.0429,-189.84,1313.6,0.117044,0.605888,0.104081,w,w
15428,CAN,15428,0.91477,1,57.0848,-189.726,1312.94,0.116705,0.605943,0.104296,w,w
15429,CAN,15429,0.913067,1,57.1036,-189.594,1312.24,0.117074,0.605787,0.104196,w,w
15430,CAN,15430,0.915795,1,57.0574,-189.329,1311.39,0.118565,0.60522,0.103233,w,w
15431,CAN,15431,0.918531,1,56.8742,-188.558,1306.59,0.117393,0.604648,0.102997,w,w
15432,CAN,15432,0.920318,1,56.8124,-188.356,1305.68,0.117979,0.605151,0.102853,w,w
15433,CAN,15433,0.915732,1,56.7528,-188.17,1304.82,0.118876,0.60558,0.102505,w,w
15434,CAN,15434,0.916589,1,56.7202,-188.018,1304.07,0.119646,0.605777,0.101996,w,w
15435,CAN,15435,0.915583,1,56.6694,-187.664,1301.94,0.121099,0.606302,0.101043,w,w
15436,CAN,15436,0.917494,1,56.8057,-187.085,1299.3,0.129998,0.604648,0.0954706,w,w
15437,CAN,15437,0.913601,1,56.8151,-187.087,1299.35,0.130809,0.604559,0.0949379,w,w
15438,CAN,15438,0.9164,1,56.9038,-187.172,1299.83,0.1313,0.604025,0.094766,w,w
15439,CAN,15439,0.918076,1,57.1239,-187.284,1300.6,0.132651,0.601766,0.0940234,w,w
15440,CAN,15440,0.917603,1,57.1944,-187.201,1299.84,0.131211,0.600831,0.0951541,w,w
15441,CAN,15441,0.912156,1,57.2972,-187.334,1300.54,0.130293,0.600575,0.0959479,w,w
15442,CAN,15442,0.911675,1,57.4197,-187.488,1301.52,0.131103,0.599456,0.0960926,w,w
15443,CAN,15443,0.910387,1,57.6612,-187.722,1303.2,0.133626,0.596907,0.095348,w,w
15444,CAN,15444,0.905617,1,57.7184,-187.796,1303.93,0.135235,0.595891,0.095663,w,w
15445,CAN,15445,0.901663,1,57.749,-187.815,1304.14,0.136271,0.595023,0.0959363,w,w
15446,CAN,15446,0.903376,1,57.7493,-187.758,1303.97,0.142843,0.594,0.0960002,w,w
15447,CAN,15447,0.903748,1,57.7566,-187.691,1303.64,0.144545,0.592981,0.0960026,w,w
15448,CAN,15448,0.904988,1,57.6083,-187.273,1301.83,0.15293,0.590753,0.0939127,w,w
15449,CAN,15449,0.903884,1,57.4495,-186.72,1299.51,0.159002,0.588845,0.0902256,w,w
15450,CAN,15450,0.907175,1,57.322,-186.449,1298.35,0.163438,0.587555,0.0876389,w,w
15451,CAN,15451,0.906116,1,57.2837,-186.398,1298.4,0.165063,0.587193,0.0863512,w,w
15452,CAN,15452,0.904997,1,57.1642,-186.309,1298.02,0.166761,0.584647,0.0848949,w,w
15453,CAN,15453,0.904556,1,57.108,-186.378,1298.53,0.166253,0.584124,0.0846246,w,w
15454,CAN,15454,0.904573,1,56.8102,-186.666,1298.99,0.162893,0.586356,0.0821456,w,w
15455,CAN,15455,0.903994,1,56.8105,-187.107,1301.16,0.159658,0.58603,0.083178,w,w
15456,CAN,15456,0.901971,1,56.7934,-187.134,1301.49,0.159874,0.585793,0.0828985,w,w
15457,CAN,15457,0.897285,1,56.8109,-187.163,1302.04,0.160549,0.585442,0.0824217,w,w
15458,CAN,15458,0.902777,1,56.8158,-186.954,1302.66,0.161161,0.584846,0.0820888,w,w
15459,CAN,15459,0.902108,1,56.7781,-186.745,1302.12,0.162871,0.58495,0.081253,w,w
15460,CAN,15460,0.900575,1,56.7656,-186.717,1302.16,0.163141,0.584413,0.0807121,w,w
15461,CAN,15461,0.897563,1,56.7467,-186.673,1302.12,0.163696,0.583702,0.0800541,w,w
15462,CAN,15462,0.898027,1,56.7376,-186.645,1302.05,0.163715,0.583014,0.0797868,w,w
15463,CAN,15463,0.898427,1,56.7239,-186.603,1301.81,0.163266,0.58236,0.0797983,w,w
15464,CAN,15464,0.898241,1,56.7134,-186.567,1301.55,0.163907,0.581913,0.0796733,w,w
15465,CAN,15465,0.899301,1,56.716,-186.585,1301.72,0.164138,0.581408,0.079513,w,w
15466,CAN,15466,0.898709,1,56.622,-186.113,1299.34,0.171137,0.581638,0.0780514,w,w
2606,CAN,2606,0.962909,1,9.11084,-112.431,1341.32,0.224601,-0.517471,0.207148,m,m
2607,CAN,2607,0.96192,1,9.04763,-115.086,1334.75,0.189034,-0.525183,0.194446,m,m
2608,CAN,2608,0.960736,1,8.19274,-116.321,1337.02,0.191138,-0.521837,0.194961,m,m
2609,CAN,2609,0.966383,1,7.23152,-115.507,1344.06,0.219699,-0.508272,0.210063,m,m
2610,CAN,2610,0.960387,1,7.37034,-114.202,1347.1,0.240149,-0.504894,0.221473,m,m
2611,CAN,2611,0.960871,1,8.16487,-115.466,1341.52,0.213479,-0.521335,0.213521,m,m
2612,CAN,2612,0.962262,1,7.91186,-117.492,1338.27,0.189255,-0.523443,0.200339,m,m
2613,CAN,2613,0.962142,1,7.07827,-117.479,1337.58,0.190947,-0.518618,0.200585,m,m
2614,CAN,2614,0.962719,1,5.718,-115.487,1349.16,0.231097,-0.501535,0.223584,m,m
2615,CAN,2615,0.962279,1,5.8198,-112.62,1347.46,0.268299,-0.504603,0.243548,m,m
2616,CAN,2616,0.963884,1,6.86596,-114.138,1347.83,0.235747,-0.516159,0.233036,m,m
2617,CAN,2617,0.961333,1,6.95019,-116.071,1339.27,0.204366,-0.526911,0.215733,m,m
2618,CAN,2618,0.959913,1,5.82097,-117.466,1340.92,0.194514,-0.518364,0.2095,m,m
2619,CAN,2619,0.965211,1,4.47993,-116.224,1345.8,0.221637,-0.509692,0.220197,m,m
2620,CAN,2620,0.965438,1,3.04302,-113.919,1355.55,0.264676,-0.482269,0.240124,m,m
2621,CAN,2621,0.962736,1,3.3237,-113.483,1353.06,0.255379,-0.486904,0.241825,m,m
2622,CAN,2622,0.962477,1,4.19804,-115.035,1341.04,0.217366,-0.505116,0.223173,m,m
2623,CAN,2623,0.962538,1,4.09633,-116.596,1338.18,0.198547,-0.511453,0.209584,m,m
2624,CAN,2624,0.963195,1,3.23367,-116.516,1340.93,0.206341,-0.501098,0.209302,m,m
2625,CAN,2625,0.9691,1,2.12698,-115.1,1348.35,0.236495,-0.482855,0.219386,m,m
2626,CAN,2626,0.963225,1,2.30729,-113.725,1348.23,0.24463,-0.48498,0.224023,m,m
2627,CAN,2627,0.965166,1,3.06113,-114.721,1345.52,0.221542,-0.500745,0.214336,m,m
2628,CAN,2628,0.961465,1,3.62181,-115.316,1338.6,0.204455,-0.511024,0.20265,m,m
2629,CAN,2629,0.962529,1,3.33761,-115.385,1340.59,0.211672,-0.506584,0.207004,m,m
2630,CAN,2630,0.962125,1,2.72818,-113.591,1346.19,0.249337,-0.494711,0.220203,m,m
2631,CAN,2631,0.963939,1,2.99456,-112.28,1343.48,0.256797,-0.500187,0.226062,m,m
2632,CAN,2632,0.959822,1,3.51101,-113.414,1338.57,0.235197,-0.509474,0.218052,m,m
2633,CAN,2633,0.962162,1,3.27825,-114.612,1336.87,0.2143,-0.509751,0.20485,m,m
2634,CAN,2634,0.966032,1,2.45177,-114.594,1342.13,0.22271,-0.500446,0.207767,m,m
2635,CAN,2635,0.963237,1,1.56127,-112.155,1344.57,0.260643,-0.491507,0.220712,m,m
2636,CAN,2636,0.960056,1,2.31379,-112.303,1341.08,0.246708,-0.497044,0.217464,m,m
2637,CAN,2637,0.961286,1,2.87213,-114.856,1337.56,0.202132,-0.510749,0.197818,m,m
2638,CAN,2638,0.962879,1,2.53151,-116.018,1337.34,0.193012,-0.510872,0.190842,m,m
