time_stamp,word,frame,confidence,success,Tx,Ty,Tz,Rx,Ry,Rz,speaker_gender,listener_gender
8302,WILL,8302,0.926946,1,-79.1741,-215.834,1127.11,-0.050027,0.443338,0.271997,w,m
8303,WILL,8303,0.894149,1,-79.9962,-208.643,1124.95,0.00245662,0.44368,0.243596,w,m
8304,WILL,8304,0.860689,1,-83.3276,-201.544,1125.17,0.100316,0.407063,0.203992,w,m
8309,WILL,8309,0.882488,1,-97.304,-103.118,1025.01,0.123134,0.434769,0.0196688,w,m
8310,WILL,8310,0.903001,1,-101.163,-108.076,1019.88,0.09417,0.502994,0.0409056,w,m
8311,WILL,8311,0.870885,1,-105.129,-117.022,1021.38,0.0234332,0.548331,0.0661695,w,m
8736,WILL,8736,0.923495,1,-85.4732,-206.502,1080.61,-0.0371792,0.379934,-0.0202427,w,m
8737,WILL,8737,0.9186,1,-85.7924,-203.846,1082.58,-0.0144177,0.381313,-0.0422218,w,m
8738,WILL,8738,0.911509,1,-85.9053,-199.765,1080.84,0.0180458,0.371548,-0.0748945,w,m
8739,WILL,8739,0.92484,1,-85.1271,-195.161,1075.45,0.0298217,0.35785,-0.100982,w,m
8740,WILL,8740,0.929302,1,-84.6033,-192.621,1070.96,0.0404654,0.350171,-0.114274,w,m
8741,WILL,8741,0.918379,1,-83.6487,-191.717,1066.1,0.0368651,0.341081,-0.120219,w,m
8742,WILL,8742,0.896532,1,-81.4636,-192.89,1068.28,0.0246319,0.313925,-0.112622,w,m
8743,WILL,8743,0.839606,1,-77.7196,-194.489,1071.28,0.00851125,0.27821,-0.0997835,w,m
8744,WILL,8744,0.750702,1,-72.4752,-195.501,1074.01,0.00255946,0.225338,-0.0931006,w,m
8745,WILL,8745,0.926741,1,-58.8781,-187.03,1025.89,0.0182775,0.137448,-0.149371,w,m
8746,WILL,8746,0.875316,1,-54.0477,-186.751,1033.16,-0.0134898,0.0225288,-0.159087,w,m
8747,WILL,8747,0.824565,1,-47.4082,-184.471,1030.38,-0.0243579,-0.0539995,-0.163543,w,m
8748,WILL,8748,0.79781,1,-40.2118,-182.411,1024.45,-0.0125943,-0.1225,-0.172174,w,m
8749,WILL,8749,0.912339,1,-33.7833,-181.388,1022.6,-0.0140072,-0.175774,-0.180452,w,m
8750,WILL,8750,0.940232,1,-29.0683,-187.028,1057.01,0.00853997,-0.224281,-0.180693,w,m
8751,WILL,8751,0.938506,1,-24.7722,-194.237,1099.36,0.06862,-0.260298,-0.16736,w,m
8752,WILL,8752,0.943798,1,-20.9475,-197.079,1118.5,0.101086,-0.289647,-0.150938,w,m
8753,WILL,8753,0.951042,1,-17.3402,-197.807,1128.24,0.121946,-0.340647,-0.134532,w,m
8754,WILL,8754,0.947954,1,-14.0049,-198.369,1130.49,0.113186,-0.407203,-0.129924,w,m
8755,WILL,8755,0.932415,1,-11.5034,-198.173,1127.41,0.0892692,-0.467337,-0.124733,w,m
8756,WILL,8756,0.929486,1,-9.79067,-198.54,1124.39,0.0652454,-0.499832,-0.128589,w,m
8757,WILL,8757,0.921807,1,-8.21258,-198.907,1118.85,0.0438916,-0.525472,-0.142758,w,m
8758,WILL,8758,0.925278,1,-6.89018,-200.248,1117.94,0.0287198,-0.536608,-0.14691,w,m
8759,WILL,8759,0.927866,1,-5.75387,-201.483,1117.16,0.0211191,-0.535686,-0.150605,w,m
8760,WILL,8760,0.929299,1,-4.55425,-202.876,1119.18,0.0152619,-0.540786,-0.150217,w,m
8761,WILL,8761,0.91998,1,-3.0892,-203.599,1118.14,0.00937713,-0.536946,-0.153443,w,m
8762,WILL,8762,0.925695,1,-1.62645,-204.331,1117.44,0.00336789,-0.539359,-0.155478,w,m
8763,WILL,8763,0.917566,1,-0.147086,-205.546,1116.8,-0.00317526,-0.543359,-0.154431,w,m
8764,WILL,8764,0.924585,1,1.50959,-206.545,1116.29,-0.00729842,-0.544129,-0.152019,w,m
8765,WILL,8765,0.923631,1,2.81181,-207.875,1119.51,-0.0053503,-0.539449,-0.146569,w,m
8766,WILL,8766,0.929103,1,3.70952,-208.839,1121.01,-0.00749614,-0.53175,-0.146826,w,m
46506,WILL,46506,0.917157,1,-113.41,-257.089,1334.56,0.147562,0.656224,-0.0904806,m,w
46507,WILL,46507,0.878185,1,-117.836,-255.675,1334.87,0.152487,0.66916,-0.0710035,m,w
46508,WILL,46508,0.780876,1,-120.965,-251.397,1323.45,0.161328,0.680057,-0.0601609,m,w
46509,WILL,46509,0.850969,1,-125.09,-241.869,1280.57,0.190928,0.409618,-0.0471637,m,w
46510,WILL,46510,0.881524,1,-128.342,-244.055,1286.65,0.236996,0.525437,-0.0652512,m,w
46511,WILL,46511,0.748959,1,-129.774,-246.904,1291.35,0.267764,0.665379,-0.114556,m,w
46512,WILL,46512,0.754755,1,-132.82,-255.578,1323.32,0.237701,0.744206,-0.109761,m,w
46513,WILL,46513,0.83802,1,-136.26,-265.091,1357.11,0.213936,0.778791,-0.0911883,m,w
46514,WILL,46514,0.858772,1,-138.9,-273.262,1390.45,0.186906,0.785552,-0.0684835,m,w
46515,WILL,46515,0.853558,1,-140.941,-279.405,1405.01,0.140695,0.788542,-0.0276039,m,w
46516,WILL,46516,0.862283,1,-142.05,-283.79,1407.12,0.10033,0.788768,0.00935595,m,w
46517,WILL,46517,0.84596,1,-141.542,-286.901,1406.79,0.0724517,0.785555,0.0419312,m,w
46518,WILL,46518,0.836634,1,-139.432,-289.94,1415.15,0.0699587,0.784418,0.0586145,m,w
46519,WILL,46519,0.846463,1,-136.707,-293.608,1426.17,0.0713322,0.786014,0.0714094,m,w
46520,WILL,46520,0.839968,1,-133.883,-299.523,1443.04,0.0335006,0.778672,0.0997304,m,w
46521,WILL,46521,0.84301,1,-131.557,-305.776,1464.25,0.00290987,0.781318,0.130503,m,w
46522,WILL,46522,0.827448,1,-128.505,-308.976,1477.99,-0.0309078,0.773649,0.164283,m,w
46523,WILL,46523,0.824407,1,-124.042,-308.761,1471.73,-0.0130996,0.786854,0.174747,m,w
46524,WILL,46524,0.838614,1,-120.186,-308.934,1461.73,-0.0264376,0.797267,0.201114,m,w
46525,WILL,46525,0.84973,1,-116.325,-311.788,1464.43,-0.0338312,0.801751,0.212199,m,w
46526,WILL,46526,0.816574,1,-112.217,-316.33,1476.06,-0.0528406,0.786845,0.217644,m,w
46527,WILL,46527,0.804803,1,-106.9,-316.173,1478.11,-0.074548,0.788573,0.223084,m,w
46528,WILL,46528,0.729483,1,-100.524,-309.798,1462.16,-0.0980963,0.799011,0.236898,m,w
46529,WILL,46529,0.798751,1,-82.7802,-283.399,1347.49,-0.0332077,0.402996,0.0906858,m,w
46533,WILL,46533,0.72742,1,-63.5661,-282.228,1355.15,-0.0952937,0.717625,0.257463,m,w
46534,WILL,46534,0.759626,1,-59.9066,-283.489,1361.09,-0.117999,0.716719,0.270784,m,w
46535,WILL,46535,0.754791,1,-56.2674,-283.875,1362.83,-0.129184,0.713275,0.276086,m,w
46536,WILL,46536,0.768802,1,-53.1796,-282.584,1355.84,-0.129757,0.703242,0.273574,m,w
46537,WILL,46537,0.786904,1,-51.0616,-281.429,1349.46,-0.127354,0.696673,0.270036,m,w
46538,WILL,46538,0.795834,1,-49.9928,-280.646,1345.16,-0.122407,0.689517,0.265524,m,w
46539,WILL,46539,0.804725,1,-49.6703,-279.887,1341.53,-0.120235,0.685447,0.261538,m,w
46540,WILL,46540,0.814481,1,-49.7811,-277.84,1333.94,-0.113526,0.683109,0.256417,m,w
46541,WILL,46541,0.835071,1,-50.6459,-276.515,1329.16,-0.102991,0.685958,0.249195,m,w
46542,WILL,46542,0.90096,1,-52.3582,-276.055,1325.48,-0.0966352,0.694556,0.242483,m,w
46543,WILL,46543,0.928365,1,-55.2533,-275.124,1316.99,-0.080887,0.710266,0.233192,m,w
46544,WILL,46544,0.941844,1,-58.1066,-274.533,1314.22,-0.0540579,0.732274,0.228526,m,w
46545,WILL,46545,0.941225,1,-58.751,-272.724,1315.67,-0.0346876,0.750455,0.23149,m,w
46546,WILL,46546,0.935174,1,-56.8137,-270.847,1328.25,-0.0214021,0.753355,0.22862,m,w
46547,WILL,46547,0.925807,1,-53.9122,-270.35,1347.48,-0.00518173,0.747185,0.220942,m,w
46548,WILL,46548,0.91213,1,-52.3743,-270.587,1360.21,-0.0181192,0.730329,0.229498,m,w
46549,WILL,46549,0.899674,1,-52.0594,-274.457,1378.85,-0.0275112,0.719045,0.233312,m,w
46550,WILL,46550,0.888208,1,-53.0222,-273.118,1361.93,-0.035553,0.740026,0.250916,m,w
46551,WILL,46551,0.884042,1,-55.4066,-271.609,1341.23,-0.0319428,0.762675,0.263289,m,w
46552,WILL,46552,0.868098,1,-58.7474,-273.587,1334.67,-0.0142712,0.77518,0.273473,m,w
46553,WILL,46553,0.848704,1,-62.7351,-278.753,1352.46,-0.0308579,0.787956,0.303341,m,w
46554,WILL,46554,0.827444,1,-66.1716,-280.545,1362.56,-0.036761,0.793231,0.338465,m,w
46555,WILL,46555,0.823478,1,-69.5084,-280.583,1365.74,-0.0334446,0.794322,0.360499,m,w
46556,WILL,46556,0.81673,1,-73.3802,-282.57,1376.84,-0.00354437,0.79205,0.357853,m,w
46557,WILL,46557,0.803252,1,-77.2622,-282.897,1384.58,0.0105557,0.80116,0.358552,m,w
46558,WILL,46558,0.806161,1,-78.3428,-277.755,1373.55,0.0711942,0.838173,0.309714,m,w
46559,WILL,46559,0.847659,1,-78.8404,-269.533,1343.83,0.114831,0.87154,0.273801,m,w
46560,WILL,46560,0.890826,1,-80.0562,-264.001,1324.96,0.113471,0.89183,0.266709,m,w
46561,WILL,46561,0.89014,1,-83.0112,-268.145,1346.17,0.0791137,0.897098,0.283066,m,w
46562,WILL,46562,0.856323,1,-84.1676,-272.662,1365.64,0.0647912,0.89539,0.29954,m,w
46563,WILL,46563,0.809019,1,-82.925,-277.592,1385.24,0.0497849,0.879729,0.318027,m,w
53100,WILL,53100,0.896557,1,-80.7284,-233.892,1330.66,-0.00039102,0.827946,0.236403,m,w
53101,WILL,53101,0.894751,1,-83.3532,-234.363,1330.93,-0.0180993,0.817371,0.255029,m,w
53102,WILL,53102,0.862445,1,-85.4495,-237.322,1346.12,-0.00141676,0.790842,0.246433,m,w
53103,WILL,53103,0.808279,1,-86.1072,-236.683,1341.38,-0.00441251,0.798874,0.250688,m,w
53104,WILL,53104,0.780353,1,-86.5045,-236.183,1335.74,-0.0214721,0.819147,0.266245,m,w
53105,WILL,53105,0.742964,1,-87.1912,-235.015,1327.13,-0.0542733,0.834416,0.296781,m,w
53106,WILL,53106,0.736037,1,-87.9849,-234.848,1328.68,-0.068237,0.837995,0.312812,m,w
40037,WILL,40037,0.826257,1,-35.5238,-167.28,1194.85,-0.353305,-0.622257,-0.373575,m,m
40038,WILL,40038,0.821061,1,-35.2401,-164.615,1179.28,-0.406182,-0.660995,-0.408233,m,m
40039,WILL,40039,0.800636,1,-36.0417,-163.04,1175.82,-0.430164,-0.675909,-0.428421,m,m
40040,WILL,40040,0.760024,1,-39.2864,-167.6,1224.18,-0.379491,-0.653129,-0.415808,m,m
40045,WILL,40045,0.735405,1,-46.6387,-144.106,1361.58,-0.170283,-0.577674,-0.348385,m,m
40046,WILL,40046,0.829673,1,-46.7869,-121.103,1130.17,0.261356,-0.353127,-0.0552299,m,m
40047,WILL,40047,0.858103,1,-45.674,-119.691,1137.35,0.292195,-0.392425,-0.0846578,m,m
40048,WILL,40048,0.87275,1,-47.6195,-123.538,1193.82,0.282686,-0.428646,-0.118421,m,m
40049,WILL,40049,0.920377,1,-49.2567,-127.491,1225.62,0.216638,-0.45683,-0.15233,m,m
40050,WILL,40050,0.938215,1,-49.7884,-130.579,1243.37,0.160593,-0.463677,-0.170357,m,m
40051,WILL,40051,0.92359,1,-48.8158,-133.445,1246.79,0.0955825,-0.479301,-0.183323,m,m
40052,WILL,40052,0.916731,1,-48.0985,-138.805,1253.78,0.0321728,-0.497393,-0.201923,m,m
40053,WILL,40053,0.899,1,-51.4098,-146.061,1279.32,-0.0119774,-0.490621,-0.218919,m,m
40054,WILL,40054,0.866304,1,-57.3791,-150.034,1285.2,-0.0598732,-0.456798,-0.255691,m,m
40055,WILL,40055,0.767627,1,-61.136,-148.99,1257.12,-0.113296,-0.458675,-0.337178,m,m
40056,WILL,40056,0.75385,1,-66.4259,-149.748,1253.13,-0.142216,-0.465851,-0.389799,m,m
40057,WILL,40057,0.749008,1,-94.9996,-138.348,1249.34,-0.00627876,0.0938367,-0.198748,m,m
40058,WILL,40058,0.752042,1,-98.1537,-138.302,1258.19,-0.0303149,0.10045,-0.256791,m,m
40059,WILL,40059,0.832645,1,-101.285,-137.867,1256.12,-0.042753,0.126788,-0.294039,m,m
40060,WILL,40060,0.91643,1,-102.877,-136.605,1247.68,-0.0171193,0.133352,-0.302714,m,m
40061,WILL,40061,0.923022,1,-102.748,-137.348,1260.75,0.0101646,0.0916951,-0.269449,m,m
40062,WILL,40062,0.907723,1,-100.16,-138.185,1271.45,0.0565976,-0.00522225,-0.22061,m,m
40063,WILL,40063,0.935452,1,-96.7451,-136.89,1263.7,0.0349157,-0.186617,-0.179583,m,m
40064,WILL,40064,0.942678,1,-92.5625,-133.253,1226.39,0.0279047,-0.251223,-0.176906,m,m
40065,WILL,40065,0.939473,1,-93.2652,-133.631,1225.89,0.0209074,-0.241665,-0.185157,m,m
40066,WILL,40066,0.943712,1,-93.6726,-133.788,1227.55,0.0104779,-0.222295,-0.180545,m,m
40067,WILL,40067,0.946959,1,-91.5114,-133.429,1223.26,0.00778278,-0.213883,-0.167145,m,m
40068,WILL,40068,0.944517,1,-88.2737,-133.021,1216.11,0.0055208,-0.210175,-0.149307,m,m
40069,WILL,40069,0.941494,1,-85.2441,-132.876,1212.59,0.00501087,-0.209034,-0.134817,m,m
40070,WILL,40070,0.938972,1,-82.5494,-132.597,1210.8,0.0103921,-0.213233,-0.128883,m,m
40071,WILL,40071,0.943515,1,-80.3932,-132.5,1212.15,0.0116203,-0.216705,-0.128329,m,m
40072,WILL,40072,0.945411,1,-78.4705,-132.513,1213.96,0.0089381,-0.217574,-0.129525,m,m
40073,WILL,40073,0.939167,1,-76.5339,-132.384,1214.64,0.00434914,-0.218778,-0.136022,m,m
40074,WILL,40074,0.938551,1,-74.6756,-132.406,1215.38,0.000880252,-0.216072,-0.137593,m,m
40075,WILL,40075,0.939921,1,-72.9296,-132.622,1213.55,-0.00851436,-0.214458,-0.13907,m,m
40076,WILL,40076,0.944396,1,-71.9844,-133.258,1215.44,-0.00956572,-0.213526,-0.139315,m,m
40077,WILL,40077,0.943845,1,-71.2294,-133.519,1216.21,-0.00895379,-0.206722,-0.139232,m,m
40078,WILL,40078,0.945327,1,-70.5412,-133.874,1216.28,-0.00914442,-0.206421,-0.136832,m,m
40079,WILL,40079,0.949603,1,-69.7127,-134.289,1215.88,-0.0128538,-0.207015,-0.135245,m,m
40080,WILL,40080,0.945827,1,-68.3517,-134.335,1213.08,-0.0144353,-0.218065,-0.133235,m,m
40081,WILL,40081,0.942664,1,-66.9636,-134.455,1211.09,-0.0132102,-0.225696,-0.134455,m,m
40082,WILL,40082,0.944169,1,-65.3804,-134.571,1209.82,-0.0128631,-0.235019,-0.135408,m,m
40083,WILL,40083,0.944768,1,-63.8002,-134.738,1208.65,-0.0109561,-0.244953,-0.136856,m,m
40084,WILL,40084,0.943323,1,-61.8678,-134.585,1204.35,-0.0152585,-0.25787,-0.138491,m,m
40085,WILL,40085,0.937971,1,-59.7139,-134.973,1203.61,-0.014763,-0.276099,-0.134739,m,m
40086,WILL,40086,0.93949,1,-57.452,-134.69,1197.49,-0.0184231,-0.290123,-0.134202,m,m
40087,WILL,40087,0.945516,1,-55.6245,-134.737,1195.1,-0.0247622,-0.301339,-0.133945,m,m
40088,WILL,40088,0.943828,1,-54.3297,-134.962,1195.45,-0.0264492,-0.307319,-0.134363,m,m
40089,WILL,40089,0.942837,1,-53.176,-134.947,1193.09,-0.033713,-0.311086,-0.134184,m,m
40090,WILL,40090,0.935431,1,-52.4095,-135.175,1193.46,-0.0323463,-0.314394,-0.132436,m,m
40091,WILL,40091,0.931286,1,-52.2209,-135.578,1194.66,-0.0341464,-0.30622,-0.1315,m,m
40092,WILL,40092,0.924822,1,-52.1215,-135.837,1194.45,-0.0353351,-0.297926,-0.132413,m,m
40093,WILL,40093,0.914341,1,-51.8087,-136.604,1197.3,-0.0375729,-0.287894,-0.131965,m,m
40094,WILL,40094,0.915327,1,-51.2229,-137.222,1197.34,-0.0398771,-0.280714,-0.128217,m,m
40095,WILL,40095,0.916363,1,-50.5252,-138.127,1198.04,-0.0465416,-0.278622,-0.129501,m,m
40096,WILL,40096,0.919693,1,-49.4265,-138.345,1194.65,-0.044444,-0.275981,-0.125623,m,m
42434,WILL,42434,0.879444,1,-47.7961,-116.894,1249.78,-0.0377504,-0.705822,-0.0891341,m,m
42435,WILL,42435,0.873314,1,-47.9973,-115.772,1251.74,-0.0259421,-0.701927,-0.0864111,m,m
42436,WILL,42436,0.882511,1,-48.2177,-114.991,1253.18,-0.0168535,-0.700844,-0.0832451,m,m
42437,WILL,42437,0.858235,1,-48.3036,-113.883,1246.96,-0.0132985,-0.694387,-0.0820901,m,m
42438,WILL,42438,0.873694,1,-48.1695,-112.884,1238.36,-0.0140853,-0.69323,-0.0815831,m,m
42439,WILL,42439,0.857745,1,-48.1037,-112.487,1235.01,-0.0149274,-0.694486,-0.0813783,m,m
42440,WILL,42440,0.852659,1,-47.7606,-111.843,1227.54,-0.0211995,-0.700255,-0.080252,m,m
42441,WILL,42441,0.845596,1,-47.2738,-111.25,1219.51,-0.0277432,-0.705167,-0.0809372,m,m
42442,WILL,42442,0.855208,1,-46.7816,-111.157,1214.79,-0.0362875,-0.71085,-0.0828631,m,m
42443,WILL,42443,0.841108,1,-46.3004,-111.203,1209.88,-0.0377212,-0.71622,-0.0797595,m,m
42444,WILL,42444,0.846428,1,-45.7908,-111.817,1209.39,-0.045371,-0.718143,-0.0792752,m,m
42445,WILL,42445,0.843846,1,-45.493,-112.716,1213.41,-0.0455705,-0.718052,-0.0759323,m,m
42446,WILL,42446,0.852869,1,-45.2162,-113.347,1215.56,-0.0473632,-0.718178,-0.0765053,m,m
42447,WILL,42447,0.853298,1,-44.944,-113.837,1215.31,-0.0526084,-0.720541,-0.0768453,m,m
42448,WILL,42448,0.849052,1,-44.8674,-114.045,1214.18,-0.0558094,-0.720534,-0.0776114,m,m
42449,WILL,42449,0.836083,1,-44.8561,-114.298,1213.85,-0.0555452,-0.720356,-0.0777222,m,m
42450,WILL,42450,0.833994,1,-45.2778,-114.434,1215.82,-0.0598885,-0.718175,-0.0828274,m,m
42451,WILL,42451,0.80366,1,-46.2575,-114.963,1224.91,-0.0700361,-0.713201,-0.0952833,m,m
42452,WILL,42452,0.816628,1,-46.5628,-115.149,1227.74,-0.076183,-0.715189,-0.102371,m,m
42453,WILL,42453,0.831652,1,-46.934,-115.041,1228.43,-0.0774482,-0.715639,-0.106858,m,m
42454,WILL,42454,0.849545,1,-46.996,-114.96,1229.28,-0.0754744,-0.715048,-0.107912,m,m
42455,WILL,42455,0.846426,1,-47.2315,-114.533,1229.16,-0.0682367,-0.713535,-0.105669,m,m
42456,WILL,42456,0.851934,1,-47.2134,-113.914,1228.39,-0.0564742,-0.708998,-0.0999811,m,m
42457,WILL,42457,0.846744,1,-47.2256,-113.297,1227.79,-0.0476487,-0.707484,-0.0941758,m,m
42458,WILL,42458,0.864427,1,-46.975,-112.708,1224.66,-0.0461911,-0.710676,-0.0886193,m,m
42459,WILL,42459,0.838905,1,-46.7838,-112.394,1222,-0.0397161,-0.713019,-0.0818254,m,m
42460,WILL,42460,0.842883,1,-46.4034,-112.33,1220.29,-0.0365228,-0.714559,-0.0769571,m,m
42461,WILL,42461,0.841012,1,-46.0837,-112.312,1218.48,-0.0375678,-0.717484,-0.0752588,m,m
42462,WILL,42462,0.856763,1,-45.7008,-112.328,1217.27,-0.0347539,-0.719515,-0.0704644,m,m
42463,WILL,42463,0.84862,1,-45.557,-112.473,1218.5,-0.036156,-0.722188,-0.0710767,m,m
42464,WILL,42464,0.850347,1,-45.2564,-112.485,1218.7,-0.0359917,-0.722066,-0.0706243,m,m
42465,WILL,42465,0.853041,1,-45.1655,-112.707,1225.51,-0.0288787,-0.720712,-0.0661448,m,m
42466,WILL,42466,0.857473,1,-45.2805,-112.187,1230.24,-0.0102896,-0.71324,-0.0578262,m,m
42467,WILL,42467,0.865476,1,-45.3871,-111.222,1235.22,0.00809978,-0.707579,-0.0515169,m,m
42468,WILL,42468,0.862075,1,-45.5344,-110.087,1238.77,0.0206788,-0.699143,-0.0472477,m,m
42469,WILL,42469,0.832659,1,-45.6321,-109.093,1239.69,0.0393141,-0.689888,-0.0378269,m,m
42470,WILL,42470,0.824066,1,-44.7886,-108.217,1231.03,0.0220483,-0.703372,-0.0454824,m,m
42471,WILL,42471,0.793814,1,-43.8814,-108.639,1227.51,-0.00385225,-0.712047,-0.056904,m,m
42472,WILL,42472,0.783292,1,-43.1448,-109.581,1223.88,-0.0233346,-0.719764,-0.067378,m,m
42473,WILL,42473,0.755304,1,-41.9837,-111.682,1225.03,-0.0512839,-0.726194,-0.0853503,m,m
42474,WILL,42474,0.751771,1,-41.368,-115.215,1244.79,-0.0843442,-0.729769,-0.104727,m,m
42475,WILL,42475,0.791881,1,-41.867,-119.643,1287.43,-0.0971512,-0.723069,-0.116554,m,m
42476,WILL,42476,0.832505,1,-43.0435,-122.041,1327.52,-0.0837062,-0.716397,-0.109943,m,m
42477,WILL,42477,0.833273,1,-43.9201,-122.324,1355.26,-0.0421792,-0.709596,-0.0870801,m,m
42478,WILL,42478,0.843909,1,-44.4588,-121.953,1375.73,-0.00338464,-0.692637,-0.0731503,m,m
42479,WILL,42479,0.833981,1,-44.5098,-122.37,1386.89,0.00611072,-0.687442,-0.0671862,m,m
42480,WILL,42480,0.829759,1,-44.3944,-122.419,1384.33,0.0116025,-0.688749,-0.0666945,m,m
42481,WILL,42481,0.821351,1,-44.4559,-122.977,1378.16,-0.00755948,-0.689764,-0.0785655,m,m
42482,WILL,42482,0.836324,1,-44.7769,-123.563,1367.75,-0.0291978,-0.682096,-0.090643,m,m
42483,WILL,42483,0.829413,1,-45.0347,-123.853,1354.87,-0.0492229,-0.680094,-0.101294,m,m
42484,WILL,42484,0.818337,1,-45.5425,-125.236,1351.75,-0.0663201,-0.683049,-0.107704,m,m
42485,WILL,42485,0.830751,1,-45.7987,-125.332,1341.05,-0.0864797,-0.688085,-0.115478,m,m
42486,WILL,42486,0.842362,1,-46.4256,-125.711,1338.15,-0.0972188,-0.69021,-0.118861,m,m
42487,WILL,42487,0.848272,1,-47.0544,-125.445,1333.53,-0.0995802,-0.684904,-0.119146,m,m
42488,WILL,42488,0.843795,1,-47.7223,-125.163,1333.36,-0.09189,-0.682445,-0.114776,m,m
42489,WILL,42489,0.849194,1,-48.4287,-124.66,1337.36,-0.0712631,-0.674489,-0.105741,m,m
42490,WILL,42490,0.843932,1,-48.4813,-123.983,1341.06,-0.0600066,-0.672359,-0.104384,m,m
42491,WILL,42491,0.839501,1,-48.9205,-123.051,1344.2,-0.0354291,-0.663599,-0.0950892,m,m
42492,WILL,42492,0.853256,1,-48.9986,-122.449,1344.64,-0.0237551,-0.660267,-0.0925448,m,m
42493,WILL,42493,0.85527,1,-49.1562,-122.483,1345.69,-0.0222995,-0.656589,-0.091295,m,m
47997,WILL,47997,0.936636,1,-39.0989,-184.312,1471.74,-0.0789623,-0.0923534,0.223709,m,m
47998,WILL,47998,0.87246,1,-32.5841,-183.706,1480.96,-0.0806307,-0.142811,0.223704,m,m
47999,WILL,47999,0.74008,1,-26.7928,-170.443,1403.35,0.00261442,-0.195559,0.257121,m,m
48000,WILL,48000,0.874767,1,-4.00335,-162.575,1403.48,0.0589869,-0.0233644,0.134176,m,m
48001,WILL,48001,0.890991,1,-2.0465,-163.027,1447.63,0.125957,-0.160663,0.173806,m,m
48002,WILL,48002,0.903567,1,-0.247938,-161.056,1481.1,0.172661,-0.27081,0.211524,m,m
48003,WILL,48003,0.966306,1,1.94219,-156.765,1493.15,0.157275,-0.300549,0.214973,m,m
48004,WILL,48004,0.966272,1,3.21101,-155.415,1495.73,0.130187,-0.315781,0.199384,m,m
48005,WILL,48005,0.966146,1,3.99391,-157.728,1488.98,0.0844016,-0.349264,0.180447,m,m
48006,WILL,48006,0.971101,1,6.93911,-161.528,1469.54,0.0200219,-0.403402,0.158308,m,m
48007,WILL,48007,0.97419,1,12.1028,-165.137,1455.02,-0.0261598,-0.465089,0.142809,m,m
48008,WILL,48008,0.961146,1,17.7373,-167.924,1451.47,-0.0114721,-0.51992,0.138583,m,m
48009,WILL,48009,0.968125,1,21.8487,-168.745,1447.66,0.0135917,-0.555907,0.121072,m,m
48010,WILL,48010,0.963635,1,21.3671,-165.485,1429.26,-0.0254308,-0.611087,0.0540083,m,m
48011,WILL,48011,0.92354,1,17.2004,-157.782,1394.15,-0.0158115,-0.647802,0.0255412,m,m
48012,WILL,48012,0.848164,1,10.6999,-149.631,1344.95,-0.0344976,-0.66917,0.0121897,m,m
48013,WILL,48013,0.77064,1,0.70639,-137.411,1228.78,0.0525253,0.0148463,0.0130796,m,m
48014,WILL,48014,0.883042,1,-22.8402,-163.731,1427.03,0.0829866,-0.0312235,0.119536,m,m
48015,WILL,48015,0.883305,1,-29.3253,-165.131,1424.72,0.0583215,0.0059821,0.144957,m,m
48016,WILL,48016,0.920271,1,-35.8284,-166.259,1448.49,0.0940227,0.0612579,0.183039,m,m
48017,WILL,48017,0.91496,1,-37.857,-164.079,1465.39,0.145831,0.0746508,0.225969,m,m
48018,WILL,48018,0.930831,1,-35.0649,-159.021,1470.58,0.195818,0.0542527,0.271707,m,m
48019,WILL,48019,0.931161,1,-30.4754,-148.838,1445.6,0.231175,0.0456017,0.313885,m,m
48020,WILL,48020,0.955731,1,-25.7907,-142.858,1417.23,0.188963,-0.0191859,0.353828,m,m
48021,WILL,48021,0.957881,1,-24.1523,-143.442,1401.93,0.126696,-0.0761265,0.349944,m,m
48022,WILL,48022,0.937117,1,-25.5953,-148.144,1408.82,0.0826032,-0.0791283,0.329758,m,m
48023,WILL,48023,0.932999,1,-26.5793,-151.43,1419.09,0.0656037,-0.103215,0.313401,m,m
48024,WILL,48024,0.912372,1,-25.5104,-153.483,1424.03,0.0469436,-0.168589,0.301613,m,m
48025,WILL,48025,0.849382,1,-21.0366,-156.261,1413.46,0.0106025,-0.279263,0.263427,m,m
48026,WILL,48026,0.751899,1,-17.1645,-161.514,1405.28,-0.0134354,-0.350461,0.239958,m,m
48027,WILL,48027,0.840054,1,-10.9935,-178.388,1416.88,-0.0723029,-0.370885,0.0997238,m,m
48028,WILL,48028,0.812501,1,-13.2789,-179.881,1392.01,-0.119921,-0.442663,0.0696396,m,m
48029,WILL,48029,0.805552,1,-17.8954,-182.274,1378,-0.159437,-0.468361,0.0286091,m,m
48030,WILL,48030,0.798573,1,-23.9365,-184.97,1371.47,-0.189209,-0.4805,-0.0120583,m,m
48031,WILL,48031,0.7663,1,-30.5238,-186.767,1362.05,-0.222894,-0.478579,-0.0453348,m,m
48032,WILL,48032,0.765305,1,-36.7993,-187.705,1356.04,-0.238964,-0.486842,-0.0734171,m,m
48034,WILL,48034,0.849059,1,-55.936,-184.677,1306.37,-0.426371,-0.177734,-0.173582,m,m
48035,WILL,48035,0.774585,1,-67.9029,-183.238,1292.02,-0.305043,-0.0677671,-0.156208,m,m
48036,WILL,48036,0.760817,1,-72.8708,-176.31,1252.99,-0.206145,0.07128,-0.150109,m,m
48037,WILL,48037,0.814581,1,-101.222,-202.985,1460.06,-0.129574,-0.146184,-0.193992,m,m
48038,WILL,48038,0.847998,1,-109.895,-204.095,1498.81,-0.0879797,-0.110313,-0.213972,m,m
48039,WILL,48039,0.868483,1,-117.165,-202.801,1525.29,-0.0804887,-0.0520656,-0.220209,m,m
48040,WILL,48040,0.898893,1,-120.897,-199.907,1538.21,-0.052748,-0.0230223,-0.197663,m,m
48041,WILL,48041,0.888352,1,-118.889,-195.333,1539,0.00941384,-0.0424176,-0.157371,m,m
48042,WILL,48042,0.889041,1,-112.794,-188.74,1530.35,0.102078,-0.0960553,-0.113289,m,m
48043,WILL,48043,0.852394,1,-102.727,-179.231,1490.82,0.212852,-0.16116,-0.0840707,m,m
48044,WILL,48044,0.903977,1,-82.4609,-158.685,1416.39,0.124105,-0.0753601,0.101438,m,m
48045,WILL,48045,0.847112,1,-77.2165,-154.924,1423.17,0.140615,-0.167036,0.160722,m,m
48046,WILL,48046,0.901257,1,-55.1218,-146.035,1417.85,0.193125,-0.157882,0.185826,m,m
48047,WILL,48047,0.905336,1,-49.6874,-139.022,1398.85,0.230909,-0.247429,0.265927,m,m
48048,WILL,48048,0.812668,1,-23.1189,-120.123,1331.1,0.140537,-0.241653,0.159096,m,m
48049,WILL,48049,0.924769,1,-21.399,-120.746,1375.98,0.225259,-0.30937,0.256386,m,m
48050,WILL,48050,0.942055,1,-17.6432,-117.284,1384.4,0.29039,-0.381537,0.350768,m,m
48051,WILL,48051,0.948258,1,-12.5794,-114.566,1379.33,0.328839,-0.428313,0.407845,m,m
48052,WILL,48052,0.95682,1,-9.17163,-116.497,1386.78,0.334198,-0.468674,0.423176,m,m
54694,WILL,54694,0.963126,1,-77.9687,-160.526,1446.88,0.149542,-0.421463,0.241145,m,m
54695,WILL,54695,0.978972,1,-77.0397,-158.255,1435.15,0.156371,-0.436263,0.23896,m,m
54696,WILL,54696,0.974407,1,-77.1517,-156.952,1429.83,0.161048,-0.452743,0.242018,m,m
54697,WILL,54697,0.978834,1,-76.9828,-155.387,1421.36,0.152463,-0.465151,0.236558,m,m
54698,WILL,54698,0.976736,1,-77.0642,-155.884,1423.28,0.162358,-0.450372,0.224468,m,m
54699,WILL,54699,0.975681,1,-77.2935,-155.717,1415.78,0.168387,-0.459122,0.229915,m,m
54700,WILL,54700,0.978071,1,-77.5582,-156.679,1416.15,0.157257,-0.460477,0.21318,m,m
54701,WILL,54701,0.980314,1,-77.9894,-158.183,1419.21,0.140138,-0.458703,0.195401,m,m
54702,WILL,54702,0.9801,1,-78.4479,-159.475,1422.37,0.136736,-0.455051,0.186931,m,m
54703,WILL,54703,0.979455,1,-78.1496,-159.741,1420.26,0.134609,-0.457201,0.184404,m,m
54704,WILL,54704,0.97787,1,-77.9192,-160.233,1421.92,0.142076,-0.464247,0.192028,m,m
54705,WILL,54705,0.977009,1,-77.1966,-160.553,1423.03,0.154001,-0.473242,0.205572,m,m
54706,WILL,54706,0.975489,1,-76.4479,-160.517,1424.83,0.172941,-0.482971,0.220274,m,m
54707,WILL,54707,0.973183,1,-75.8992,-160.085,1428.12,0.190174,-0.484089,0.2353,m,m
54708,WILL,54708,0.972767,1,-75.2992,-158.484,1424.2,0.209553,-0.49109,0.246524,m,m
54709,WILL,54709,0.973907,1,-74.7479,-156.703,1419.81,0.221477,-0.496886,0.251884,m,m
54710,WILL,54710,0.972952,1,-74.3783,-155.297,1412.87,0.233004,-0.5225,0.259948,m,m
54711,WILL,54711,0.968921,1,-73.8891,-154.277,1409.96,0.207302,-0.510836,0.247145,m,m
54712,WILL,54712,0.96776,1,-73.5639,-154.157,1410.89,0.195772,-0.495455,0.23322,m,m
54713,WILL,54713,0.969298,1,-73.4274,-154.017,1410.98,0.188731,-0.489911,0.224302,m,m
54714,WILL,54714,0.969329,1,-73.1899,-153.677,1410.88,0.190876,-0.488804,0.223754,m,m
54715,WILL,54715,0.970678,1,-72.9767,-153.303,1410.75,0.192117,-0.489208,0.224004,m,m
54716,WILL,54716,0.967786,1,-72.9102,-153.22,1410.5,0.194602,-0.490116,0.224152,m,m
54717,WILL,54717,0.966435,1,-72.9697,-153.218,1411.6,0.198121,-0.490268,0.224667,m,m
54718,WILL,54718,0.965347,1,-73.2579,-153.085,1410.21,0.199395,-0.490437,0.22433,m,m
54719,WILL,54719,0.964112,1,-74.021,-153.155,1410.33,0.201064,-0.4944,0.219025,m,m
54720,WILL,54720,0.966383,1,-74.3915,-153.473,1410.4,0.20106,-0.495137,0.214827,m,m
54721,WILL,54721,0.964221,1,-73.8429,-153.486,1407.12,0.198963,-0.503604,0.214629,m,m
54722,WILL,54722,0.966385,1,-73.2597,-154.01,1409.29,0.195035,-0.513893,0.215634,m,m
54723,WILL,54723,0.963818,1,-72.4763,-154.271,1409.37,0.199306,-0.521691,0.223672,m,m
54724,WILL,54724,0.963142,1,-72.342,-154.331,1409.27,0.20523,-0.523611,0.23131,m,m
54725,WILL,54725,0.962563,1,-73.2655,-154.36,1410.42,0.208842,-0.517639,0.238147,m,m
54726,WILL,54726,0.961949,1,-74.8141,-154.299,1411.05,0.219986,-0.50954,0.245745,m,m
54727,WILL,54727,0.96136,1,-76.7511,-154.097,1410.61,0.222918,-0.503992,0.247218,m,m
54728,WILL,54728,0.955516,1,-79.3711,-154.285,1414.94,0.22947,-0.496583,0.253105,m,m
54729,WILL,54729,0.957363,1,-81.7351,-154.171,1417.16,0.233233,-0.500451,0.256673,m,m
54730,WILL,54730,0.958412,1,-83.6294,-154.615,1420.07,0.230588,-0.503559,0.257482,m,m
54731,WILL,54731,0.960683,1,-85.2329,-155.477,1422.93,0.225693,-0.501597,0.258588,m,m
54732,WILL,54732,0.961321,1,-86.8313,-156.969,1427.36,0.221962,-0.500649,0.262367,m,m
54733,WILL,54733,0.962618,1,-88.0741,-158.392,1430.26,0.216246,-0.502284,0.260781,m,m
54734,WILL,54734,0.964397,1,-89.3073,-159.927,1434.52,0.209893,-0.496923,0.256471,m,m
54735,WILL,54735,0.963154,1,-90.2087,-161.281,1436.12,0.199966,-0.493727,0.250866,m,m
54736,WILL,54736,0.966033,1,-90.6949,-162.263,1436.93,0.19254,-0.493109,0.244273,m,m
54737,WILL,54737,0.964155,1,-90.7555,-163.355,1439.93,0.189074,-0.493063,0.239469,m,m
54738,WILL,54738,0.9648,1,-90.1408,-164.186,1441.52,0.189156,-0.495122,0.233668,m,m
54739,WILL,54739,0.964901,1,-90.3514,-165.063,1445.75,0.187047,-0.495245,0.22879,m,m
54740,WILL,54740,0.964455,1,-93.7465,-166.788,1453.08,0.170263,-0.465035,0.210812,m,m
54741,WILL,54741,0.946094,1,-99.5814,-167.839,1456.01,0.161872,-0.431969,0.192036,m,m
54742,WILL,54742,0.965694,1,-102.684,-167.139,1443.78,0.148924,-0.435568,0.179826,m,m
54743,WILL,54743,0.958062,1,-100.281,-166.275,1433.62,0.140798,-0.45776,0.179936,m,m
54744,WILL,54744,0.957328,1,-95.8419,-163.065,1420.84,0.158237,-0.489536,0.19134,m,m
54745,WILL,54745,0.950234,1,-95.3284,-161.894,1438.47,0.207032,-0.49438,0.221712,m,m
54746,WILL,54746,0.948476,1,-97.3649,-162.606,1483.63,0.259342,-0.462082,0.249676,m,m
54747,WILL,54747,0.936898,1,-96.8899,-158.426,1491.46,0.301484,-0.4486,0.286417,m,m
54748,WILL,54748,0.93092,1,-94.9814,-153.705,1489.3,0.330452,-0.441029,0.321296,m,m
54749,WILL,54749,0.93385,1,-92.9391,-148.949,1487.12,0.364453,-0.450194,0.360371,m,m
2785,WILL,2785,0.912258,1,-5.61577,-158.915,1503.59,0.15298,-0.104432,-0.0652701,w,w
2786,WILL,2786,0.915079,1,-5.66802,-159.173,1518.76,0.165502,-0.103706,-0.0684999,w,w
2787,WILL,2787,0.926153,1,-5.76479,-159.714,1525.73,0.165538,-0.110679,-0.0681841,w,w
2788,WILL,2788,0.926058,1,-5.82943,-161.878,1540.72,0.145275,-0.12078,-0.0705669,w,w
2789,WILL,2789,0.939395,1,-6.12119,-165.735,1559.5,0.109384,-0.124496,-0.0735732,w,w
2790,WILL,2790,0.932306,1,-6.77075,-169.965,1570.51,0.0661325,-0.131012,-0.0947241,w,w
2791,WILL,2791,0.931865,1,-6.4731,-172.407,1555.76,0.0394661,-0.124706,-0.110702,w,w
2792,WILL,2792,0.934767,1,-6.83678,-176.647,1563.49,0.0147794,-0.12426,-0.126606,w,w
2793,WILL,2793,0.922153,1,-7.67988,-180.445,1565.19,-0.00813814,-0.126548,-0.140685,w,w
2794,WILL,2794,0.942372,1,-8.01326,-183.849,1573.27,-0.00143092,-0.119091,-0.140492,w,w
2795,WILL,2795,0.927212,1,-8.11436,-184.706,1564.08,0.0102455,-0.0916605,-0.142864,w,w
2796,WILL,2796,0.942508,1,-8.57321,-184.663,1559.73,0.0179913,-0.0699323,-0.142742,w,w
2797,WILL,2797,0.937873,1,-9.09304,-184.448,1564.56,0.0233336,-0.0434042,-0.140631,w,w
2798,WILL,2798,0.923257,1,-9.8104,-183.762,1568.24,0.0261568,-0.03091,-0.137449,w,w
2799,WILL,2799,0.919626,1,-10.3877,-182.174,1563.22,0.02904,-0.0286171,-0.136164,w,w
2800,WILL,2800,0.918698,1,-10.8319,-180.2,1554.33,0.0417647,-0.0302568,-0.136922,w,w
2801,WILL,2801,0.926333,1,-11.0756,-179.502,1553.85,0.0416741,-0.0302702,-0.137066,w,w
2802,WILL,2802,0.929625,1,-11.3432,-178.538,1550.96,0.041874,-0.0326809,-0.137439,w,w
2803,WILL,2803,0.928661,1,-11.317,-178.224,1550.67,0.0344058,-0.0331079,-0.137123,w,w
2804,WILL,2804,0.931467,1,-11.2428,-177.736,1549.41,0.041948,-0.0359922,-0.137354,w,w
2805,WILL,2805,0.931191,1,-11.0221,-177.554,1550.33,0.0434618,-0.0407548,-0.135297,w,w
2806,WILL,2806,0.928907,1,-11.8303,-177.993,1553.83,0.0305007,-0.03082,-0.13691,w,w
2807,WILL,2807,0.936874,1,-16.7129,-177.844,1544.88,-0.0130229,0.0466384,-0.132729,w,w
2808,WILL,2808,0.863436,1,-22.9051,-175.704,1510.84,-0.0366609,0.14554,-0.131833,w,w
2809,WILL,2809,0.964067,1,-46.1305,-169.524,1458.33,-0.167761,-0.0736996,-0.0242046,w,w
5343,WILL,5343,0.958745,1,7.52314,-113.009,1132.18,0.219535,0.299638,-0.0385337,m,w
5344,WILL,5344,0.974188,1,10.8026,-110.376,1116.54,0.22622,0.305213,-0.0361381,m,w
5345,WILL,5345,0.975423,1,15.1518,-108.772,1113.14,0.229958,0.306656,-0.0308212,m,w
5346,WILL,5346,0.970238,1,20.4594,-107.982,1122.9,0.221599,0.292261,-0.0204539,m,w
5347,WILL,5347,0.954577,1,25.5214,-105.132,1123.01,0.241059,0.27772,-0.0037416,m,w
5348,WILL,5348,0.9204,1,30.7807,-101.587,1117.2,0.256126,0.267855,0.00339865,m,w
5349,WILL,5349,0.945451,1,35.7891,-98.6267,1113.39,0.260527,0.264457,0.00943703,m,w
5350,WILL,5350,0.957036,1,39.755,-96.2146,1113.77,0.262283,0.275768,0.0213521,m,w
5351,WILL,5351,0.96715,1,44.4032,-96.2153,1119.34,0.250522,0.271721,0.0210796,m,w
5352,WILL,5352,0.961271,1,47.8325,-93.7516,1102.45,0.268738,0.284605,0.0182328,m,w
5353,WILL,5353,0.979605,1,50.5443,-95.428,1104.97,0.228017,0.299905,0.0259883,m,w
5354,WILL,5354,0.985883,1,54.1633,-101.481,1127.77,0.193751,0.282807,0.0368957,m,w
5355,WILL,5355,0.989429,1,57.5727,-106.857,1135.07,0.151517,0.274817,0.0537058,m,w
5356,WILL,5356,0.993018,1,60.7922,-113.235,1144.55,0.100878,0.273199,0.0706652,m,w
5357,WILL,5357,0.991641,1,63.6918,-120.081,1152.5,0.0619176,0.269494,0.0792981,m,w
5358,WILL,5358,0.99028,1,66.2154,-126.931,1168.01,0.0285917,0.275025,0.0829076,m,w
5359,WILL,5359,0.992219,1,66.0387,-131.489,1151.67,0.011755,0.277118,0.0772101,m,w
5360,WILL,5360,0.992906,1,65.2311,-136.285,1135.67,0.00622791,0.280643,0.0609319,m,w
5361,WILL,5361,0.988356,1,63.0722,-139.046,1115.83,-0.000167771,0.299223,0.0366585,m,w
5362,WILL,5362,0.98289,1,61.1465,-142.609,1113.22,-0.0190338,0.305133,0.0114527,m,w
5363,WILL,5363,0.955918,1,60.2616,-147.021,1125.78,-0.0171218,0.288989,-0.00046532,m,w
5364,WILL,5364,0.914663,1,57.9806,-148.913,1124.98,-0.0201577,0.274342,-0.0126924,m,w
5365,WILL,5365,0.970067,1,55.2059,-151.669,1133.08,-0.0158459,0.258582,-0.0264284,m,w
5366,WILL,5366,0.978897,1,50.9879,-153.636,1134,-0.0361855,0.255772,-0.0396223,m,w
5367,WILL,5367,0.974773,1,46.2137,-157.102,1143.01,-0.0590734,0.241217,-0.0524406,m,w
5368,WILL,5368,0.944108,1,40.0447,-159.138,1142.37,-0.102327,0.239746,-0.0538135,m,w
5369,WILL,5369,0.977449,1,33.0177,-160.077,1137.84,-0.131474,0.235756,-0.059394,m,w
5370,WILL,5370,0.977536,1,25.8695,-161.181,1138.76,-0.133762,0.238171,-0.0673576,m,w
5371,WILL,5371,0.979001,1,18.4865,-162.139,1137.68,-0.140335,0.242761,-0.0716664,m,w
5372,WILL,5372,0.987017,1,11.2865,-164.534,1145.55,-0.135298,0.243102,-0.0717948,m,w
5373,WILL,5373,0.988053,1,4.23779,-166.31,1150.31,-0.137391,0.246563,-0.0679816,m,w
5374,WILL,5374,0.989132,1,-2.21209,-168.416,1159.37,-0.13497,0.244164,-0.0614094,m,w
5375,WILL,5375,0.989664,1,-8.30364,-170.19,1163.95,-0.141333,0.238025,-0.0541044,m,w
5376,WILL,5376,0.990064,1,-14.1828,-172.313,1169.49,-0.139815,0.234423,-0.0481873,m,w
5377,WILL,5377,0.989295,1,-20.0721,-174.424,1177.57,-0.126943,0.235732,-0.0431043,m,w
5378,WILL,5378,0.990544,1,-25.7852,-174.212,1174.79,-0.142052,0.226315,-0.0370119,m,w
5379,WILL,5379,0.990618,1,-31.3786,-173.943,1173.14,-0.152133,0.219937,-0.0300773,m,w
5380,WILL,5380,0.990795,1,-36.8244,-173.995,1172.01,-0.159566,0.216582,-0.0242169,m,w
5381,WILL,5381,0.990027,1,-41.951,-174.179,1171.36,-0.168279,0.21383,-0.0166859,m,w
5382,WILL,5382,0.98915,1,-46.8896,-174.57,1172.5,-0.173598,0.212323,-0.0135837,m,w
