time_stamp,word,frame,confidence,success,Tx,Ty,Tz,Rx,Ry,Rz,speaker_gender,listener_gender
1259,HOUSE,1259,0.953681,1,-144.977,-223.873,1334.89,0.447846,0.132543,0.0795076,m,w
1260,HOUSE,1260,0.949505,1,-144.092,-221.863,1335.99,0.447421,0.126887,0.0730398,m,w
1261,HOUSE,1261,0.952283,1,-142.566,-221.622,1339.2,0.434445,0.116062,0.0662397,m,w
1262,HOUSE,1262,0.949015,1,-141.731,-223.691,1347.03,0.407606,0.106248,0.0600533,m,w
1263,HOUSE,1263,0.942138,1,-141.894,-227.949,1357.99,0.368687,0.0984481,0.0531741,m,w
1264,HOUSE,1264,0.945911,1,-142,-233.933,1369.83,0.326771,0.0912282,0.0458905,m,w
1265,HOUSE,1265,0.943997,1,-142.38,-241.284,1383,0.280465,0.0889417,0.0454901,m,w
1266,HOUSE,1266,0.944061,1,-141.33,-247.441,1390.25,0.233697,0.0870801,0.0444387,m,w
1267,HOUSE,1267,0.946166,1,-139.836,-253.213,1396.77,0.204624,0.0787833,0.0440592,m,w
1268,HOUSE,1268,0.938717,1,-137.859,-259.099,1402.12,0.176392,0.0717377,0.0465657,m,w
1269,HOUSE,1269,0.943247,1,-135.405,-263.703,1402.65,0.1586,0.0663362,0.0492343,m,w
1270,HOUSE,1270,0.935797,1,-132.544,-266.853,1397.24,0.144076,0.0643553,0.0509059,m,w
1271,HOUSE,1271,0.930714,1,-130.013,-270.313,1394.2,0.131103,0.0664873,0.0535936,m,w
1272,HOUSE,1272,0.92268,1,-127.233,-272.826,1391.29,0.127159,0.0641725,0.0537097,m,w
1273,HOUSE,1273,0.916169,1,-124.259,-274.985,1388.31,0.133223,0.0587481,0.0571248,m,w
1274,HOUSE,1274,0.917182,1,-121.026,-276.502,1383.03,0.146118,0.0585573,0.0622936,m,w
1275,HOUSE,1275,0.909308,1,-117.537,-276.153,1373.54,0.168108,0.0650098,0.0704398,m,w
1276,HOUSE,1276,0.915893,1,-114.94,-274.5,1368.24,0.201346,0.0682703,0.0777682,m,w
1277,HOUSE,1277,0.918737,1,-112.211,-269.999,1357.83,0.245234,0.0662632,0.0812941,m,w
1278,HOUSE,1278,0.935579,1,-109.784,-262.732,1340.25,0.295995,0.0677293,0.0758266,m,w
1279,HOUSE,1279,0.928891,1,-107.968,-255.954,1329.15,0.337845,0.0685875,0.0659083,m,w
1280,HOUSE,1280,0.926512,1,-106.397,-248.723,1317.84,0.387549,0.0763748,0.0580351,m,w
1281,HOUSE,1281,0.931625,1,-105.199,-244.218,1315.96,0.417332,0.0792363,0.0528875,m,w
1282,HOUSE,1282,0.927826,1,-104.373,-241.356,1317.63,0.419108,0.0828122,0.0497102,m,w
1283,HOUSE,1283,0.918479,1,-103.73,-240.231,1320.49,0.413125,0.0851668,0.0502301,m,w
1284,HOUSE,1284,0.921508,1,-103.171,-240.669,1326.45,0.411146,0.0835034,0.0498513,m,w
1285,HOUSE,1285,0.918056,1,-102.785,-240.182,1327.46,0.427361,0.0808427,0.0511382,m,w
1286,HOUSE,1286,0.899324,1,-102.296,-238.586,1324.4,0.464835,0.0820183,0.0444526,m,w
1287,HOUSE,1287,0.891063,1,-100.062,-233.519,1301.37,0.519544,0.0830264,0.0332056,m,w
1288,HOUSE,1288,0.858925,1,-99.0818,-232.071,1294.31,0.556532,0.0826251,0.0182017,m,w
1289,HOUSE,1289,0.855557,1,-98.2613,-229.618,1284.31,0.593677,0.0867909,-0.002132,m,w
1290,HOUSE,1290,0.834511,1,-97.6641,-226.947,1272.08,0.631589,0.0909776,-0.0237404,m,w
1291,HOUSE,1291,0.824315,1,-97.407,-225.863,1264.69,0.64589,0.100804,-0.0384923,m,w
1292,HOUSE,1292,0.813486,1,-97.0398,-225.603,1254.89,0.640162,0.109686,-0.0474033,m,w
1293,HOUSE,1293,0.822859,1,-96.2477,-226.122,1237.16,0.621373,0.132818,-0.052165,m,w
1294,HOUSE,1294,0.849465,1,-96.6245,-227.485,1219.38,0.561387,0.161437,-0.0367364,m,w
1295,HOUSE,1295,0.935622,1,-95.8016,-224.568,1182.6,0.492224,0.170353,0.00111911,m,w
1296,HOUSE,1296,0.933469,1,-94.4017,-220.615,1146.46,0.417795,0.213243,0.0116216,m,w
1297,HOUSE,1297,0.931284,1,-94.6234,-220.704,1134.29,0.367104,0.246056,0.0241589,m,w
1298,HOUSE,1298,0.933153,1,-95.5892,-219.784,1130.34,0.344185,0.26746,0.0330506,m,w
1299,HOUSE,1299,0.949008,1,-96.5194,-216.052,1125.27,0.384568,0.267275,0.0343639,m,w
1300,HOUSE,1300,0.942318,1,-98.9454,-212.755,1126.75,0.41106,0.272875,0.0401027,m,w
1301,HOUSE,1301,0.887843,1,-104.178,-216.004,1157.86,0.423522,0.286773,0.0453979,m,w
1302,HOUSE,1302,0.882586,1,-112.498,-230.353,1231.07,0.436075,0.313588,0.00819856,m,w
1303,HOUSE,1303,0.897843,1,-122.672,-246.761,1298.16,0.366325,0.338169,-0.025921,m,w
1304,HOUSE,1304,0.891997,1,-130.367,-258.22,1326.51,0.304472,0.377362,-0.0370882,m,w
1305,HOUSE,1305,0.740807,1,-133.112,-263.665,1323.04,0.312718,0.364549,-0.0393609,m,w
1306,HOUSE,1306,0.944787,1,-147.313,-290.806,1341,0.231304,0.406458,-0.0233301,m,w
1307,HOUSE,1307,0.834046,1,-152.657,-303.783,1366.7,0.200095,0.493503,-0.016607,m,w
1308,HOUSE,1308,0.79439,1,-156.656,-313.194,1375.06,0.15925,0.536241,-0.0029363,m,w
1309,HOUSE,1309,0.75342,1,-162.334,-320.645,1383.38,0.154975,0.552077,0.00846804,m,w
1310,HOUSE,1310,0.906785,1,-165.668,-314.869,1359.11,0.143929,0.431602,0.0236126,m,w
1311,HOUSE,1311,0.899457,1,-174.763,-327.395,1414.18,0.182356,0.506017,0.0172234,m,w
1319,HOUSE,1319,0.872609,1,-176.766,-290.704,1376.7,-0.0252583,0.703007,0.176574,m,w
1320,HOUSE,1320,0.775882,1,-176.62,-293.246,1407.22,-0.00147651,0.67685,0.169988,m,w
2598,HOUSE,2598,0.974373,1,-14.6518,-226.519,1167.62,0.0649563,-0.477059,-0.161385,w,m
2599,HOUSE,2599,0.974631,1,-14.6555,-226.492,1167.56,0.0648177,-0.476774,-0.160967,w,m
2600,HOUSE,2600,0.975637,1,-14.6888,-226.481,1167.51,0.0648664,-0.47669,-0.160475,w,m
2601,HOUSE,2601,0.976397,1,-14.7463,-226.482,1167.5,0.0652254,-0.476479,-0.159911,w,m
2602,HOUSE,2602,0.976058,1,-14.9384,-226.602,1168.77,0.0650213,-0.477451,-0.160142,w,m
2603,HOUSE,2603,0.973652,1,-15.1904,-226.217,1168.59,0.0650201,-0.47715,-0.160137,w,m
2604,HOUSE,2604,0.975493,1,-15.2478,-226.13,1168.34,0.0643507,-0.477915,-0.160455,w,m
2605,HOUSE,2605,0.97644,1,-15.4252,-225.868,1167.34,0.0609096,-0.480949,-0.163056,w,m
2606,HOUSE,2606,0.977177,1,-15.608,-226.071,1168.42,0.0606023,-0.478684,-0.162839,w,m
2607,HOUSE,2607,0.977865,1,-15.722,-226.137,1168.67,0.0598029,-0.478102,-0.162789,w,m
2608,HOUSE,2608,0.979055,1,-15.8189,-226.21,1169,0.0589631,-0.477659,-0.16288,w,m
2609,HOUSE,2609,0.979709,1,-15.8981,-226.259,1169.28,0.0581837,-0.477552,-0.162978,w,m
2610,HOUSE,2610,0.980815,1,-15.9551,-226.15,1169.25,0.0592933,-0.477366,-0.162957,w,m
2611,HOUSE,2611,0.981184,1,-15.9772,-225.861,1169.17,0.0618057,-0.477282,-0.16314,w,m
2612,HOUSE,2612,0.981431,1,-15.9413,-225.753,1169.09,0.0617705,-0.477775,-0.162687,w,m
2613,HOUSE,2613,0.981735,1,-15.868,-225.661,1169.26,0.0584818,-0.477483,-0.161829,w,m
2614,HOUSE,2614,0.982581,1,-15.5764,-225.324,1168.64,0.0596142,-0.48013,-0.159763,w,m
2615,HOUSE,2615,0.983462,1,-15.364,-224.981,1167.9,0.0614569,-0.480997,-0.156925,w,m
2616,HOUSE,2616,0.983193,1,-15.2861,-224.831,1167.23,0.0606441,-0.481687,-0.157044,w,m
2617,HOUSE,2617,0.983467,1,-15.0814,-224.604,1166.03,0.0584076,-0.483788,-0.158428,w,m
2618,HOUSE,2618,0.983932,1,-14.7681,-224.585,1165.97,0.0583013,-0.485671,-0.15788,w,m
2619,HOUSE,2619,0.983193,1,-14.5912,-224.636,1166.27,0.0605384,-0.487173,-0.155042,w,m
2620,HOUSE,2620,0.981209,1,-14.0378,-224.085,1164.23,0.0606107,-0.491719,-0.153743,w,m
2621,HOUSE,2621,0.974001,1,-14.1395,-224.685,1173.2,0.0463683,-0.491878,-0.15918,w,m
2622,HOUSE,2622,0.968134,1,-13.8312,-224.775,1177.29,0.0397852,-0.49155,-0.163702,w,m
2623,HOUSE,2623,0.97367,1,-13.0751,-223.883,1173.74,0.0417683,-0.49227,-0.160589,w,m
2624,HOUSE,2624,0.978451,1,-12.598,-223.003,1168.63,0.0469176,-0.499444,-0.155454,w,m
2625,HOUSE,2625,0.980562,1,-12.207,-222.051,1163.28,0.0525661,-0.505108,-0.150738,w,m
2626,HOUSE,2626,0.981244,1,-11.7685,-221.574,1160.68,0.0593206,-0.508063,-0.145137,w,m
2627,HOUSE,2627,0.98022,1,-11.3483,-221.154,1158.72,0.0668087,-0.50953,-0.141324,w,m
2628,HOUSE,2628,0.982053,1,-10.9652,-220.622,1156.5,0.0688591,-0.510666,-0.141075,w,m
2629,HOUSE,2629,0.981874,1,-10.3499,-220.01,1153.75,0.0715737,-0.512991,-0.140021,w,m
2630,HOUSE,2630,0.982879,1,-10.0481,-219.922,1153.23,0.0717742,-0.513525,-0.139876,w,m
2631,HOUSE,2631,0.982068,1,-9.95365,-219.821,1152.82,0.0726636,-0.51465,-0.139188,w,m
2632,HOUSE,2632,0.982351,1,-9.65914,-219.716,1152.31,0.07357,-0.51521,-0.13842,w,m
2633,HOUSE,2633,0.982689,1,-9.58436,-219.496,1151.42,0.0743843,-0.515833,-0.137931,w,m
2634,HOUSE,2634,0.983694,1,-9.44899,-218.868,1147.66,0.0720839,-0.518056,-0.135383,w,m
2635,HOUSE,2635,0.983792,1,-9.42736,-218.471,1145.06,0.0706271,-0.518703,-0.134899,w,m
2636,HOUSE,2636,0.982939,1,-9.51386,-218.441,1144.47,0.0681406,-0.519326,-0.135058,w,m
2637,HOUSE,2637,0.983394,1,-9.82314,-218.115,1142.38,0.0660665,-0.520507,-0.135389,w,m
2638,HOUSE,2638,0.983609,1,-10.2841,-218.252,1142.19,0.0592811,-0.520061,-0.13878,w,m
2639,HOUSE,2639,0.983916,1,-10.7846,-218.447,1142.14,0.0554684,-0.520104,-0.142744,w,m
2640,HOUSE,2640,0.982877,1,-11.3378,-218.709,1141.39,0.0517562,-0.518805,-0.149148,w,m
2641,HOUSE,2641,0.983564,1,-11.9261,-218.988,1141.56,0.0504111,-0.518599,-0.152242,w,m
2642,HOUSE,2642,0.984042,1,-12.6008,-219.285,1142.21,0.0482347,-0.516695,-0.156064,w,m
2643,HOUSE,2643,0.984042,1,-13.2244,-219.502,1142.35,0.0483025,-0.517163,-0.156658,w,m
2644,HOUSE,2644,0.983959,1,-13.6608,-219.601,1143.47,0.0466854,-0.516196,-0.159621,w,m
2645,HOUSE,2645,0.983508,1,-14.1037,-219.659,1144.46,0.0450021,-0.515214,-0.162658,w,m
2646,HOUSE,2646,0.983895,1,-14.529,-219.833,1145.78,0.0474487,-0.513981,-0.161678,w,m
2647,HOUSE,2647,0.984447,1,-14.8358,-219.671,1145.38,0.0492319,-0.513453,-0.161316,w,m
2648,HOUSE,2648,0.985154,1,-15.157,-219.6,1145.29,0.0493518,-0.512938,-0.16173,w,m
2649,HOUSE,2649,0.985178,1,-15.472,-219.575,1145.29,0.0485765,-0.51289,-0.162364,w,m
2650,HOUSE,2650,0.985669,1,-15.5732,-219.315,1143.98,0.0481183,-0.512221,-0.163174,w,m
2651,HOUSE,2651,0.985863,1,-15.6571,-219.367,1144.33,0.0481381,-0.511754,-0.163607,w,m
2652,HOUSE,2652,0.98556,1,-15.7062,-219.4,1144.69,0.048435,-0.511309,-0.163788,w,m
2653,HOUSE,2653,0.985417,1,-15.724,-219.415,1144.93,0.0490769,-0.5112,-0.163705,w,m
2654,HOUSE,2654,0.984061,1,-15.725,-219.683,1147.41,0.0493567,-0.510343,-0.164079,w,m
2655,HOUSE,2655,0.974283,1,-15.9471,-221.722,1162.69,0.0327803,-0.507121,-0.171415,w,m
2656,HOUSE,2656,0.969776,1,-15.9653,-222.225,1167.56,0.0298006,-0.503563,-0.176727,w,m
2657,HOUSE,2657,0.970466,1,-15.8364,-222.025,1166.67,0.0269255,-0.50295,-0.175019,w,m
2658,HOUSE,2658,0.975826,1,-15.6502,-221.565,1164.03,0.0295598,-0.504195,-0.172113,w,m
2659,HOUSE,2659,0.97962,1,-15.4888,-220.973,1160.54,0.0347543,-0.505406,-0.167894,w,m
2660,HOUSE,2660,0.981897,1,-15.4136,-220.677,1157.89,0.0390009,-0.508287,-0.163239,w,m
2661,HOUSE,2661,0.981481,1,-15.4007,-220.653,1157.55,0.0401707,-0.508169,-0.162722,w,m
2662,HOUSE,2662,0.98269,1,-15.4071,-220.678,1157.62,0.0415292,-0.508066,-0.162457,w,m
2663,HOUSE,2663,0.982485,1,-15.4226,-220.72,1157.87,0.042943,-0.507948,-0.162283,w,m
2664,HOUSE,2664,0.983747,1,-15.4133,-220.634,1156.97,0.0456487,-0.507879,-0.161592,w,m
2665,HOUSE,2665,0.9839,1,-15.398,-220.606,1156.6,0.0496208,-0.508664,-0.161263,w,m
2666,HOUSE,2666,0.983577,1,-15.4194,-220.624,1156.55,0.0512,-0.508489,-0.160739,w,m
2667,HOUSE,2667,0.983483,1,-15.4372,-220.608,1156.37,0.0526094,-0.508223,-0.160209,w,m
2668,HOUSE,2668,0.983691,1,-15.488,-220.643,1156.73,0.0532472,-0.507529,-0.159992,w,m
2669,HOUSE,2669,0.983678,1,-15.5527,-220.67,1157.1,0.0531913,-0.507082,-0.15998,w,m
2670,HOUSE,2670,0.983831,1,-15.6013,-220.548,1156.56,0.0541486,-0.507171,-0.160155,w,m
2671,HOUSE,2671,0.983349,1,-15.6398,-220.377,1155.76,0.0547813,-0.507251,-0.160399,w,m
2672,HOUSE,2672,0.981417,1,-15.8899,-220.171,1155.03,0.0570363,-0.505292,-0.159054,w,m
2673,HOUSE,2673,0.982925,1,-15.8771,-220.066,1154.39,0.0567198,-0.504685,-0.159124,w,m
2674,HOUSE,2674,0.9821,1,-15.9217,-220.096,1154.41,0.0568753,-0.504973,-0.159084,w,m
2675,HOUSE,2675,0.980889,1,-16.0034,-220.195,1154.77,0.0573786,-0.505595,-0.15892,w,m
2676,HOUSE,2676,0.98098,1,-16.0697,-220.305,1155.22,0.0578545,-0.505454,-0.158713,w,m
2677,HOUSE,2677,0.980985,1,-16.128,-220.429,1155.74,0.0583814,-0.504914,-0.158519,w,m
2678,HOUSE,2678,0.981184,1,-16.18,-220.528,1156.08,0.0585384,-0.504361,-0.158083,w,m
2679,HOUSE,2679,0.981063,1,-16.2277,-220.598,1156.23,0.0584861,-0.503629,-0.157657,w,m
2680,HOUSE,2680,0.981143,1,-16.3187,-220.695,1156.53,0.0578929,-0.503785,-0.158078,w,m
2681,HOUSE,2681,0.98187,1,-16.5991,-220.727,1156.62,0.0569468,-0.503991,-0.158643,w,m
2682,HOUSE,2682,0.980809,1,-16.6486,-220.793,1156.74,0.0569498,-0.503502,-0.158809,w,m
2683,HOUSE,2683,0.979743,1,-16.7605,-220.936,1157.33,0.0570276,-0.502431,-0.158846,w,m
2684,HOUSE,2684,0.979709,1,-16.9446,-221.266,1158.38,0.0536833,-0.500585,-0.161269,w,m
2685,HOUSE,2685,0.979162,1,-17.0181,-221.423,1158.8,0.0534748,-0.500842,-0.161972,w,m
2686,HOUSE,2686,0.980359,1,-17.3763,-221.735,1159.5,0.0531504,-0.496404,-0.164966,w,m
2687,HOUSE,2687,0.980551,1,-17.6929,-222.169,1161.11,0.0547548,-0.493144,-0.165714,w,m
2688,HOUSE,2688,0.980882,1,-18.0099,-222.309,1160.9,0.0524013,-0.49099,-0.168293,w,m
2689,HOUSE,2689,0.979994,1,-18.4492,-222.578,1161.67,0.0485771,-0.487586,-0.171423,w,m
2690,HOUSE,2690,0.980679,1,-18.7389,-222.625,1161.74,0.0480586,-0.486961,-0.171667,w,m
2691,HOUSE,2691,0.980461,1,-19.0132,-223.117,1163.29,0.0471347,-0.484166,-0.173547,w,m
2692,HOUSE,2692,0.980825,1,-19.0895,-223.118,1163.28,0.0468935,-0.483714,-0.173936,w,m
2693,HOUSE,2693,0.98141,1,-19.3754,-222.98,1162.75,0.0463412,-0.482873,-0.17423,w,m
2694,HOUSE,2694,0.98182,1,-19.4124,-222.952,1162.56,0.0460453,-0.482376,-0.174424,w,m
2695,HOUSE,2695,0.981514,1,-19.4513,-222.978,1162.68,0.046057,-0.481696,-0.174422,w,m
2696,HOUSE,2696,0.980336,1,-19.5521,-223.386,1164.01,0.0441487,-0.480843,-0.174599,w,m
2697,HOUSE,2697,0.980163,1,-19.5976,-223.514,1164.3,0.0436985,-0.480037,-0.174657,w,m
2698,HOUSE,2698,0.981288,1,-19.6389,-223.723,1164.15,0.0415678,-0.480159,-0.174851,w,m
2699,HOUSE,2699,0.982091,1,-19.6453,-223.74,1163.84,0.040349,-0.480537,-0.175362,w,m
2700,HOUSE,2700,0.98213,1,-19.6639,-223.822,1163.95,0.0398032,-0.480488,-0.175611,w,m
2701,HOUSE,2701,0.982043,1,-19.6875,-223.943,1164.31,0.0396815,-0.479975,-0.175627,w,m
2702,HOUSE,2702,0.981613,1,-19.6966,-224.175,1164.05,0.0367128,-0.479841,-0.176417,w,m
2703,HOUSE,2703,0.981719,1,-19.718,-224.287,1163.57,0.0340224,-0.479522,-0.177434,w,m
2704,HOUSE,2704,0.982466,1,-19.7472,-224.42,1163.98,0.0349629,-0.478454,-0.177722,w,m
2705,HOUSE,2705,0.982488,1,-19.774,-224.458,1163.89,0.0358467,-0.477831,-0.178136,w,m
2706,HOUSE,2706,0.982613,1,-19.901,-224.856,1164.56,0.0357524,-0.476807,-0.178449,w,m
2707,HOUSE,2707,0.982551,1,-20.2268,-225.431,1166.56,0.0345849,-0.474126,-0.178451,w,m
2708,HOUSE,2708,0.983682,1,-20.2751,-225.483,1166.35,0.0344874,-0.473766,-0.178736,w,m
2709,HOUSE,2709,0.982714,1,-20.3375,-225.694,1165.91,0.0341379,-0.473406,-0.179538,w,m
2710,HOUSE,2710,0.983022,1,-20.6191,-225.886,1165.95,0.0334846,-0.472943,-0.181381,w,m
2711,HOUSE,2711,0.98277,1,-20.9102,-225.843,1164.95,0.0352091,-0.473429,-0.181585,w,m
2712,HOUSE,2712,0.982365,1,-21.0014,-225.893,1165.14,0.0361726,-0.472902,-0.181189,w,m
2713,HOUSE,2713,0.982494,1,-21.3403,-225.929,1165.37,0.0368946,-0.471906,-0.181227,w,m
2714,HOUSE,2714,0.983534,1,-21.5063,-225.857,1165.1,0.0371981,-0.474992,-0.181146,w,m
2715,HOUSE,2715,0.983544,1,-21.5422,-225.766,1164.89,0.0373609,-0.474304,-0.181141,w,m
2716,HOUSE,2716,0.983696,1,-21.8703,-225.666,1165.04,0.039385,-0.47385,-0.180675,w,m
2717,HOUSE,2717,0.983141,1,-22.1675,-225.454,1165.15,0.043894,-0.473093,-0.179878,w,m
2718,HOUSE,2718,0.983176,1,-22.3627,-225.654,1166.38,0.0428618,-0.47304,-0.180644,w,m
2719,HOUSE,2719,0.983233,1,-22.4203,-225.54,1165.92,0.0420685,-0.473203,-0.181366,w,m
2720,HOUSE,2720,0.98286,1,-22.4641,-225.453,1165.52,0.041524,-0.473536,-0.181763,w,m
2721,HOUSE,2721,0.982346,1,-22.4972,-225.407,1165.3,0.0413308,-0.473787,-0.181892,w,m
2722,HOUSE,2722,0.982212,1,-22.5903,-225.425,1165.41,0.0415603,-0.474029,-0.181581,w,m
559,HOUSE,559,0.768228,1,-74.1444,-212.549,1159.03,0.12035,0.346783,-0.0998576,w,m
560,HOUSE,560,0.83724,1,-74.4197,-214.695,1170.59,0.1536,0.448684,-0.108505,w,m
561,HOUSE,561,0.795264,1,-74.8089,-221.48,1186.73,0.13589,0.540109,-0.101014,w,m
566,HOUSE,566,0.83155,1,-66.6498,-230.756,1117.55,-0.212413,0.211204,-0.0853063,w,m
567,HOUSE,567,0.805875,1,-67.276,-235.296,1134.15,-0.263843,0.261532,-0.0804121,w,m
568,HOUSE,568,0.777889,1,-66.7421,-236.606,1133.48,-0.335931,0.271664,-0.0762306,w,m
569,HOUSE,569,0.786293,1,-65.806,-235.523,1123.75,-0.393259,0.274745,-0.0701599,w,m
570,HOUSE,570,0.800815,1,-64.4719,-234.764,1117.25,-0.421812,0.272122,-0.0614747,w,m
571,HOUSE,571,0.795116,1,-62.71,-233.202,1110.11,-0.460583,0.257943,-0.0393,w,m
572,HOUSE,572,0.807409,1,-60.8801,-231.526,1104.23,-0.468654,0.228897,-0.0281862,w,m
573,HOUSE,573,0.786281,1,-58.8312,-230.328,1097.87,-0.47898,0.1792,-0.0226824,w,m
574,HOUSE,574,0.786896,1,-56.1912,-229.973,1096.49,-0.460618,0.0921853,-0.0210506,w,m
575,HOUSE,575,0.756252,1,-52.2988,-226.485,1083.2,-0.436682,-0.0119866,-0.014136,w,m
576,HOUSE,576,0.793599,1,-48.8178,-224.589,1075.49,-0.421468,-0.078899,0.00566108,w,m
577,HOUSE,577,0.772927,1,-45.5279,-221.369,1064.25,-0.401452,-0.127866,0.0311461,w,m
578,HOUSE,578,0.907037,1,-30.235,-236.356,1128.46,-0.260305,0.377614,0.163867,w,m
579,HOUSE,579,0.890194,1,-29.3378,-241.551,1148.36,-0.278109,0.412013,0.230769,w,m
580,HOUSE,580,0.912188,1,-25.9834,-246.16,1158.19,-0.310258,0.389491,0.295065,w,m
581,HOUSE,581,0.874401,1,-20.8864,-250.913,1168.31,-0.336098,0.35934,0.348513,w,m
582,HOUSE,582,0.850127,1,-14.8688,-255.464,1185.2,-0.355944,0.330907,0.387603,w,m
583,HOUSE,583,0.795946,1,-8.62341,-259.88,1202.17,-0.378724,0.291705,0.426427,w,m
584,HOUSE,584,0.775479,1,-3.05578,-267.036,1237.14,-0.386153,0.25414,0.458152,w,m
585,HOUSE,585,0.74625,1,2.62618,-270.19,1257.05,-0.381516,0.207606,0.484329,w,m
586,HOUSE,586,0.775383,1,8.02957,-271.965,1273.07,-0.369043,0.159387,0.498219,w,m
587,HOUSE,587,0.877239,1,12.6105,-272.602,1292.71,-0.322031,0.126761,0.512441,w,m
588,HOUSE,588,0.899703,1,17.8513,-267.752,1284.73,-0.26516,0.0886261,0.518793,w,m
589,HOUSE,589,0.89446,1,22.6617,-262.248,1273.13,-0.195552,0.0497609,0.530462,w,m
590,HOUSE,590,0.910979,1,26.79,-255.278,1258.15,-0.109011,0.0363226,0.543915,w,m
591,HOUSE,591,0.86774,1,30.9151,-250.392,1250.4,-0.0612736,0.0387341,0.558405,w,m
592,HOUSE,592,0.862445,1,36.0247,-250.557,1277.32,0.0426862,0.0567518,0.5683,w,m
593,HOUSE,593,0.844055,1,40.4044,-246.494,1284.12,0.132059,0.0737452,0.576406,w,m
594,HOUSE,594,0.863914,1,45.2412,-243.866,1292.97,0.196474,0.0522845,0.588278,w,m
595,HOUSE,595,0.838989,1,49.224,-242.983,1307.48,0.245249,0.0355005,0.600291,w,m
596,HOUSE,596,0.840418,1,51.6623,-241.848,1308.56,0.243145,0.0371079,0.598244,w,m
597,HOUSE,597,0.80124,1,51.4006,-237.925,1295.53,0.179215,0.092375,0.557639,w,m
598,HOUSE,598,0.858419,1,48.4891,-234.798,1270.12,0.130932,0.142998,0.514761,w,m
599,HOUSE,599,0.82569,1,44.3317,-234.225,1243.23,0.0587951,0.159107,0.469934,w,m
600,HOUSE,600,0.780719,1,40.1933,-228.684,1194.14,0.0041999,0.145805,0.429637,w,m
601,HOUSE,601,0.906596,1,35.8893,-260.857,1283.03,0.0539685,0.110885,0.160996,w,m
602,HOUSE,602,0.809876,1,30.1666,-255.808,1243.59,0.0458952,0.1538,0.159722,w,m
603,HOUSE,603,0.922621,1,6.36522,-210.638,1026.16,-0.350455,0.0914455,0.210145,w,m
604,HOUSE,604,0.895547,1,3.32902,-210.162,1011.39,-0.404289,0.271992,0.238099,w,m
605,HOUSE,605,0.90746,1,-13.4271,-206.312,978.47,-0.412047,0.219771,0.237951,w,m
606,HOUSE,606,0.897369,1,-20.3571,-213.872,1010.4,-0.324958,0.395487,0.248245,w,m
607,HOUSE,607,0.759158,1,-29.0298,-214.226,1015.81,-0.251426,0.418597,0.197727,w,m
609,HOUSE,609,0.901571,1,-56.0005,-221.435,1069.9,-0.19041,0.519531,0.130391,w,m
610,HOUSE,610,0.932117,1,-62.048,-226.077,1093.7,-0.172162,0.531164,0.111028,w,m
611,HOUSE,611,0.929996,1,-64.9832,-228.619,1109.26,-0.169079,0.519246,0.100529,w,m
612,HOUSE,612,0.930525,1,-63.0526,-228.555,1114.07,-0.17416,0.486711,0.0862522,w,m
613,HOUSE,613,0.913837,1,-59.0245,-234.026,1138.65,-0.161231,0.457485,0.0951318,w,m
614,HOUSE,614,0.819939,1,-54.1633,-241.558,1171.5,-0.150454,0.436671,0.129066,w,m
615,HOUSE,615,0.917882,1,-37.9555,-236.339,1149.24,-0.109398,0.236354,0.147916,w,m
616,HOUSE,616,0.920749,1,-33.3268,-239.638,1169.91,-0.148981,0.155218,0.187429,w,m
617,HOUSE,617,0.755038,1,-28.8284,-237.902,1167.55,-0.181239,0.0328039,0.201715,w,m
618,HOUSE,618,0.828459,1,-6.23166,-246.073,1231.15,-0.0627565,0.205099,0.215401,w,m
619,HOUSE,619,0.927897,1,-2.78754,-245.807,1226,-0.144827,0.145827,0.283965,w,m
620,HOUSE,620,0.935356,1,2.37547,-250.014,1246.26,-0.200064,0.0525497,0.325556,w,m
621,HOUSE,621,0.949246,1,7.49984,-250.147,1248.7,-0.218888,-0.00511556,0.370655,w,m
622,HOUSE,622,0.934434,1,11.9315,-250.013,1252.15,-0.224298,-0.0433983,0.418108,w,m
623,HOUSE,623,0.934514,1,15.479,-248.724,1251.68,-0.210085,-0.0694607,0.456547,w,m
624,HOUSE,624,0.936168,1,18.6276,-247.228,1253.78,-0.189776,-0.0814616,0.487716,w,m
625,HOUSE,625,0.927117,1,21.5325,-244.949,1254.25,-0.162351,-0.100621,0.514322,w,m
626,HOUSE,626,0.937514,1,24.278,-242.132,1258.73,-0.118678,-0.116113,0.535992,w,m
627,HOUSE,627,0.936695,1,27.3001,-238.621,1262.11,-0.0770459,-0.132237,0.557769,w,m
628,HOUSE,628,0.928628,1,30.7163,-233.246,1261.68,-0.0132825,-0.133052,0.580574,w,m
629,HOUSE,629,0.892421,1,34.1015,-227.259,1262.16,0.0381326,-0.135239,0.599002,w,m
630,HOUSE,630,0.897357,1,37.9454,-220.81,1255.46,0.0785665,-0.13809,0.611037,w,m
631,HOUSE,631,0.91343,1,41.5304,-215.101,1249.12,0.106199,-0.134186,0.616859,w,m
632,HOUSE,632,0.92651,1,44.4572,-214.554,1253.88,0.0753365,-0.115021,0.616051,w,m
633,HOUSE,633,0.924188,1,43.4238,-213.513,1237.65,0.00565322,-0.0390186,0.597803,w,m
634,HOUSE,634,0.934381,1,39.5883,-210.902,1200.47,-0.0707481,0.0305207,0.554444,w,m
635,HOUSE,635,0.913753,1,35.4179,-212.32,1176.62,-0.126713,0.0397528,0.509796,w,m
636,HOUSE,636,0.895081,1,32.4485,-208.491,1132.19,-0.169478,0.0197526,0.499142,w,m
637,HOUSE,637,0.911549,1,13.5729,-222.276,1151.66,-0.23071,0.172832,0.218093,w,m
638,HOUSE,638,0.952579,1,7.09077,-221.902,1135.67,-0.224358,0.181766,0.223057,w,m
639,HOUSE,639,0.781831,1,2.60136,-221.873,1123.17,-0.231655,0.120731,0.225849,w,m
644,HOUSE,644,0.88942,1,-65.3695,-231.223,1067.58,-0.24369,0.104407,0.00243199,w,m
645,HOUSE,645,0.876315,1,-70.1421,-235.34,1083.86,-0.318367,0.163718,-0.0105486,w,m
646,HOUSE,646,0.792687,1,-73.5032,-237.375,1087.32,-0.383193,0.211842,-0.0210316,w,m
647,HOUSE,647,0.835799,1,-73.9512,-234.17,1060.91,-0.536692,0.212336,-0.0251469,w,m
648,HOUSE,648,0.795449,1,-64.704,-280.996,1227.72,-0.213705,0.340938,0.0750098,w,m
649,HOUSE,649,0.801532,1,-62.766,-292.754,1272.4,-0.299635,0.333694,0.115732,w,m
650,HOUSE,650,0.877927,1,-44.6276,-302.229,1308.62,-0.302129,0.269761,0.0337613,w,m
4166,HOUSE,4166,0.781459,1,-82.0675,-239.53,1285.29,0.044843,0.147759,-0.110013,m,w
4167,HOUSE,4167,0.882485,1,-82.802,-242.832,1289.76,-0.00538296,0.186971,-0.115641,m,w
4168,HOUSE,4168,0.8983,1,-84.5864,-244.645,1296.61,0.0458189,0.279964,-0.118243,m,w
4169,HOUSE,4169,0.902756,1,-84.0264,-242.618,1300.45,0.130706,0.301361,-0.129174,m,w
4170,HOUSE,4170,0.865466,1,-83.2961,-241.454,1308.73,0.171481,0.28765,-0.140853,m,w
4171,HOUSE,4171,0.850977,1,-81.6496,-243.764,1324.99,0.157813,0.24439,-0.138448,m,w
4172,HOUSE,4172,0.83483,1,-78.555,-242.078,1325.6,0.144115,0.186493,-0.162436,m,w
4173,HOUSE,4173,0.836231,1,-75.7941,-240.308,1330.78,0.162812,0.136902,-0.210884,m,w
4174,HOUSE,4174,0.838666,1,-72.3894,-231.666,1301.93,0.152309,0.0567585,-0.274181,m,w
4175,HOUSE,4175,0.853476,1,-72.2923,-229.683,1298.71,0.103138,0.0495573,-0.346269,m,w
4176,HOUSE,4176,0.900244,1,-74.1759,-228.484,1290.6,0.0382034,0.0936014,-0.397874,m,w
4177,HOUSE,4177,0.905237,1,-76.2512,-225.197,1272.83,0.0109187,0.151238,-0.431323,m,w
4178,HOUSE,4178,0.949392,1,-77.504,-222.314,1267.54,0.0365198,0.215829,-0.457258,m,w
4179,HOUSE,4179,0.971079,1,-77.4994,-220.136,1267.65,0.11906,0.300324,-0.49227,m,w
4180,HOUSE,4180,0.974209,1,-76.2147,-216.221,1256.63,0.142849,0.32161,-0.519245,m,w
4181,HOUSE,4181,0.965521,1,-76.3988,-216.473,1253.67,0.1139,0.346458,-0.524686,m,w
4182,HOUSE,4182,0.960526,1,-77.1054,-218.615,1251.63,0.0659715,0.37069,-0.516565,m,w
4183,HOUSE,4183,0.957529,1,-76.8858,-218.988,1246.42,0.04193,0.379471,-0.509348,m,w
4184,HOUSE,4184,0.961101,1,-76.2569,-217.228,1238.58,0.0649215,0.379298,-0.5007,m,w
4185,HOUSE,4185,0.961248,1,-76.3356,-216.022,1238.86,0.116517,0.382728,-0.481947,m,w
4186,HOUSE,4186,0.945758,1,-77.3122,-215.425,1240.35,0.211393,0.441341,-0.469279,m,w
4187,HOUSE,4187,0.926568,1,-79.2996,-213.789,1233.23,0.263769,0.488888,-0.445861,m,w
4188,HOUSE,4188,0.885477,1,-82.3012,-212.593,1226.45,0.284703,0.532033,-0.425344,m,w
4189,HOUSE,4189,0.775289,1,-85.4225,-211.588,1216.19,0.274737,0.560836,-0.404277,m,w
4190,HOUSE,4190,0.800906,1,-91.5088,-215.48,1227.42,0.260443,0.610848,-0.355267,m,w
4191,HOUSE,4191,0.795144,1,-96.657,-219.171,1245.86,0.279848,0.622041,-0.343205,m,w
4192,HOUSE,4192,0.819553,1,-98.7259,-221.72,1268,0.324233,0.621066,-0.363289,m,w
4193,HOUSE,4193,0.811096,1,-96.9101,-221.481,1279.46,0.36242,0.614262,-0.389845,m,w
4194,HOUSE,4194,0.811604,1,-92.1805,-218.845,1281.02,0.388781,0.610371,-0.414662,m,w
4195,HOUSE,4195,0.815014,1,-87.4564,-217.718,1279.59,0.381768,0.614748,-0.418118,m,w
4197,HOUSE,4197,0.826544,1,-82.8692,-229.292,1313.77,0.343603,0.650421,-0.351687,m,w
4198,HOUSE,4198,0.826323,1,-80.8494,-231.988,1308.13,0.258942,0.65728,-0.302205,m,w
4199,HOUSE,4199,0.837524,1,-78.4804,-233.976,1298.03,0.176433,0.644146,-0.216939,m,w
4200,HOUSE,4200,0.820465,1,-76.2079,-235.326,1287.39,0.0870865,0.620152,-0.125613,m,w
4201,HOUSE,4201,0.849661,1,-72.4188,-233.164,1267.73,0.0505665,0.611967,-0.0395085,m,w
4202,HOUSE,4202,0.855127,1,-68.9112,-231.657,1263.6,0.0588841,0.622628,0.032558,m,w
4203,HOUSE,4203,0.759285,1,-65.6341,-227.072,1255.69,0.0761868,0.657615,0.0907808,m,w
4204,HOUSE,4204,0.850395,1,-63.1153,-219.961,1242.74,0.0831043,0.680211,0.119561,m,w
4205,HOUSE,4205,0.879138,1,-61.4783,-212.904,1229.12,0.07196,0.688322,0.158286,m,w
4206,HOUSE,4206,0.894593,1,-60.3063,-209.566,1219.25,0.042212,0.676401,0.195041,m,w
4207,HOUSE,4207,0.903199,1,-58.9895,-210.037,1209.74,0.0119254,0.661701,0.218096,m,w
4208,HOUSE,4208,0.921594,1,-58.5249,-213.143,1203.54,-0.0155026,0.655051,0.235286,m,w
4209,HOUSE,4209,0.914593,1,-59.4642,-215.589,1195.17,-0.0285187,0.660471,0.242232,m,w
12257,HOUSE,12257,0.840941,1,-76.5669,-195.175,1384.78,0.322343,0.522323,-0.0553243,w,w
12258,HOUSE,12258,0.790953,1,-93.9721,-218.132,1533.53,0.0425667,0.0510251,0.0383102,w,w
12261,HOUSE,12261,0.823251,1,-102.058,-234.567,1526.04,0.0165483,0.766066,0.120823,w,w
12262,HOUSE,12262,0.859838,1,-96.0556,-229.186,1473.78,-0.0406187,0.774361,0.164441,w,w
12263,HOUSE,12263,0.777705,1,-88.0439,-224.036,1427.66,-0.0796969,0.800239,0.195268,w,w
12264,HOUSE,12264,0.830963,1,-83.818,-228.4,1454.33,-0.103502,0.797783,0.205669,w,w
12265,HOUSE,12265,0.728247,1,-78.5504,-227.687,1467.73,-0.123478,0.778416,0.189541,w,w
12266,HOUSE,12266,0.876133,1,-63.8276,-210.989,1376.42,0.140334,0.379318,0.00430364,w,w
12267,HOUSE,12267,0.879784,1,-63.0481,-210.186,1381.77,0.123443,0.426819,-0.0160717,w,w
12268,HOUSE,12268,0.862996,1,-62.7684,-203.179,1352.96,0.122829,0.518042,-0.0388397,w,w
12269,HOUSE,12269,0.825705,1,-64.495,-194.41,1310.43,0.144543,0.585679,-0.0495307,w,w
12270,HOUSE,12270,0.791732,1,-69.0671,-192.85,1309.39,0.140181,0.667981,-0.0227174,w,w
12271,HOUSE,12271,0.833707,1,-74.4273,-193.728,1320.57,0.129248,0.7192,0.00844017,w,w
12272,HOUSE,12272,0.806669,1,-76.2594,-191.59,1313.66,0.148489,0.76592,-0.0140101,w,w
12273,HOUSE,12273,0.867263,1,-77.9455,-195.948,1348.59,0.170585,0.747832,-0.0472723,w,w
12274,HOUSE,12274,0.892465,1,-81.4438,-207.657,1430.73,0.149262,0.697485,-0.0542526,w,w
12275,HOUSE,12275,0.83997,1,-80.3304,-208.122,1446.71,0.139456,0.679431,-0.0580169,w,w
12276,HOUSE,12276,0.839993,1,-78.4566,-204.367,1432.13,0.126846,0.649391,-0.0661981,w,w
12277,HOUSE,12277,0.856278,1,-77.0754,-197.69,1400.06,0.139262,0.643548,-0.0926273,w,w
12278,HOUSE,12278,0.892956,1,-75.6791,-188.094,1347.16,0.182221,0.662237,-0.117268,w,w
12279,HOUSE,12279,0.865925,1,-75.1917,-180.239,1304.96,0.231289,0.680613,-0.131261,w,w
12280,HOUSE,12280,0.881152,1,-76.2026,-176.383,1287.93,0.253546,0.71028,-0.120801,w,w
12281,HOUSE,12281,0.875481,1,-80.6837,-179.777,1314.75,0.250766,0.752661,-0.112741,w,w
12282,HOUSE,12282,0.904315,1,-85.2049,-186.32,1364.95,0.206771,0.75832,-0.0843246,w,w
12283,HOUSE,12283,0.912573,1,-85.7831,-189.968,1383.79,0.155762,0.726698,-0.0528223,w,w
12284,HOUSE,12284,0.894442,1,-85.944,-193.453,1407.63,0.119173,0.70117,-0.0370877,w,w
12285,HOUSE,12285,0.864019,1,-88.3584,-197.824,1433.16,0.0881013,0.690582,-0.0157139,w,w
12286,HOUSE,12286,0.852272,1,-91.2078,-199.726,1438.81,0.0864727,0.696255,0.000279785,w,w
12287,HOUSE,12287,0.870046,1,-92.7754,-198.64,1422.03,0.105641,0.719827,0.0102427,w,w
12288,HOUSE,12288,0.87435,1,-95.4025,-200.518,1422.57,0.105561,0.738722,0.0237538,w,w
12289,HOUSE,12289,0.855988,1,-96.8106,-203.768,1433.85,0.0802638,0.733922,0.0417298,w,w
12290,HOUSE,12290,0.880075,1,-95.394,-204.143,1418.97,0.0620446,0.734689,0.0476767,w,w
12291,HOUSE,12291,0.895963,1,-92.5088,-201.791,1388.16,0.0653979,0.740777,0.0441929,w,w
12292,HOUSE,12292,0.879125,1,-90.3568,-199.402,1367.31,0.0917318,0.746186,0.034988,w,w
12293,HOUSE,12293,0.888092,1,-89.1944,-197.343,1356.28,0.123523,0.762332,0.0191954,w,w
12294,HOUSE,12294,0.897115,1,-88.5557,-195.653,1347.04,0.158613,0.786274,0.000693468,w,w
12295,HOUSE,12295,0.892116,1,-87.5728,-194.778,1344.89,0.178041,0.797992,-0.0190278,w,w
12296,HOUSE,12296,0.865353,1,-86.2413,-194.258,1343.65,0.203248,0.793578,-0.0451164,w,w
12297,HOUSE,12297,0.824108,1,-85.0209,-193.211,1343.57,0.24632,0.803708,-0.0869016,w,w
12298,HOUSE,12298,0.794795,1,-84.8259,-192.718,1348.38,0.281192,0.816228,-0.121459,w,w
12299,HOUSE,12299,0.799093,1,-85.2414,-192.269,1353.59,0.303782,0.829077,-0.142104,w,w
12300,HOUSE,12300,0.777933,1,-85.3092,-191.511,1356.31,0.345571,0.842889,-0.175032,w,w
12301,HOUSE,12301,0.787834,1,-85.7797,-190.941,1359.78,0.385428,0.87037,-0.208364,w,w
12302,HOUSE,12302,0.80537,1,-85.4864,-189.619,1355.97,0.431872,0.89503,-0.242403,w,w
12303,HOUSE,12303,0.819525,1,-84.2085,-186.77,1340.96,0.500012,0.939643,-0.29365,w,w
12304,HOUSE,12304,0.815365,1,-82.5698,-183.322,1322.28,0.560566,0.985239,-0.351919,w,w
12305,HOUSE,12305,0.807862,1,-81.7587,-181.032,1310.45,0.591601,1.00002,-0.3875,w,w
5239,HOUSE,5239,0.879641,1,-135.744,-179.317,1327.14,0.243351,0.577796,0.0483561,m,m
5240,HOUSE,5240,0.885655,1,-134.262,-177.188,1320.65,0.257349,0.575146,0.0315229,m,m
5241,HOUSE,5241,0.892398,1,-133.31,-175.288,1313.25,0.26687,0.578175,0.0198166,m,m
5242,HOUSE,5242,0.89231,1,-132.959,-173.97,1308.81,0.285828,0.58086,0.0071564,m,m
5243,HOUSE,5243,0.889713,1,-132.814,-171.848,1300.11,0.304383,0.587888,-0.00717698,m,m
5244,HOUSE,5244,0.883056,1,-133.658,-170.426,1299.26,0.325466,0.591462,-0.0240838,m,m
5245,HOUSE,5245,0.870281,1,-135.165,-169.17,1300.9,0.339594,0.595251,-0.040898,m,m
5246,HOUSE,5246,0.874956,1,-136.677,-168.406,1302.28,0.344888,0.593419,-0.0507663,m,m
5247,HOUSE,5247,0.869816,1,-139.107,-168.33,1309.06,0.34945,0.594884,-0.0569781,m,m
5248,HOUSE,5248,0.875657,1,-141.493,-168.484,1319.33,0.350253,0.591389,-0.060988,m,m
5249,HOUSE,5249,0.858245,1,-143.595,-168.492,1326.8,0.346146,0.594091,-0.0649815,m,m
5250,HOUSE,5250,0.857796,1,-145.526,-169.568,1334.39,0.335153,0.597608,-0.0619129,m,m
5251,HOUSE,5251,0.843785,1,-146.443,-170.534,1336.76,0.321798,0.603889,-0.0618522,m,m
5252,HOUSE,5252,0.846378,1,-146.939,-171.331,1337.99,0.309415,0.60601,-0.058109,m,m
5253,HOUSE,5253,0.841657,1,-147.237,-171.999,1336.81,0.299886,0.61075,-0.0567827,m,m
5254,HOUSE,5254,0.850266,1,-147.558,-172.665,1334.03,0.292335,0.61568,-0.0525853,m,m
5255,HOUSE,5255,0.857736,1,-147.454,-173.185,1328.71,0.285903,0.621438,-0.0469046,m,m
5256,HOUSE,5256,0.853732,1,-147.259,-174.187,1327.86,0.279759,0.626225,-0.0404275,m,m
5257,HOUSE,5257,0.867345,1,-147.035,-175.563,1330.85,0.275319,0.627341,-0.0361201,m,m
5258,HOUSE,5258,0.863779,1,-146.375,-177.277,1331.89,0.261192,0.627782,-0.0287484,m,m
5259,HOUSE,5259,0.86134,1,-145.201,-178.67,1331.01,0.250048,0.627501,-0.0213235,m,m
5260,HOUSE,5260,0.863913,1,-143.854,-180.184,1329.24,0.241971,0.623463,-0.0145319,m,m
5261,HOUSE,5261,0.858062,1,-142.382,-180.81,1325.96,0.238001,0.621511,-0.0110667,m,m
5262,HOUSE,5262,0.870689,1,-141.368,-181.879,1328.5,0.233134,0.611959,-0.00958843,m,m
5263,HOUSE,5263,0.869896,1,-140.066,-181.813,1327.64,0.238411,0.602885,-0.0116001,m,m
5264,HOUSE,5264,0.874989,1,-138.775,-181.36,1326.06,0.245533,0.596238,-0.0162198,m,m
5265,HOUSE,5265,0.872146,1,-137.624,-180.726,1326.25,0.257417,0.590521,-0.0243841,m,m
5266,HOUSE,5266,0.878447,1,-136.479,-180.01,1328.1,0.265014,0.587243,-0.0254055,m,m
5267,HOUSE,5267,0.869791,1,-134.856,-178.843,1327.17,0.27702,0.588197,-0.0282762,m,m
5268,HOUSE,5268,0.859554,1,-133.299,-178.05,1331.85,0.280625,0.588006,-0.0287034,m,m
5269,HOUSE,5269,0.848413,1,-131.019,-176.644,1329.4,0.285114,0.589159,-0.0312594,m,m
5270,HOUSE,5270,0.848769,1,-129.101,-175.977,1329.02,0.284761,0.586919,-0.0306154,m,m
5271,HOUSE,5271,0.840836,1,-126.765,-175.793,1325.62,0.278703,0.585283,-0.0227611,m,m
5272,HOUSE,5272,0.852388,1,-124.889,-175.863,1322.96,0.27631,0.584235,-0.014914,m,m
5273,HOUSE,5273,0.852511,1,-122.989,-176.102,1321.19,0.27444,0.587612,-0.0041712,m,m
5274,HOUSE,5274,0.843615,1,-121.421,-176.801,1322.44,0.266655,0.587022,0.00724475,m,m
5275,HOUSE,5275,0.840484,1,-119.727,-177.293,1322.72,0.261272,0.585869,0.0170722,m,m
5276,HOUSE,5276,0.839511,1,-118.38,-178.172,1323.58,0.253685,0.582135,0.0286968,m,m
5277,HOUSE,5277,0.840041,1,-117.441,-179.335,1322.74,0.242158,0.582325,0.0371914,m,m
5278,HOUSE,5278,0.85112,1,-117.048,-180.521,1319.85,0.227218,0.57755,0.0450053,m,m
5279,HOUSE,5279,0.850854,1,-116.83,-181.147,1316.11,0.21721,0.577802,0.0476133,m,m
5280,HOUSE,5280,0.851349,1,-117.239,-181.668,1315.01,0.21697,0.577737,0.0469586,m,m
5281,HOUSE,5281,0.866357,1,-118.075,-181.622,1314.23,0.213352,0.574646,0.0473408,m,m
5282,HOUSE,5282,0.868758,1,-119.153,-181.19,1313.98,0.223273,0.576542,0.0396846,m,m
5283,HOUSE,5283,0.868426,1,-120.319,-180.315,1314.61,0.236902,0.577835,0.0319421,m,m
5284,HOUSE,5284,0.870101,1,-121.244,-178.974,1315.37,0.258793,0.573817,0.0192318,m,m
5285,HOUSE,5285,0.865524,1,-121.803,-177.12,1315.03,0.283717,0.571994,0.00566686,m,m
5286,HOUSE,5286,0.859238,1,-123.041,-176.421,1321.38,0.286333,0.566162,0.00099463,m,m
5287,HOUSE,5287,0.855722,1,-123.521,-176.296,1312.81,0.271604,0.567853,0.0083169,m,m
5288,HOUSE,5288,0.869153,1,-124.152,-179.214,1307.23,0.218647,0.567084,0.0316448,m,m
5289,HOUSE,5289,0.859902,1,-124.266,-183.192,1301.63,0.160711,0.573136,0.0609741,m,m
5290,HOUSE,5290,0.8946,1,-124.331,-187.757,1302.52,0.104097,0.578213,0.0924772,m,m
5291,HOUSE,5291,0.876844,1,-124.266,-191.734,1301.51,0.0537285,0.586942,0.126177,m,m
5292,HOUSE,5292,0.881379,1,-124.427,-195.862,1306.02,0.01343,0.599881,0.159525,m,m
5293,HOUSE,5293,0.875958,1,-124.807,-198.427,1310.71,-0.0024503,0.609048,0.177524,m,m
5294,HOUSE,5294,0.876787,1,-125.184,-198.248,1313.69,0.0185725,0.612375,0.175167,m,m
36335,HOUSE,36335,0.992697,1,-105.418,-163.463,1284.43,0.17362,0.466502,0.0486597,m,m
36336,HOUSE,36336,0.989582,1,-103.662,-165.811,1280.21,0.142344,0.472524,0.0880701,m,m
36337,HOUSE,36337,0.986902,1,-102.025,-167.356,1279.14,0.122963,0.470255,0.126077,m,m
36338,HOUSE,36338,0.986782,1,-100.721,-168.811,1278.46,0.106874,0.47127,0.152688,m,m
36339,HOUSE,36339,0.984834,1,-100.049,-171.071,1280.94,0.0897418,0.470969,0.172451,m,m
36340,HOUSE,36340,0.984387,1,-99.4271,-173.196,1282.14,0.077082,0.469678,0.182873,m,m
36341,HOUSE,36341,0.983293,1,-98.2251,-174.826,1283.03,0.0698965,0.467238,0.188519,m,m
36342,HOUSE,36342,0.978357,1,-96.9941,-175.629,1282.73,0.0704949,0.459605,0.195495,m,m
36343,HOUSE,36343,0.978368,1,-96.0413,-175.693,1282.05,0.0744888,0.454005,0.197253,m,m
36344,HOUSE,36344,0.975983,1,-95.7781,-174.953,1281.95,0.088014,0.45314,0.193586,m,m
36345,HOUSE,36345,0.976818,1,-95.5629,-173.341,1280.67,0.102365,0.451023,0.187731,m,m
36346,HOUSE,36346,0.977275,1,-95.5813,-171.555,1278.77,0.121814,0.449638,0.179552,m,m
36347,HOUSE,36347,0.976593,1,-96.0091,-170.869,1279.65,0.12601,0.452395,0.177232,m,m
36348,HOUSE,36348,0.980584,1,-96.4706,-169.716,1278.93,0.136098,0.454822,0.171406,m,m
36349,HOUSE,36349,0.978236,1,-97.1864,-168.768,1281.12,0.142169,0.455773,0.166389,m,m
36350,HOUSE,36350,0.985885,1,-97.5442,-167.696,1280.85,0.148198,0.455292,0.163524,m,m
36351,HOUSE,36351,0.987442,1,-98.1158,-167.034,1284.09,0.157433,0.452932,0.160979,m,m
36352,HOUSE,36352,0.990512,1,-98.6913,-166.534,1287.04,0.165545,0.451564,0.157722,m,m
36353,HOUSE,36353,0.990415,1,-99.3777,-166.459,1288.34,0.162874,0.452264,0.157345,m,m
36354,HOUSE,36354,0.991882,1,-99.9639,-166.657,1288.64,0.162463,0.452349,0.157452,m,m
36355,HOUSE,36355,0.992529,1,-101.355,-167.51,1289.53,0.156268,0.452007,0.158183,m,m
36356,HOUSE,36356,0.993258,1,-103.144,-167.828,1289.13,0.158095,0.454712,0.155498,m,m
36357,HOUSE,36357,0.992698,1,-105.318,-167.401,1287.89,0.163893,0.462047,0.148449,m,m
36358,HOUSE,36358,0.993055,1,-107.448,-166.437,1289.52,0.176283,0.468762,0.135095,m,m
36359,HOUSE,36359,0.992533,1,-109.267,-165.132,1288.71,0.192257,0.478282,0.11834,m,m
36360,HOUSE,36360,0.991585,1,-110.761,-163.579,1288.45,0.21741,0.488682,0.102245,m,m
36361,HOUSE,36361,0.99024,1,-112.001,-161.278,1286.22,0.237492,0.490845,0.0854053,m,m
36362,HOUSE,36362,0.993038,1,-113.248,-158.25,1278.67,0.252772,0.51421,0.0701361,m,m
36363,HOUSE,36363,0.991792,1,-114.531,-156.094,1279.28,0.285744,0.521003,0.0487332,m,m
36364,HOUSE,36364,0.991451,1,-115.503,-154.685,1282.08,0.321418,0.539086,0.0140727,m,m
36365,HOUSE,36365,0.937068,1,-116.333,-153.913,1287.12,0.339521,0.557862,-0.013725,m,m
36366,HOUSE,36366,0.939015,1,-114.797,-151.127,1275.77,0.329976,0.597628,-0.0234057,m,m
36367,HOUSE,36367,0.94166,1,-114.268,-149.92,1278.49,0.338832,0.611572,-0.0416558,m,m
36368,HOUSE,36368,0.938558,1,-113.631,-148.97,1283.94,0.356508,0.612127,-0.0634907,m,m
36369,HOUSE,36369,0.935938,1,-113.022,-147.792,1288.15,0.382983,0.611791,-0.090046,m,m
36370,HOUSE,36370,0.935423,1,-113.204,-147.315,1294.53,0.402267,0.609246,-0.112206,m,m
36371,HOUSE,36371,0.930166,1,-113.903,-147.672,1298.76,0.397342,0.611385,-0.118291,m,m
36372,HOUSE,36372,0.925888,1,-114.953,-148.343,1299.02,0.383144,0.625977,-0.117169,m,m
36373,HOUSE,36373,0.928569,1,-115.789,-148.455,1294.28,0.359464,0.633453,-0.102769,m,m
36374,HOUSE,36374,0.929937,1,-116.172,-148.147,1284.11,0.347107,0.633508,-0.0880164,m,m
36375,HOUSE,36375,0.930815,1,-116.119,-147.724,1272.13,0.337926,0.627541,-0.0719236,m,m
36376,HOUSE,36376,0.933637,1,-116.403,-148.438,1267.61,0.305849,0.621272,-0.0511704,m,m
36377,HOUSE,36377,0.936586,1,-116.483,-149.08,1259.42,0.283995,0.585727,-0.0253737,m,m
36378,HOUSE,36378,0.938222,1,-116.261,-150.058,1256.67,0.271636,0.575989,-0.0180736,m,m
36379,HOUSE,36379,0.944118,1,-116.288,-150.807,1256.2,0.258679,0.583076,-0.0150838,m,m
36380,HOUSE,36380,0.937869,1,-116.551,-150.927,1255.03,0.253517,0.593954,-0.0191439,m,m
36381,HOUSE,36381,0.934611,1,-117.001,-150.952,1257.49,0.256416,0.606235,-0.0303611,m,m
36382,HOUSE,36382,0.927282,1,-117.034,-151.428,1269.61,0.29273,0.611949,-0.0626409,m,m
36383,HOUSE,36383,0.923977,1,-117.278,-152.051,1287.14,0.355559,0.622424,-0.103073,m,m
36384,HOUSE,36384,0.925241,1,-116.555,-150.662,1289.55,0.417138,0.63127,-0.137453,m,m
36385,HOUSE,36385,0.924077,1,-116.135,-148.619,1283.99,0.453138,0.629995,-0.158509,m,m
36386,HOUSE,36386,0.926238,1,-116.377,-148.509,1284.15,0.44804,0.634352,-0.157002,m,m
36387,HOUSE,36387,0.922131,1,-116.403,-148.277,1280.78,0.424375,0.638763,-0.138087,m,m
36388,HOUSE,36388,0.918911,1,-116.518,-148.211,1277.61,0.395344,0.648873,-0.116104,m,m
36389,HOUSE,36389,0.91645,1,-116.788,-147.998,1272.55,0.355159,0.661189,-0.0893347,m,m
36390,HOUSE,36390,0.909629,1,-116.689,-147.675,1263.64,0.320676,0.664349,-0.0617798,m,m
39344,HOUSE,39344,0.944071,1,-108.007,-160.144,1211.99,0.0646729,0.646197,0.0743496,m,m
39345,HOUSE,39345,0.941338,1,-107.923,-159.497,1209.35,0.0614658,0.646846,0.0753723,m,m
39346,HOUSE,39346,0.939968,1,-107.706,-158.64,1205.89,0.0643363,0.64656,0.0727616,m,m
39347,HOUSE,39347,0.940892,1,-107.591,-157.977,1203.8,0.0676245,0.646815,0.0702372,m,m
39348,HOUSE,39348,0.944048,1,-107.487,-157.648,1202.55,0.070126,0.648284,0.0692496,m,m
39349,HOUSE,39349,0.944189,1,-107.426,-157.556,1202.12,0.0696542,0.649293,0.0702378,m,m
39350,HOUSE,39350,0.943396,1,-107.258,-157.733,1202.31,0.0646328,0.653294,0.0767366,m,m
39351,HOUSE,39351,0.94448,1,-107.019,-157.859,1201.52,0.0600702,0.656409,0.0847655,m,m
39352,HOUSE,39352,0.946367,1,-106.663,-157.937,1200.01,0.0523228,0.657648,0.0934913,m,m
39353,HOUSE,39353,0.945959,1,-106.583,-158.174,1200.52,0.0480705,0.657551,0.099078,m,m
39354,HOUSE,39354,0.943751,1,-106.517,-158.093,1200.21,0.047637,0.657065,0.0996294,m,m
39355,HOUSE,39355,0.942749,1,-106.493,-157.922,1200.68,0.049588,0.656547,0.0996778,m,m
39356,HOUSE,39356,0.945727,1,-106.55,-157.907,1201.81,0.0501452,0.654873,0.0994588,m,m
39357,HOUSE,39357,0.949037,1,-106.561,-157.668,1202.04,0.0493971,0.653585,0.0990821,m,m
39358,HOUSE,39358,0.950529,1,-106.427,-157.376,1202.25,0.0501803,0.649987,0.0981622,m,m
39359,HOUSE,39359,0.954175,1,-106.19,-156.562,1200.46,0.0570868,0.647192,0.0939609,m,m
39360,HOUSE,39360,0.948155,1,-105.982,-155.465,1198.39,0.0664543,0.648043,0.088402,m,m
39361,HOUSE,39361,0.950046,1,-105.956,-154.601,1196.47,0.0784735,0.651735,0.0829702,m,m
39362,HOUSE,39362,0.945376,1,-105.958,-154.158,1195.98,0.0801347,0.652346,0.0823954,m,m
39363,HOUSE,39363,0.941438,1,-105.923,-153.423,1195.02,0.079101,0.653724,0.0808432,m,m
39364,HOUSE,39364,0.939274,1,-105.39,-152.069,1189.35,0.0770643,0.66105,0.0782503,m,m
39365,HOUSE,39365,0.931138,1,-104.64,-150.776,1183.08,0.0804828,0.667786,0.070989,m,m
39366,HOUSE,39366,0.932545,1,-103.943,-149.801,1179.44,0.0880177,0.664785,0.0619311,m,m
39367,HOUSE,39367,0.927663,1,-103.362,-148.973,1176.32,0.0974312,0.66122,0.0529211,m,m
39368,HOUSE,39368,0.923645,1,-103.127,-148.703,1176.47,0.10351,0.655494,0.046022,m,m
39369,HOUSE,39369,0.921667,1,-103.055,-148.542,1177.21,0.107215,0.653952,0.0421721,m,m
39370,HOUSE,39370,0.92274,1,-102.976,-148.432,1177.99,0.112989,0.652603,0.0386711,m,m
39371,HOUSE,39371,0.916576,1,-102.744,-148.255,1177.24,0.117222,0.652465,0.03577,m,m
39372,HOUSE,39372,0.918369,1,-102.695,-148.215,1176.85,0.116899,0.652621,0.0361817,m,m
39373,HOUSE,39373,0.919867,1,-102.678,-148.205,1176.49,0.116165,0.652997,0.037025,m,m
39374,HOUSE,39374,0.930014,1,-102.816,-148.559,1177.12,0.111982,0.654742,0.0415673,m,m
39375,HOUSE,39375,0.930337,1,-103.062,-149.049,1179.04,0.107151,0.654343,0.0456362,m,m
39376,HOUSE,39376,0.934464,1,-103.409,-149.621,1181.31,0.102768,0.654364,0.050688,m,m
39377,HOUSE,39377,0.936118,1,-103.619,-149.962,1182.59,0.0987383,0.654851,0.0538424,m,m
39378,HOUSE,39378,0.934534,1,-103.86,-150.495,1185.97,0.096234,0.656623,0.0557662,m,m
39379,HOUSE,39379,0.93286,1,-103.91,-150.335,1187.9,0.104062,0.656162,0.052494,m,m
39380,HOUSE,39380,0.932737,1,-103.994,-149.852,1192.57,0.112931,0.653755,0.0463065,m,m
39381,HOUSE,39381,0.926563,1,-103.854,-149.227,1193.21,0.121268,0.655195,0.0400705,m,m
39382,HOUSE,39382,0.928858,1,-103.928,-149.972,1191.69,0.113147,0.655329,0.0437744,m,m
39383,HOUSE,39383,0.927581,1,-104.043,-151.446,1190.49,0.0986215,0.656661,0.0563442,m,m
39384,HOUSE,39384,0.925908,1,-103.876,-152.357,1190.27,0.0991492,0.655094,0.0617318,m,m
39385,HOUSE,39385,0.923358,1,-103.966,-152.528,1194.11,0.104623,0.651919,0.0617557,m,m
39386,HOUSE,39386,0.920872,1,-103.845,-151.944,1198.08,0.117406,0.648157,0.0523433,m,m
39387,HOUSE,39387,0.922481,1,-103.521,-151.583,1197.19,0.120722,0.64828,0.0516898,m,m
39388,HOUSE,39388,0.921965,1,-103.287,-152.587,1196.01,0.115269,0.644168,0.0554594,m,m
39389,HOUSE,39389,0.924913,1,-103.132,-154.63,1198.7,0.108884,0.640669,0.0608821,m,m
39390,HOUSE,39390,0.924151,1,-102.739,-156.478,1207.56,0.124152,0.628109,0.060487,m,m
39391,HOUSE,39391,0.923229,1,-101.868,-157.149,1218.02,0.138568,0.61048,0.0741591,m,m
39392,HOUSE,39392,0.94107,1,-98.7825,-154.422,1215.05,0.168999,0.594422,0.094525,m,m
39393,HOUSE,39393,0.95135,1,-94.7627,-150.905,1213.69,0.195138,0.577736,0.122012,m,m
39394,HOUSE,39394,0.934945,1,-90.4235,-148.505,1216.5,0.216341,0.561659,0.159183,m,m
39395,HOUSE,39395,0.952256,1,-86.0924,-148.518,1255.4,0.16082,0.475007,0.177343,m,m
39396,HOUSE,39396,0.844418,1,-83.334,-149.488,1275.17,0.172017,0.480303,0.236652,m,m
39397,HOUSE,39397,0.8595,1,-79.6897,-149.535,1289.98,0.205916,0.476608,0.258796,m,m
39398,HOUSE,39398,0.777399,1,-74.7174,-147.408,1278.84,0.179966,0.445811,0.289816,m,m
40124,HOUSE,40124,0.926223,1,-124.772,-160.329,1285.39,0.0672929,0.705382,0.194055,m,m
40125,HOUSE,40125,0.924625,1,-124.751,-160.296,1285.27,0.0686093,0.705581,0.193272,m,m
40126,HOUSE,40126,0.924168,1,-124.746,-160.273,1285.19,0.0695948,0.705806,0.192748,m,m
40127,HOUSE,40127,0.926372,1,-124.872,-160.462,1287.25,0.0667678,0.707801,0.193593,m,m
40128,HOUSE,40128,0.9356,1,-126.975,-162.491,1312.53,0.0257405,0.709104,0.212163,m,m
40129,HOUSE,40129,0.925911,1,-127.669,-163.382,1321.11,0.0135225,0.699413,0.218864,m,m
40130,HOUSE,40130,0.923034,1,-126.77,-162.604,1310.14,0.0295798,0.692396,0.213249,m,m
40131,HOUSE,40131,0.927394,1,-125.898,-161.901,1300.63,0.0451447,0.694536,0.204449,m,m
40132,HOUSE,40132,0.927305,1,-125.567,-161.636,1297.2,0.0525592,0.698768,0.198866,m,m
40133,HOUSE,40133,0.926348,1,-125.433,-161.539,1296.1,0.0570174,0.699593,0.197782,m,m
40134,HOUSE,40134,0.928753,1,-125.225,-161.265,1295.66,0.0621544,0.698817,0.194718,m,m
40135,HOUSE,40135,0.929387,1,-124.972,-160.933,1295.29,0.0629871,0.698445,0.193343,m,m
40136,HOUSE,40136,0.931008,1,-124.642,-160.828,1295.16,0.0629231,0.698224,0.193009,m,m
40137,HOUSE,40137,0.932512,1,-124.246,-160.688,1294.88,0.0617014,0.696378,0.194084,m,m
40138,HOUSE,40138,0.932695,1,-123.487,-160.233,1293.55,0.0676108,0.696545,0.189729,m,m
40139,HOUSE,40139,0.931703,1,-122.743,-159.744,1291.67,0.0754537,0.696649,0.183411,m,m
40140,HOUSE,40140,0.929916,1,-122.366,-159.282,1290.78,0.075412,0.69804,0.182096,m,m
40141,HOUSE,40141,0.927831,1,-122.015,-158.912,1290.79,0.0787672,0.696952,0.178502,m,m
40142,HOUSE,40142,0.929185,1,-121.709,-158.788,1290.83,0.0794026,0.696887,0.178002,m,m
40143,HOUSE,40143,0.92807,1,-121.344,-158.672,1291.31,0.082149,0.695934,0.175683,m,m
40144,HOUSE,40144,0.928589,1,-121.091,-158.422,1292.06,0.0808061,0.693254,0.176439,m,m
40145,HOUSE,40145,0.926716,1,-121.044,-158.512,1295.45,0.0757981,0.68931,0.178356,m,m
40146,HOUSE,40146,0.927752,1,-120.818,-158.456,1297.38,0.0794884,0.68655,0.174237,m,m
40147,HOUSE,40147,0.931662,1,-120.605,-158.531,1299.66,0.0840042,0.68301,0.169893,m,m
40148,HOUSE,40148,0.936025,1,-120.366,-158.268,1299.62,0.0848255,0.681751,0.168202,m,m
40149,HOUSE,40149,0.938141,1,-120.013,-157.909,1298.61,0.0855231,0.680569,0.164983,m,m
40150,HOUSE,40150,0.935316,1,-119.918,-157.737,1298,0.0865558,0.680263,0.164516,m,m
40151,HOUSE,40151,0.932962,1,-119.665,-157.315,1296.89,0.0879389,0.678152,0.163797,m,m
40152,HOUSE,40152,0.932991,1,-119.612,-157.263,1296.55,0.0879725,0.678366,0.163625,m,m
40153,HOUSE,40153,0.932694,1,-119.409,-157.22,1296.64,0.0910329,0.680517,0.161366,m,m
40154,HOUSE,40154,0.930759,1,-119.358,-157.172,1295.96,0.0949274,0.681301,0.159965,m,m
40155,HOUSE,40155,0.929935,1,-119.277,-157.068,1294.22,0.101794,0.682755,0.156099,m,m
40156,HOUSE,40156,0.93023,1,-119.057,-156.805,1291.65,0.103435,0.68371,0.155933,m,m
40157,HOUSE,40157,0.932,1,-118.637,-156.317,1287.01,0.104573,0.68547,0.15517,m,m
40158,HOUSE,40158,0.933808,1,-118.322,-156.239,1286.57,0.10559,0.685613,0.154663,m,m
40159,HOUSE,40159,0.934389,1,-118.005,-156.189,1286.24,0.106338,0.685446,0.154573,m,m
40160,HOUSE,40160,0.934035,1,-117.65,-156.064,1285.45,0.107409,0.685621,0.154321,m,m
40161,HOUSE,40161,0.931561,1,-117.312,-155.973,1284.95,0.107852,0.686129,0.154409,m,m
40162,HOUSE,40162,0.930026,1,-117.225,-155.944,1284.44,0.106858,0.686417,0.155293,m,m
40163,HOUSE,40163,0.930874,1,-117.048,-155.871,1283.54,0.103456,0.688942,0.157527,m,m
40164,HOUSE,40164,0.930725,1,-116.707,-155.764,1283.08,0.103577,0.689348,0.157794,m,m
40165,HOUSE,40165,0.92834,1,-116.214,-155.605,1282.62,0.107842,0.689386,0.154007,m,m
40166,HOUSE,40166,0.928606,1,-116.11,-155.487,1281.96,0.108275,0.689333,0.153478,m,m
40167,HOUSE,40167,0.92892,1,-115.998,-155.356,1281.16,0.108496,0.689301,0.153113,m,m
40168,HOUSE,40168,0.929292,1,-116.038,-155.256,1280.62,0.108742,0.68924,0.152454,m,m
40169,HOUSE,40169,0.93114,1,-116.337,-155.226,1280.33,0.108897,0.689417,0.151782,m,m
40170,HOUSE,40170,0.929798,1,-116.604,-155.19,1280,0.108447,0.689527,0.151647,m,m
40171,HOUSE,40171,0.930091,1,-116.854,-155.127,1279.55,0.107802,0.689258,0.151455,m,m
40172,HOUSE,40172,0.932465,1,-117.22,-155.092,1279.98,0.105763,0.687983,0.15041,m,m
40173,HOUSE,40173,0.933322,1,-117.692,-155.102,1280.74,0.107382,0.687669,0.146977,m,m
40174,HOUSE,40174,0.93148,1,-117.954,-155.124,1280.79,0.106822,0.689772,0.146805,m,m
40175,HOUSE,40175,0.928979,1,-118.225,-155.151,1281.05,0.106584,0.691824,0.146262,m,m
40176,HOUSE,40176,0.927459,1,-118.203,-155.327,1282.65,0.110632,0.691386,0.141804,m,m
40177,HOUSE,40177,0.92702,1,-118.069,-155.382,1283.14,0.110198,0.688964,0.138207,m,m
40178,HOUSE,40178,0.926994,1,-117.968,-155.566,1282.82,0.107426,0.688658,0.138344,m,m
40179,HOUSE,40179,0.92524,1,-117.746,-155.625,1281.46,0.105429,0.689112,0.138173,m,m
43802,HOUSE,43802,0.847538,1,-76.3146,-165.93,1386.8,0.0825286,0.502026,0.393216,m,m
43803,HOUSE,43803,0.862297,1,-73.5372,-163.06,1368.62,0.0891679,0.494851,0.386338,m,m
43804,HOUSE,43804,0.855147,1,-71.7454,-160.735,1357.04,0.108538,0.495713,0.373625,m,m
43805,HOUSE,43805,0.843987,1,-70.7629,-158.8,1351.36,0.126694,0.499145,0.359556,m,m
43806,HOUSE,43806,0.798418,1,-69.8779,-156.505,1345.06,0.145479,0.499258,0.344255,m,m
43807,HOUSE,43807,0.768398,1,-68.9717,-154.175,1338.71,0.152329,0.497049,0.329155,m,m
43812,HOUSE,43812,0.73892,1,-73.8143,-143.803,1322.58,0.169836,0.0334463,0.0625009,m,m
43813,HOUSE,43813,0.803642,1,-74.4604,-146.069,1336.22,0.211107,0.111704,0.0992004,m,m
43815,HOUSE,43815,0.765918,1,-75.9595,-144.786,1315.07,0.224701,0.471161,0.220035,m,m
43816,HOUSE,43816,0.801915,1,-78.1177,-145.133,1316.68,0.23096,0.492802,0.231369,m,m
43817,HOUSE,43817,0.846426,1,-79.7882,-145.736,1317.94,0.241295,0.50084,0.224758,m,m
43818,HOUSE,43818,0.834784,1,-79.8409,-145.161,1314.68,0.253682,0.489337,0.21321,m,m
43819,HOUSE,43819,0.820875,1,-78.7091,-143.178,1308.64,0.268505,0.483117,0.201705,m,m
43820,HOUSE,43820,0.739971,1,-79.4686,-145.091,1333,0.273268,0.47944,0.184516,m,m
43828,HOUSE,43828,0.740279,1,-76.6337,-144.352,1305.33,0.184849,0.47339,0.222249,m,m
43830,HOUSE,43830,0.834203,1,-80.01,-149.114,1325.56,0.2014,0.460776,0.225325,m,m
43831,HOUSE,43831,0.85441,1,-80.1141,-148.362,1316.25,0.204716,0.457196,0.21737,m,m
43832,HOUSE,43832,0.904615,1,-80.8728,-147.45,1310.87,0.216029,0.459514,0.203579,m,m
43833,HOUSE,43833,0.891784,1,-83.5687,-147.927,1323.66,0.243257,0.47725,0.192892,m,m
43834,HOUSE,43834,0.939869,1,-85.6037,-148.284,1324.27,0.229637,0.470399,0.195043,m,m
43835,HOUSE,43835,0.940173,1,-88.5975,-151.059,1343.7,0.199953,0.465009,0.19162,m,m
43836,HOUSE,43836,0.947179,1,-91.284,-153.006,1346.67,0.154286,0.464891,0.193764,m,m
43837,HOUSE,43837,0.974041,1,-92.4028,-153.057,1327.39,0.155229,0.467703,0.174385,m,m
43838,HOUSE,43838,0.992051,1,-92.6896,-151.695,1303.05,0.186512,0.47923,0.138545,m,m
43839,HOUSE,43839,0.992741,1,-94.0209,-151.681,1294.9,0.206123,0.485333,0.108754,m,m
43840,HOUSE,43840,0.994685,1,-95.3831,-152.438,1292.46,0.20746,0.492253,0.0906932,m,m
43841,HOUSE,43841,0.994691,1,-96.4144,-153.314,1289.8,0.209671,0.495911,0.0751534,m,m
43842,HOUSE,43842,0.99449,1,-97.0562,-154.124,1286.54,0.203802,0.507849,0.0619848,m,m
43843,HOUSE,43843,0.99318,1,-97.2596,-153.71,1281.1,0.208471,0.516207,0.049547,m,m
43844,HOUSE,43844,0.992878,1,-97.1419,-152.494,1277.49,0.22099,0.522594,0.0420307,m,m
43845,HOUSE,43845,0.990819,1,-96.6157,-150.985,1276.19,0.233574,0.528543,0.0378376,m,m
43846,HOUSE,43846,0.990631,1,-95.8807,-149.75,1275.64,0.246979,0.532008,0.0384729,m,m
43847,HOUSE,43847,0.987694,1,-94.8787,-149.411,1276.9,0.246309,0.530022,0.0434699,m,m
43848,HOUSE,43848,0.989274,1,-94.2038,-149.827,1278.16,0.24007,0.531556,0.0507845,m,m
43849,HOUSE,43849,0.987403,1,-93.6229,-151.196,1279.31,0.220813,0.529447,0.0605481,m,m
43850,HOUSE,43850,0.9866,1,-93.3852,-153.242,1279.87,0.193199,0.529662,0.0762249,m,m
43851,HOUSE,43851,0.98537,1,-93.0556,-155.674,1278.89,0.165086,0.527718,0.0983201,m,m
43852,HOUSE,43852,0.986298,1,-92.7394,-158.195,1279.24,0.139803,0.524484,0.116058,m,m
43853,HOUSE,43853,0.987262,1,-92.3824,-159.886,1280.74,0.131564,0.524156,0.124674,m,m
43854,HOUSE,43854,0.990119,1,-92.0298,-160.975,1285.02,0.129504,0.522996,0.126272,m,m
43855,HOUSE,43855,0.989631,1,-91.3954,-161.05,1286.47,0.139766,0.521039,0.118012,m,m
43856,HOUSE,43856,0.989877,1,-91.2873,-161.198,1285.92,0.145052,0.520204,0.109645,m,m
43857,HOUSE,43857,0.990357,1,-91.4644,-161.527,1286.74,0.145997,0.516249,0.104651,m,m
23887,HOUSE,23887,0.741031,1,-84.0138,-153.658,1438.95,0.357831,-0.0425767,-0.0259575,m,m
23888,HOUSE,23888,0.742828,1,-89.2274,-149.424,1423.69,0.449075,0.0150517,-0.0329146,m,m
23889,HOUSE,23889,0.875778,1,-92.8874,-143.644,1401.3,0.516754,0.082402,-0.0367478,m,m
23890,HOUSE,23890,0.928344,1,-94.8124,-139.753,1397.74,0.54016,0.108013,-0.0167155,m,m
23891,HOUSE,23891,0.929898,1,-92.8217,-136.151,1388.73,0.561229,0.0711502,0.0176394,m,m
23892,HOUSE,23892,0.917358,1,-90.249,-133.275,1383.44,0.575936,0.0273995,0.0597177,m,m
23893,HOUSE,23893,0.89742,1,-88.1632,-132.013,1387.32,0.594241,-0.0041538,0.0985862,m,m
23894,HOUSE,23894,0.920415,1,-84.7342,-127.447,1369.51,0.643654,-0.0323075,0.120344,m,m
23895,HOUSE,23895,0.913954,1,-80.9796,-121.992,1341.11,0.695584,-0.0401107,0.133038,m,m
23896,HOUSE,23896,0.854541,1,-77.4198,-116.402,1302.45,0.738552,-0.0289158,0.139575,m,m
23897,HOUSE,23897,0.777484,1,-75.4014,-113.063,1275.97,0.752358,-0.00814566,0.142158,m,m
23898,HOUSE,23898,0.758396,1,-74.2781,-111.135,1253.9,0.741591,0.010248,0.148914,m,m
23899,HOUSE,23899,0.800256,1,-73.1071,-110.8,1241.97,0.725226,0.0153143,0.150017,m,m
23900,HOUSE,23900,0.795935,1,-72.5317,-112.609,1248.06,0.707212,0.0116504,0.149264,m,m
23901,HOUSE,23901,0.841095,1,-73.3335,-115.87,1268.98,0.694582,0.00654542,0.147328,m,m
23902,HOUSE,23902,0.845409,1,-75.6147,-121.098,1305.79,0.681018,0.0085589,0.142226,m,m
23903,HOUSE,23903,0.895026,1,-78.4782,-127.315,1344.25,0.653881,0.0110533,0.141292,m,m
23904,HOUSE,23904,0.834963,1,-77.856,-128.954,1336.17,0.617659,0.00529749,0.137415,m,m
23905,HOUSE,23905,0.78423,1,-76.2495,-130.535,1318.33,0.554256,-0.0039849,0.110215,m,m
23906,HOUSE,23906,0.791619,1,-73.3327,-130.856,1288.74,0.455528,0.0131774,0.0663248,m,m
23907,HOUSE,23907,0.781941,1,-72.8627,-131.996,1271.35,0.378667,0.0520839,0.0376736,m,m
23908,HOUSE,23908,0.770009,1,-74.2983,-133.278,1264.39,0.343263,0.0873267,0.0216638,m,m
23909,HOUSE,23909,0.754087,1,-76.4297,-133.471,1257.19,0.342189,0.134998,0.0132142,m,m
23910,HOUSE,23910,0.76454,1,-79.0796,-134.223,1261.27,0.365341,0.157722,0.000411742,m,m
23911,HOUSE,23911,0.860346,1,-97.4326,-140.977,1369.16,0.309317,-0.11134,0.0552492,m,m
23912,HOUSE,23912,0.812953,1,-97.5865,-135.579,1337.93,0.379919,-0.102258,0.0384622,m,m
23913,HOUSE,23913,0.740647,1,-101.926,-141.007,1392.17,0.399822,-0.102647,0.0417543,m,m
23918,HOUSE,23918,0.880794,1,-78.0562,-156.4,1378.48,0.221173,-0.014198,0.0509499,m,m
23919,HOUSE,23919,0.78899,1,-64.1414,-152.87,1330.54,0.221113,-0.00751718,-0.0296613,m,m
23920,HOUSE,23920,0.750193,1,-63.6744,-159.142,1346.83,0.249193,-0.127858,0.0635314,m,m
23921,HOUSE,23921,0.8532,1,-61.9345,-162.285,1357.15,0.270563,-0.189954,0.065988,m,m
23922,HOUSE,23922,0.858605,1,-62.0156,-161.009,1346.48,0.281568,-0.236456,0.0571331,m,m
23923,HOUSE,23923,0.887256,1,-64.703,-157.399,1320.52,0.298479,-0.178102,0.0437788,m,m
23924,HOUSE,23924,0.857227,1,-68.2366,-156.332,1300.12,0.269107,-0.0748207,0.0312451,m,m
23925,HOUSE,23925,0.859512,1,-70.7087,-157.581,1281.9,0.207751,0.0413464,0.0314969,m,m
23926,HOUSE,23926,0.853194,1,-72.8624,-162.237,1282.91,0.146939,0.0916773,0.0521099,m,m
23927,HOUSE,23927,0.841158,1,-72.2995,-165.735,1284.7,0.116339,0.0650114,0.0653298,m,m
23928,HOUSE,23928,0.812478,1,-71.4003,-170.811,1303.51,0.0898158,0.0140464,0.071098,m,m
23929,HOUSE,23929,0.848327,1,-70.9323,-177.003,1334.56,0.0909148,-0.0469898,0.0677884,m,m
23930,HOUSE,23930,0.81601,1,-69.0263,-178.149,1339.18,0.124863,-0.114066,0.0681932,m,m
23931,HOUSE,23931,0.872574,1,-66.0272,-175.286,1317.41,0.140353,-0.17523,0.0724372,m,m
23932,HOUSE,23932,0.899521,1,-65.4513,-181.298,1346.15,0.1216,-0.30194,0.0568124,m,m
23933,HOUSE,23933,0.905705,1,-64.15,-186.821,1363.78,0.083813,-0.462992,0.045987,m,m
23934,HOUSE,23934,0.914494,1,-60.6072,-185.974,1342.26,0.0762464,-0.543371,0.04536,m,m
23935,HOUSE,23935,0.930614,1,-57.1989,-186.205,1330.79,0.0689078,-0.57734,0.0405993,m,m
23936,HOUSE,23936,0.94182,1,-55.4083,-191.725,1349.22,0.0200981,-0.654064,-0.00425277,m,m
23937,HOUSE,23937,0.94969,1,-51.5072,-193.627,1345.45,0.0142632,-0.685618,-0.0199289,m,m
23938,HOUSE,23938,0.949363,1,-47.7391,-191.217,1322.57,0.0460257,-0.707831,-0.019395,m,m
23939,HOUSE,23939,0.950644,1,-44.9358,-190.452,1313.08,0.0526878,-0.727315,-0.0240111,m,m
23940,HOUSE,23940,0.941799,1,-43.1328,-192.638,1319.38,0.0463941,-0.732441,-0.0393046,m,m
23941,HOUSE,23941,0.889384,1,-42.0837,-194.187,1329.5,0.0219856,-0.733505,-0.062115,m,m
23942,HOUSE,23942,0.823572,1,-43.6971,-197.495,1363.69,0.0162566,-0.722737,-0.071586,m,m
8241,HOUSE,8241,0.949424,1,-92.8825,-191.23,909.086,0.0363239,0.479193,-0.158242,m,m
8242,HOUSE,8242,0.936519,1,-93.4305,-189.611,899.421,0.0417833,0.488678,-0.172734,m,m
8243,HOUSE,8243,0.941193,1,-94.6371,-187.891,893.305,0.062706,0.494299,-0.187305,m,m
8244,HOUSE,8244,0.950572,1,-96.077,-184.151,883.83,0.117411,0.503772,-0.208559,m,m
8245,HOUSE,8245,0.956892,1,-97.1998,-180.445,877.118,0.181014,0.5183,-0.226835,m,m
8246,HOUSE,8246,0.962297,1,-97.038,-176.691,872.873,0.238688,0.524984,-0.231255,m,m
8247,HOUSE,8247,0.948879,1,-94.2931,-170.711,858.861,0.256803,0.501181,-0.212519,m,m
8248,HOUSE,8248,0.951982,1,-92.2532,-165.727,852.839,0.263313,0.489168,-0.18035,m,m
8249,HOUSE,8249,0.936921,1,-90.283,-157.816,832.716,0.301129,0.489158,-0.178601,m,m
8250,HOUSE,8250,0.923088,1,-89.4384,-152.932,817.867,0.293463,0.455873,-0.171536,m,m
8251,HOUSE,8251,0.9087,1,-90.1141,-152.068,814.144,0.235837,0.398585,-0.150843,m,m
8252,HOUSE,8252,0.940969,1,-92.6048,-158.08,827.792,0.165606,0.35782,-0.119218,m,m
8253,HOUSE,8253,0.952144,1,-95.1178,-169.566,846.909,0.0517016,0.341602,-0.0937089,m,m
8254,HOUSE,8254,0.941339,1,-93.89,-179.052,849.14,-0.0587084,0.338361,-0.0720026,m,m
8255,HOUSE,8255,0.937584,1,-88.5461,-183.498,827.721,-0.161017,0.329982,-0.0598182,m,m
8256,HOUSE,8256,0.95311,1,-82.5315,-187.964,805.569,-0.261194,0.32989,-0.0468141,m,m
8257,HOUSE,8257,0.957765,1,-76.8025,-193.481,789.469,-0.337001,0.326973,-0.0412949,m,m
8258,HOUSE,8258,0.967182,1,-72.0822,-198.927,783.061,-0.372275,0.324437,-0.0310968,m,m
8259,HOUSE,8259,0.972452,1,-69.0324,-205.269,791.684,-0.374251,0.333141,-0.0238466,m,m
8260,HOUSE,8260,0.982433,1,-68.706,-216.555,825.495,-0.373891,0.3448,-0.017733,m,m
8261,HOUSE,8261,0.985307,1,-68.2677,-226.388,859.353,-0.32408,0.332972,-0.0195967,m,m
8262,HOUSE,8262,0.988562,1,-67.768,-233.233,883.139,-0.257978,0.304549,-0.0239217,m,m
8263,HOUSE,8263,0.988087,1,-66.12,-237.055,893.877,-0.219416,0.280817,-0.0251402,m,m
8264,HOUSE,8264,0.986662,1,-63.597,-239.544,901.116,-0.198697,0.265358,-0.0239027,m,m
8265,HOUSE,8265,0.986438,1,-60.4234,-240.17,903.269,-0.183685,0.252313,-0.0234502,m,m
8266,HOUSE,8266,0.98626,1,-57.8287,-239.915,902.453,-0.172076,0.249916,-0.0223605,m,m
8267,HOUSE,8267,0.986137,1,-56.2502,-239.752,901.766,-0.175368,0.248719,-0.0188635,m,m
8268,HOUSE,8268,0.98215,1,-55.1441,-240.597,901.557,-0.184882,0.243768,-0.0184553,m,m
8269,HOUSE,8269,0.982771,1,-54.5528,-241.628,902.107,-0.187974,0.245278,-0.0187544,m,m
8270,HOUSE,8270,0.979262,1,-54.6571,-242.344,901.431,-0.192791,0.251207,-0.0152453,m,m
8271,HOUSE,8271,0.979206,1,-54.6515,-241.958,900.622,-0.189528,0.252803,-0.0111611,m,m
8272,HOUSE,8272,0.975722,1,-54.7733,-240.784,898.269,-0.181553,0.251186,-0.0107115,m,m
8273,HOUSE,8273,0.971667,1,-54.918,-239.758,895.682,-0.180724,0.251525,-0.00861719,m,m
8274,HOUSE,8274,0.96524,1,-55.4323,-240.236,897.208,-0.176723,0.251684,-0.00585204,m,m
8275,HOUSE,8275,0.953358,1,-55.9156,-241.732,899.956,-0.182776,0.247646,-0.00224508,m,m
8276,HOUSE,8276,0.944782,1,-56.2787,-242.383,900.194,-0.187211,0.24789,-0.00152985,m,m
8277,HOUSE,8277,0.935761,1,-56.3113,-242.499,899.386,-0.187032,0.244416,-0.00107033,m,m
8278,HOUSE,8278,0.937728,1,-56.1944,-242.678,898.869,-0.188453,0.240598,0.00254588,m,m
8279,HOUSE,8279,0.931514,1,-55.4881,-243.057,899.432,-0.192255,0.237151,0.00535232,m,m
8280,HOUSE,8280,0.939197,1,-54.6515,-244.804,904.722,-0.190814,0.230298,0.00722173,m,m
8281,HOUSE,8281,0.947973,1,-53.3455,-245.363,905.267,-0.193534,0.224547,0.00852353,m,m
8282,HOUSE,8282,0.952864,1,-52.1995,-247.418,910.622,-0.190887,0.218552,0.0102048,m,m
8283,HOUSE,8283,0.952655,1,-51.1846,-249.151,916.916,-0.179683,0.213866,0.00626942,m,m
8284,HOUSE,8284,0.963026,1,-50.3415,-250.619,925.414,-0.164937,0.210343,-0.000546193,m,m
8285,HOUSE,8285,0.965668,1,-49.3174,-250.088,925.449,-0.152741,0.212437,-0.00283088,m,m
8286,HOUSE,8286,0.96907,1,-49.1775,-250.245,926.133,-0.150759,0.205838,-0.00853835,m,m
8287,HOUSE,8287,0.968143,1,-49.9631,-251.222,928.639,-0.150034,0.204148,-0.0119423,m,m
8288,HOUSE,8288,0.974983,1,-50.5314,-250.005,925.43,-0.133351,0.203204,-0.0185092,m,m
8289,HOUSE,8289,0.972918,1,-50.7982,-248.281,922.677,-0.123912,0.201537,-0.02222,m,m
8290,HOUSE,8290,0.974275,1,-51.098,-246.931,921.046,-0.116982,0.197649,-0.0260807,m,m
8291,HOUSE,8291,0.97329,1,-51.4725,-246.701,920.148,-0.123464,0.19598,-0.0319819,m,m
8292,HOUSE,8292,0.977263,1,-52.006,-245.878,918.718,-0.118378,0.194558,-0.0330649,m,m
8293,HOUSE,8293,0.97516,1,-52.432,-242.779,911.877,-0.0988207,0.198245,-0.0351206,m,m
8294,HOUSE,8294,0.9715,1,-52.7032,-238.477,900.635,-0.0813272,0.202102,-0.0406712,m,m
8295,HOUSE,8295,0.972473,1,-53.0523,-235.583,893.524,-0.0770715,0.200543,-0.0450327,m,m
8296,HOUSE,8296,0.971803,1,-53.7775,-234.906,892.321,-0.0742961,0.201486,-0.0447291,m,m
8297,HOUSE,8297,0.972351,1,-54.7084,-234.486,891.223,-0.0769763,0.205432,-0.0458321,m,m
8298,HOUSE,8298,0.972612,1,-55.5241,-234.284,890.947,-0.0794565,0.207309,-0.0452248,m,m
8299,HOUSE,8299,0.975067,1,-56.248,-233.981,890.353,-0.0804153,0.207207,-0.0457222,m,m
8300,HOUSE,8300,0.974493,1,-56.735,-233.347,889.602,-0.0794431,0.204237,-0.046232,m,m
8301,HOUSE,8301,0.975821,1,-57.2195,-233.31,889.906,-0.0793762,0.200773,-0.0444227,m,m
8302,HOUSE,8302,0.978878,1,-57.5607,-233.424,892.046,-0.0791304,0.1941,-0.0435066,m,m
8303,HOUSE,8303,0.976568,1,-57.82,-233.766,894.46,-0.0801128,0.191195,-0.0431274,m,m
8304,HOUSE,8304,0.975874,1,-58.3908,-234.326,896.325,-0.0842772,0.187629,-0.0418916,m,m
8305,HOUSE,8305,0.977959,1,-59.4969,-235.582,898.31,-0.0855359,0.183416,-0.0452452,m,m
8306,HOUSE,8306,0.975541,1,-61.0535,-236.636,897.82,-0.0911917,0.19148,-0.0555946,m,m
8307,HOUSE,8307,0.976079,1,-63.3464,-238.356,902.011,-0.096954,0.196846,-0.0643033,m,m
8308,HOUSE,8308,0.975793,1,-64.5424,-238.573,904.598,-0.0964856,0.200877,-0.0648568,m,m
8309,HOUSE,8309,0.97588,1,-64.3203,-238.722,905.63,-0.100837,0.196952,-0.064403,m,m
8310,HOUSE,8310,0.977597,1,-63.0756,-236.086,898.511,-0.103681,0.196356,-0.0664908,m,m
8311,HOUSE,8311,0.976238,1,-62.4154,-235.736,896.598,-0.11453,0.189642,-0.0639167,m,m
8312,HOUSE,8312,0.973222,1,-62.7748,-234.195,893.446,-0.111974,0.19696,-0.0654486,m,m
8313,HOUSE,8313,0.973396,1,-63.4679,-233.227,890.549,-0.117023,0.204123,-0.0648106,m,m
8314,HOUSE,8314,0.971185,1,-64.0227,-232.204,890.159,-0.113056,0.20082,-0.0720775,m,m
8315,HOUSE,8315,0.971002,1,-64.2805,-231.008,888.907,-0.104887,0.200693,-0.0752079,m,m
8316,HOUSE,8316,0.970349,1,-64.4627,-231.256,889.471,-0.105592,0.195142,-0.0736681,m,m
8317,HOUSE,8317,0.972042,1,-65.0723,-231.163,890.499,-0.0993971,0.197764,-0.0753295,m,m
8318,HOUSE,8318,0.969388,1,-65.5736,-230.954,889.691,-0.0961636,0.198283,-0.076864,m,m
8319,HOUSE,8319,0.967883,1,-66.1142,-230.389,889.018,-0.0886545,0.198768,-0.0810583,m,m
8320,HOUSE,8320,0.963029,1,-66.579,-230.181,888.075,-0.0843179,0.198506,-0.0824412,m,m
8321,HOUSE,8321,0.949872,1,-66.9378,-229.746,887.371,-0.0831734,0.203166,-0.0808281,m,m
8322,HOUSE,8322,0.935762,1,-67.0982,-229.397,886.156,-0.0820697,0.207523,-0.0783817,m,m
8323,HOUSE,8323,0.916874,1,-66.0911,-229.567,882.645,-0.0908137,0.204878,-0.0707102,m,m
8324,HOUSE,8324,0.907716,1,-64.1698,-229.49,877.029,-0.108551,0.193632,-0.0587704,m,m
8325,HOUSE,8325,0.92732,1,-61.4881,-229.287,870.422,-0.118975,0.18479,-0.0484894,m,m
3894,HOUSE,3894,0.972977,1,-162.763,-255.312,1547.6,0.084872,-0.162845,-0.0915728,m,w
3895,HOUSE,3895,0.972185,1,-162.355,-249.137,1518.41,0.0460208,-0.135721,-0.0881299,m,w
3896,HOUSE,3896,0.971765,1,-161.732,-244.506,1500.83,0.0299337,-0.112955,-0.0836681,m,w
3897,HOUSE,3897,0.967641,1,-163.313,-245.877,1507.96,-0.0158282,-0.100797,-0.0841983,m,w
3898,HOUSE,3898,0.962525,1,-167.541,-252.608,1534.08,-0.089886,-0.0984259,-0.0847257,m,w
3899,HOUSE,3899,0.959287,1,-169.993,-255.741,1540.24,-0.118358,-0.0814111,-0.0820778,m,w
3900,HOUSE,3900,0.96122,1,-171.53,-256.823,1534.25,-0.151254,-0.0685591,-0.0843529,m,w
3901,HOUSE,3901,0.955909,1,-172.419,-256.476,1525.67,-0.169639,-0.0628876,-0.0860901,m,w
3902,HOUSE,3902,0.95879,1,-173.76,-256.247,1519.97,-0.170774,-0.0593991,-0.0883662,m,w
3903,HOUSE,3903,0.962065,1,-174.147,-255.841,1513.93,-0.17298,-0.0625164,-0.0876475,m,w
3904,HOUSE,3904,0.966182,1,-173.889,-254.144,1504.09,-0.167664,-0.0663866,-0.0873905,m,w
3905,HOUSE,3905,0.967135,1,-174.382,-254.021,1504.9,-0.154081,-0.0735128,-0.0841543,m,w
3906,HOUSE,3906,0.974383,1,-174.212,-252.713,1507.73,-0.126322,-0.0775045,-0.0828613,m,w
3907,HOUSE,3907,0.975694,1,-172.955,-251.063,1509.89,-0.101743,-0.0867092,-0.0803976,m,w
3908,HOUSE,3908,0.97307,1,-171.011,-249.841,1512.06,-0.0750316,-0.0918633,-0.076615,m,w
3909,HOUSE,3909,0.975593,1,-168.779,-248.726,1510.06,-0.0627972,-0.0930647,-0.0685166,m,w
3910,HOUSE,3910,0.971827,1,-167.726,-248.012,1514.93,-0.0392321,-0.108952,-0.0547944,m,w
3911,HOUSE,3911,0.969066,1,-166.997,-246.414,1514.86,-0.0127975,-0.113341,-0.0412869,m,w
3912,HOUSE,3912,0.972912,1,-167.106,-245.466,1520.3,0.0107773,-0.115407,-0.0240732,m,w
3913,HOUSE,3913,0.972301,1,-166.911,-244.312,1521.02,0.0267282,-0.122514,-0.00895108,m,w
3914,HOUSE,3914,0.975007,1,-166.564,-242.525,1519.47,0.0507816,-0.127388,0.00342961,m,w
3915,HOUSE,3915,0.976145,1,-166.911,-242.141,1523.01,0.054544,-0.130263,0.0149546,m,w
3916,HOUSE,3916,0.982709,1,-167.1,-241.062,1522.62,0.0714681,-0.133355,0.0209764,m,w
3917,HOUSE,3917,0.982953,1,-167.264,-240.921,1524.72,0.0752246,-0.136296,0.0303599,m,w
3918,HOUSE,3918,0.981105,1,-167.407,-240.928,1526.58,0.0786137,-0.138358,0.036233,m,w
3919,HOUSE,3919,0.978518,1,-167.548,-240.936,1528.53,0.0844676,-0.139832,0.0410459,m,w
3920,HOUSE,3920,0.978901,1,-167.383,-240.317,1527.73,0.0956108,-0.140916,0.0475622,m,w
3921,HOUSE,3921,0.979628,1,-167.177,-239.674,1527.22,0.104346,-0.142406,0.0553812,m,w
3922,HOUSE,3922,0.980561,1,-166.803,-238.51,1523.21,0.115647,-0.136686,0.0615597,m,w
3923,HOUSE,3923,0.979365,1,-166.59,-238.358,1524.05,0.111643,-0.140138,0.0666239,m,w
3924,HOUSE,3924,0.981182,1,-166.473,-238.338,1524.55,0.108046,-0.141766,0.0701292,m,w
3925,HOUSE,3925,0.9811,1,-166.295,-238.406,1525.01,0.110859,-0.144144,0.0729764,m,w
3926,HOUSE,3926,0.983427,1,-166.692,-239.226,1530.16,0.11123,-0.146087,0.078583,m,w
3927,HOUSE,3927,0.984981,1,-166.864,-239.942,1533.19,0.107433,-0.147179,0.0854162,m,w
3928,HOUSE,3928,0.98519,1,-168.503,-242.582,1544.2,0.0841053,-0.140572,0.0820056,m,w
3929,HOUSE,3929,0.964832,1,-170.052,-241.648,1514.1,0.0116467,-0.076926,0.0612596,m,w
3930,HOUSE,3930,0.855742,1,-169.961,-238.966,1466.96,0.00452577,-0.0844822,0.0386717,m,w
3931,HOUSE,3931,0.789383,1,-167.369,-240.416,1435.74,-0.0631563,-0.0382234,0.0104723,m,w
3932,HOUSE,3932,0.759113,1,-166.491,-248,1440.79,-0.0969511,-0.0140361,-0.0223189,m,w
3933,HOUSE,3933,0.786222,1,-161.321,-248.53,1411.32,-0.150718,-0.0179268,-0.0221299,m,w
3934,HOUSE,3934,0.948224,1,-156.165,-248.898,1391.94,-0.275194,-0.0456805,-0.016461,m,w
3935,HOUSE,3935,0.948096,1,-151.99,-248.196,1391.9,-0.299897,-0.087426,-0.0172673,m,w
3936,HOUSE,3936,0.908183,1,-151.172,-246.62,1408.82,-0.221923,-0.122697,-0.0234976,m,w
3937,HOUSE,3937,0.898291,1,-151.174,-244.352,1420.88,-0.153588,-0.129075,-0.0194449,m,w
3938,HOUSE,3938,0.956906,1,-152.71,-244.078,1439.23,-0.0986291,-0.141587,-0.0086937,m,w
3939,HOUSE,3939,0.936015,1,-150.582,-238.704,1423.8,-0.086342,-0.161927,0.00189986,m,w
3940,HOUSE,3940,0.940371,1,-148.268,-236.109,1425.18,-0.0101255,-0.181211,-0.00452439,m,w
3941,HOUSE,3941,0.929374,1,-145.95,-231.95,1412.6,0.0342358,-0.171515,-0.0068374,m,w
3942,HOUSE,3942,0.943825,1,-144.867,-228.469,1403.57,0.0731437,-0.148282,0.0059757,m,w
3943,HOUSE,3943,0.891391,1,-145.152,-228.364,1404.01,0.083231,-0.137824,0.021106,m,w
3944,HOUSE,3944,0.841098,1,-143.371,-225.281,1388.49,0.091244,-0.131327,0.0324249,m,w
3945,HOUSE,3945,0.88573,1,-145.993,-228.113,1394.93,0.0770232,-0.0668265,0.0695015,m,w
3946,HOUSE,3946,0.848321,1,-143.893,-224.592,1374.97,0.0518744,-0.0603006,0.0934437,m,w
3947,HOUSE,3947,0.798289,1,-141.543,-220.227,1355.49,0.0597532,-0.0407911,0.0978478,m,w
3948,HOUSE,3948,0.843732,1,-139.202,-219.254,1352.38,0.0457033,-0.046803,0.0833602,m,w
3949,HOUSE,3949,0.884328,1,-139.017,-221.43,1359.94,0.0117291,-0.0842178,0.0702679,m,w
3950,HOUSE,3950,0.792394,1,-135.538,-218.768,1343.06,-0.0128579,-0.152917,0.0583005,m,w
3952,HOUSE,3952,0.798321,1,-148.191,-240.239,1438.83,-0.0375954,0.00268533,0.138117,m,w
3953,HOUSE,3953,0.844072,1,-148.247,-239.22,1435.99,-0.0532085,0.0219829,0.154433,m,w
3954,HOUSE,3954,0.737389,1,-147.564,-236.086,1418.64,-0.0767569,0.0605149,0.176697,m,w
3955,HOUSE,3955,0.835347,1,-147.765,-234.814,1413.58,-0.0714877,0.0654484,0.177744,m,w
3957,HOUSE,3957,0.82037,1,-150.03,-236.137,1421.08,0.0172592,-0.00030275,0.193739,m,w
3958,HOUSE,3958,0.72952,1,-149.17,-236.421,1431.14,0.0722227,-0.0356353,0.158195,m,w
3959,HOUSE,3959,0.740915,1,-145.539,-232.12,1421.46,0.0730279,-0.0525576,0.112557,m,w
3960,HOUSE,3960,0.825407,1,-139.525,-224.162,1387.11,0.0497227,-0.102265,0.0853476,m,w
3961,HOUSE,3961,0.952445,1,-146.631,-234.747,1437.46,0.0128986,-0.0432477,0.101903,m,w
3962,HOUSE,3962,0.967199,1,-144.958,-231.108,1422.31,0.0455896,-0.0341252,0.100377,m,w
3963,HOUSE,3963,0.975278,1,-143.646,-227.145,1405.34,0.0435239,-0.0276722,0.0916764,m,w
3964,HOUSE,3964,0.973165,1,-143.791,-224.773,1396.72,0.043555,-0.0169663,0.08581,m,w
3965,HOUSE,3965,0.971979,1,-144.675,-222.024,1388.47,0.0438581,0.00449035,0.0774636,m,w
3966,HOUSE,3966,0.963827,1,-146.925,-221.218,1389.92,0.0392599,0.0226682,0.0681733,m,w
3967,HOUSE,3967,0.958903,1,-148.99,-219.312,1384.72,0.0472915,0.0518723,0.0598705,m,w
3968,HOUSE,3968,0.958758,1,-151.626,-218.846,1383.95,0.0488648,0.0810155,0.0586429,m,w
3969,HOUSE,3969,0.957261,1,-153.845,-219.193,1386.27,0.0524192,0.102018,0.0572364,m,w
3970,HOUSE,3970,0.951743,1,-154.785,-217.541,1377.82,0.0502421,0.127281,0.0466158,m,w
3971,HOUSE,3971,0.946144,1,-155.905,-216.509,1372.7,0.0463808,0.137499,0.038127,m,w
3972,HOUSE,3972,0.947608,1,-157.294,-215.622,1366.02,0.0316788,0.158768,0.0274002,m,w
3973,HOUSE,3973,0.876291,1,-160.653,-216.64,1364.24,0.00531019,0.193927,0.00267156,m,w
3974,HOUSE,3974,0.95568,1,-168.747,-221.767,1377.27,-0.00208385,0.234119,-0.00957435,m,w
3975,HOUSE,3975,0.837555,1,-173.469,-224.065,1361.45,-0.041289,0.224624,-0.0299841,m,w
3976,HOUSE,3976,0.745338,1,-182.384,-232.66,1390.85,-0.0837331,0.198021,-0.025348,m,w
3977,HOUSE,3977,0.916644,1,-192.497,-241.211,1427.33,-0.0895789,0.259854,-0.0650029,m,w
3978,HOUSE,3978,0.969667,1,-190.898,-250.983,1446.03,-0.141201,0.301545,-0.0710876,m,w
3979,HOUSE,3979,0.969735,1,-187.57,-259.462,1463.8,-0.213498,0.279655,-0.0589245,m,w
3980,HOUSE,3980,0.974751,1,-186.966,-262.684,1476.52,-0.225429,0.244462,-0.0510501,m,w
3981,HOUSE,3981,0.966439,1,-181.909,-257.275,1453.56,-0.21196,0.231603,-0.0334836,m,w
3982,HOUSE,3982,0.924861,1,-173.336,-249.32,1413.12,-0.228289,0.227182,-0.0167833,m,w
5959,HOUSE,5959,0.978616,1,-139.249,-242.944,1488.44,0.00878143,-0.335264,-0.0739487,m,w
5960,HOUSE,5960,0.980965,1,-139.282,-243.215,1492.86,0.017656,-0.337551,-0.0727484,m,w
5961,HOUSE,5961,0.980607,1,-138.886,-242.53,1491.62,0.0247827,-0.333323,-0.068493,m,w
5962,HOUSE,5962,0.979058,1,-138.397,-243.252,1492.59,0.016244,-0.332797,-0.068537,m,w
5963,HOUSE,5963,0.975874,1,-138.147,-244.706,1497.25,0.00786579,-0.328214,-0.0703526,m,w
5964,HOUSE,5964,0.980626,1,-137.381,-245.297,1496.4,-0.00104271,-0.331205,-0.0732603,m,w
5965,HOUSE,5965,0.98242,1,-137.306,-245.496,1496.85,0.00120913,-0.330192,-0.075066,m,w
5966,HOUSE,5966,0.983839,1,-137.008,-244.32,1493.9,0.012219,-0.332238,-0.074291,m,w
5967,HOUSE,5967,0.985565,1,-136.362,-241.935,1487.28,0.025851,-0.332496,-0.0713391,m,w
5968,HOUSE,5968,0.986867,1,-135.598,-238.794,1477.58,0.0427506,-0.336055,-0.065513,m,w
5969,HOUSE,5969,0.986303,1,-135.079,-237.47,1473.96,0.0481374,-0.338637,-0.0606485,m,w
5970,HOUSE,5970,0.985432,1,-134.401,-236.998,1471.53,0.0426219,-0.340969,-0.0629925,m,w
5971,HOUSE,5971,0.985614,1,-133.353,-236.372,1467.71,0.0383886,-0.344481,-0.0650098,m,w
5972,HOUSE,5972,0.986288,1,-132.616,-236.596,1467.36,0.0291962,-0.349083,-0.0701504,m,w
5973,HOUSE,5973,0.986121,1,-132.268,-236.563,1466.77,0.02929,-0.3496,-0.0704408,m,w
5974,HOUSE,5974,0.984103,1,-131.555,-235.686,1463.46,0.0340687,-0.356403,-0.0708949,m,w
5975,HOUSE,5975,0.983899,1,-131.32,-235.117,1463.02,0.0397568,-0.354458,-0.0684984,m,w
5976,HOUSE,5976,0.983712,1,-130.997,-234.669,1463.22,0.042362,-0.35421,-0.0677096,m,w
5977,HOUSE,5977,0.984762,1,-130.137,-233.849,1460.71,0.0429676,-0.355841,-0.0681531,m,w
5978,HOUSE,5978,0.985117,1,-129.35,-233.284,1458.17,0.0446546,-0.357486,-0.0679905,m,w
5979,HOUSE,5979,0.9845,1,-128.925,-233.042,1457.35,0.0480237,-0.358064,-0.0669657,m,w
5980,HOUSE,5980,0.9844,1,-128.546,-233.008,1457.22,0.0477937,-0.358149,-0.0664111,m,w
5981,HOUSE,5981,0.984591,1,-128.101,-232.963,1457.41,0.0455231,-0.358227,-0.0641412,m,w
5982,HOUSE,5982,0.985888,1,-127.726,-232.799,1456.59,0.04381,-0.35877,-0.0630663,m,w
5983,HOUSE,5983,0.987179,1,-127.479,-232.379,1454.57,0.0439948,-0.36024,-0.0624099,m,w
5984,HOUSE,5984,0.986795,1,-127.4,-232.025,1454.3,0.044792,-0.361278,-0.0618513,m,w
5985,HOUSE,5985,0.986205,1,-127.363,-231.707,1454.29,0.0460361,-0.361898,-0.0612653,m,w
5986,HOUSE,5986,0.985923,1,-127.214,-231.334,1452.89,0.048319,-0.361739,-0.0606117,m,w
5987,HOUSE,5987,0.985557,1,-127.123,-231.104,1452.11,0.0499265,-0.361133,-0.0600813,m,w
5988,HOUSE,5988,0.985689,1,-127.132,-231.115,1452.41,0.049806,-0.360567,-0.0600212,m,w
5989,HOUSE,5989,0.985539,1,-127.169,-231.156,1452.91,0.0495731,-0.360076,-0.0600463,m,w
5990,HOUSE,5990,0.985134,1,-127.161,-231.155,1452.97,0.0493719,-0.360111,-0.0597622,m,w
5991,HOUSE,5991,0.98471,1,-127.131,-231.13,1452.78,0.0492653,-0.360427,-0.0592878,m,w
5992,HOUSE,5992,0.984339,1,-127.104,-231.077,1452.62,0.0494778,-0.360669,-0.0589271,m,w
5993,HOUSE,5993,0.984191,1,-127.081,-231.012,1452.46,0.0498778,-0.361106,-0.058669,m,w
5994,HOUSE,5994,0.985801,1,-127.082,-230.888,1451.94,0.0499181,-0.36114,-0.0587362,m,w
5995,HOUSE,5995,0.986594,1,-127.174,-230.941,1452.33,0.0497961,-0.360762,-0.059211,m,w
5996,HOUSE,5996,0.985899,1,-127.253,-230.942,1452.2,0.0491865,-0.360332,-0.0597694,m,w
5997,HOUSE,5997,0.985356,1,-127.225,-230.6,1449.96,0.0489495,-0.359876,-0.0603259,m,w
5998,HOUSE,5998,0.985572,1,-127.279,-230.608,1449.95,0.0488023,-0.360248,-0.0605709,m,w
5999,HOUSE,5999,0.985651,1,-127.322,-230.612,1449.94,0.0486604,-0.361062,-0.0608619,m,w
6000,HOUSE,6000,0.985668,1,-127.34,-230.597,1449.83,0.0485693,-0.361505,-0.0610772,m,w
6001,HOUSE,6001,0.98449,1,-127.404,-230.52,1450.13,0.0413315,-0.360046,-0.0616628,m,w
6002,HOUSE,6002,0.984359,1,-127.482,-230.544,1450.68,0.0407222,-0.36035,-0.0626853,m,w
6003,HOUSE,6003,0.984038,1,-127.237,-230.234,1449.46,0.0393888,-0.363998,-0.0659178,m,w
6004,HOUSE,6004,0.982892,1,-127.14,-230.005,1448.74,0.0462941,-0.366277,-0.066766,m,w
6005,HOUSE,6005,0.982481,1,-127.099,-230.003,1448.56,0.0479304,-0.368106,-0.0676383,m,w
6006,HOUSE,6006,0.981572,1,-127.594,-229.735,1448.41,0.0500606,-0.369051,-0.0692069,m,w
6007,HOUSE,6007,0.982149,1,-128.163,-229.428,1448.01,0.0544017,-0.369347,-0.0693004,m,w
6008,HOUSE,6008,0.982871,1,-128.776,-229.002,1446.95,0.0560693,-0.370152,-0.0720353,m,w
6009,HOUSE,6009,0.983879,1,-129.541,-228.795,1447.56,0.0566608,-0.36936,-0.0746576,m,w
6010,HOUSE,6010,0.984248,1,-130.545,-228.707,1447.83,0.0549478,-0.369712,-0.0774354,m,w
6011,HOUSE,6011,0.984749,1,-131.498,-228.482,1447.29,0.0572913,-0.370425,-0.0807313,m,w
6012,HOUSE,6012,0.985889,1,-132.132,-228.418,1447.4,0.0578712,-0.369848,-0.081013,m,w
6013,HOUSE,6013,0.985679,1,-132.971,-228.358,1447.74,0.0562387,-0.366762,-0.0833713,m,w
6014,HOUSE,6014,0.986677,1,-133.486,-228.323,1447.8,0.0544991,-0.363974,-0.0855969,m,w
6015,HOUSE,6015,0.987202,1,-133.951,-228.277,1447.83,0.0517182,-0.363812,-0.0885865,m,w
6016,HOUSE,6016,0.986678,1,-134.255,-228.307,1448.02,0.050733,-0.363487,-0.0889954,m,w
6017,HOUSE,6017,0.986168,1,-134.541,-228.328,1448.11,0.0495664,-0.363217,-0.0894176,m,w
6018,HOUSE,6018,0.987044,1,-134.48,-228.402,1447.35,0.0464253,-0.363383,-0.0903112,m,w
6019,HOUSE,6019,0.986802,1,-134.238,-228.159,1444.73,0.0482667,-0.364457,-0.090584,m,w
6020,HOUSE,6020,0.987838,1,-134.277,-228.541,1445.9,0.0474142,-0.364969,-0.0889785,m,w
6021,HOUSE,6021,0.98741,1,-134.242,-228.64,1446.13,0.0472832,-0.365677,-0.0887092,m,w
6022,HOUSE,6022,0.987826,1,-134.242,-228.761,1446.47,0.0471563,-0.366105,-0.0884889,m,w
6023,HOUSE,6023,0.98758,1,-134.188,-228.745,1446.21,0.0476705,-0.366202,-0.08815,m,w
6024,HOUSE,6024,0.988366,1,-134.206,-228.658,1446.27,0.0511156,-0.366552,-0.0865665,m,w
6025,HOUSE,6025,0.9878,1,-134.391,-228.551,1446.67,0.0576544,-0.367979,-0.0812063,m,w
6026,HOUSE,6026,0.987511,1,-134.764,-228.559,1446.91,0.058248,-0.36784,-0.0808529,m,w
6027,HOUSE,6027,0.98778,1,-135.375,-228.598,1447.37,0.0588714,-0.366967,-0.0804595,m,w
6028,HOUSE,6028,0.987352,1,-135.945,-228.533,1447.12,0.0589261,-0.366316,-0.0806022,m,w
6029,HOUSE,6029,0.98687,1,-136.566,-228.533,1447.3,0.0581625,-0.365566,-0.0812695,m,w
6030,HOUSE,6030,0.986909,1,-137.342,-228.553,1447.94,0.0561021,-0.365754,-0.0843759,m,w
6031,HOUSE,6031,0.986101,1,-138.303,-228.771,1449.67,0.0556944,-0.361955,-0.0856015,m,w
6032,HOUSE,6032,0.98583,1,-138.951,-228.786,1449.85,0.0557562,-0.362112,-0.085961,m,w
6033,HOUSE,6033,0.985865,1,-139.673,-228.883,1450.51,0.0554631,-0.362149,-0.0863425,m,w
6034,HOUSE,6034,0.986283,1,-140.475,-228.763,1450.1,0.0530116,-0.36099,-0.0883295,m,w
6035,HOUSE,6035,0.987021,1,-141.464,-229.11,1451.89,0.0497248,-0.357528,-0.0903523,m,w
6036,HOUSE,6036,0.987222,1,-141.878,-228.628,1449.09,0.0512017,-0.35857,-0.0914217,m,w
6037,HOUSE,6037,0.987135,1,-142.51,-228.537,1448.99,0.0518985,-0.358039,-0.0915442,m,w
6038,HOUSE,6038,0.987375,1,-143.21,-228.526,1449.61,0.0527472,-0.356667,-0.0954285,m,w
6039,HOUSE,6039,0.987073,1,-143.7,-228.374,1449.13,0.0539272,-0.357224,-0.100037,m,w
6040,HOUSE,6040,0.985916,1,-143.99,-228.275,1448.76,0.0540412,-0.355308,-0.0999273,m,w
6041,HOUSE,6041,0.985616,1,-144.383,-228.319,1449.26,0.0541834,-0.354179,-0.10011,m,w
6042,HOUSE,6042,0.986408,1,-144.542,-228.434,1450.29,0.0548022,-0.353757,-0.0997426,m,w
6043,HOUSE,6043,0.985836,1,-144.753,-228.602,1452.16,0.0539019,-0.352716,-0.0987967,m,w
6044,HOUSE,6044,0.984775,1,-144.552,-228.059,1449.9,0.0554544,-0.353397,-0.0972136,m,w
6045,HOUSE,6045,0.983756,1,-144.361,-227.525,1447.57,0.0568993,-0.35366,-0.0954047,m,w
6046,HOUSE,6046,0.983387,1,-144.252,-227.18,1446.87,0.0589292,-0.351518,-0.0935631,m,w
15890,HOUSE,15890,0.94444,1,149.915,-155.268,1480.78,-0.0157967,0.294254,0.259619,w,w
15891,HOUSE,15891,0.940751,1,159.923,-160.202,1520.64,-0.0125012,0.217401,0.225389,w,w
15892,HOUSE,15892,0.946444,1,163.457,-159.366,1519.24,0.0215183,0.154778,0.173823,w,w
15893,HOUSE,15893,0.960864,1,159.417,-153.505,1477.85,0.0700614,0.0589333,0.112121,w,w
15894,HOUSE,15894,0.95369,1,154.542,-153.883,1476.6,0.0609925,0.0696337,0.0834641,w,w
15895,HOUSE,15895,0.962248,1,149.88,-155.836,1486.43,0.0422314,0.127089,0.06798,w,w
15896,HOUSE,15896,0.952156,1,143.482,-155.029,1482.15,0.0183557,0.20699,0.0666152,w,w
15897,HOUSE,15897,0.927695,1,135.409,-151.944,1459.3,0.0340845,0.287736,0.0743499,w,w
15898,HOUSE,15898,0.93059,1,126.94,-146.417,1424.71,0.0340501,0.353287,0.0906525,w,w
15899,HOUSE,15899,0.952357,1,125.921,-144.52,1424.23,0.0414995,0.35741,0.103533,w,w
15900,HOUSE,15900,0.971995,1,130.156,-142.931,1421.5,0.0527464,0.315675,0.105028,w,w
15901,HOUSE,15901,0.932683,1,135.787,-143.354,1426.68,0.0543249,0.156844,0.106423,w,w
15902,HOUSE,15902,0.747471,1,139.865,-142.562,1415.78,0.061245,0.043734,0.109751,w,w
15903,HOUSE,15903,0.792115,1,134.306,-137.744,1363.68,0.0702764,0.0936363,0.0686896,w,w
15904,HOUSE,15904,0.847908,1,168.633,-143.562,1467.1,0.039458,-0.255834,-0.0188459,w,w
15905,HOUSE,15905,0.859049,1,169.58,-141.75,1457.88,0.065516,-0.313664,-0.0257694,w,w
15906,HOUSE,15906,0.860594,1,169.1,-141.801,1454.79,0.0575118,-0.332487,-0.0353584,w,w
15907,HOUSE,15907,0.87475,1,167.302,-143.13,1457.79,0.0381547,-0.323541,-0.0442914,w,w
15908,HOUSE,15908,0.903675,1,162.782,-143.528,1454.89,0.0244645,-0.29625,-0.0479667,w,w
15909,HOUSE,15909,0.905776,1,157.222,-143.238,1450.38,0.0214393,-0.267523,-0.0485884,w,w
15910,HOUSE,15910,0.915618,1,152.812,-141.098,1434.96,0.044281,-0.262741,-0.0466991,w,w
15911,HOUSE,15911,0.90803,1,151.783,-137.956,1421.8,0.0731994,-0.287663,-0.0515739,w,w
15912,HOUSE,15912,0.911446,1,153.918,-136.114,1419.36,0.0866889,-0.323467,-0.0556719,w,w
15913,HOUSE,15913,0.904195,1,157.309,-135.85,1427.39,0.0854207,-0.354572,-0.0671232,w,w
15914,HOUSE,15914,0.906455,1,158.853,-136.398,1436.95,0.0713735,-0.359638,-0.0773282,w,w
15915,HOUSE,15915,0.912679,1,157.481,-136.979,1442.87,0.0648108,-0.348467,-0.0811872,w,w
15916,HOUSE,15916,0.930603,1,155.359,-138.786,1457.74,0.0564131,-0.318916,-0.0843307,w,w
15917,HOUSE,15917,0.926382,1,152.066,-138.333,1455.25,0.052813,-0.299403,-0.0937786,w,w
15918,HOUSE,15918,0.941815,1,150.544,-137.854,1446.26,0.0487038,-0.314536,-0.102361,w,w
15919,HOUSE,15919,0.938677,1,150.724,-137.495,1435.46,0.0451269,-0.331873,-0.108165,w,w
15920,HOUSE,15920,0.940502,1,152.298,-136.796,1432.66,0.0561172,-0.362334,-0.111361,w,w
15921,HOUSE,15921,0.937699,1,153.528,-137.193,1437.64,0.0561363,-0.364196,-0.116809,w,w
15922,HOUSE,15922,0.951924,1,152.806,-138.062,1442.41,0.0597384,-0.358649,-0.116792,w,w
15923,HOUSE,15923,0.955726,1,151.048,-138.546,1447.71,0.0578576,-0.337532,-0.116337,w,w
15924,HOUSE,15924,0.953685,1,149.095,-138.038,1442.44,0.0513064,-0.325995,-0.115904,w,w
15925,HOUSE,15925,0.955417,1,148.222,-137.14,1432.06,0.0480808,-0.336657,-0.115396,w,w
15926,HOUSE,15926,0.954626,1,148.464,-136.492,1425.21,0.0467247,-0.352931,-0.11126,w,w
15927,HOUSE,15927,0.951508,1,148.747,-136.42,1423.78,0.0482429,-0.359312,-0.108826,w,w
15928,HOUSE,15928,0.949198,1,148.296,-136.092,1419.59,0.0495647,-0.359611,-0.109884,w,w
15929,HOUSE,15929,0.950812,1,147.885,-135.938,1417.29,0.051323,-0.363922,-0.111435,w,w
15930,HOUSE,15930,0.951152,1,147.641,-135.818,1416.93,0.0541114,-0.369828,-0.109519,w,w
15931,HOUSE,15931,0.955736,1,147.619,-135.953,1418.14,0.0523463,-0.372004,-0.1096,w,w
15932,HOUSE,15932,0.956617,1,147.878,-136.564,1422.17,0.0481267,-0.377237,-0.11054,w,w
15933,HOUSE,15933,0.953789,1,148.207,-137.122,1426.77,0.0466637,-0.379995,-0.111244,w,w
15934,HOUSE,15934,0.944179,1,147.578,-140.731,1439.53,0.008536,-0.36629,-0.139466,w,w
15935,HOUSE,15935,0.90683,1,144.544,-150.733,1477.71,-0.0669846,-0.301729,-0.173692,w,w
15936,HOUSE,15936,0.95366,1,119.029,-166.618,1470.37,-0.156999,-0.0453873,-0.181429,w,w
15937,HOUSE,15937,0.963861,1,96.7799,-185.877,1492.92,-0.0959192,0.201324,-0.171201,w,w
15938,HOUSE,15938,0.949644,1,72.0034,-190.197,1443.72,-0.15701,0.352907,-0.118819,w,w
15939,HOUSE,15939,0.902603,1,65.8055,-191.085,1417.43,-0.246479,0.424806,-0.0751939,w,w
15940,HOUSE,15940,0.920699,1,62.0418,-190.995,1395.68,-0.296927,0.496265,-0.0132057,w,w
15941,HOUSE,15941,0.89537,1,66.2892,-194.954,1407.52,-0.419914,0.474456,0.0402377,w,w
15954,HOUSE,15954,0.869058,1,96.464,-150.726,1333.7,-0.00173933,0.384761,0.123672,w,w
15955,HOUSE,15955,0.905996,1,94.182,-149.538,1349.63,-0.013354,0.42366,0.155541,w,w
15956,HOUSE,15956,0.930619,1,91.4489,-150.834,1360.63,-0.0473282,0.424056,0.172545,w,w
15957,HOUSE,15957,0.935985,1,88.2355,-153.175,1364.11,-0.0753411,0.421959,0.182419,w,w
15958,HOUSE,15958,0.94138,1,86.1496,-153.673,1368.59,-0.0647486,0.424495,0.176456,w,w
15959,HOUSE,15959,0.94458,1,83.7904,-151.307,1367.32,-0.035306,0.432342,0.15974,w,w
15960,HOUSE,15960,0.93702,1,81.2196,-150.917,1370.37,-0.0292088,0.435992,0.152824,w,w
15961,HOUSE,15961,0.923447,1,77.7123,-152.516,1365.9,-0.0565649,0.444054,0.164314,w,w
15962,HOUSE,15962,0.91605,1,74.5833,-154.936,1362.12,-0.0895296,0.447411,0.183088,w,w
15963,HOUSE,15963,0.913164,1,72.1404,-156.672,1361.06,-0.104433,0.451896,0.198639,w,w
15964,HOUSE,15964,0.913552,1,69.8712,-157.913,1360.2,-0.110715,0.452959,0.204612,w,w
15965,HOUSE,15965,0.901277,1,68.5619,-158.686,1360.91,-0.11747,0.458949,0.212212,w,w
15966,HOUSE,15966,0.913164,1,68.1483,-159.522,1363.76,-0.124512,0.461133,0.217756,w,w
15967,HOUSE,15967,0.910252,1,68.258,-160.958,1367.42,-0.133354,0.458162,0.221133,w,w
15968,HOUSE,15968,0.917538,1,68.1954,-161.181,1366.6,-0.13802,0.457809,0.221295,w,w
15969,HOUSE,15969,0.916484,1,68.1302,-161.325,1366.02,-0.142185,0.457025,0.22184,w,w
15970,HOUSE,15970,0.904129,1,68.131,-161.947,1367.71,-0.147984,0.45657,0.224569,w,w
15971,HOUSE,15971,0.917822,1,68.1644,-162.023,1368.22,-0.146867,0.456641,0.224341,w,w
15972,HOUSE,15972,0.89943,1,67.8055,-160.319,1359.8,-0.142184,0.462891,0.227017,w,w
15973,HOUSE,15973,0.875451,1,67.639,-158.401,1349.9,-0.13546,0.466176,0.22422,w,w
15974,HOUSE,15974,0.822705,1,67.5259,-156.983,1343.11,-0.126588,0.467598,0.218624,w,w
15975,HOUSE,15975,0.830104,1,67.9009,-156.893,1343.69,-0.123821,0.464139,0.213062,w,w
15976,HOUSE,15976,0.850048,1,67.8992,-157.699,1345.71,-0.129381,0.462981,0.210983,w,w
15977,HOUSE,15977,0.871276,1,67.7517,-158.467,1347.24,-0.13443,0.463405,0.211892,w,w
15978,HOUSE,15978,0.884922,1,67.5475,-158.733,1348.18,-0.132147,0.463582,0.210685,w,w
15979,HOUSE,15979,0.891547,1,67.2553,-158.841,1348.65,-0.131966,0.463836,0.210543,w,w
15980,HOUSE,15980,0.896449,1,66.9678,-158.67,1350.41,-0.128359,0.463722,0.210991,w,w
15981,HOUSE,15981,0.910188,1,66.669,-158.313,1353.05,-0.123923,0.463485,0.210875,w,w
15982,HOUSE,15982,0.901506,1,66.4524,-159.346,1358.56,-0.136847,0.463739,0.216527,w,w
15983,HOUSE,15983,0.844513,1,66.8633,-160.718,1366.41,-0.145551,0.458146,0.221352,w,w
15984,HOUSE,15984,0.831614,1,67.4725,-161.153,1372.96,-0.143409,0.458669,0.222748,w,w
15985,HOUSE,15985,0.852965,1,68.9734,-161.312,1381.54,-0.127546,0.456533,0.217174,w,w
15986,HOUSE,15986,0.873392,1,70.7324,-160.102,1387.23,-0.0985231,0.457426,0.203788,w,w
15987,HOUSE,15987,0.893918,1,73.2572,-157.977,1394.17,-0.0574326,0.447517,0.179417,w,w
15988,HOUSE,15988,0.899667,1,76.1915,-156.174,1402.91,-0.0338487,0.438348,0.159888,w,w
15989,HOUSE,15989,0.893952,1,79.076,-154.698,1404.1,-0.0133452,0.424329,0.147744,w,w
15990,HOUSE,15990,0.907649,1,81.2306,-152.648,1399.02,0.00340037,0.417878,0.139177,w,w
15991,HOUSE,15991,0.909702,1,83.2843,-150.655,1399,0.0178744,0.411035,0.131481,w,w
15992,HOUSE,15992,0.91363,1,85.3552,-147.998,1395.75,0.0483739,0.402283,0.118466,w,w
15993,HOUSE,15993,0.908002,1,87.0093,-145.848,1390.42,0.0642698,0.3941,0.114593,w,w
15994,HOUSE,15994,0.909279,1,88.8156,-144.509,1387.16,0.085188,0.379931,0.110988,w,w
15995,HOUSE,15995,0.912702,1,89.6585,-142.495,1379.37,0.101779,0.373523,0.112715,w,w
15996,HOUSE,15996,0.905563,1,91.025,-141.757,1385,0.1199,0.362021,0.115493,w,w
15997,HOUSE,15997,0.904634,1,91.9565,-140.108,1384.01,0.142604,0.349889,0.121676,w,w
15998,HOUSE,15998,0.899788,1,92.2051,-138.426,1375.8,0.158553,0.340207,0.126496,w,w
15999,HOUSE,15999,0.889505,1,93.2436,-138.441,1376.96,0.161877,0.325343,0.128643,w,w
16000,HOUSE,16000,0.892521,1,93.5751,-138.133,1373.38,0.164815,0.319845,0.131734,w,w
16001,HOUSE,16001,0.886564,1,93.8362,-138.162,1371.73,0.159612,0.316846,0.134735,w,w
16002,HOUSE,16002,0.889454,1,93.8239,-138.174,1371.45,0.159906,0.316134,0.134647,w,w
16003,HOUSE,16003,0.892759,1,93.6636,-138.097,1369.59,0.160472,0.31344,0.133967,w,w
16004,HOUSE,16004,0.891315,1,94.2493,-139.776,1382.7,0.156453,0.314746,0.130909,w,w
16005,HOUSE,16005,0.882671,1,94.644,-140.712,1389.83,0.157038,0.314087,0.128544,w,w
16006,HOUSE,16006,0.902455,1,94.8435,-141.189,1390.16,0.151993,0.310924,0.128264,w,w
16007,HOUSE,16007,0.912707,1,95.2014,-141.993,1388.23,0.14852,0.305301,0.130202,w,w
16008,HOUSE,16008,0.907691,1,94.7439,-141.935,1381.14,0.151121,0.30384,0.129163,w,w
16009,HOUSE,16009,0.916726,1,94.6228,-142.096,1379.44,0.153117,0.306501,0.124842,w,w
16010,HOUSE,16010,0.929679,1,95.3416,-142.981,1383.3,0.141924,0.309426,0.125459,w,w
16011,HOUSE,16011,0.934834,1,95.93,-144.116,1390.87,0.133965,0.313877,0.122949,w,w
16012,HOUSE,16012,0.936313,1,93.3945,-142.583,1376.09,0.127152,0.333118,0.12194,w,w
16013,HOUSE,16013,0.92123,1,88.7577,-138.776,1344.43,0.162822,0.370168,0.100026,w,w
16014,HOUSE,16014,0.924006,1,87.0053,-137.43,1337.52,0.161049,0.378189,0.0802092,w,w
16015,HOUSE,16015,0.931129,1,87.0822,-139.306,1352.75,0.134854,0.388756,0.0931031,w,w
16016,HOUSE,16016,0.956734,1,88.0121,-142.377,1364.91,0.0899524,0.37973,0.114841,w,w
16017,HOUSE,16017,0.960098,1,88.8529,-145.602,1371.02,0.0571778,0.357325,0.141127,w,w
16018,HOUSE,16018,0.961991,1,88.5788,-147.457,1366.69,0.0324725,0.317614,0.16996,w,w
16019,HOUSE,16019,0.959813,1,87.2658,-147.634,1363.01,0.0344835,0.287786,0.185161,w,w
16020,HOUSE,16020,0.958249,1,85.1445,-147.26,1361.18,0.041541,0.267831,0.187969,w,w
16021,HOUSE,16021,0.960435,1,82.0541,-146.888,1360.73,0.033638,0.287475,0.181546,w,w
16022,HOUSE,16022,0.95823,1,78.9225,-147.107,1367.99,0.0371703,0.294553,0.178205,w,w
16023,HOUSE,16023,0.959412,1,75.7821,-147.079,1368.46,0.0272026,0.296389,0.175107,w,w
16024,HOUSE,16024,0.959998,1,73.3103,-147.872,1371.76,0.0222858,0.288878,0.171088,w,w
16025,HOUSE,16025,0.937921,1,71.2803,-147.514,1372.99,0.014308,0.280303,0.162057,w,w
16026,HOUSE,16026,0.94117,1,68.8243,-148.75,1382.28,0.017271,0.296434,0.161204,w,w
16027,HOUSE,16027,0.946839,1,65.9197,-149.458,1383.69,0.0109674,0.32041,0.158348,w,w
16028,HOUSE,16028,0.951505,1,63.5256,-147.201,1374.27,0.0247127,0.323862,0.148797,w,w
16029,HOUSE,16029,0.95177,1,63.8401,-147.589,1386.48,0.0769608,0.320435,0.127695,w,w
16030,HOUSE,16030,0.944108,1,62.9954,-144.429,1368.9,0.102956,0.350626,0.109494,w,w
16031,HOUSE,16031,0.957831,1,60.9422,-141.469,1351.09,0.0917256,0.346124,0.110943,w,w
16032,HOUSE,16032,0.963409,1,59.5187,-140.228,1340.6,0.0914385,0.335777,0.107765,w,w
16033,HOUSE,16033,0.958132,1,57.6193,-140.555,1337.28,0.0818785,0.314038,0.108845,w,w
16034,HOUSE,16034,0.962933,1,54.9459,-139.233,1328.95,0.0786839,0.311281,0.109796,w,w
16035,HOUSE,16035,0.961142,1,52.8627,-138.761,1329.83,0.0833545,0.314038,0.10695,w,w
16036,HOUSE,16036,0.961354,1,50.8425,-139.801,1338.51,0.0872999,0.313914,0.105861,w,w
16037,HOUSE,16037,0.961691,1,47.8317,-140.589,1344,0.0967985,0.309816,0.10738,w,w
16038,HOUSE,16038,0.964348,1,44.6311,-142.13,1353.81,0.101774,0.324195,0.109403,w,w
16039,HOUSE,16039,0.969379,1,41.5931,-143.009,1357.81,0.103885,0.33188,0.109361,w,w
16040,HOUSE,16040,0.97026,1,38.9773,-143.731,1363.61,0.10202,0.34154,0.112045,w,w
16041,HOUSE,16041,0.969863,1,36.629,-146.123,1372.32,0.0778314,0.351677,0.118461,w,w
16042,HOUSE,16042,0.97254,1,34.3346,-150.771,1390.38,0.0427812,0.363566,0.125156,w,w
16043,HOUSE,16043,0.975403,1,31.7929,-153.231,1397.93,0.023411,0.377374,0.121327,w,w
16044,HOUSE,16044,0.968067,1,29.3022,-152.697,1389.61,0.0374628,0.395021,0.098799,w,w
16045,HOUSE,16045,0.970668,1,29.2888,-152.579,1395.26,0.0615101,0.398402,0.072137,w,w
16046,HOUSE,16046,0.966141,1,31.79,-152.555,1412.63,0.0821471,0.394572,0.0367421,w,w
16047,HOUSE,16047,0.950881,1,36.8977,-154.15,1444.47,0.0889883,0.387257,0.00319129,w,w
16048,HOUSE,16048,0.954431,1,42.3789,-155.65,1471.3,0.0717004,0.381129,-0.0158383,w,w
16049,HOUSE,16049,0.940681,1,47.9558,-158.175,1497.55,0.0467943,0.362235,-0.0323745,w,w
16050,HOUSE,16050,0.932773,1,53.2016,-161.398,1516.59,0.00935396,0.346774,-0.0446409,w,w
16051,HOUSE,16051,0.929976,1,57.7677,-165.066,1527.73,-0.0368374,0.331797,-0.0534972,w,w
16052,HOUSE,16052,0.931277,1,62.3424,-168.265,1538.31,-0.0593195,0.320192,-0.0688247,w,w
16053,HOUSE,16053,0.919271,1,67.0887,-170.038,1553.46,-0.0458538,0.306859,-0.0952098,w,w
16054,HOUSE,16054,0.917692,1,71.7692,-171.653,1573.07,-0.0107183,0.310794,-0.12555,w,w
16055,HOUSE,16055,0.922296,1,74.7749,-171.879,1576.28,-0.0081839,0.311972,-0.14927,w,w
16056,HOUSE,16056,0.931168,1,75.9143,-170.981,1560.67,-0.0305388,0.322372,-0.16776,w,w
16057,HOUSE,16057,0.933513,1,76.2362,-168.563,1530.62,-0.0571197,0.331897,-0.18029,w,w
16058,HOUSE,16058,0.933158,1,77.2743,-166.349,1509.53,-0.0651327,0.337208,-0.198213,w,w
16059,HOUSE,16059,0.937863,1,78.1033,-164.166,1494.24,-0.0578295,0.343513,-0.218779,w,w
16060,HOUSE,16060,0.947425,1,77.0916,-162.36,1469.23,-0.0543138,0.354004,-0.235627,w,w
16061,HOUSE,16061,0.952733,1,73.5492,-159.462,1431.84,-0.0446002,0.391019,-0.2419,w,w
16062,HOUSE,16062,0.954411,1,70.598,-157.397,1413.88,-0.0268902,0.416187,-0.233457,w,w
16063,HOUSE,16063,0.951712,1,70.4098,-157.238,1413.23,-0.020222,0.422194,-0.228152,w,w
16064,HOUSE,16064,0.954253,1,73.166,-158.651,1422.69,-0.011195,0.409586,-0.229287,w,w
16065,HOUSE,16065,0.951287,1,75.7366,-159.753,1429.75,-0.00911112,0.397251,-0.228901,w,w
16066,HOUSE,16066,0.953214,1,76.1067,-159.551,1428.51,-0.0100041,0.394384,-0.222278,w,w
16067,HOUSE,16067,0.944572,1,73.3361,-157.367,1414.14,-0.0128497,0.401451,-0.213575,w,w
16068,HOUSE,16068,0.940885,1,70.7663,-155.28,1407.27,-0.00305268,0.412181,-0.202488,w,w
16069,HOUSE,16069,0.940545,1,71.685,-154.846,1420.08,0.0225423,0.409352,-0.198229,w,w
16070,HOUSE,16070,0.94502,1,74.8348,-155.847,1437.95,0.0425463,0.395853,-0.203963,w,w
16071,HOUSE,16071,0.937533,1,78.1221,-157.013,1451.03,0.0473473,0.385983,-0.206701,w,w
16072,HOUSE,16072,0.937922,1,78.9971,-157.46,1449.92,0.0394393,0.389205,-0.211213,w,w
16073,HOUSE,16073,0.945153,1,76.6431,-157.112,1430.37,0.013116,0.410512,-0.20331,w,w
16074,HOUSE,16074,0.941286,1,75.144,-156.54,1418.85,0.00805221,0.421468,-0.196457,w,w
16075,HOUSE,16075,0.942559,1,76.4245,-156.619,1419.22,0.0135889,0.416035,-0.197871,w,w
16076,HOUSE,16076,0.944552,1,79.9425,-156.919,1426.27,0.0353953,0.392936,-0.203145,w,w
16077,HOUSE,16077,0.951897,1,83.3193,-156.562,1430.14,0.0530109,0.37172,-0.208623,w,w
16078,HOUSE,16078,0.957012,1,83.9898,-155.85,1424.54,0.0583273,0.374511,-0.209518,w,w
16079,HOUSE,16079,0.956941,1,81.8809,-154.469,1414.06,0.0584999,0.385326,-0.206136,w,w
16080,HOUSE,16080,0.953938,1,80.7364,-153.905,1410.18,0.0624665,0.397205,-0.20222,w,w
16081,HOUSE,16081,0.960717,1,81.1511,-154.106,1410.85,0.0767691,0.395006,-0.211774,w,w
16082,HOUSE,16082,0.960156,1,80.4556,-153.115,1400.55,0.0924483,0.39523,-0.223342,w,w
