time_stamp,word,frame,confidence,success,Tx,Ty,Tz,Rx,Ry,Rz,speaker_gender,listener_gender
4943,HOW,4943,0.974164,1,-29.2141,-231.099,1187.09,0.0250046,-0.444688,-0.205459,w,m
4944,HOW,4944,0.975168,1,-29.3936,-231.132,1187.2,0.0241009,-0.442628,-0.206941,w,m
4945,HOW,4945,0.976656,1,-29.691,-231.238,1187.69,0.0238464,-0.441731,-0.207128,w,m
4946,HOW,4946,0.976123,1,-29.9483,-231.68,1189.6,0.0219828,-0.439119,-0.208041,w,m
4947,HOW,4947,0.975911,1,-30.0016,-231.575,1188.94,0.0223898,-0.438763,-0.207763,w,m
4948,HOW,4948,0.976808,1,-30.038,-231.525,1188.63,0.0224051,-0.438774,-0.207798,w,m
4949,HOW,4949,0.977117,1,-30.0675,-231.493,1188.5,0.022335,-0.438925,-0.207933,w,m
4950,HOW,4950,0.977279,1,-30.0535,-231.401,1188.12,0.0226589,-0.439437,-0.208074,w,m
4951,HOW,4951,0.977213,1,-30.016,-231.29,1187.66,0.0230538,-0.440247,-0.208184,w,m
4952,HOW,4952,0.976393,1,-29.9525,-230.998,1187.43,0.0258237,-0.440854,-0.208286,w,m
4953,HOW,4953,0.975392,1,-29.9023,-230.71,1187.22,0.0282981,-0.441261,-0.208202,w,m
4954,HOW,4954,0.975096,1,-29.9063,-230.567,1186.81,0.0296275,-0.441565,-0.207844,w,m
4955,HOW,4955,0.975104,1,-29.8906,-230.055,1185.49,0.0322447,-0.442326,-0.207572,w,m
4956,HOW,4956,0.974656,1,-29.9302,-230.088,1185.82,0.032453,-0.441786,-0.20763,w,m
4957,HOW,4957,0.974075,1,-29.9666,-230.135,1186.24,0.0326336,-0.441296,-0.207942,w,m
4958,HOW,4958,0.976803,1,-30.0862,-230.149,1186.87,0.0324519,-0.442879,-0.20938,w,m
4959,HOW,4959,0.978013,1,-30.3426,-230.081,1187.37,0.0323884,-0.442675,-0.2111,w,m
4960,HOW,4960,0.978422,1,-30.331,-229.945,1186.86,0.0327194,-0.44299,-0.211032,w,m
4961,HOW,4961,0.977703,1,-30.3293,-229.896,1186.71,0.0326993,-0.443183,-0.210987,w,m
4962,HOW,4962,0.977198,1,-30.3264,-229.886,1186.65,0.0322108,-0.443544,-0.211004,w,m
4963,HOW,4963,0.977102,1,-30.3242,-229.895,1186.63,0.0313782,-0.443822,-0.211125,w,m
4964,HOW,4964,0.976993,1,-30.3251,-229.893,1186.56,0.0307538,-0.444024,-0.211182,w,m
4965,HOW,4965,0.977092,1,-30.3285,-229.888,1186.46,0.030231,-0.444239,-0.211179,w,m
4966,HOW,4966,0.97657,1,-30.329,-229.869,1186.3,0.0299293,-0.444539,-0.211212,w,m
4967,HOW,4967,0.976605,1,-30.3287,-229.851,1186.18,0.0297267,-0.444689,-0.211212,w,m
4968,HOW,4968,0.977275,1,-30.3315,-229.813,1186.03,0.029881,-0.444728,-0.211135,w,m
4969,HOW,4969,0.977893,1,-30.3402,-229.765,1185.88,0.030345,-0.444717,-0.211005,w,m
4970,HOW,4970,0.978217,1,-30.231,-228.944,1183.87,0.0360201,-0.446776,-0.21112,w,m
4971,HOW,4971,0.973049,1,-30.4871,-228.692,1188.36,0.0341646,-0.445584,-0.213278,w,m
4972,HOW,4972,0.968029,1,-30.4509,-226.227,1183.27,0.0471181,-0.447495,-0.20839,w,m
4973,HOW,4973,0.967904,1,-30.7257,-224.353,1187.04,0.069868,-0.44494,-0.195771,w,m
4974,HOW,4974,0.972261,1,-30.3845,-222.852,1193.05,0.0895707,-0.439296,-0.184928,w,m
4975,HOW,4975,0.975978,1,-29.605,-221.938,1201.77,0.0967746,-0.434911,-0.174006,w,m
4976,HOW,4976,0.97256,1,-28.6597,-220.989,1207.5,0.0988717,-0.435526,-0.170899,w,m
4977,HOW,4977,0.972083,1,-27.7774,-221.292,1213.09,0.0886149,-0.435976,-0.17255,w,m
4978,HOW,4978,0.971991,1,-26.9568,-220.667,1211.76,0.0873682,-0.432442,-0.170544,w,m
4979,HOW,4979,0.968024,1,-26.6566,-220.055,1214.12,0.0943283,-0.429146,-0.167149,w,m
4980,HOW,4980,0.962059,1,-26.4084,-218.234,1212.03,0.109527,-0.420821,-0.159493,w,m
4981,HOW,4981,0.961212,1,-26.1345,-215.469,1205.36,0.12252,-0.42183,-0.151187,w,m
4982,HOW,4982,0.966914,1,-26.1755,-212.162,1195.25,0.140323,-0.420243,-0.144022,w,m
4983,HOW,4983,0.96387,1,-26.4092,-210.583,1191.72,0.142327,-0.415846,-0.142705,w,m
4984,HOW,4984,0.971256,1,-26.7934,-208.417,1186.69,0.157178,-0.407224,-0.135298,w,m
4985,HOW,4985,0.966628,1,-27.3064,-207.214,1185.85,0.168277,-0.401447,-0.131068,w,m
4986,HOW,4986,0.968153,1,-27.6972,-205.323,1180.96,0.181964,-0.39649,-0.122334,w,m
4987,HOW,4987,0.97056,1,-27.7563,-203.185,1175.68,0.200535,-0.392628,-0.113683,w,m
4988,HOW,4988,0.965703,1,-28.2331,-200.734,1173.14,0.225626,-0.380967,-0.103075,w,m
4989,HOW,4989,0.946591,1,-29.2639,-200.892,1186.83,0.231536,-0.367159,-0.10603,w,m
4990,HOW,4990,0.941521,1,-30.3036,-199.884,1191.54,0.248323,-0.356862,-0.107601,w,m
4991,HOW,4991,0.938128,1,-31.6265,-198.839,1195.94,0.261531,-0.335598,-0.109834,w,m
4992,HOW,4992,0.928928,1,-33.0569,-197.525,1199.53,0.283142,-0.309756,-0.113606,w,m
4993,HOW,4993,0.921592,1,-34.607,-195.9,1202.67,0.292004,-0.283851,-0.114057,w,m
4994,HOW,4994,0.921756,1,-36.5151,-195.066,1211.24,0.297084,-0.249636,-0.117324,w,m
4995,HOW,4995,0.914378,1,-38.3911,-194.087,1216.39,0.28892,-0.220279,-0.122771,w,m
4996,HOW,4996,0.919443,1,-40.0436,-191.17,1212.31,0.28988,-0.192607,-0.1338,w,m
4997,HOW,4997,0.920418,1,-41.7234,-189.457,1213.71,0.28338,-0.173062,-0.144882,w,m
4998,HOW,4998,0.898118,1,-43.7807,-187.289,1211.08,0.282991,-0.146539,-0.157843,w,m
4999,HOW,4999,0.86988,1,-45.8284,-184.552,1203.44,0.257622,-0.130843,-0.144793,w,m
5000,HOW,5000,0.885067,1,-47.6037,-182.632,1197.62,0.21285,-0.119612,-0.141755,w,m
5001,HOW,5001,0.87639,1,-49.2608,-181.485,1197.25,0.189345,-0.100111,-0.143503,w,m
5002,HOW,5002,0.894093,1,-50.8899,-180.349,1198.31,0.190903,-0.0804031,-0.149585,w,m
5003,HOW,5003,0.888402,1,-52.612,-179.175,1198.58,0.202242,-0.062544,-0.157106,w,m
5004,HOW,5004,0.890865,1,-54.635,-178.426,1197.79,0.196297,-0.0356852,-0.168715,w,m
5005,HOW,5005,0.886531,1,-56.6783,-178.149,1195.31,0.189374,-0.00880627,-0.176025,w,m
5006,HOW,5006,0.883206,1,-58.9858,-178.22,1193.09,0.172171,0.0176346,-0.18339,w,m
5007,HOW,5007,0.882282,1,-60.8304,-177.386,1190.11,0.171776,0.0336655,-0.196,w,m
5008,HOW,5008,0.889731,1,-62.9023,-176.416,1193.9,0.196897,0.0405938,-0.210437,w,m
5009,HOW,5009,0.909591,1,-64.409,-174.934,1194.35,0.231489,0.0456255,-0.22229,w,m
5010,HOW,5010,0.901459,1,-65.5901,-174.458,1192.03,0.241081,0.0561565,-0.227935,w,m
5011,HOW,5011,0.886458,1,-66.574,-174.978,1187.2,0.228933,0.0709952,-0.231881,w,m
5012,HOW,5012,0.898082,1,-67.3981,-176.158,1184.56,0.206568,0.0822901,-0.235198,w,m
5013,HOW,5013,0.888905,1,-68.1523,-176.569,1182.84,0.200121,0.090719,-0.237875,w,m
5014,HOW,5014,0.902915,1,-68.866,-176.805,1185.25,0.203452,0.0916685,-0.240835,w,m
5015,HOW,5015,0.908907,1,-69.2686,-176.089,1184.98,0.218549,0.0910761,-0.242014,w,m
5016,HOW,5016,0.919205,1,-69.673,-175.733,1186.27,0.22936,0.0871834,-0.244054,w,m
5017,HOW,5017,0.915653,1,-69.6361,-175.582,1186.87,0.235184,0.0853011,-0.244621,w,m
5018,HOW,5018,0.914713,1,-69.1772,-175.78,1185.77,0.232742,0.0831482,-0.242592,w,m
5019,HOW,5019,0.91467,1,-68.1523,-175.828,1182.46,0.227605,0.080049,-0.240811,w,m
5020,HOW,5020,0.938557,1,-66.8487,-175.481,1181.41,0.223493,0.0737186,-0.236971,w,m
5021,HOW,5021,0.941513,1,-65.1223,-174.027,1179.76,0.234959,0.0639319,-0.23049,w,m
5022,HOW,5022,0.945471,1,-63.2899,-172.672,1183.81,0.254274,0.0529387,-0.224237,w,m
5023,HOW,5023,0.945926,1,-61.6172,-171.075,1185.59,0.277419,0.0428459,-0.220737,w,m
5024,HOW,5024,0.934851,1,-60.069,-169.091,1184.46,0.304509,0.0338114,-0.21908,w,m
5025,HOW,5025,0.933605,1,-59.0612,-167.642,1186.89,0.323033,0.0286973,-0.221005,w,m
5026,HOW,5026,0.937219,1,-58.2297,-165.796,1187.43,0.34768,0.01845,-0.221849,w,m
5027,HOW,5027,0.938798,1,-57.8708,-163.879,1187.05,0.368604,0.0119223,-0.225436,w,m
5028,HOW,5028,0.935831,1,-57.9278,-162.743,1188.75,0.381601,0.00421104,-0.236409,w,m
5029,HOW,5029,0.938358,1,-58.0579,-161.661,1185.79,0.380872,0.00243397,-0.242485,w,m
5030,HOW,5030,0.943514,1,-58.3503,-160.649,1179.73,0.37364,0.00616546,-0.248632,w,m
5031,HOW,5031,0.933304,1,-58.4038,-160.486,1173.56,0.353312,0.00452914,-0.253692,w,m
5032,HOW,5032,0.935773,1,-58.3075,-160.337,1163.58,0.338579,0.00406418,-0.251731,w,m
5033,HOW,5033,0.939365,1,-58.6474,-161.141,1157.97,0.314577,0.00510763,-0.250323,w,m
5034,HOW,5034,0.928556,1,-59.7192,-163.55,1163.22,0.276851,0.010586,-0.241538,w,m
5035,HOW,5035,0.904656,1,-60.5726,-164.274,1166.81,0.273514,0.00901077,-0.238637,w,m
5036,HOW,5036,0.906196,1,-61.202,-165.467,1176.49,0.286207,-0.0056218,-0.239539,w,m
5037,HOW,5037,0.901681,1,-61.8424,-165.932,1179.99,0.293523,-0.0106027,-0.240579,w,m
5038,HOW,5038,0.902447,1,-61.9239,-165.82,1177.37,0.29312,-0.0161839,-0.239141,w,m
5039,HOW,5039,0.902445,1,-61.9519,-165.305,1172.67,0.28687,-0.0202831,-0.236457,w,m
5040,HOW,5040,0.900413,1,-61.9493,-165.248,1170.48,0.286871,-0.0250018,-0.234726,w,m
5041,HOW,5041,0.883002,1,-62.1675,-166.555,1174.75,0.269235,-0.0240551,-0.231959,w,m
5042,HOW,5042,0.892502,1,-62.3317,-167.312,1176.12,0.263709,-0.0233439,-0.233704,w,m
5043,HOW,5043,0.862862,1,-61.6669,-165.762,1166.87,0.263118,-0.0262563,-0.229396,w,m
5044,HOW,5044,0.873016,1,-61.4327,-168.512,1180.35,0.253665,-0.0566306,-0.22989,w,m
5045,HOW,5045,0.858617,1,-60.9641,-171.183,1194.65,0.244143,-0.0705455,-0.22585,w,m
5046,HOW,5046,0.791466,1,-58.4922,-170.684,1189.5,0.245605,-0.0784727,-0.220873,w,m
5047,HOW,5047,0.843894,1,-56.7107,-171.841,1190.5,0.23787,-0.0957669,-0.212873,w,m
5048,HOW,5048,0.888803,1,-55.7564,-174.577,1202.38,0.234781,-0.111367,-0.199407,w,m
5049,HOW,5049,0.867029,1,-54.1283,-174.45,1200.24,0.251668,-0.136579,-0.188332,w,m
5050,HOW,5050,0.856515,1,-51.8413,-172.741,1189.15,0.246099,-0.146439,-0.185036,w,m
5051,HOW,5051,0.879769,1,-49.7572,-173.528,1190.15,0.247656,-0.177988,-0.17399,w,m
5052,HOW,5052,0.915355,1,-46.723,-174.895,1187.81,0.258538,-0.230114,-0.170758,w,m
5053,HOW,5053,0.921496,1,-42.8601,-174.841,1175.11,0.262514,-0.273441,-0.153406,w,m
5054,HOW,5054,0.941484,1,-38.9761,-176.253,1165.38,0.257464,-0.300701,-0.143478,w,m
5055,HOW,5055,0.952251,1,-35.2568,-180.228,1172.79,0.260092,-0.321149,-0.135175,w,m
5056,HOW,5056,0.9515,1,-31.8218,-181.396,1171.21,0.279557,-0.34893,-0.115249,w,m
5057,HOW,5057,0.95471,1,-29.7752,-180.864,1167.24,0.294258,-0.369055,-0.0936717,w,m
5058,HOW,5058,0.957249,1,-28.7268,-180.977,1167.06,0.30195,-0.371787,-0.0809374,w,m
5059,HOW,5059,0.958284,1,-27.2629,-180.932,1162.96,0.300223,-0.375013,-0.0720809,w,m
5060,HOW,5060,0.952163,1,-26.3289,-180.751,1161.28,0.309801,-0.372672,-0.064196,w,m
5061,HOW,5061,0.94487,1,-27.3261,-182.636,1186.35,0.310306,-0.353224,-0.0632482,w,m
5062,HOW,5062,0.933941,1,-29.3414,-183.205,1200.8,0.316402,-0.323107,-0.0760979,w,m
5063,HOW,5063,0.917787,1,-32.6628,-183.078,1207.07,0.315657,-0.28499,-0.103614,w,m
5064,HOW,5064,0.912603,1,-36.6094,-182.525,1209.69,0.303155,-0.235107,-0.14137,w,m
5065,HOW,5065,0.900898,1,-39.8581,-179.506,1200.18,0.316152,-0.190897,-0.178995,w,m
5066,HOW,5066,0.925684,1,-43.068,-177.485,1201.82,0.321369,-0.159422,-0.214492,w,m
5067,HOW,5067,0.921476,1,-47.1064,-174.22,1198.39,0.32745,-0.107496,-0.221419,w,m
5068,HOW,5068,0.928701,1,-51.3182,-173.062,1200.16,0.311676,-0.0454805,-0.233313,w,m
3447,HOW,3447,0.893353,1,-93.0272,-226.587,1276.85,0.179475,0.668868,-0.177779,m,w
3448,HOW,3448,0.894722,1,-93.0678,-226.768,1278.76,0.17779,0.671444,-0.177308,m,w
3449,HOW,3449,0.894267,1,-93.1209,-226.916,1280.08,0.176065,0.670928,-0.176763,m,w
3450,HOW,3450,0.893713,1,-92.9512,-227.046,1279.34,0.171799,0.672444,-0.173254,m,w
3451,HOW,3451,0.891446,1,-92.813,-227.251,1278.84,0.168491,0.672855,-0.169738,m,w
3452,HOW,3452,0.891928,1,-92.4281,-227.45,1278.04,0.166377,0.671765,-0.166833,m,w
3453,HOW,3453,0.884098,1,-92.0942,-227.651,1277.32,0.162129,0.671044,-0.162792,m,w
3454,HOW,3454,0.888163,1,-91.8511,-227.685,1275.4,0.160112,0.673503,-0.15846,m,w
3455,HOW,3455,0.892487,1,-91.6796,-227.92,1274.52,0.157896,0.676095,-0.153219,m,w
3456,HOW,3456,0.893311,1,-91.7002,-228.278,1274.77,0.157082,0.676165,-0.152237,m,w
3457,HOW,3457,0.892552,1,-91.7459,-228.821,1276,0.155162,0.676829,-0.15044,m,w
3458,HOW,3458,0.894588,1,-91.6914,-229.19,1276.34,0.152169,0.677286,-0.147016,m,w
3459,HOW,3459,0.896711,1,-91.7136,-229.567,1276.68,0.151528,0.677392,-0.145882,m,w
3460,HOW,3460,0.896253,1,-91.9691,-229.895,1277.58,0.147955,0.678832,-0.139912,m,w
3461,HOW,3461,0.891807,1,-92.1852,-230.01,1278.22,0.144292,0.680036,-0.135051,m,w
3462,HOW,3462,0.895184,1,-92.3739,-230.314,1278.48,0.141494,0.681654,-0.131242,m,w
3463,HOW,3463,0.89559,1,-92.4679,-230.76,1279.24,0.140291,0.681538,-0.130167,m,w
3464,HOW,3464,0.892561,1,-92.4338,-231.578,1280.56,0.129671,0.682902,-0.122139,m,w
3465,HOW,3465,0.894845,1,-92.1609,-231.86,1279.05,0.125334,0.684942,-0.117453,m,w
3466,HOW,3466,0.891468,1,-92.3957,-233.991,1285.44,0.115155,0.680093,-0.11202,m,w
3467,HOW,3467,0.894502,1,-92.5706,-235.205,1288.55,0.107163,0.678434,-0.106804,m,w
3468,HOW,3468,0.892896,1,-91.9951,-235.68,1287.51,0.103869,0.679685,-0.106366,m,w
3469,HOW,3469,0.897265,1,-91.9508,-236.412,1290.63,0.101154,0.680055,-0.10278,m,w
3470,HOW,3470,0.892925,1,-91.7117,-236.182,1290.42,0.107712,0.679297,-0.107267,m,w
3471,HOW,3471,0.892794,1,-91.5726,-235.981,1291.17,0.115853,0.678105,-0.112091,m,w
3472,HOW,3472,0.895485,1,-91.8907,-236.034,1294.61,0.122642,0.676142,-0.118933,m,w
3473,HOW,3473,0.895411,1,-92.0013,-234.983,1293.96,0.134274,0.674782,-0.127498,m,w
3474,HOW,3474,0.897375,1,-92.4179,-234.57,1297.01,0.144145,0.678009,-0.133559,m,w
3475,HOW,3475,0.894887,1,-92.6326,-233.008,1295.03,0.153097,0.677152,-0.140135,m,w
3476,HOW,3476,0.889208,1,-93.4045,-232.576,1296.18,0.15685,0.678991,-0.140682,m,w
3477,HOW,3477,0.89167,1,-93.9423,-232.124,1296,0.156254,0.678832,-0.139626,m,w
3478,HOW,3478,0.886644,1,-94.3265,-231.612,1292.59,0.147861,0.677968,-0.132511,m,w
3479,HOW,3479,0.883841,1,-94.1309,-231.039,1285.96,0.136313,0.679068,-0.123316,m,w
3480,HOW,3480,0.889134,1,-94.2838,-231.453,1282.89,0.12324,0.681586,-0.114861,m,w
3481,HOW,3481,0.896066,1,-94.3033,-232.738,1284.62,0.114851,0.678807,-0.103152,m,w
3482,HOW,3482,0.892767,1,-94.0588,-232.773,1282.68,0.111935,0.678436,-0.0973877,m,w
3483,HOW,3483,0.892092,1,-93.8422,-232.867,1282.68,0.108898,0.676802,-0.0950722,m,w
3484,HOW,3484,0.893566,1,-93.5099,-232.692,1284.32,0.115189,0.675798,-0.0989501,m,w
3485,HOW,3485,0.890008,1,-93.224,-232.55,1286.85,0.12269,0.674654,-0.104578,m,w
3486,HOW,3486,0.899479,1,-92.9343,-231.696,1287.19,0.133862,0.671882,-0.116107,m,w
3487,HOW,3487,0.896896,1,-92.5464,-230.085,1285.16,0.143151,0.671991,-0.126298,m,w
3488,HOW,3488,0.892698,1,-92.2456,-228.817,1284.88,0.158186,0.671051,-0.139653,m,w
3489,HOW,3489,0.89541,1,-92.1235,-226.994,1281.36,0.168494,0.670896,-0.14986,m,w
3490,HOW,3490,0.898557,1,-92.6338,-226.329,1282.99,0.181198,0.668996,-0.162317,m,w
3491,HOW,3491,0.899256,1,-93.1666,-225.745,1283.26,0.184225,0.667608,-0.166571,m,w
3492,HOW,3492,0.899366,1,-93.7254,-226.047,1282.98,0.177885,0.667307,-0.165391,m,w
3493,HOW,3493,0.899483,1,-94.1956,-226.674,1283.66,0.171029,0.669234,-0.160804,m,w
3494,HOW,3494,0.897606,1,-94.3608,-227.146,1281.41,0.162237,0.672041,-0.151346,m,w
3495,HOW,3495,0.894008,1,-94.6271,-228.384,1281.91,0.150965,0.671023,-0.143321,m,w
3496,HOW,3496,0.890596,1,-94.6973,-230.147,1284.87,0.134509,0.672703,-0.128549,m,w
3497,HOW,3497,0.888671,1,-94.1502,-230.909,1283.35,0.128732,0.672457,-0.122247,m,w
3498,HOW,3498,0.890291,1,-93.5497,-231.587,1283.67,0.125103,0.673738,-0.118749,m,w
3499,HOW,3499,0.893259,1,-93.024,-232.499,1285.81,0.118426,0.673829,-0.112055,m,w
3500,HOW,3500,0.894631,1,-92.4164,-232.813,1287.19,0.120308,0.671783,-0.113601,m,w
3501,HOW,3501,0.889386,1,-91.8215,-232.867,1287.45,0.12128,0.671667,-0.114289,m,w
3502,HOW,3502,0.899133,1,-91.064,-233.44,1288.97,0.119532,0.670736,-0.109529,m,w
3503,HOW,3503,0.892526,1,-90.3169,-234.065,1288.88,0.113429,0.671136,-0.104122,m,w
3504,HOW,3504,0.897721,1,-89.1949,-235.334,1290.1,0.101299,0.672431,-0.0918615,m,w
3505,HOW,3505,0.899022,1,-88.1974,-235.899,1287.79,0.0950508,0.673222,-0.0816771,m,w
3506,HOW,3506,0.904955,1,-87.0187,-236.064,1283.76,0.0813488,0.675906,-0.0704903,m,w
3507,HOW,3507,0.902551,1,-86.089,-237.2,1287.39,0.0796598,0.674976,-0.0664307,m,w
3508,HOW,3508,0.899062,1,-85.2222,-238.192,1292.39,0.0758449,0.674146,-0.0633416,m,w
3509,HOW,3509,0.896502,1,-84.7145,-239.844,1300.09,0.0786409,0.670115,-0.0672683,m,w
3510,HOW,3510,0.89981,1,-84.6295,-240.59,1299.21,0.0622671,0.66612,-0.0601437,m,w
3511,HOW,3511,0.895225,1,-84.7215,-242.062,1299.05,0.0429811,0.663616,-0.0496416,m,w
3512,HOW,3512,0.893082,1,-84.666,-244.13,1303.13,0.0360127,0.659274,-0.0406081,m,w
3513,HOW,3513,0.89224,1,-83.919,-244.266,1299.84,0.0371696,0.663726,-0.0349819,m,w
3514,HOW,3514,0.897583,1,-83.534,-243.778,1298.57,0.0517367,0.665004,-0.0417237,m,w
3515,HOW,3515,0.899352,1,-83.3192,-243.312,1298.68,0.0642633,0.665517,-0.048122,m,w
3516,HOW,3516,0.902803,1,-83.3602,-243.278,1298.4,0.0654846,0.665926,-0.0484093,m,w
3517,HOW,3517,0.905668,1,-83.4493,-243.445,1298.82,0.0663116,0.666188,-0.0484714,m,w
3518,HOW,3518,0.90674,1,-83.7289,-244.088,1299.86,0.0613743,0.666865,-0.0439644,m,w
3519,HOW,3519,0.905434,1,-83.9938,-245.014,1302.48,0.0575958,0.664704,-0.0416478,m,w
3520,HOW,3520,0.905123,1,-83.9781,-244.96,1301.91,0.0574388,0.665144,-0.0418049,m,w
3521,HOW,3521,0.903642,1,-83.9868,-244.96,1301.8,0.0580448,0.665436,-0.0419826,m,w
3522,HOW,3522,0.903086,1,-83.9495,-244.977,1301.76,0.0584212,0.665923,-0.042559,m,w
3523,HOW,3523,0.900392,1,-83.9093,-244.951,1301.54,0.0592014,0.666693,-0.0434561,m,w
3524,HOW,3524,0.902727,1,-83.8555,-245.128,1303.49,0.0682843,0.668515,-0.0506463,m,w
3525,HOW,3525,0.904826,1,-83.9775,-245.549,1307.19,0.0750504,0.66838,-0.0578859,m,w
3526,HOW,3526,0.906328,1,-83.9669,-245.542,1309.38,0.0871525,0.670903,-0.0672324,m,w
3527,HOW,3527,0.900433,1,-83.9802,-244.766,1309.06,0.0890016,0.669803,-0.0732933,m,w
3528,HOW,3528,0.897743,1,-84.165,-243.797,1307.05,0.0970429,0.668994,-0.0818534,m,w
3529,HOW,3529,0.893182,1,-84.3692,-242.712,1304.49,0.10445,0.669604,-0.0887144,m,w
2213,HOW,2213,0.961818,1,-80.3325,-224.581,1221.61,-0.0230085,0.52409,-0.0226552,w,w
2214,HOW,2214,0.960714,1,-80.3044,-224.658,1222.07,-0.0229131,0.524407,-0.02217,w,w
2215,HOW,2215,0.958483,1,-80.1904,-224.963,1223.84,-0.0227026,0.524321,-0.021756,w,w
2216,HOW,2216,0.959044,1,-80.1367,-224.84,1223.22,-0.022317,0.524201,-0.0216798,w,w
2217,HOW,2217,0.959849,1,-80.0921,-224.723,1222.59,-0.0217294,0.524255,-0.0217152,w,w
2218,HOW,2218,0.96113,1,-80.0982,-224.856,1221.87,-0.0202317,0.524199,-0.0222905,w,w
2219,HOW,2219,0.961633,1,-80.0573,-224.822,1220.24,-0.021461,0.524875,-0.0226169,w,w
2220,HOW,2220,0.961243,1,-80.068,-224.803,1219.86,-0.0215463,0.524995,-0.0230599,w,w
2221,HOW,2221,0.960557,1,-80.07,-224.811,1219.61,-0.0218804,0.525099,-0.0235529,w,w
2222,HOW,2222,0.961623,1,-80.0561,-224.842,1219.75,-0.0212795,0.525138,-0.023711,w,w
2223,HOW,2223,0.962208,1,-80.0244,-224.881,1220.06,-0.0205147,0.524921,-0.0237011,w,w
2224,HOW,2224,0.961474,1,-79.9683,-224.951,1220.52,-0.0204929,0.524335,-0.0233281,w,w
2225,HOW,2225,0.959645,1,-79.7666,-225.074,1221.35,-0.0219186,0.521697,-0.0213312,w,w
2226,HOW,2226,0.960415,1,-79.6995,-225.111,1221.66,-0.0225858,0.521127,-0.0204526,w,w
2227,HOW,2227,0.960369,1,-79.4932,-225.178,1222.23,-0.0245836,0.518719,-0.0182334,w,w
2228,HOW,2228,0.959873,1,-79.3199,-225.118,1222.4,-0.026179,0.519169,-0.014908,w,w
2229,HOW,2229,0.957186,1,-79.0675,-225.147,1223.01,-0.0248586,0.518627,-0.0143569,w,w
2230,HOW,2230,0.957399,1,-79.0111,-225.161,1223.22,-0.0241252,0.518886,-0.0145619,w,w
2231,HOW,2231,0.957982,1,-78.8993,-225.314,1224.15,-0.0225709,0.51933,-0.0158709,w,w
2232,HOW,2232,0.958457,1,-78.8068,-225.303,1223.94,-0.0229108,0.518745,-0.0160667,w,w
2233,HOW,2233,0.961042,1,-78.5655,-225.17,1222.75,-0.0227351,0.517117,-0.0176656,w,w
2234,HOW,2234,0.96188,1,-78.4598,-225.263,1221.81,-0.0248716,0.517144,-0.0178263,w,w
2235,HOW,2235,0.963782,1,-78.3973,-225.42,1221.14,-0.0246699,0.516763,-0.0180152,w,w
2236,HOW,2236,0.963549,1,-78.3473,-225.344,1220.6,-0.0240469,0.516435,-0.0183197,w,w
2237,HOW,2237,0.963011,1,-78.3252,-225.312,1220.34,-0.0233578,0.516291,-0.0187381,w,w
2238,HOW,2238,0.962375,1,-78.3092,-225.31,1220.25,-0.0229391,0.516349,-0.0192287,w,w
2239,HOW,2239,0.961306,1,-78.3002,-225.315,1220.23,-0.0224213,0.516251,-0.0198626,w,w
2240,HOW,2240,0.960996,1,-78.3049,-225.351,1220.23,-0.0225344,0.516044,-0.0205106,w,w
2241,HOW,2241,0.960519,1,-78.3172,-225.391,1220.14,-0.0231813,0.515738,-0.0212918,w,w
2242,HOW,2242,0.960696,1,-78.2974,-225.361,1219.83,-0.0234032,0.515119,-0.0217472,w,w
2243,HOW,2243,0.960985,1,-78.2565,-225.309,1219.42,-0.0236558,0.514457,-0.021997,w,w
2244,HOW,2244,0.963052,1,-78.2292,-225.327,1219.24,-0.0243841,0.513802,-0.0221301,w,w
2245,HOW,2245,0.964562,1,-78.2143,-225.386,1219.23,-0.0255166,0.513292,-0.0221219,w,w
2246,HOW,2246,0.965797,1,-78.125,-225.318,1218.67,-0.0261627,0.51326,-0.0219202,w,w
2247,HOW,2247,0.965736,1,-77.7963,-225.127,1217.4,-0.02677,0.512366,-0.0219502,w,w
2248,HOW,2248,0.96496,1,-77.7181,-224.993,1216.55,-0.0270129,0.512684,-0.0220919,w,w
2249,HOW,2249,0.965071,1,-77.6749,-224.955,1216.25,-0.0272588,0.512821,-0.0221911,w,w
2250,HOW,2250,0.965603,1,-77.6868,-225.094,1216.47,-0.0295281,0.512613,-0.0222051,w,w
2251,HOW,2251,0.965782,1,-77.7317,-225.385,1216.98,-0.0322437,0.512811,-0.0230252,w,w
2252,HOW,2252,0.96617,1,-77.7704,-225.461,1217.37,-0.0324332,0.513077,-0.0233022,w,w
2253,HOW,2253,0.966324,1,-77.7958,-225.519,1217.66,-0.0326765,0.513065,-0.0234648,w,w
2254,HOW,2254,0.96721,1,-77.8323,-225.581,1217.99,-0.0331576,0.512674,-0.0233787,w,w
2255,HOW,2255,0.96752,1,-77.8797,-225.663,1218.42,-0.0338643,0.512077,-0.0230239,w,w
2256,HOW,2256,0.96665,1,-77.9131,-225.735,1218.77,-0.0344833,0.51125,-0.0224985,w,w
2257,HOW,2257,0.966554,1,-77.9471,-225.83,1219.22,-0.0351089,0.510243,-0.02194,w,w
2258,HOW,2258,0.964771,1,-77.9794,-225.882,1219.5,-0.0358252,0.509861,-0.0212281,w,w
2259,HOW,2259,0.963361,1,-78.0034,-225.891,1219.59,-0.0366501,0.509856,-0.0204563,w,w
2260,HOW,2260,0.963391,1,-78.0353,-225.891,1219.69,-0.0373394,0.510074,-0.0196392,w,w
2261,HOW,2261,0.963971,1,-78.0789,-225.894,1219.82,-0.0376769,0.510392,-0.018929,w,w
2262,HOW,2262,0.964276,1,-78.1183,-225.921,1220.04,-0.0383073,0.510593,-0.0182575,w,w
2263,HOW,2263,0.9641,1,-78.1528,-225.94,1220.22,-0.0391462,0.510613,-0.0177411,w,w
2264,HOW,2264,0.963714,1,-78.1734,-225.864,1220.02,-0.0391697,0.511279,-0.0172097,w,w
2418,HOW,2418,0.96549,1,-75.0942,-215.955,1194.81,0.0261917,0.496464,-0.0337518,w,w
2419,HOW,2419,0.963687,1,-74.9627,-215.962,1194.51,0.024051,0.494309,-0.0321756,w,w
2420,HOW,2420,0.961173,1,-74.9649,-216.042,1195.06,0.0239858,0.493629,-0.0320207,w,w
2421,HOW,2421,0.960113,1,-74.9917,-216.135,1195.85,0.024403,0.493076,-0.0322153,w,w
2422,HOW,2422,0.961447,1,-75.237,-216.452,1197.77,0.0249351,0.49311,-0.0329768,w,w
2423,HOW,2423,0.962125,1,-75.5946,-216.555,1198.45,0.0246368,0.493398,-0.0332584,w,w
2424,HOW,2424,0.96116,1,-75.7072,-216.773,1199.53,0.0240488,0.493462,-0.0332659,w,w
2425,HOW,2425,0.960551,1,-75.9893,-217.546,1203.18,0.0235581,0.492577,-0.0331241,w,w
2426,HOW,2426,0.960786,1,-76.0327,-217.633,1203.55,0.0235574,0.492443,-0.0331139,w,w
2427,HOW,2427,0.961994,1,-76.077,-217.681,1203.68,0.0236539,0.492378,-0.033319,w,w
2428,HOW,2428,0.962238,1,-76.1569,-217.709,1203.92,0.0246644,0.492318,-0.0342104,w,w
2429,HOW,2429,0.963348,1,-76.3725,-217.8,1204.57,0.028786,0.492062,-0.0377998,w,w
2430,HOW,2430,0.960413,1,-76.1597,-216.774,1201.72,0.0377074,0.498656,-0.0438211,w,w
2431,HOW,2431,0.937534,1,-74.53,-211.755,1182.53,0.062345,0.513012,-0.0598435,w,w
2432,HOW,2432,0.935851,1,-72.8154,-207,1161.22,0.0884469,0.528714,-0.074746,w,w
2433,HOW,2433,0.924202,1,-72.1766,-203.925,1148.09,0.108961,0.541116,-0.0865216,w,w
2434,HOW,2434,0.917207,1,-72.1583,-202.52,1142.31,0.129761,0.545754,-0.100176,w,w
2435,HOW,2435,0.744645,1,-72.4495,-201.076,1138.65,0.142143,0.552581,-0.109315,w,w
2436,HOW,2436,0.775145,1,-72.7291,-198.693,1126.65,0.135956,0.603538,-0.119372,w,w
2437,HOW,2437,0.785105,1,-72.6915,-195.962,1120.38,0.132244,0.600361,-0.119829,w,w
2438,HOW,2438,0.78629,1,-73.283,-194.852,1123.79,0.151214,0.589044,-0.127724,w,w
2439,HOW,2439,0.791688,1,-73.9159,-194.536,1128.14,0.170072,0.609382,-0.141643,w,w
2440,HOW,2440,0.822626,1,-75.3742,-195.395,1141.32,0.195174,0.621152,-0.159568,w,w
2441,HOW,2441,0.827683,1,-76.2554,-194.138,1142.64,0.204314,0.622632,-0.169869,w,w
2442,HOW,2442,0.827993,1,-76.7924,-193.531,1146.31,0.223504,0.625545,-0.185719,w,w
2443,HOW,2443,0.827029,1,-77.2523,-192.829,1146.27,0.227504,0.631663,-0.192082,w,w
2444,HOW,2444,0.824023,1,-77.2635,-192.486,1141.93,0.216618,0.638439,-0.187407,w,w
2445,HOW,2445,0.835332,1,-77.3643,-193.291,1141.6,0.199857,0.638514,-0.180132,w,w
2446,HOW,2446,0.859029,1,-77.4718,-194.659,1139.6,0.18371,0.640254,-0.171227,w,w
2447,HOW,2447,0.867611,1,-77.9495,-197.927,1147.32,0.171512,0.634865,-0.157784,w,w
2448,HOW,2448,0.878965,1,-78.568,-201.165,1151.92,0.139908,0.597219,-0.132976,w,w
2449,HOW,2449,0.883183,1,-79.1515,-204.408,1158.23,0.102896,0.56351,-0.108428,w,w
2450,HOW,2450,0.857799,1,-78.913,-206.717,1159.21,0.0712722,0.563866,-0.0863712,w,w
2451,HOW,2451,0.861546,1,-78.3788,-209.463,1162.6,0.0545873,0.560856,-0.0720378,w,w
2452,HOW,2452,0.855186,1,-77.3097,-210.544,1159.56,0.0368472,0.55965,-0.0595178,w,w
2453,HOW,2453,0.861069,1,-76.3664,-211.397,1156.65,0.0253565,0.557387,-0.0515295,w,w
2454,HOW,2454,0.871798,1,-76.0097,-212.326,1156.21,0.0130349,0.557839,-0.0450365,w,w
2455,HOW,2455,0.881015,1,-75.4441,-213.274,1157.78,0.00505648,0.55417,-0.0384034,w,w
2456,HOW,2456,0.87602,1,-75.4472,-214.772,1164.31,-0.000119122,0.548244,-0.0346064,w,w
2457,HOW,2457,0.956989,1,-75.6699,-215.965,1170.22,-0.00519914,0.545079,-0.0320554,w,w
2458,HOW,2458,0.960132,1,-75.5937,-218.188,1187.53,0.0228407,0.50564,-0.0497681,w,w
2459,HOW,2459,0.960097,1,-75.6435,-218.257,1191.59,0.0242697,0.497151,-0.0506018,w,w
2460,HOW,2460,0.963313,1,-76.0253,-218.092,1194.49,0.032698,0.493827,-0.0543031,w,w
2461,HOW,2461,0.960541,1,-76.567,-218.023,1197.65,0.0384724,0.492132,-0.056177,w,w
2462,HOW,2462,0.961733,1,-77.0838,-217.872,1197.37,0.0367972,0.489492,-0.0543566,w,w
2463,HOW,2463,0.961681,1,-77.4599,-217.715,1196.79,0.0364141,0.487108,-0.0540459,w,w
2464,HOW,2464,0.96166,1,-78.1984,-218.227,1198.95,0.0315259,0.487718,-0.0523345,w,w
2465,HOW,2465,0.960026,1,-78.8253,-218.557,1199.82,0.0251056,0.490366,-0.0516836,w,w
2466,HOW,2466,0.961162,1,-79.2556,-219.209,1201.52,0.0241465,0.490112,-0.0515011,w,w
2467,HOW,2467,0.961541,1,-79.705,-220.06,1203.99,0.0260124,0.489413,-0.0522761,w,w
2468,HOW,2468,0.960465,1,-79.8058,-220.412,1204.5,0.0255215,0.489124,-0.0528638,w,w
49576,HOW,49576,0.906334,1,-88.8685,-231.391,1465.12,-0.0383628,-0.663926,-0.238581,w,w
49577,HOW,49577,0.884577,1,-84.578,-233.469,1446.05,-0.0780302,-0.662421,-0.248513,w,w
49578,HOW,49578,0.776565,1,-79.1867,-235.447,1416.81,-0.128037,-0.679548,-0.274241,w,w
49579,HOW,49579,0.770921,1,-73.5747,-235.352,1379.23,-0.158872,-0.698578,-0.307071,w,w
49580,HOW,49580,0.794106,1,-70.6561,-238.012,1365.47,-0.157773,-0.720174,-0.333451,w,w
49581,HOW,49581,0.751522,1,-71,-248.385,1399.71,-0.129742,-0.735442,-0.345047,w,w
49584,HOW,49584,0.734024,1,-60.8791,-267.014,1466.37,-0.216499,-0.67837,-0.487603,w,w
49586,HOW,49586,0.840428,1,-52.4856,-269.166,1497.84,-0.21525,-0.716671,-0.502205,w,w
49587,HOW,49587,0.799648,1,-50.2032,-271.843,1517.72,-0.179091,-0.729602,-0.44519,w,w
49588,HOW,49588,0.832251,1,-46.9549,-270.553,1509.72,-0.150102,-0.761453,-0.419186,w,w
49589,HOW,49589,0.83916,1,-44.976,-266.849,1490.87,-0.108591,-0.774435,-0.385107,w,w
49590,HOW,49590,0.855313,1,-43.6851,-265.311,1492.09,-0.0727414,-0.791112,-0.34889,w,w
49591,HOW,49591,0.849205,1,-41.8195,-264.579,1503.78,-0.0516799,-0.801051,-0.317254,w,w
49592,HOW,49592,0.851803,1,-39.1026,-261.941,1504.08,-0.0323698,-0.814574,-0.282616,w,w
49593,HOW,49593,0.81311,1,-37.0827,-256.117,1478.51,-0.0637043,-0.870273,-0.305301,w,w
49594,HOW,49594,0.827209,1,-34.9149,-251.732,1454.03,-0.0891866,-0.886693,-0.324901,w,w
49595,HOW,49595,0.834405,1,-33.3656,-249.99,1443.19,-0.0863121,-0.882121,-0.315931,w,w
49596,HOW,49596,0.871783,1,-33.3238,-249.177,1443.81,-0.0657575,-0.888042,-0.290861,w,w
49597,HOW,49597,0.877667,1,-35.3685,-248.619,1451.25,-0.0511997,-0.887449,-0.268835,w,w
49598,HOW,49598,0.916345,1,-38.9901,-244.148,1441.53,-0.0290876,-0.88638,-0.239112,w,w
49599,HOW,49599,0.928724,1,-42.4695,-238.151,1430.81,0.00542314,-0.86682,-0.211465,w,w
49600,HOW,49600,0.935138,1,-45.1857,-236.354,1427.11,0.0222379,-0.827029,-0.194703,w,w
49601,HOW,49601,0.926703,1,-47.083,-242.726,1447.03,-0.0155845,-0.796486,-0.21948,w,w
49602,HOW,49602,0.872982,1,-48.4221,-250.73,1475.23,-0.0674675,-0.78486,-0.260302,w,w
49603,HOW,49603,0.932127,1,-48.4939,-252.474,1475.66,-0.11124,-0.769498,-0.297722,w,w
49604,HOW,49604,0.939275,1,-49.2737,-253.464,1482.83,-0.104641,-0.755256,-0.306165,w,w
49605,HOW,49605,0.93044,1,-49.5234,-254.459,1485.31,-0.0901404,-0.752973,-0.29749,w,w
49606,HOW,49606,0.927556,1,-48.2773,-256.887,1481.47,-0.0978412,-0.762922,-0.306909,w,w
49607,HOW,49607,0.920871,1,-47.015,-260.229,1481.48,-0.105232,-0.773938,-0.321587,w,w
49608,HOW,49608,0.925458,1,-46.6031,-263.517,1491.59,-0.09814,-0.772703,-0.321407,w,w
49609,HOW,49609,0.93643,1,-46.2205,-263.939,1500.14,-0.0756294,-0.782777,-0.306826,w,w
49610,HOW,49610,0.945185,1,-45.2905,-261.847,1501.45,-0.0329213,-0.79985,-0.269069,w,w
49611,HOW,49611,0.937952,1,-43.2214,-259.912,1490.23,-0.0165341,-0.826745,-0.244394,w,w
49612,HOW,49612,0.932229,1,-40.7244,-258.336,1473.09,-0.0325054,-0.875251,-0.238091,w,w
49613,HOW,49613,0.919065,1,-39.2734,-260.102,1474.44,-0.0497305,-0.901851,-0.236275,w,w
49614,HOW,49614,0.92236,1,-36.3433,-256.603,1455.6,-0.0972481,-0.930574,-0.269758,w,w
49615,HOW,49615,0.876773,1,-33.4955,-251.12,1434.1,-0.153383,-0.952314,-0.29564,w,w
49616,HOW,49616,0.863536,1,-30.4444,-246.538,1414.3,-0.180945,-0.948176,-0.316764,w,w
49617,HOW,49617,0.840645,1,-26.6258,-241.683,1385.79,-0.20411,-0.949729,-0.343934,w,w
49618,HOW,49618,0.84367,1,-23.42,-240.045,1366.47,-0.224686,-0.953905,-0.368834,w,w
49619,HOW,49619,0.833799,1,-20.8041,-240.11,1361.2,-0.239459,-0.936965,-0.384955,w,w
49620,HOW,49620,0.83614,1,-18.9829,-240.331,1368.5,-0.229432,-0.900113,-0.373804,w,w
49621,HOW,49621,0.82006,1,-17.5827,-239.561,1374.63,-0.191364,-0.880849,-0.337547,w,w
49622,HOW,49622,0.829484,1,-16.0213,-240.845,1385.2,-0.15889,-0.853773,-0.311461,w,w
49623,HOW,49623,0.822403,1,-14.3768,-242.587,1389.45,-0.161583,-0.826064,-0.308303,w,w
49624,HOW,49624,0.825432,1,-13.1048,-245.997,1398.71,-0.176283,-0.798001,-0.315436,w,w
831,HOW,831,0.933908,1,2.52341,-166.421,1587.12,0.0179476,-0.25323,-0.106513,w,w
832,HOW,832,0.941519,1,2.52341,-166.421,1587.12,0.0179476,-0.25323,-0.106513,w,w
833,HOW,833,0.918114,1,2.52341,-166.421,1587.12,0.0179476,-0.25323,-0.106513,w,w
834,HOW,834,0.875789,1,2.52341,-166.421,1587.12,0.0179476,-0.25323,-0.106513,w,w
835,HOW,835,0.847248,1,2.52341,-166.421,1587.12,0.0179476,-0.25323,-0.106513,w,w
836,HOW,836,0.789183,1,2.52341,-166.421,1587.12,0.0179476,-0.25323,-0.106513,w,w
837,HOW,837,0.949555,1,20.1401,-171.056,1607.82,0.0410991,-0.0839161,-0.0489488,w,w
838,HOW,838,0.944392,1,20.1401,-171.056,1607.82,0.0410991,-0.0839161,-0.0489488,w,w
839,HOW,839,0.945849,1,20.1401,-171.056,1607.82,0.0410991,-0.0839161,-0.0489488,w,w
840,HOW,840,0.902686,1,20.1401,-171.056,1607.82,0.0410991,-0.0839161,-0.0489488,w,w
841,HOW,841,0.905324,1,20.1401,-171.056,1607.82,0.0410991,-0.0839161,-0.0489488,w,w
842,HOW,842,0.907032,1,20.1401,-171.056,1607.82,0.0410991,-0.0839161,-0.0489488,w,w
843,HOW,843,0.913724,1,20.1401,-171.056,1607.82,0.0410991,-0.0839161,-0.0489488,w,w
844,HOW,844,0.923713,1,20.1401,-171.056,1607.82,0.0410991,-0.0839161,-0.0489488,w,w
845,HOW,845,0.9259,1,20.1401,-171.056,1607.82,0.0410991,-0.0839161,-0.0489488,w,w
846,HOW,846,0.915843,1,20.1401,-171.056,1607.82,0.0410991,-0.0839161,-0.0489488,w,w
847,HOW,847,0.881979,1,20.1401,-171.056,1607.82,0.0410991,-0.0839161,-0.0489488,w,w
848,HOW,848,0.859123,1,20.1401,-171.056,1607.82,0.0410991,-0.0839161,-0.0489488,w,w
849,HOW,849,0.876284,1,20.1401,-171.056,1607.82,0.0410991,-0.0839161,-0.0489488,w,w
850,HOW,850,0.789878,1,20.1401,-171.056,1607.82,0.0410991,-0.0839161,-0.0489488,w,w
851,HOW,851,0.915727,1,35.9788,-171.427,1609.25,0.118042,-0.268528,-0.00752591,w,w
852,HOW,852,0.787363,1,35.9788,-171.427,1609.25,0.118042,-0.268528,-0.00752591,w,w
853,HOW,853,0.798994,1,35.9788,-171.427,1609.25,0.118042,-0.268528,-0.00752591,w,w
854,HOW,854,0.874421,1,47.0178,-166.598,1596.75,0.152411,-0.150664,-0.00491591,w,w
855,HOW,855,0.858412,1,47.0178,-166.598,1596.75,0.152411,-0.150664,-0.00491591,w,w
856,HOW,856,0.880451,1,47.0178,-166.598,1596.75,0.152411,-0.150664,-0.00491591,w,w
857,HOW,857,0.903756,1,47.0178,-166.598,1596.75,0.152411,-0.150664,-0.00491591,w,w
858,HOW,858,0.860997,1,47.0178,-166.598,1596.75,0.152411,-0.150664,-0.00491591,w,w
859,HOW,859,0.914302,1,44.9983,-183.225,1658.35,0.190048,-0.187715,-0.00680245,w,w
860,HOW,860,0.846813,1,44.9983,-183.225,1658.35,0.190048,-0.187715,-0.00680245,w,w
861,HOW,861,0.822937,1,44.9983,-183.225,1658.35,0.190048,-0.187715,-0.00680245,w,w
862,HOW,862,0.825521,1,44.9983,-183.225,1658.35,0.190048,-0.187715,-0.00680245,w,w
863,HOW,863,0.786828,1,44.9983,-183.225,1658.35,0.190048,-0.187715,-0.00680245,w,w
864,HOW,864,0.932111,1,31.4178,-172.665,1583.99,0.0595305,-0.232059,-0.0221904,w,w
865,HOW,865,0.918326,1,31.4178,-172.665,1583.99,0.0595305,-0.232059,-0.0221904,w,w
866,HOW,866,0.878914,1,31.4178,-172.665,1583.99,0.0595305,-0.232059,-0.0221904,w,w
867,HOW,867,0.815569,1,31.4178,-172.665,1583.99,0.0595305,-0.232059,-0.0221904,w,w
868,HOW,868,0.755715,1,31.4178,-172.665,1583.99,0.0595305,-0.232059,-0.0221904,w,w
869,HOW,869,0.766416,1,31.4178,-172.665,1583.99,0.0595305,-0.232059,-0.0221904,w,w
870,HOW,870,0.846968,1,31.4178,-172.665,1583.99,0.0595305,-0.232059,-0.0221904,w,w
871,HOW,871,0.868199,1,31.4178,-172.665,1583.99,0.0595305,-0.232059,-0.0221904,w,w
872,HOW,872,0.86865,1,31.4178,-172.665,1583.99,0.0595305,-0.232059,-0.0221904,w,w
873,HOW,873,0.891072,1,31.4178,-172.665,1583.99,0.0595305,-0.232059,-0.0221904,w,w
874,HOW,874,0.852567,1,31.4178,-172.665,1583.99,0.0595305,-0.232059,-0.0221904,w,w
875,HOW,875,0.802627,1,31.4178,-172.665,1583.99,0.0595305,-0.232059,-0.0221904,w,w
876,HOW,876,0.769913,1,31.4178,-172.665,1583.99,0.0595305,-0.232059,-0.0221904,w,w
877,HOW,877,0.776851,1,31.4178,-172.665,1583.99,0.0595305,-0.232059,-0.0221904,w,w
878,HOW,878,0.785995,1,31.4178,-172.665,1583.99,0.0595305,-0.232059,-0.0221904,w,w
879,HOW,879,0.793847,1,31.4178,-172.665,1583.99,0.0595305,-0.232059,-0.0221904,w,w
880,HOW,880,0.806999,1,31.4178,-172.665,1583.99,0.0595305,-0.232059,-0.0221904,w,w
881,HOW,881,0.814254,1,31.4178,-172.665,1583.99,0.0595305,-0.232059,-0.0221904,w,w
882,HOW,882,0.809286,1,31.4178,-172.665,1583.99,0.0595305,-0.232059,-0.0221904,w,w
883,HOW,883,0.807809,1,31.4178,-172.665,1583.99,0.0595305,-0.232059,-0.0221904,w,w
884,HOW,884,0.785767,1,31.4178,-172.665,1583.99,0.0595305,-0.232059,-0.0221904,w,w
885,HOW,885,0.773724,1,31.4178,-172.665,1583.99,0.0595305,-0.232059,-0.0221904,w,w
886,HOW,886,0.767973,1,31.4178,-172.665,1583.99,0.0595305,-0.232059,-0.0221904,w,w
887,HOW,887,0.767275,1,31.4178,-172.665,1583.99,0.0595305,-0.232059,-0.0221904,w,w
888,HOW,888,0.78067,1,31.4178,-172.665,1583.99,0.0595305,-0.232059,-0.0221904,w,w
889,HOW,889,0.780191,1,31.4178,-172.665,1583.99,0.0595305,-0.232059,-0.0221904,w,w
890,HOW,890,0.781642,1,31.4178,-172.665,1583.99,0.0595305,-0.232059,-0.0221904,w,w
891,HOW,891,0.783337,1,31.4178,-172.665,1583.99,0.0595305,-0.232059,-0.0221904,w,w
892,HOW,892,0.783536,1,31.4178,-172.665,1583.99,0.0595305,-0.232059,-0.0221904,w,w
893,HOW,893,0.773772,1,31.4178,-172.665,1583.99,0.0595305,-0.232059,-0.0221904,w,w
894,HOW,894,0.766623,1,31.4178,-172.665,1583.99,0.0595305,-0.232059,-0.0221904,w,w
895,HOW,895,0.76735,1,31.4178,-172.665,1583.99,0.0595305,-0.232059,-0.0221904,w,w
896,HOW,896,0.773052,1,31.4178,-172.665,1583.99,0.0595305,-0.232059,-0.0221904,w,w
897,HOW,897,0.773579,1,31.4178,-172.665,1583.99,0.0595305,-0.232059,-0.0221904,w,w
898,HOW,898,0.776953,1,31.4178,-172.665,1583.99,0.0595305,-0.232059,-0.0221904,w,w
899,HOW,899,0.778864,1,31.4178,-172.665,1583.99,0.0595305,-0.232059,-0.0221904,w,w
900,HOW,900,0.770304,1,31.4178,-172.665,1583.99,0.0595305,-0.232059,-0.0221904,w,w
901,HOW,901,0.795402,1,31.4178,-172.665,1583.99,0.0595305,-0.232059,-0.0221904,w,w
902,HOW,902,0.795776,1,31.4178,-172.665,1583.99,0.0595305,-0.232059,-0.0221904,w,w
903,HOW,903,0.79321,1,31.4178,-172.665,1583.99,0.0595305,-0.232059,-0.0221904,w,w
5165,HOW,5165,0.828731,1,-51.7235,-189.581,1495.03,0.0126811,-0.65886,-0.131667,w,w
5166,HOW,5166,0.821686,1,-52.1253,-189.393,1493,0.0136776,-0.654098,-0.129437,w,w
5167,HOW,5167,0.827414,1,-52.3184,-188.997,1489.27,0.0157897,-0.650187,-0.126132,w,w
5168,HOW,5168,0.832938,1,-52.7473,-188.908,1486.39,0.00912002,-0.650627,-0.128554,w,w
5169,HOW,5169,0.828328,1,-53.6865,-189.509,1489.55,0.0111399,-0.656816,-0.129011,w,w
5170,HOW,5170,0.838739,1,-53.8904,-189.173,1486.05,0.00777148,-0.657136,-0.13109,w,w
5171,HOW,5171,0.841629,1,-54.1406,-189.441,1487.27,0.00474935,-0.653937,-0.132259,w,w
5172,HOW,5172,0.843761,1,-54.4989,-189.523,1487.77,0.00342806,-0.653666,-0.132796,w,w
5173,HOW,5173,0.830607,1,-54.8822,-189.603,1487.52,-0.00145232,-0.655969,-0.135059,w,w
5174,HOW,5174,0.836687,1,-54.8907,-189.517,1486.62,-0.00187888,-0.65556,-0.135084,w,w
5175,HOW,5175,0.829915,1,-54.9833,-189.51,1486.47,-0.00234391,-0.654719,-0.135025,w,w
5176,HOW,5176,0.834335,1,-55.0631,-189.512,1486.26,-0.00254061,-0.654373,-0.134973,w,w
5177,HOW,5177,0.84177,1,-55.1138,-189.483,1485.78,-0.00335018,-0.654167,-0.135401,w,w
5178,HOW,5178,0.845004,1,-55.4099,-189.523,1485.95,-0.00279829,-0.65546,-0.134399,w,w
5179,HOW,5179,0.843486,1,-55.5074,-189.563,1486.2,-0.00248318,-0.65557,-0.13377,w,w
5180,HOW,5180,0.845924,1,-55.8528,-189.632,1486.99,0.000850752,-0.65886,-0.130574,w,w
5181,HOW,5181,0.841999,1,-55.9194,-189.628,1487.34,0.00179526,-0.659217,-0.129852,w,w
5182,HOW,5182,0.845616,1,-56.1731,-189.647,1488.02,0.00605648,-0.660474,-0.125589,w,w
5183,HOW,5183,0.843174,1,-56.2427,-189.626,1488.41,0.00604201,-0.660188,-0.125164,w,w
5184,HOW,5184,0.849527,1,-56.5805,-189.665,1489.08,0.00590859,-0.659957,-0.124705,w,w
5185,HOW,5185,0.850755,1,-56.9405,-189.873,1490.62,0.00645544,-0.659056,-0.123375,w,w
5186,HOW,5186,0.860998,1,-57.535,-190.024,1490.36,0.00397391,-0.658897,-0.123359,w,w
5187,HOW,5187,0.855125,1,-58.0247,-190.008,1488.9,-0.0015706,-0.662064,-0.125516,w,w
5188,HOW,5188,0.859917,1,-59.3832,-190.291,1488.67,-0.013051,-0.668374,-0.133859,w,w
5189,HOW,5189,0.857805,1,-60.7639,-189.067,1480.89,-0.0255783,-0.686912,-0.149315,w,w
5190,HOW,5190,0.825293,1,-66.6554,-193.258,1518.03,-0.0127546,-0.679421,-0.14758,w,w
5191,HOW,5191,0.830647,1,-72.7913,-196.925,1562.8,0.0251089,-0.669087,-0.117653,w,w
5192,HOW,5192,0.864532,1,-77.0557,-194.27,1570.24,0.00954726,-0.63962,-0.119805,w,w
5193,HOW,5193,0.792781,1,-85.9248,-198.713,1617.6,0.0237613,-0.624035,-0.109232,w,w
5194,HOW,5194,0.948112,1,-83.1707,-173.747,1412.14,0.0556489,-0.052697,-0.0458752,w,w
5195,HOW,5195,0.971394,1,-87.9695,-173.108,1397.53,0.0572478,0.0173788,-0.0506455,w,w
5196,HOW,5196,0.96799,1,-93.2408,-174.101,1390.87,0.0536238,0.082537,-0.0587821,w,w
5197,HOW,5197,0.98156,1,-99.173,-176.309,1386.14,-0.00386298,0.16318,-0.0602624,w,w
5198,HOW,5198,0.961632,1,-103.83,-175.911,1360.18,-0.0838253,0.231647,-0.057446,w,w
5199,HOW,5199,0.920113,1,-110.368,-179.768,1364.31,-0.130385,0.235957,-0.068339,w,w
5200,HOW,5200,0.879891,1,-114.223,-181.732,1353.59,-0.20142,0.212302,-0.0706795,w,w
5201,HOW,5201,0.893514,1,-122.304,-174.316,1207.69,0.139668,0.346593,0.0677209,w,w
5202,HOW,5202,0.872723,1,-127.108,-180.104,1234.87,0.122227,0.423141,0.108142,w,w
5203,HOW,5203,0.889677,1,-129.596,-182.616,1246.62,0.0771583,0.444159,0.166663,w,w
5204,HOW,5204,0.831852,1,-131.763,-183.037,1246.87,0.0551447,0.462646,0.201475,w,w
5205,HOW,5205,0.803914,1,-132.952,-182.932,1243.19,0.050862,0.484915,0.218368,w,w
5206,HOW,5206,0.810232,1,-131.168,-178.595,1217.63,0.0666889,0.50675,0.216115,w,w
5207,HOW,5207,0.833257,1,-128.794,-174.054,1189.33,0.0960128,0.529597,0.201684,w,w
5208,HOW,5208,0.834806,1,-128.038,-172.624,1177.82,0.106116,0.541354,0.187817,w,w
5209,HOW,5209,0.913659,1,-145.04,-186.571,1321.42,-0.0944441,0.513131,0.0527578,w,w
5210,HOW,5210,0.797513,1,-145.412,-185.921,1320.36,-0.0814253,0.586186,0.0648806,w,w
5211,HOW,5211,0.852561,1,-145.986,-185.825,1322.89,-0.155396,0.64082,0.115178,w,w
5212,HOW,5212,0.841877,1,-143.583,-185.123,1319.78,-0.20593,0.656206,0.135159,w,w
5213,HOW,5213,0.818273,1,-139.788,-182.806,1305.77,-0.233247,0.676133,0.145494,w,w
5214,HOW,5214,0.771127,1,-136.223,-180.125,1290.86,-0.242936,0.687423,0.148822,w,w
5215,HOW,5215,0.769573,1,-132.488,-177.434,1275.94,-0.249044,0.695144,0.153372,w,w
5216,HOW,5216,0.790871,1,-130.634,-176.845,1271.85,-0.263807,0.694477,0.160511,w,w
5217,HOW,5217,0.855288,1,-131.832,-180.302,1289.92,-0.287126,0.673495,0.188439,w,w
5218,HOW,5218,0.845173,1,-133.378,-184.288,1314.46,-0.246653,0.623666,0.174446,w,w
5219,HOW,5219,0.829122,1,-133.297,-185.943,1318.24,-0.291595,0.613081,0.187711,w,w
5220,HOW,5220,0.831459,1,-132.692,-185.728,1316.56,-0.298206,0.605954,0.191355,w,w
5221,HOW,5221,0.842674,1,-132.501,-186.034,1321.05,-0.280848,0.600207,0.182852,w,w
5222,HOW,5222,0.784238,1,-132.302,-186.351,1326.25,-0.280956,0.611383,0.184627,w,w
5223,HOW,5223,0.733901,1,-131.652,-184.736,1320.51,-0.289042,0.641276,0.206209,w,w
5224,HOW,5224,0.812766,1,-140.802,-201.06,1428.48,-0.0624869,0.489033,0.0851558,w,w
5225,HOW,5225,0.834687,1,-138.732,-197.663,1408.12,-0.079419,0.499852,0.10536,w,w
5226,HOW,5226,0.899722,1,-130.699,-187.422,1346.11,-0.07972,0.496722,0.11008,w,w
5227,HOW,5227,0.881402,1,-129.255,-183.557,1324.5,-0.0608048,0.543108,0.129465,w,w
5228,HOW,5228,0.784606,1,-132.991,-188.823,1359.91,-0.0181533,0.482411,0.0905697,w,w
5229,HOW,5229,0.770744,1,-129.94,-182.924,1325.19,-0.0354769,0.542692,0.116674,w,w
5230,HOW,5230,0.727821,1,-137.469,-194.131,1400.27,0.0528616,0.460563,0.0726554,w,w
5231,HOW,5231,0.754792,1,-135.464,-190.582,1379.68,0.0352523,0.529712,0.0944942,w,w
5232,HOW,5232,0.767426,1,-141.594,-200.391,1442.87,0.089451,0.44287,0.0491072,w,w
5233,HOW,5233,0.777553,1,-140.602,-197.469,1425.71,0.0602273,0.505847,0.0712442,w,w
5234,HOW,5234,0.789642,1,-137.699,-191.749,1389.26,0.0254999,0.539968,0.103773,w,w
5235,HOW,5235,0.778652,1,-137.392,-189.241,1373.1,-0.0135336,0.568766,0.146036,w,w
5236,HOW,5236,0.840205,1,-138.528,-189.315,1375.99,-0.0320608,0.595222,0.18379,w,w
5237,HOW,5237,0.829553,1,-140.25,-192.041,1403.02,-0.0232962,0.575645,0.185968,w,w
5238,HOW,5238,0.846899,1,-140.786,-192.387,1411.23,-0.0151535,0.586422,0.1883,w,w
5239,HOW,5239,0.786711,1,-142.001,-192.762,1426.01,-0.00643446,0.573958,0.194368,w,w
5240,HOW,5240,0.788208,1,-141.807,-190.848,1428.42,0.0176912,0.558289,0.174524,w,w
5241,HOW,5241,0.816267,1,-142.613,-190.533,1434.35,0.0204366,0.561407,0.170781,w,w
5242,HOW,5242,0.801877,1,-143.38,-191.559,1441,0.0241988,0.558079,0.167514,w,w
5243,HOW,5243,0.863719,1,-145.453,-195.708,1460.41,0.0132815,0.545114,0.169464,w,w
5244,HOW,5244,0.926352,1,-149.823,-203.264,1506.17,0.00614867,0.512592,0.173651,w,w
5245,HOW,5245,0.916999,1,-151.231,-206.976,1525.34,-0.00932482,0.489746,0.193081,w,w
5246,HOW,5246,0.903162,1,-152.581,-210.49,1542.1,-0.017536,0.473063,0.198094,w,w
5247,HOW,5247,0.907594,1,-154.112,-213.262,1555.97,-0.038959,0.471878,0.208243,w,w
5248,HOW,5248,0.932715,1,-155.24,-215.942,1569.33,-0.0504079,0.469842,0.220487,w,w
5249,HOW,5249,0.935524,1,-156.079,-218.598,1584.46,-0.0504457,0.454063,0.223986,w,w
5250,HOW,5250,0.88084,1,-155.96,-222.063,1601.56,-0.0587293,0.427255,0.223721,w,w
5251,HOW,5251,0.821949,1,-155.96,-222.063,1601.56,-0.0587293,0.427255,0.223721,w,w
5252,HOW,5252,0.775823,1,-155.96,-222.063,1601.56,-0.0587293,0.427255,0.223721,w,w
5253,HOW,5253,0.736275,1,-155.96,-222.063,1601.56,-0.0587293,0.427255,0.223721,w,w
5254,HOW,5254,0.889179,1,-119.273,-192.115,1359.7,-0.143512,0.393181,0.0636169,w,w
5255,HOW,5255,0.882526,1,-120.611,-190.339,1345.85,-0.16953,0.44659,0.128771,w,w
5256,HOW,5256,0.843737,1,-119.99,-186.227,1324.79,-0.150167,0.469992,0.146061,w,w
5257,HOW,5257,0.834125,1,-118.961,-181.133,1299.89,-0.107361,0.490267,0.132675,w,w
5258,HOW,5258,0.892373,1,-120.687,-180.35,1295.56,-0.10804,0.510938,0.135644,w,w
5259,HOW,5259,0.900548,1,-124.423,-184.88,1313.79,-0.148532,0.516487,0.152889,w,w
5260,HOW,5260,0.896319,1,-127.687,-189.287,1336.58,-0.148921,0.517715,0.158112,w,w
5261,HOW,5261,0.85248,1,-128.554,-189.852,1344.25,-0.12314,0.533043,0.158877,w,w
5262,HOW,5262,0.747361,1,-125.82,-185.043,1320.49,-0.0837775,0.555261,0.147188,w,w
5263,HOW,5263,0.822642,1,-127.547,-185.343,1331.78,-0.109613,0.586406,0.178822,w,w
5264,HOW,5264,0.875602,1,-131.052,-192.004,1377.58,-0.146701,0.55037,0.220583,w,w
5265,HOW,5265,0.910785,1,-134.594,-197.857,1419.9,-0.109018,0.505879,0.195526,w,w
5266,HOW,5266,0.900453,1,-137.148,-201.686,1451.85,-0.105813,0.480354,0.199404,w,w
5267,HOW,5267,0.906432,1,-140.298,-206.192,1490.15,-0.109911,0.448558,0.209148,w,w
5268,HOW,5268,0.936374,1,-142.021,-209.462,1517.3,-0.115419,0.424816,0.213335,w,w
5269,HOW,5269,0.937164,1,-142.786,-211.248,1532.71,-0.115493,0.415226,0.21471,w,w
5270,HOW,5270,0.943865,1,-143.362,-212.687,1545.99,-0.107533,0.412926,0.22294,w,w
5271,HOW,5271,0.938067,1,-144.211,-214.468,1561.59,-0.0973836,0.407481,0.223739,w,w
5272,HOW,5272,0.929399,1,-144.717,-215.617,1575.07,-0.0805348,0.406393,0.220716,w,w
5273,HOW,5273,0.92256,1,-145.915,-217.688,1596.78,-0.0719062,0.399567,0.210001,w,w
5274,HOW,5274,0.928037,1,-145.915,-217.688,1596.78,-0.0719062,0.399567,0.210001,w,w
5275,HOW,5275,0.932029,1,-145.915,-217.688,1596.78,-0.0719062,0.399567,0.210001,w,w
5276,HOW,5276,0.944911,1,-145.915,-217.688,1596.78,-0.0719062,0.399567,0.210001,w,w
5277,HOW,5277,0.922599,1,-145.915,-217.688,1596.78,-0.0719062,0.399567,0.210001,w,w
5278,HOW,5278,0.846222,1,-145.915,-217.688,1596.78,-0.0719062,0.399567,0.210001,w,w
5279,HOW,5279,0.802321,1,-145.915,-217.688,1596.78,-0.0719062,0.399567,0.210001,w,w
5280,HOW,5280,0.732822,1,-145.915,-217.688,1596.78,-0.0719062,0.399567,0.210001,w,w
5281,HOW,5281,0.771772,1,-108.261,-171.502,1317.33,0.0521928,0.433646,-0.00762648,w,w
5282,HOW,5282,0.803275,1,-107.477,-169.521,1317.02,0.0669241,0.448998,-0.00637072,w,w
5283,HOW,5283,0.820967,1,-108.632,-171.397,1339.68,0.0846091,0.438684,-0.0104801,w,w
5284,HOW,5284,0.853601,1,-109.538,-173.026,1358.45,0.0968005,0.429092,-0.0164818,w,w
5285,HOW,5285,0.814297,1,-109.044,-171.369,1356.37,0.0955082,0.432004,-0.0138799,w,w
5286,HOW,5286,0.831735,1,-107.471,-168.292,1345.6,0.0950877,0.428235,-0.0142739,w,w
5287,HOW,5287,0.85382,1,-105.98,-165.294,1329.63,0.0889306,0.437298,-0.00832146,w,w
5288,HOW,5288,0.91829,1,-105.23,-166.826,1337.76,0.0932954,0.404308,-0.0120237,w,w
5289,HOW,5289,0.91215,1,-106.116,-171.511,1359.75,0.0898415,0.369661,-0.0113153,w,w
5290,HOW,5290,0.86758,1,-106.979,-174.834,1377.53,0.099563,0.352863,-0.0134422,w,w
5291,HOW,5291,0.825798,1,-107.711,-177.154,1392.31,0.107888,0.3442,-0.0160723,w,w
5292,HOW,5292,0.847506,1,-108.141,-178.645,1401.86,0.127261,0.344211,-0.0141355,w,w
5293,HOW,5293,0.845144,1,-108.418,-179.018,1405.58,0.124513,0.342888,-0.005722,w,w
5294,HOW,5294,0.903653,1,-107.661,-176.89,1395.23,0.123708,0.358171,0.00165285,w,w
5295,HOW,5295,0.914555,1,-104.775,-172.577,1369.97,0.111255,0.381748,-0.000655142,w,w
5296,HOW,5296,0.924343,1,-102.38,-168.784,1344.91,0.107145,0.405179,-0.00612804,w,w
5297,HOW,5297,0.927128,1,-101.909,-167.955,1336.87,0.097565,0.412406,-0.0120553,w,w
5298,HOW,5298,0.924629,1,-101.927,-166.471,1329.27,0.100212,0.424586,-0.0141752,w,w
5299,HOW,5299,0.922945,1,-102.016,-164.546,1326.14,0.112891,0.427302,-0.0142101,w,w
5300,HOW,5300,0.929329,1,-102.326,-163.145,1323.75,0.11637,0.437703,-0.0130338,w,w
5301,HOW,5301,0.928773,1,-102.839,-163.175,1327.04,0.111258,0.441539,-0.0093584,w,w
5302,HOW,5302,0.926048,1,-103.519,-163.499,1330.17,0.110821,0.446291,-0.00722201,w,w
5303,HOW,5303,0.926614,1,-104.456,-164.455,1336.95,0.110553,0.4488,-0.00456315,w,w
5304,HOW,5304,0.923779,1,-105.022,-165.435,1341.39,0.106878,0.450328,-0.00202338,w,w
5305,HOW,5305,0.927186,1,-105.235,-166.023,1344.09,0.106929,0.448583,-0.00149141,w,w
13522,HOW,13522,0.913172,1,-177.288,-189.374,1497.44,0.129686,0.331898,-0.263425,w,w
13523,HOW,13523,0.934748,1,-177.697,-192.456,1493.77,0.0802652,0.344096,-0.252871,w,w
13524,HOW,13524,0.897716,1,-178.948,-196.29,1493.65,0.00480733,0.368163,-0.239763,w,w
13525,HOW,13525,0.874979,1,-178.142,-198.395,1476.8,-0.0834458,0.4004,-0.226124,w,w
13526,HOW,13526,0.892913,1,-177.808,-202.505,1466.64,-0.183241,0.426841,-0.212628,w,w
13527,HOW,13527,0.889816,1,-177.211,-205.876,1454.41,-0.247981,0.461517,-0.207481,w,w
13528,HOW,13528,0.857663,1,-177.37,-209.624,1449.92,-0.317523,0.481964,-0.200154,w,w
13529,HOW,13529,0.817766,1,-177.363,-210.155,1440.66,-0.330985,0.517919,-0.190537,w,w
13530,HOW,13530,0.833372,1,-176.241,-210.508,1431.24,-0.355156,0.533133,-0.186132,w,w
13531,HOW,13531,0.913176,1,-173.967,-208.629,1421.23,-0.332063,0.523403,-0.194353,w,w
13532,HOW,13532,0.892492,1,-173.351,-209.038,1428.92,-0.330838,0.493747,-0.219385,w,w
13533,HOW,13533,0.935533,1,-174.024,-207.38,1439.53,-0.269752,0.473451,-0.239069,w,w
13534,HOW,13534,0.916317,1,-174.157,-204.472,1442.3,-0.203248,0.469746,-0.260766,w,w
13535,HOW,13535,0.929034,1,-173.85,-200.995,1443.25,-0.119,0.440396,-0.275854,w,w
13536,HOW,13536,0.945844,1,-175.046,-199.41,1454.2,-0.0246311,0.415707,-0.287024,w,w
13537,HOW,13537,0.91275,1,-175.242,-196.196,1455.63,0.0477491,0.390552,-0.294552,w,w
13538,HOW,13538,0.908471,1,-175.318,-192.971,1452.09,0.0665366,0.392811,-0.291579,w,w
13539,HOW,13539,0.902242,1,-170.934,-185.172,1417.93,0.120061,0.384311,-0.292868,w,w
13540,HOW,13540,0.920289,1,-168.35,-180.934,1393.99,0.11363,0.401415,-0.284008,w,w
13541,HOW,13541,0.883682,1,-167.123,-180.913,1383.69,0.0708784,0.414151,-0.265644,w,w
13542,HOW,13542,0.929842,1,-167.593,-182.899,1383.9,0.0282221,0.424191,-0.251899,w,w
13543,HOW,13543,0.895662,1,-166.101,-183.468,1371.4,-0.0126763,0.44538,-0.23557,w,w
13544,HOW,13544,0.92265,1,-165.54,-185.022,1366.88,-0.0420442,0.451466,-0.222674,w,w
13545,HOW,13545,0.891903,1,-164.699,-188.616,1367.79,-0.113343,0.454032,-0.203248,w,w
13546,HOW,13546,0.922383,1,-164.236,-189.366,1367.12,-0.130907,0.465441,-0.189247,w,w
13547,HOW,13547,0.918712,1,-162.829,-191.816,1374.58,-0.190974,0.443326,-0.168434,w,w
13548,HOW,13548,0.94057,1,-162.87,-194.519,1386.45,-0.244549,0.438954,-0.155257,w,w
13549,HOW,13549,0.931973,1,-162.551,-196.156,1395.56,-0.261098,0.434656,-0.146096,w,w
13550,HOW,13550,0.916899,1,-162.3,-196.101,1396.73,-0.26977,0.450311,-0.115487,w,w
13551,HOW,13551,0.899795,1,-160.878,-195.245,1394.34,-0.244945,0.444596,-0.091682,w,w
13552,HOW,13552,0.870197,1,-160.408,-197.386,1407.52,-0.218841,0.407468,-0.0752643,w,w
13553,HOW,13553,0.888313,1,-162.569,-202.461,1439.19,-0.205785,0.370971,-0.0619718,w,w
13554,HOW,13554,0.896041,1,-166.318,-210.751,1487.14,-0.224666,0.320749,-0.0393107,w,w
13555,HOW,13555,0.920494,1,-169.31,-216.424,1526.59,-0.213902,0.288335,-0.0203548,w,w
13556,HOW,13556,0.907861,1,-170.693,-220.426,1554.21,-0.197617,0.262036,-0.00798162,w,w
13557,HOW,13557,0.870855,1,-171.508,-223.593,1578.47,-0.17621,0.242942,0.00267882,w,w
13558,HOW,13558,0.841126,1,-169.809,-223.98,1583.45,-0.159587,0.229713,0.0109365,w,w
13559,HOW,13559,0.834265,1,-167.213,-221.733,1574.1,-0.131936,0.227217,0.014407,w,w
13560,HOW,13560,0.847286,1,-161.927,-215.631,1537.48,-0.10832,0.227753,0.0166095,w,w
13561,HOW,13561,0.872919,1,-156.406,-210.569,1501.83,-0.0938232,0.220779,0.0213821,w,w
13562,HOW,13562,0.844001,1,-151.438,-205.127,1466.23,-0.0724834,0.220861,0.0241635,w,w
13563,HOW,13563,0.801299,1,-147.561,-200.549,1436.76,-0.0740525,0.224409,0.0243921,w,w
13564,HOW,13564,0.856642,1,-144.317,-195.6,1406.26,-0.0761439,0.244225,0.0321037,w,w
13565,HOW,13565,0.8725,1,-140.453,-189.951,1372.65,-0.058078,0.279405,0.032425,w,w
13566,HOW,13566,0.876156,1,-137.629,-186.658,1353,-0.0467888,0.299556,0.0316297,w,w
13567,HOW,13567,0.87182,1,-136.246,-185.631,1347.94,-0.0402409,0.307788,0.0341012,w,w
13568,HOW,13568,0.843449,1,-138.25,-189.025,1370.8,-0.0225985,0.316153,0.0486553,w,w
13569,HOW,13569,0.900104,1,-141.462,-194.309,1402.04,-0.0169651,0.323346,0.0692203,w,w
13570,HOW,13570,0.821784,1,-144.228,-198.296,1423.23,-0.0365714,0.339199,0.0954995,w,w
13571,HOW,13571,0.804753,1,-144.997,-199.435,1430.9,-0.0414992,0.345254,0.11411,w,w
13572,HOW,13572,0.780094,1,-143.678,-198.545,1428.58,-0.0303143,0.329431,0.114278,w,w
13573,HOW,13573,0.800959,1,-140.897,-195.599,1415.15,-0.0246366,0.321676,0.110352,w,w
13574,HOW,13574,0.777425,1,-139.295,-193.732,1409.3,-0.0151003,0.317178,0.105852,w,w
13575,HOW,13575,0.783059,1,-138.648,-193.929,1413.72,-0.0180148,0.307289,0.106051,w,w
13576,HOW,13576,0.786393,1,-138.336,-194.924,1420.35,-0.0204818,0.296434,0.105837,w,w
13577,HOW,13577,0.778239,1,-138.18,-196.349,1429.71,-0.0256951,0.284598,0.10803,w,w
13578,HOW,13578,0.759952,1,-138.329,-198.777,1444.43,-0.0285595,0.259306,0.109737,w,w
13579,HOW,13579,0.800029,1,-137.885,-200.444,1455.03,-0.0249886,0.238842,0.10944,w,w
13580,HOW,13580,0.764551,1,-136.457,-200.742,1458.25,-0.0376044,0.214025,0.116247,w,w
13581,HOW,13581,0.819759,1,-134.328,-200.876,1458.61,-0.0501291,0.17988,0.117042,w,w
13582,HOW,13582,0.916501,1,-132.31,-200.488,1457.23,-0.06576,0.158912,0.116535,w,w
13583,HOW,13583,0.923881,1,-131.108,-201.059,1462.68,-0.0304973,0.141591,0.078663,w,w
13584,HOW,13584,0.946436,1,-131.116,-200.928,1463.29,-0.024271,0.15448,0.0635027,w,w
13585,HOW,13585,0.885952,1,-131.513,-200.128,1459.74,-0.0239526,0.178844,0.0509807,w,w
13586,HOW,13586,0.919465,1,-131.875,-199.467,1454.84,-0.0260901,0.235254,0.0525222,w,w
13587,HOW,13587,0.911083,1,-130.193,-199.566,1454.28,-0.014892,0.275762,0.0475416,w,w
13588,HOW,13588,0.897942,1,-127.868,-197.445,1441.95,-0.0362955,0.244709,0.0621323,w,w
13589,HOW,13589,0.886786,1,-125.61,-199.897,1457.9,-0.0415331,0.2343,0.0729845,w,w
13590,HOW,13590,0.919893,1,-120.581,-198.415,1442.61,-0.0399838,0.227485,0.0967952,w,w
13591,HOW,13591,0.856864,1,-115.093,-196.755,1433.2,-0.0439628,0.211535,0.112367,w,w
13592,HOW,13592,0.885358,1,-110.217,-195.255,1426.23,-0.039366,0.156363,0.120858,w,w
13593,HOW,13593,0.924838,1,-107.482,-196.119,1441.17,-0.0389738,0.0894127,0.128724,w,w
13594,HOW,13594,0.91422,1,-102.668,-195.678,1445.16,-0.0131733,0.0743451,0.117375,w,w
13595,HOW,13595,0.834729,1,-100.799,-195.622,1442.76,-0.039372,0.119706,0.125835,w,w
13596,HOW,13596,0.824526,1,-101.955,-198.607,1464.97,-0.0485193,0.164374,0.136386,w,w
13597,HOW,13597,0.76966,1,-84.8554,-173.931,1315.82,-0.0812969,0.248879,0.00178182,w,w
13601,HOW,13601,0.777043,1,-98.9223,-176.247,1333.22,-0.0579834,0.283503,0.116488,w,w
13602,HOW,13602,0.865303,1,-106.081,-182.218,1378.5,-0.0396424,0.318716,0.0879952,w,w
13603,HOW,13603,0.850354,1,-109.052,-183.836,1391.46,-0.0366954,0.325265,0.0743152,w,w
13604,HOW,13604,0.930718,1,-113.441,-188.735,1428.23,-0.0453202,0.346886,0.0708456,w,w
13605,HOW,13605,0.842459,1,-110.967,-184.825,1403.31,-0.0682453,0.269721,0.0871892,w,w
13606,HOW,13606,0.794584,1,-113.113,-187.428,1412.75,-0.0109185,0.310811,0.013932,w,w
13607,HOW,13607,0.769124,1,-109.58,-184.388,1388.54,0.000384765,0.322573,0.00956762,w,w
13610,HOW,13610,0.773378,1,-113.802,-186.802,1398.81,-0.0609447,0.36036,0.057512,w,w
13611,HOW,13611,0.92374,1,-112.116,-186.323,1396.74,-0.056533,0.380979,0.0710782,w,w
13612,HOW,13612,0.900052,1,-118.664,-193.318,1448.7,-0.023673,0.329472,0.0464005,w,w
13613,HOW,13613,0.929417,1,-122.862,-198.807,1486.61,-0.00801416,0.311582,0.0337565,w,w
13614,HOW,13614,0.919173,1,-119.758,-196.306,1468.96,-0.0521213,0.304204,0.0668302,w,w
13615,HOW,13615,0.819112,1,-121.124,-196.29,1472.33,-0.0485497,0.309697,0.05315,w,w
13617,HOW,13617,0.772276,1,-118.938,-201.21,1496.94,-0.102609,0.240525,0.0467566,w,w
13618,HOW,13618,0.890484,1,-117.928,-198.949,1483.16,-0.0607616,0.282275,0.0318413,w,w
13619,HOW,13619,0.915748,1,-119.006,-202.735,1502.52,-0.0437204,0.280272,0.0264508,w,w
13620,HOW,13620,0.915337,1,-118.701,-202.068,1500.69,-0.0595976,0.267069,0.033729,w,w
13621,HOW,13621,0.920479,1,-118.18,-200.826,1493.77,-0.0809446,0.25704,0.0394103,w,w
13622,HOW,13622,0.943328,1,-116.65,-198.668,1475.5,-0.0862565,0.263563,0.0466307,w,w
13623,HOW,13623,0.938693,1,-114.896,-196.555,1457.06,-0.0789684,0.268783,0.0554632,w,w
13624,HOW,13624,0.927609,1,-113.422,-194.23,1437.16,-0.0735689,0.278514,0.0549409,w,w
13625,HOW,13625,0.772573,1,-110.19,-186.142,1383.83,-0.0648217,0.324209,0.0694557,w,w
13626,HOW,13626,0.813607,1,-108.325,-180.858,1348.73,-0.0425239,0.368384,0.0751738,w,w
13630,HOW,13630,0.783286,1,-152.742,-240.952,1830.13,-0.053422,0.0715899,0.118763,w,w
13633,HOW,13633,0.924398,1,-122.192,-206.582,1519.55,-0.0294794,0.105898,0.0429253,w,w
13634,HOW,13634,0.923922,1,-121.411,-206.482,1521.56,-0.0156821,0.169602,0.0288114,w,w
13635,HOW,13635,0.915664,1,-121.132,-206.72,1524.08,-0.0250234,0.1956,0.0248776,w,w
13636,HOW,13636,0.928014,1,-120.655,-207.778,1529.58,-0.0345239,0.196947,0.0208506,w,w
13637,HOW,13637,0.87304,1,-119.597,-208.823,1534.36,-0.0177453,0.198942,0.00887293,w,w
13639,HOW,13639,0.821034,1,-117.602,-210.911,1549.7,0.0536038,0.210107,0.0153846,w,w
13642,HOW,13642,0.842613,1,-106.446,-188.925,1365.59,-0.663073,0.238893,0.120181,w,w
13646,HOW,13646,0.817698,1,-139.867,-251.48,1778.73,-0.567074,0.0370924,0.000518131,w,w
13647,HOW,13647,0.818396,1,-139.867,-251.48,1778.73,-0.567074,0.0370924,0.000518131,w,w
13648,HOW,13648,0.804139,1,-139.867,-251.48,1778.73,-0.567074,0.0370924,0.000518131,w,w
13649,HOW,13649,0.739596,1,-139.867,-251.48,1778.73,-0.567074,0.0370924,0.000518131,w,w
13650,HOW,13650,0.924111,1,-99.1763,-168.293,1308.29,-0.0252038,0.328124,0.0023688,w,w
13651,HOW,13651,0.91054,1,-102.401,-170.658,1328.9,0.00404604,0.339055,0.00460585,w,w
13652,HOW,13652,0.93806,1,-104.5,-172.841,1340.28,0.0213234,0.340718,0.00368649,w,w
13653,HOW,13653,0.944775,1,-107.12,-176.791,1357.08,-0.014127,0.344227,0.0160209,w,w
13654,HOW,13654,0.924882,1,-108.5,-178.644,1355.45,-0.0135059,0.347714,0.0203337,w,w
13655,HOW,13655,0.963382,1,-110.433,-181.955,1365.47,-0.0204279,0.354196,0.0215559,w,w
13656,HOW,13656,0.963463,1,-112.775,-185.606,1380.99,-0.0252762,0.354407,0.0231306,w,w
13657,HOW,13657,0.952783,1,-114.565,-187.311,1389.13,-0.0213894,0.361642,0.0248057,w,w
13658,HOW,13658,0.955038,1,-115.803,-188.143,1394.97,-0.00551937,0.36196,0.0216194,w,w
13659,HOW,13659,0.952648,1,-116.932,-188.638,1399.15,0.00512695,0.36387,0.0176837,w,w
13660,HOW,13660,0.956824,1,-117.635,-188.381,1398.81,0.0094616,0.367955,0.0173514,w,w
13661,HOW,13661,0.937129,1,-117.891,-188.519,1393.18,-0.00629285,0.371892,0.0303286,w,w
13662,HOW,13662,0.952588,1,-117.681,-188.355,1377.01,-0.0174587,0.378563,0.0447166,w,w
