time_stamp,word,frame,confidence,success,Tx,Ty,Tz,Rx,Ry,Rz,speaker_gender,listener_gender
5181,KNOW-NOT,5181,0.984439,1,-51.3058,-227.48,1173.01,0.113274,-0.362974,-0.00854142,m,w
5182,KNOW-NOT,5182,0.98536,1,-51.5323,-227.523,1170.79,0.10597,-0.363154,-0.0079522,m,w
5183,KNOW-NOT,5183,0.984857,1,-51.882,-227.449,1165.95,0.101871,-0.3617,-0.0102842,m,w
5184,KNOW-NOT,5184,0.984192,1,-52.5274,-228.633,1164.62,0.0895224,-0.362065,-0.0146978,m,w
5185,KNOW-NOT,5185,0.984491,1,-53.279,-230.205,1163.99,0.0761281,-0.363532,-0.0188553,m,w
5186,KNOW-NOT,5186,0.983429,1,-54.2875,-231.904,1163.45,0.058834,-0.362262,-0.0231136,m,w
5187,KNOW-NOT,5187,0.980796,1,-55.3907,-234.614,1165.16,0.0304981,-0.36319,-0.0345318,m,w
5188,KNOW-NOT,5188,0.981691,1,-56.393,-237.907,1167.88,-0.00271954,-0.360791,-0.0465676,m,w
5189,KNOW-NOT,5189,0.982818,1,-57.6107,-240.808,1170.3,-0.0278045,-0.358098,-0.0568712,m,w
5190,KNOW-NOT,5190,0.980614,1,-58.5238,-243.287,1172.1,-0.057902,-0.357551,-0.0663035,m,w
5191,KNOW-NOT,5191,0.978545,1,-59.2991,-245.428,1172.62,-0.0796356,-0.355091,-0.0745914,m,w
5192,KNOW-NOT,5192,0.975759,1,-60.0897,-247.964,1175.73,-0.0984643,-0.351495,-0.0813873,m,w
5193,KNOW-NOT,5193,0.977202,1,-60.6415,-250.65,1180.88,-0.1103,-0.352612,-0.0890348,m,w
5194,KNOW-NOT,5194,0.979411,1,-60.8848,-252.421,1184.6,-0.111596,-0.347455,-0.0915268,m,w
5195,KNOW-NOT,5195,0.98049,1,-60.9003,-254.374,1191.82,-0.113479,-0.344755,-0.0905328,m,w
5196,KNOW-NOT,5196,0.982038,1,-60.2586,-255.53,1196.97,-0.106044,-0.339853,-0.0796849,m,w
5197,KNOW-NOT,5197,0.982042,1,-59.4932,-256.974,1205.61,-0.100172,-0.340059,-0.073522,m,w
5198,KNOW-NOT,5198,0.982644,1,-58.2556,-257.253,1210.27,-0.0772606,-0.351071,-0.0631022,m,w
5199,KNOW-NOT,5199,0.982819,1,-56.6035,-255.928,1209.58,-0.0561663,-0.354579,-0.0550689,m,w
5200,KNOW-NOT,5200,0.984136,1,-54.9051,-254.503,1209.68,-0.0337019,-0.362363,-0.0437277,m,w
5201,KNOW-NOT,5201,0.984158,1,-53.257,-253.159,1209.92,-0.0110153,-0.370796,-0.0321267,m,w
5202,KNOW-NOT,5202,0.984337,1,-51.3227,-251.079,1207.04,0.0103844,-0.379709,-0.0190996,m,w
5203,KNOW-NOT,5203,0.984696,1,-49.6551,-249.656,1206.55,0.0295559,-0.386542,-0.00852817,m,w
5204,KNOW-NOT,5204,0.986183,1,-48.0063,-247.599,1203.77,0.0492999,-0.395481,0.00254207,m,w
5205,KNOW-NOT,5205,0.988803,1,-46.7921,-245.941,1202.87,0.063574,-0.397614,0.00974205,m,w
5206,KNOW-NOT,5206,0.985547,1,-46.0627,-245.15,1206.08,0.0796409,-0.400908,0.0154331,m,w
5207,KNOW-NOT,5207,0.98605,1,-45.3367,-243.331,1204.83,0.0926669,-0.40202,0.0197729,m,w
5208,KNOW-NOT,5208,0.986404,1,-44.6947,-241.185,1201.74,0.110667,-0.404924,0.0202098,m,w
5209,KNOW-NOT,5209,0.985295,1,-44.2257,-239.136,1198.8,0.12224,-0.40936,0.0249686,m,w
5210,KNOW-NOT,5210,0.984449,1,-44.1372,-237.663,1198.74,0.135845,-0.410578,0.0294875,m,w
5211,KNOW-NOT,5211,0.986002,1,-43.6001,-235.628,1196.04,0.146804,-0.415552,0.0344777,m,w
5212,KNOW-NOT,5212,0.982137,1,-43.5512,-234.273,1197.62,0.157436,-0.413373,0.0368275,m,w
5213,KNOW-NOT,5213,0.981964,1,-43.3517,-233.115,1194.95,0.156787,-0.418208,0.035814,m,w
5214,KNOW-NOT,5214,0.983318,1,-43.4344,-232.456,1192.73,0.158159,-0.417868,0.0339528,m,w
5215,KNOW-NOT,5215,0.982708,1,-43.6266,-231.925,1190.67,0.160897,-0.418869,0.0328331,m,w
5216,KNOW-NOT,5216,0.982777,1,-43.5553,-231.519,1188.8,0.158385,-0.420085,0.0309821,m,w
5217,KNOW-NOT,5217,0.983068,1,-43.3262,-230.94,1185.95,0.155549,-0.423085,0.0277956,m,w
5218,KNOW-NOT,5218,0.98247,1,-43.1824,-230.705,1184.52,0.154296,-0.42507,0.0263817,m,w
5219,KNOW-NOT,5219,0.982128,1,-42.9272,-230.512,1182.7,0.154099,-0.427751,0.0236251,m,w
5220,KNOW-NOT,5220,0.982055,1,-42.7203,-230.574,1181.81,0.152571,-0.430625,0.020983,m,w
5221,KNOW-NOT,5221,0.982044,1,-42.4896,-230.628,1180.96,0.151353,-0.432133,0.0184879,m,w
5222,KNOW-NOT,5222,0.984022,1,-42.2163,-230.595,1179.81,0.147667,-0.438623,0.0132935,m,w
5223,KNOW-NOT,5223,0.984032,1,-42.1667,-230.597,1179.12,0.146027,-0.439563,0.0124392,m,w
5224,KNOW-NOT,5224,0.983895,1,-42.2771,-231.113,1180.46,0.14178,-0.440205,0.0100983,m,w
5225,KNOW-NOT,5225,0.983456,1,-42.3085,-231.171,1180.59,0.140106,-0.439597,0.00933211,m,w
5226,KNOW-NOT,5226,0.984308,1,-42.3434,-231.475,1180.82,0.138145,-0.43962,0.0075522,m,w
5227,KNOW-NOT,5227,0.985097,1,-42.4044,-231.883,1181.63,0.135877,-0.440222,0.00470559,m,w
5228,KNOW-NOT,5228,0.984523,1,-42.4831,-231.858,1180.96,0.132484,-0.442273,0.0022899,m,w
5229,KNOW-NOT,5229,0.984477,1,-42.6027,-231.829,1180.57,0.128658,-0.444108,-0.00108007,m,w
5230,KNOW-NOT,5230,0.983,1,-42.7837,-231.506,1178.73,0.127231,-0.443713,-0.00464815,m,w
5231,KNOW-NOT,5231,0.983027,1,-43.1021,-231.544,1178.83,0.127102,-0.443822,-0.00522878,m,w
5232,KNOW-NOT,5232,0.983086,1,-43.5997,-231.321,1178.28,0.125367,-0.443208,-0.0072192,m,w
5233,KNOW-NOT,5233,0.982362,1,-44.1442,-231.373,1178.93,0.125203,-0.443228,-0.00798073,m,w
5234,KNOW-NOT,5234,0.982449,1,-44.2614,-230.842,1177.36,0.11903,-0.448337,-0.0123047,m,w
5235,KNOW-NOT,5235,0.9823,1,-44.6274,-230.797,1177.38,0.115451,-0.446063,-0.0163655,m,w
5236,KNOW-NOT,5236,0.982705,1,-44.9629,-230.872,1177.49,0.10963,-0.443153,-0.0213396,m,w
5237,KNOW-NOT,5237,0.982737,1,-45.3503,-230.792,1177.13,0.105754,-0.443228,-0.0257477,m,w
5238,KNOW-NOT,5238,0.982359,1,-45.8436,-231.077,1177.74,0.101581,-0.442156,-0.0314804,m,w
5239,KNOW-NOT,5239,0.983098,1,-46.4322,-231.469,1179.08,0.0973963,-0.442087,-0.0345939,m,w
5240,KNOW-NOT,5240,0.981446,1,-46.8889,-231.355,1177.72,0.0911357,-0.441371,-0.0393922,m,w
5241,KNOW-NOT,5241,0.979862,1,-47.3529,-231.564,1177.86,0.0853597,-0.442317,-0.0434128,m,w
5242,KNOW-NOT,5242,0.983308,1,-47.7844,-231.534,1176.74,0.0788618,-0.446047,-0.0473284,m,w
5243,KNOW-NOT,5243,0.980299,1,-48.3772,-232.049,1178.01,0.0763978,-0.443867,-0.0494424,m,w
5244,KNOW-NOT,5244,0.981869,1,-48.5456,-232.246,1177.35,0.0683443,-0.445469,-0.0529417,m,w
5245,KNOW-NOT,5245,0.981462,1,-48.6728,-232.389,1176.36,0.0633698,-0.446566,-0.0570822,m,w
5246,KNOW-NOT,5246,0.980862,1,-48.6888,-232.733,1176.49,0.0570488,-0.446756,-0.0589399,m,w
5247,KNOW-NOT,5247,0.979576,1,-48.5543,-233.072,1176.32,0.0486606,-0.448195,-0.0627165,m,w
5248,KNOW-NOT,5248,0.978853,1,-48.1767,-234.05,1179.48,0.0390447,-0.448867,-0.0647886,m,w
5249,KNOW-NOT,5249,0.977877,1,-47.7982,-234.956,1182.03,0.0317403,-0.450107,-0.0660795,m,w
5250,KNOW-NOT,5250,0.969551,1,-47.5337,-234.873,1181.51,0.0131118,-0.447605,-0.0726151,m,w
5251,KNOW-NOT,5251,0.971348,1,-46.8021,-235.476,1182.67,0.00222523,-0.45048,-0.073852,m,w
5252,KNOW-NOT,5252,0.974021,1,-45.2731,-236.027,1182.35,0.00135539,-0.457983,-0.0651493,m,w
5253,KNOW-NOT,5253,0.973005,1,-44.0209,-237.563,1185.1,-0.00169388,-0.466169,-0.0648516,m,w
5254,KNOW-NOT,5254,0.980743,1,-42.7465,-238.808,1186.16,-0.0105845,-0.468485,-0.0666787,m,w
5255,KNOW-NOT,5255,0.979404,1,-41.1549,-239.265,1184.7,-0.0129786,-0.47813,-0.0681621,m,w
5256,KNOW-NOT,5256,0.97941,1,-39.9665,-239.809,1184.44,-0.0186578,-0.482186,-0.0706322,m,w
5257,KNOW-NOT,5257,0.978988,1,-38.7177,-240.542,1184.76,-0.026292,-0.488428,-0.0749475,m,w
5258,KNOW-NOT,5258,0.975327,1,-37.629,-241.756,1188.18,-0.0299465,-0.493408,-0.0784694,m,w
5259,KNOW-NOT,5259,0.976763,1,-36.9562,-243.209,1192.89,-0.0315916,-0.495664,-0.0832444,m,w
5260,KNOW-NOT,5260,0.978494,1,-36.5897,-243.713,1194.3,-0.0343772,-0.497935,-0.0887004,m,w
5261,KNOW-NOT,5261,0.978631,1,-36.554,-244.1,1195.76,-0.0302918,-0.495775,-0.0903301,m,w
5262,KNOW-NOT,5262,0.9791,1,-36.6477,-244.57,1197.58,-0.0294437,-0.495661,-0.0918072,m,w
5263,KNOW-NOT,5263,0.978173,1,-36.9133,-245.318,1200.9,-0.0293558,-0.492635,-0.0933065,m,w
5264,KNOW-NOT,5264,0.978088,1,-37.183,-245.335,1200.83,-0.0295511,-0.490435,-0.0940817,m,w
5265,KNOW-NOT,5265,0.978467,1,-37.4703,-245.312,1200.6,-0.0297992,-0.490165,-0.0947072,m,w
5266,KNOW-NOT,5266,0.979179,1,-37.7141,-244.713,1198.15,-0.0292112,-0.487825,-0.097342,m,w
5267,KNOW-NOT,5267,0.979283,1,-37.9997,-244.098,1195.98,-0.0288224,-0.487297,-0.0994283,m,w
5268,KNOW-NOT,5268,0.97838,1,-38.2723,-243.729,1195.05,-0.0258041,-0.486928,-0.0991438,m,w
5269,KNOW-NOT,5269,0.977049,1,-38.5977,-243.191,1193.47,-0.0216512,-0.486201,-0.0974492,m,w
5270,KNOW-NOT,5270,0.976643,1,-38.7034,-242.391,1190.71,-0.0192647,-0.485066,-0.0962499,m,w
5271,KNOW-NOT,5271,0.976292,1,-38.6694,-241.591,1187.9,-0.0194347,-0.486356,-0.0955275,m,w
5272,KNOW-NOT,5272,0.975054,1,-38.6462,-241.186,1186.54,-0.0181063,-0.486486,-0.0947145,m,w
5273,KNOW-NOT,5273,0.97415,1,-38.6267,-240.723,1184.75,-0.0159856,-0.486497,-0.0928691,m,w
5274,KNOW-NOT,5274,0.975768,1,-38.6384,-240.512,1184.35,-0.0173694,-0.486228,-0.0916584,m,w
5275,KNOW-NOT,5275,0.976028,1,-38.6478,-240.013,1182.69,-0.0201917,-0.488864,-0.0896626,m,w
5623,KNOW-NOT,5623,0.963448,1,-59.612,-248.651,1214.03,-0.0650834,-0.3786,-0.151863,m,w
5624,KNOW-NOT,5624,0.960526,1,-59.6072,-247.793,1206.68,-0.0802421,-0.374901,-0.158475,m,w
5625,KNOW-NOT,5625,0.963267,1,-59.8702,-248.995,1205.55,-0.103648,-0.36682,-0.159289,m,w
5626,KNOW-NOT,5626,0.962108,1,-59.8413,-251.79,1210.49,-0.125564,-0.35999,-0.157734,m,w
5627,KNOW-NOT,5627,0.961201,1,-60.0195,-254.491,1214.53,-0.143464,-0.357456,-0.16283,m,w
5628,KNOW-NOT,5628,0.964522,1,-59.8038,-256.292,1215.09,-0.163107,-0.350258,-0.169318,m,w
5629,KNOW-NOT,5629,0.965208,1,-60.1155,-257.951,1216.84,-0.171554,-0.347069,-0.175403,m,w
5630,KNOW-NOT,5630,0.963854,1,-60.5471,-259.399,1219.74,-0.182792,-0.337287,-0.179756,m,w
5631,KNOW-NOT,5631,0.962373,1,-60.8142,-259.746,1219.33,-0.178554,-0.334137,-0.181825,m,w
5632,KNOW-NOT,5632,0.962167,1,-61.6038,-260.101,1222.37,-0.171926,-0.325637,-0.179605,m,w
5633,KNOW-NOT,5633,0.960454,1,-62.3126,-260.096,1224.9,-0.164112,-0.320008,-0.17856,m,w
5634,KNOW-NOT,5634,0.962409,1,-62.9695,-259.002,1225.51,-0.148339,-0.317214,-0.172869,m,w
5635,KNOW-NOT,5635,0.961484,1,-63.3119,-256.84,1223.91,-0.131688,-0.319607,-0.166196,m,w
5636,KNOW-NOT,5636,0.960504,1,-63.291,-253.393,1218.83,-0.109734,-0.32216,-0.155447,m,w
5637,KNOW-NOT,5637,0.96113,1,-63.3196,-250.308,1215.87,-0.0838494,-0.329425,-0.14161,m,w
5638,KNOW-NOT,5638,0.960515,1,-62.7521,-246.65,1210.34,-0.058453,-0.341318,-0.126493,m,w
5639,KNOW-NOT,5639,0.958698,1,-62.2607,-243.088,1205.81,-0.0399871,-0.349044,-0.110356,m,w
5640,KNOW-NOT,5640,0.960358,1,-61.5989,-239.348,1199.8,-0.0199467,-0.352404,-0.094479,m,w
5641,KNOW-NOT,5641,0.961191,1,-60.5662,-236.32,1195.94,0.00466307,-0.36213,-0.0820333,m,w
5642,KNOW-NOT,5642,0.961609,1,-60.0099,-233.896,1194.96,0.0280321,-0.361946,-0.0711769,m,w
5643,KNOW-NOT,5643,0.966808,1,-59.3104,-232.292,1193.13,0.0361573,-0.363379,-0.0622181,m,w
5644,KNOW-NOT,5644,0.965188,1,-58.6227,-230.832,1191.33,0.0506723,-0.363542,-0.0553631,m,w
5645,KNOW-NOT,5645,0.965006,1,-57.9433,-229.633,1188.48,0.0536996,-0.364512,-0.050016,m,w
5646,KNOW-NOT,5646,0.967155,1,-57.3641,-229.544,1187.42,0.0503331,-0.366303,-0.0477125,m,w
5647,KNOW-NOT,5647,0.968491,1,-56.8402,-229.847,1187.72,0.0473972,-0.366753,-0.0461312,m,w
5648,KNOW-NOT,5648,0.967528,1,-56.6135,-230.615,1188.59,0.0382621,-0.366734,-0.0470981,m,w
5649,KNOW-NOT,5649,0.969844,1,-56.4381,-231.631,1190.45,0.0296716,-0.367762,-0.0505836,m,w
5650,KNOW-NOT,5650,0.968751,1,-56.3414,-232.518,1190.63,0.0217059,-0.371128,-0.0538988,m,w
5651,KNOW-NOT,5651,0.969148,1,-56.471,-233.272,1189.33,0.012797,-0.373531,-0.0566134,m,w
5652,KNOW-NOT,5652,0.968513,1,-56.5426,-233.872,1188.07,0.00314268,-0.372873,-0.061384,m,w
5653,KNOW-NOT,5653,0.969363,1,-56.9985,-235.073,1188.12,-0.00813945,-0.372849,-0.0661955,m,w
5654,KNOW-NOT,5654,0.971605,1,-57.1828,-235.578,1185.33,-0.0237229,-0.373412,-0.0719981,m,w
5655,KNOW-NOT,5655,0.97159,1,-57.7211,-236.395,1186.18,-0.0353182,-0.373809,-0.0772983,m,w
5656,KNOW-NOT,5656,0.972253,1,-58.3021,-236.932,1186.95,-0.0413406,-0.369798,-0.0798683,m,w
5657,KNOW-NOT,5657,0.971116,1,-58.8204,-236.7,1186.64,-0.0314387,-0.367832,-0.0808846,m,w
5658,KNOW-NOT,5658,0.973558,1,-59.3453,-236.487,1188.09,-0.0240307,-0.361606,-0.0801995,m,w
5659,KNOW-NOT,5659,0.974617,1,-59.5758,-235.921,1188.16,-0.0139408,-0.362434,-0.0792479,m,w
5660,KNOW-NOT,5660,0.971929,1,-59.9263,-235.018,1188.26,-0.000409981,-0.35971,-0.0758161,m,w
5661,KNOW-NOT,5661,0.974635,1,-60.0307,-233.935,1187.28,0.00999902,-0.35933,-0.0709967,m,w
5662,KNOW-NOT,5662,0.973143,1,-59.9424,-232.694,1185.87,0.0198907,-0.355481,-0.064696,m,w
5663,KNOW-NOT,5663,0.975135,1,-59.7689,-232.069,1186.37,0.0260624,-0.355263,-0.0605086,m,w
5664,KNOW-NOT,5664,0.976342,1,-59.3323,-231.374,1185.18,0.031134,-0.35838,-0.0559033,m,w
5665,KNOW-NOT,5665,0.975971,1,-58.9978,-231.065,1185.26,0.0355497,-0.360557,-0.0539933,m,w
5666,KNOW-NOT,5666,0.977045,1,-58.7385,-231.406,1185.56,0.0293421,-0.360985,-0.0548733,m,w
5667,KNOW-NOT,5667,0.977495,1,-58.5854,-231.847,1186.11,0.0209292,-0.359589,-0.0570485,m,w
5668,KNOW-NOT,5668,0.977039,1,-58.4073,-232.305,1184.8,0.0106604,-0.360649,-0.0601459,m,w
5669,KNOW-NOT,5669,0.975731,1,-58.4336,-233.015,1183.8,0.00200781,-0.356715,-0.0623533,m,w
5670,KNOW-NOT,5670,0.973939,1,-58.6899,-234.228,1185.68,-0.0125044,-0.355587,-0.0678256,m,w
5671,KNOW-NOT,5671,0.975143,1,-59.1855,-235.189,1185.46,-0.0228569,-0.355633,-0.0708825,m,w
5672,KNOW-NOT,5672,0.975154,1,-59.812,-236.416,1186.85,-0.037304,-0.350879,-0.0726356,m,w
5673,KNOW-NOT,5673,0.975311,1,-60.3801,-236.951,1186.51,-0.0390096,-0.348251,-0.0730148,m,w
5674,KNOW-NOT,5674,0.975907,1,-61.0062,-237.651,1187.21,-0.0413633,-0.347604,-0.0748984,m,w
5675,KNOW-NOT,5675,0.977204,1,-61.5823,-238.105,1188.96,-0.042171,-0.345994,-0.0764128,m,w
5676,KNOW-NOT,5676,0.977237,1,-61.8176,-238.037,1188.5,-0.0421554,-0.343563,-0.0767681,m,w
5677,KNOW-NOT,5677,0.975282,1,-62.0828,-237.958,1188.18,-0.0418055,-0.341298,-0.0773207,m,w
5678,KNOW-NOT,5678,0.974319,1,-62.0579,-237.684,1188.14,-0.0382425,-0.342674,-0.0776792,m,w
5679,KNOW-NOT,5679,0.973287,1,-62.0124,-237.345,1188.09,-0.0306004,-0.3446,-0.0763315,m,w
5680,KNOW-NOT,5680,0.972379,1,-61.8329,-236.392,1187.29,-0.0180219,-0.345564,-0.0721242,m,w
5681,KNOW-NOT,5681,0.971908,1,-61.4857,-235.58,1186.39,-0.0138736,-0.347649,-0.0696741,m,w
5682,KNOW-NOT,5682,0.971588,1,-61.2752,-235.113,1186.62,-0.00966792,-0.345433,-0.0676081,m,w
5683,KNOW-NOT,5683,0.970442,1,-60.9063,-234.364,1185.33,-0.00530148,-0.346695,-0.0669332,m,w
5684,KNOW-NOT,5684,0.966868,1,-60.5785,-234.257,1185.06,-0.00700293,-0.346941,-0.0680241,m,w
5685,KNOW-NOT,5685,0.965777,1,-60.242,-233.961,1183.58,-0.00755159,-0.345791,-0.0687925,m,w
5686,KNOW-NOT,5686,0.966504,1,-60.2002,-233.952,1183.32,-0.00887082,-0.344757,-0.068555,m,w
5687,KNOW-NOT,5687,0.968562,1,-60.1527,-233.949,1182.71,-0.0116149,-0.343412,-0.0675262,m,w
5688,KNOW-NOT,5688,0.969533,1,-60.2297,-234.556,1183.94,-0.0168507,-0.34322,-0.0673578,m,w
5689,KNOW-NOT,5689,0.968214,1,-60.2738,-235.019,1184.62,-0.0204641,-0.343733,-0.0673795,m,w
5690,KNOW-NOT,5690,0.96827,1,-60.3823,-235.515,1185.42,-0.0224442,-0.343852,-0.0676013,m,w
5691,KNOW-NOT,5691,0.968494,1,-60.7319,-236.196,1187.19,-0.0257175,-0.342901,-0.0688966,m,w
5692,KNOW-NOT,5692,0.967784,1,-60.8656,-236.438,1187.21,-0.0296904,-0.34533,-0.070258,m,w
5693,KNOW-NOT,5693,0.967056,1,-61.0326,-236.822,1187.79,-0.0302305,-0.346652,-0.0706514,m,w
5694,KNOW-NOT,5694,0.968854,1,-61.0609,-236.765,1187.4,-0.0299899,-0.346469,-0.0707173,m,w
5695,KNOW-NOT,5695,0.969582,1,-61.0783,-236.728,1187.16,-0.0298889,-0.346221,-0.0707766,m,w
5696,KNOW-NOT,5696,0.969895,1,-61.1171,-236.771,1187.33,-0.0290143,-0.347294,-0.0705872,m,w
5697,KNOW-NOT,5697,0.970135,1,-61.1253,-236.768,1187.3,-0.0286169,-0.347267,-0.0704091,m,w
5698,KNOW-NOT,5698,0.970801,1,-60.9793,-236.585,1186.39,-0.0268574,-0.348236,-0.0689901,m,w
5699,KNOW-NOT,5699,0.971747,1,-60.9036,-236.572,1186.3,-0.0254963,-0.349175,-0.0683587,m,w
5700,KNOW-NOT,5700,0.972883,1,-60.4748,-236.556,1186.07,-0.0225545,-0.350812,-0.0658482,m,w
5701,KNOW-NOT,5701,0.972594,1,-60.1551,-236.518,1185.92,-0.0220402,-0.351521,-0.0652653,m,w
5702,KNOW-NOT,5702,0.972598,1,-59.9002,-236.565,1186.34,-0.0209481,-0.353888,-0.0645164,m,w
5703,KNOW-NOT,5703,0.971502,1,-59.6375,-236.618,1186.73,-0.0200686,-0.356103,-0.0638858,m,w
5704,KNOW-NOT,5704,0.973173,1,-59.5699,-236.59,1186.73,-0.0189862,-0.355504,-0.0632774,m,w
5705,KNOW-NOT,5705,0.973149,1,-59.243,-236.48,1186.29,-0.0180853,-0.355622,-0.0630061,m,w
5706,KNOW-NOT,5706,0.97245,1,-59.1674,-236.41,1186.27,-0.0170469,-0.356481,-0.0626219,m,w
5707,KNOW-NOT,5707,0.972533,1,-59.0585,-236.519,1187.54,-0.0162426,-0.358017,-0.0604539,m,w
5708,KNOW-NOT,5708,0.972884,1,-58.9885,-236.258,1187.34,-0.0119446,-0.359364,-0.0601077,m,w
5709,KNOW-NOT,5709,0.972755,1,-58.7704,-235.784,1186.1,-0.00899579,-0.363183,-0.0614036,m,w
5710,KNOW-NOT,5710,0.974511,1,-58.5455,-235.784,1187.05,-0.00466261,-0.365555,-0.0603156,m,w
5711,KNOW-NOT,5711,0.976768,1,-58.3461,-235.75,1187.68,0.000205048,-0.369151,-0.0587389,m,w
5712,KNOW-NOT,5712,0.977051,1,-58.2274,-235.648,1187.35,0.000773425,-0.369457,-0.0590852,m,w
5713,KNOW-NOT,5713,0.976087,1,-57.8623,-235.581,1187.17,0.00088938,-0.369653,-0.0592965,m,w
5714,KNOW-NOT,5714,0.97589,1,-57.4972,-235.28,1186.71,0.00357262,-0.370789,-0.0604075,m,w
5715,KNOW-NOT,5715,0.97517,1,-57.1475,-235.015,1186.32,0.00662239,-0.372459,-0.0616808,m,w
5716,KNOW-NOT,5716,0.976157,1,-56.8012,-234.944,1186.11,0.00662612,-0.373344,-0.0619107,m,w
5717,KNOW-NOT,5717,0.974667,1,-56.4896,-234.701,1186,0.00655412,-0.372867,-0.0609889,m,w
5939,KNOW-NOT,5939,0.970163,1,-52.204,-231.163,1185.58,0.0397887,-0.408243,-0.0798087,m,w
5940,KNOW-NOT,5940,0.970892,1,-52.2019,-231.136,1185.38,0.0402129,-0.408363,-0.0797836,m,w
5941,KNOW-NOT,5941,0.971607,1,-52.1951,-231.097,1185.1,0.0406004,-0.408413,-0.0798664,m,w
5942,KNOW-NOT,5942,0.972615,1,-52.2202,-231.333,1185.68,0.0370789,-0.408478,-0.0805498,m,w
5943,KNOW-NOT,5943,0.971852,1,-52.191,-231.092,1184.97,0.0406487,-0.408812,-0.0799743,m,w
5944,KNOW-NOT,5944,0.971496,1,-52.1972,-231.089,1184.94,0.0412328,-0.409086,-0.0800347,m,w
5945,KNOW-NOT,5945,0.971188,1,-52.2214,-231.123,1185.1,0.0418614,-0.409782,-0.0800335,m,w
5946,KNOW-NOT,5946,0.971691,1,-52.2749,-231.205,1185.59,0.041987,-0.409845,-0.0802061,m,w
5947,KNOW-NOT,5947,0.971818,1,-52.3365,-231.299,1186.16,0.0419814,-0.409402,-0.0803618,m,w
5948,KNOW-NOT,5948,0.972387,1,-52.5205,-231.185,1186.43,0.045085,-0.405877,-0.0811334,m,w
5949,KNOW-NOT,5949,0.972774,1,-52.6027,-230.849,1185.52,0.0473212,-0.404258,-0.082207,m,w
5950,KNOW-NOT,5950,0.973016,1,-52.635,-230.792,1185.37,0.0473343,-0.404279,-0.0822002,m,w
5951,KNOW-NOT,5951,0.972813,1,-52.6557,-230.726,1185.12,0.0475166,-0.404691,-0.0821548,m,w
5952,KNOW-NOT,5952,0.972861,1,-52.6924,-230.718,1185.14,0.0474489,-0.405096,-0.0820143,m,w
5953,KNOW-NOT,5953,0.972721,1,-52.7184,-230.712,1185.14,0.0474197,-0.405485,-0.0819279,m,w
5954,KNOW-NOT,5954,0.973348,1,-52.7201,-230.721,1185.15,0.0469736,-0.40564,-0.0818946,m,w
5955,KNOW-NOT,5955,0.97334,1,-52.7105,-230.741,1185.17,0.0463421,-0.406016,-0.0818889,m,w
5956,KNOW-NOT,5956,0.97374,1,-52.6298,-230.732,1185.01,0.0466891,-0.407448,-0.0810826,m,w
5957,KNOW-NOT,5957,0.974145,1,-52.5695,-230.744,1184.99,0.0472941,-0.407745,-0.0802543,m,w
5958,KNOW-NOT,5958,0.975073,1,-52.588,-230.872,1185.54,0.0481067,-0.407933,-0.0794977,m,w
5959,KNOW-NOT,5959,0.97632,1,-52.6554,-231.063,1186.39,0.0493586,-0.408321,-0.078733,m,w
5960,KNOW-NOT,5960,0.975621,1,-52.7983,-231.19,1186.97,0.0510648,-0.406716,-0.0776163,m,w
5961,KNOW-NOT,5961,0.975065,1,-52.8419,-231.151,1186.72,0.0516022,-0.407123,-0.077571,m,w
5962,KNOW-NOT,5962,0.975417,1,-53.1857,-231.446,1187.6,0.0493786,-0.407491,-0.0780522,m,w
5963,KNOW-NOT,5963,0.975602,1,-53.4713,-231.757,1188.58,0.0453207,-0.411064,-0.0799212,m,w
5964,KNOW-NOT,5964,0.975681,1,-54.0168,-231.847,1189.04,0.044405,-0.407215,-0.0802787,m,w
5965,KNOW-NOT,5965,0.974851,1,-54.4324,-231.748,1188.51,0.0435573,-0.402549,-0.0811579,m,w
5966,KNOW-NOT,5966,0.974896,1,-54.7626,-231.834,1188.81,0.0427644,-0.401973,-0.0815669,m,w
5967,KNOW-NOT,5967,0.975108,1,-55.1458,-232.386,1191.03,0.0438256,-0.398453,-0.0823074,m,w
5968,KNOW-NOT,5968,0.974114,1,-55.3837,-232.317,1190.24,0.0458873,-0.396387,-0.0836803,m,w
5969,KNOW-NOT,5969,0.97346,1,-55.5915,-232.246,1189.59,0.0458522,-0.394154,-0.0848979,m,w
5970,KNOW-NOT,5970,0.975036,1,-55.6245,-232.172,1189.11,0.0458328,-0.394005,-0.0852133,m,w
5971,KNOW-NOT,5971,0.975844,1,-55.6622,-232.08,1188.61,0.0461112,-0.393991,-0.0854481,m,w
5972,KNOW-NOT,5972,0.976672,1,-55.6772,-231.946,1187.95,0.0461517,-0.393899,-0.0854655,m,w
5973,KNOW-NOT,5973,0.977425,1,-55.626,-231.589,1186.37,0.0455411,-0.393713,-0.0855644,m,w
5974,KNOW-NOT,5974,0.978962,1,-55.372,-231.191,1184.25,0.0463945,-0.394941,-0.0827942,m,w
5975,KNOW-NOT,5975,0.980961,1,-55.1593,-231.023,1183.15,0.0476696,-0.395209,-0.0797099,m,w
5976,KNOW-NOT,5976,0.981947,1,-54.5377,-230.397,1179.71,0.0468476,-0.399797,-0.0772722,m,w
5977,KNOW-NOT,5977,0.980372,1,-54.2496,-229.946,1177.24,0.0506176,-0.401553,-0.0719394,m,w
5978,KNOW-NOT,5978,0.982396,1,-53.7395,-229.247,1174.84,0.0546289,-0.404674,-0.0668548,m,w
5979,KNOW-NOT,5979,0.983954,1,-53.1572,-228.253,1171.45,0.0614743,-0.409362,-0.0607389,m,w
5980,KNOW-NOT,5980,0.982704,1,-52.7824,-226.884,1168.47,0.0759305,-0.411375,-0.0517658,m,w
5981,KNOW-NOT,5981,0.983889,1,-51.961,-225.595,1165.39,0.0913651,-0.418396,-0.0467446,m,w
5982,KNOW-NOT,5982,0.981727,1,-50.8446,-224.243,1162.15,0.108385,-0.427504,-0.0389199,m,w
5983,KNOW-NOT,5983,0.982804,1,-49.861,-224.007,1163.48,0.11681,-0.432863,-0.0338911,m,w
5984,KNOW-NOT,5984,0.982904,1,-48.7805,-223.843,1165.47,0.127743,-0.440178,-0.0304753,m,w
5985,KNOW-NOT,5985,0.980647,1,-47.8052,-223.643,1168.03,0.139562,-0.443905,-0.0267228,m,w
5986,KNOW-NOT,5986,0.980141,1,-47.6684,-223.614,1171.21,0.148253,-0.436934,-0.0241421,m,w
5987,KNOW-NOT,5987,0.980477,1,-47.5289,-223.294,1172.72,0.154452,-0.431976,-0.0207342,m,w
5988,KNOW-NOT,5988,0.979543,1,-48.8485,-222.11,1172.01,0.167667,-0.413899,-0.0162166,m,w
5989,KNOW-NOT,5989,0.979167,1,-50.2988,-220.758,1170.43,0.176687,-0.399475,-0.0114931,m,w
5990,KNOW-NOT,5990,0.978592,1,-51.9389,-219.881,1169.56,0.179057,-0.379498,-0.0119365,m,w
5991,KNOW-NOT,5991,0.977813,1,-54.1129,-219.301,1169.18,0.181545,-0.363421,-0.0152102,m,w
5992,KNOW-NOT,5992,0.964011,1,-56.9955,-218.83,1167.45,0.17243,-0.331801,-0.0299367,m,w
5993,KNOW-NOT,5993,0.962955,1,-60.9968,-219.028,1165.71,0.156836,-0.299772,-0.0475121,m,w
5994,KNOW-NOT,5994,0.967289,1,-65.4796,-219.449,1162.17,0.134616,-0.25638,-0.067613,m,w
5995,KNOW-NOT,5995,0.970606,1,-70.2459,-219.599,1159.44,0.123062,-0.210761,-0.0854821,m,w
5996,KNOW-NOT,5996,0.978512,1,-74.9508,-218.833,1152.67,0.109369,-0.157299,-0.101828,m,w
5997,KNOW-NOT,5997,0.980809,1,-81.5239,-218.995,1152.85,0.109674,-0.118586,-0.0903303,m,w
5998,KNOW-NOT,5998,0.984313,1,-87.8296,-218.465,1151.43,0.104191,-0.07355,-0.0868372,m,w
5999,KNOW-NOT,5999,0.985163,1,-93.8909,-217.845,1151.57,0.0982652,-0.0217013,-0.0888091,m,w
6000,KNOW-NOT,6000,0.985368,1,-98.8996,-217.176,1149.33,0.0973959,0.0242867,-0.0927771,m,w
6001,KNOW-NOT,6001,0.984227,1,-103.103,-216.176,1146.56,0.106133,0.0589049,-0.0960649,m,w
6002,KNOW-NOT,6002,0.986606,1,-105.542,-215.646,1145.99,0.116535,0.0666806,-0.0922284,m,w
6003,KNOW-NOT,6003,0.986546,1,-106.179,-215.625,1148.79,0.122364,0.048805,-0.0880852,m,w
6004,KNOW-NOT,6004,0.983665,1,-105.993,-216.011,1155.69,0.127043,0.0191776,-0.0776223,m,w
6005,KNOW-NOT,6005,0.97749,1,-104.287,-216.643,1164.73,0.130579,-0.0358579,-0.0630873,m,w
6006,KNOW-NOT,6006,0.974612,1,-100.832,-216.68,1168.78,0.143755,-0.102557,-0.0485245,m,w
6007,KNOW-NOT,6007,0.971143,1,-95.9098,-215.233,1162.48,0.145506,-0.154277,-0.0325184,m,w
6008,KNOW-NOT,6008,0.975399,1,-91.1356,-214.776,1160.58,0.147105,-0.196059,-0.0108915,m,w
6009,KNOW-NOT,6009,0.979589,1,-85.7268,-214.495,1159.03,0.142671,-0.237246,-0.0236555,m,w
6010,KNOW-NOT,6010,0.978271,1,-81.7844,-215.053,1160.25,0.140109,-0.269623,-0.0284787,m,w
6011,KNOW-NOT,6011,0.974224,1,-78.389,-215.843,1159.11,0.132696,-0.297065,-0.0315547,m,w
6012,KNOW-NOT,6012,0.97891,1,-75.5652,-217.649,1160.24,0.125945,-0.326284,-0.0319583,m,w
6013,KNOW-NOT,6013,0.978318,1,-72.8831,-219.608,1158.56,0.105404,-0.341864,-0.0382525,m,w
6014,KNOW-NOT,6014,0.981582,1,-71.2262,-222.518,1161.55,0.0837819,-0.355343,-0.0464878,m,w
6015,KNOW-NOT,6015,0.981731,1,-69.0307,-224.529,1159.22,0.0653099,-0.361853,-0.0543489,m,w
6016,KNOW-NOT,6016,0.984138,1,-66.9526,-226.215,1160.83,0.0581016,-0.363158,-0.0571923,m,w
6017,KNOW-NOT,6017,0.982338,1,-64.5406,-226.494,1158.94,0.0594243,-0.37483,-0.0608675,m,w
6018,KNOW-NOT,6018,0.983511,1,-61.9058,-225.636,1158.14,0.07578,-0.38135,-0.0569348,m,w
6019,KNOW-NOT,6019,0.983969,1,-58.3816,-223.86,1155.75,0.0931863,-0.387891,-0.0499911,m,w
6020,KNOW-NOT,6020,0.983919,1,-54.5928,-222.29,1154.13,0.115721,-0.397702,-0.0408663,m,w
6021,KNOW-NOT,6021,0.98268,1,-50.6833,-221.096,1153.56,0.122646,-0.40005,-0.0353872,m,w
6022,KNOW-NOT,6022,0.982178,1,-46.9138,-221.018,1155.33,0.122146,-0.399522,-0.031209,m,w
6023,KNOW-NOT,6023,0.982375,1,-43.1856,-220.989,1154.82,0.122752,-0.401141,-0.0325062,m,w
6024,KNOW-NOT,6024,0.983438,1,-39.8186,-221.491,1153.89,0.112471,-0.399054,-0.0387516,m,w
6025,KNOW-NOT,6025,0.982756,1,-37.2893,-222.277,1152.9,0.095007,-0.393859,-0.0527004,m,w
6026,KNOW-NOT,6026,0.98681,1,-35.3556,-223.697,1153.39,0.0816326,-0.384411,-0.0618906,m,w
6027,KNOW-NOT,6027,0.985399,1,-33.6883,-224.539,1152.22,0.0732557,-0.378302,-0.0695594,m,w
6028,KNOW-NOT,6028,0.983859,1,-32.4705,-225.376,1153.24,0.0726579,-0.373455,-0.0724054,m,w
6029,KNOW-NOT,6029,0.983689,1,-31.263,-225.83,1153.59,0.0754619,-0.374248,-0.0701963,m,w
6030,KNOW-NOT,6030,0.982002,1,-30.7871,-225.239,1151.56,0.0784816,-0.372686,-0.0699447,m,w
6031,KNOW-NOT,6031,0.981997,1,-31.1081,-225.421,1152.65,0.0788046,-0.371872,-0.0698881,m,w
6032,KNOW-NOT,6032,0.981168,1,-33.2266,-226.463,1157.91,0.0801695,-0.358024,-0.0694542,m,w
6033,KNOW-NOT,6033,0.962222,1,-38.8422,-227.891,1162.16,0.0535129,-0.316695,-0.083128,m,w
3614,KNOW-NOT,3614,0.986432,1,-69.0447,-255.729,1467.9,-0.0338186,0.47962,0.201999,w,w
3615,KNOW-NOT,3615,0.985188,1,-69.092,-255.421,1467.97,-0.0325226,0.478097,0.201298,w,w
3616,KNOW-NOT,3616,0.984663,1,-69.1792,-255.262,1468.19,-0.028773,0.478414,0.199758,w,w
3617,KNOW-NOT,3617,0.982997,1,-69.2258,-255.121,1467.68,-0.0273109,0.479048,0.19931,w,w
3618,KNOW-NOT,3618,0.984304,1,-69.2638,-254.986,1467.01,-0.0266678,0.479495,0.198832,w,w
3619,KNOW-NOT,3619,0.985044,1,-69.2931,-254.832,1466.14,-0.026641,0.480006,0.198467,w,w
3620,KNOW-NOT,3620,0.985592,1,-69.5039,-254.619,1464.67,-0.0251894,0.482246,0.196291,w,w
3621,KNOW-NOT,3621,0.985416,1,-69.7158,-254.493,1463.64,-0.0231153,0.483537,0.193857,w,w
3622,KNOW-NOT,3622,0.984976,1,-70.0079,-254.435,1463.26,-0.022862,0.484068,0.193309,w,w
3623,KNOW-NOT,3623,0.983864,1,-70.3315,-254.326,1462.61,-0.0224952,0.483649,0.192852,w,w
3624,KNOW-NOT,3624,0.984064,1,-70.7943,-254.196,1462.21,-0.0224419,0.481643,0.190106,w,w
3625,KNOW-NOT,3625,0.983985,1,-71.1462,-254.175,1462.06,-0.0221938,0.481754,0.189368,w,w
3626,KNOW-NOT,3626,0.983271,1,-71.6032,-254.025,1461.86,-0.021758,0.482251,0.186215,w,w
3627,KNOW-NOT,3627,0.981347,1,-71.9161,-254.009,1461.76,-0.0223265,0.483195,0.185976,w,w
3628,KNOW-NOT,3628,0.981553,1,-72.273,-254.063,1462.79,-0.0228984,0.485018,0.183978,w,w
3629,KNOW-NOT,3629,0.981508,1,-72.5259,-254.026,1462.98,-0.0248526,0.486598,0.182358,w,w
3630,KNOW-NOT,3630,0.981418,1,-72.6025,-253.91,1462.75,-0.0233244,0.486828,0.18193,w,w
3631,KNOW-NOT,3631,0.982333,1,-72.8323,-253.579,1461.88,-0.0211843,0.488685,0.180456,w,w
3632,KNOW-NOT,3632,0.983068,1,-72.9368,-253.392,1462.25,-0.021253,0.488988,0.180406,w,w
3633,KNOW-NOT,3633,0.983635,1,-73.1152,-253.308,1463.08,-0.0188219,0.48968,0.18002,w,w
3634,KNOW-NOT,3634,0.983204,1,-73.4393,-253.36,1464.4,-0.0170892,0.489932,0.178104,w,w
3635,KNOW-NOT,3635,0.981956,1,-73.5102,-253.304,1464.49,-0.0160652,0.490498,0.177957,w,w
3636,KNOW-NOT,3636,0.984595,1,-73.8143,-253.035,1463.91,-0.0165646,0.490824,0.178045,w,w
3637,KNOW-NOT,3637,0.98452,1,-73.8821,-253.103,1464.32,-0.0169404,0.490809,0.177767,w,w
3638,KNOW-NOT,3638,0.984604,1,-74.1594,-253.174,1464.63,-0.0179255,0.492277,0.177344,w,w
3639,KNOW-NOT,3639,0.983907,1,-74.4267,-253.176,1464.81,-0.0201151,0.491882,0.17564,w,w
3640,KNOW-NOT,3640,0.984939,1,-74.5966,-253.263,1464.64,-0.0179568,0.491275,0.172406,w,w
3641,KNOW-NOT,3641,0.985601,1,-74.6551,-253.352,1464.82,-0.0183171,0.490953,0.171895,w,w
3642,KNOW-NOT,3642,0.985274,1,-74.7948,-253.402,1464.53,-0.0160537,0.49046,0.168679,w,w
3643,KNOW-NOT,3643,0.985204,1,-74.8329,-253.413,1464.37,-0.0153616,0.490571,0.167928,w,w
3644,KNOW-NOT,3644,0.984058,1,-74.902,-253.455,1464.41,-0.0149191,0.490976,0.167201,w,w
3645,KNOW-NOT,3645,0.983947,1,-74.9912,-253.516,1464.6,-0.0145359,0.491256,0.166505,w,w
3646,KNOW-NOT,3646,0.98376,1,-75.2863,-253.57,1464.63,-0.0150832,0.491908,0.166537,w,w
3647,KNOW-NOT,3647,0.983277,1,-75.5484,-253.545,1464.28,-0.016094,0.49254,0.167115,w,w
3648,KNOW-NOT,3648,0.983559,1,-75.5661,-253.498,1464.02,-0.0170265,0.492607,0.167585,w,w
3649,KNOW-NOT,3649,0.983795,1,-75.5788,-253.431,1463.61,-0.0179212,0.49271,0.167809,w,w
3650,KNOW-NOT,3650,0.983835,1,-75.5935,-253.389,1463.38,-0.0187068,0.492225,0.168224,w,w
3651,KNOW-NOT,3651,0.983706,1,-75.6148,-253.366,1463.25,-0.0194244,0.492104,0.168461,w,w
3652,KNOW-NOT,3652,0.983871,1,-75.6389,-253.381,1463.35,-0.0195106,0.491992,0.168664,w,w
3653,KNOW-NOT,3653,0.983264,1,-75.6557,-253.397,1463.5,-0.0197619,0.492082,0.168861,w,w
3654,KNOW-NOT,3654,0.983794,1,-75.6843,-253.433,1463.7,-0.019474,0.492192,0.168604,w,w
3655,KNOW-NOT,3655,0.983868,1,-75.7002,-253.441,1463.72,-0.0192003,0.492353,0.168392,w,w
3656,KNOW-NOT,3656,0.984548,1,-75.6152,-253.461,1462.7,-0.0226259,0.492199,0.169234,w,w
3657,KNOW-NOT,3657,0.984085,1,-75.5552,-253.736,1462.94,-0.0245808,0.491729,0.168916,w,w
3658,KNOW-NOT,3658,0.984396,1,-75.4834,-253.857,1463.32,-0.0248924,0.491125,0.169285,w,w
3659,KNOW-NOT,3659,0.984127,1,-75.1865,-254.054,1463.49,-0.0253022,0.488976,0.171892,w,w
3660,KNOW-NOT,3660,0.983923,1,-75.1383,-254.074,1463.46,-0.0246773,0.489475,0.172211,w,w
3661,KNOW-NOT,3661,0.98451,1,-75.0601,-254.062,1463.18,-0.0224181,0.490243,0.172471,w,w
3662,KNOW-NOT,3662,0.984188,1,-75.008,-254.099,1463.41,-0.0221665,0.490269,0.172693,w,w
3663,KNOW-NOT,3663,0.984533,1,-74.9671,-254.072,1463.27,-0.0215922,0.490304,0.172753,w,w
16764,KNOW-NOT,16764,0.989463,1,-83.5431,-274.456,1459.46,0.0471465,0.492721,-0.107828,w,w
16765,KNOW-NOT,16765,0.989865,1,-83.5243,-274.507,1459.61,0.0471711,0.492093,-0.108012,w,w
16766,KNOW-NOT,16766,0.988761,1,-83.5308,-274.396,1458.92,0.0477527,0.492191,-0.108593,w,w
16767,KNOW-NOT,16767,0.988827,1,-83.5572,-274.2,1457.92,0.0493825,0.491233,-0.11044,w,w
16768,KNOW-NOT,16768,0.988909,1,-83.5905,-274.116,1457.21,0.0498333,0.490812,-0.110748,w,w
16769,KNOW-NOT,16769,0.988547,1,-83.8697,-274.15,1457.18,0.0492102,0.490463,-0.110813,w,w
16770,KNOW-NOT,16770,0.987515,1,-83.9579,-274.202,1457.25,0.0494313,0.490907,-0.111173,w,w
16771,KNOW-NOT,16771,0.986396,1,-84.1463,-274.341,1457.96,0.0509484,0.491983,-0.112946,w,w
16772,KNOW-NOT,16772,0.98699,1,-84.3391,-274.311,1457.79,0.0527481,0.490553,-0.114839,w,w
16773,KNOW-NOT,16773,0.986974,1,-84.38,-274.29,1457.63,0.0531659,0.490729,-0.115231,w,w
16774,KNOW-NOT,16774,0.986716,1,-84.441,-274.263,1457.63,0.0536182,0.490823,-0.115433,w,w
16775,KNOW-NOT,16775,0.986759,1,-84.5141,-274.233,1457.7,0.0541259,0.490757,-0.115377,w,w
16776,KNOW-NOT,16776,0.987232,1,-84.5742,-274.183,1457.57,0.0549644,0.490117,-0.115462,w,w
16777,KNOW-NOT,16777,0.987305,1,-84.6478,-274.044,1456.98,0.0554024,0.487464,-0.115718,w,w
16778,KNOW-NOT,16778,0.98697,1,-84.7143,-274.053,1457.09,0.0561219,0.48828,-0.115802,w,w
16779,KNOW-NOT,16779,0.987255,1,-84.7847,-274.092,1457.35,0.0566712,0.488938,-0.115948,w,w
16780,KNOW-NOT,16780,0.986082,1,-84.8245,-274.071,1457.46,0.0578278,0.489783,-0.116227,w,w
16781,KNOW-NOT,16781,0.98593,1,-84.8548,-274.049,1457.5,0.0583906,0.490357,-0.116288,w,w
16782,KNOW-NOT,16782,0.986222,1,-84.9051,-274.097,1458.03,0.0592768,0.49074,-0.116575,w,w
16783,KNOW-NOT,16783,0.984463,1,-85.3149,-275.855,1471.17,0.043778,0.487582,-0.109372,w,w
16784,KNOW-NOT,16784,0.983985,1,-85.3353,-276.122,1473.71,0.0317547,0.485761,-0.105351,w,w
16785,KNOW-NOT,16785,0.987534,1,-85.5401,-275.844,1464.36,0.0286778,0.490152,-0.103286,w,w
16786,KNOW-NOT,16786,0.990211,1,-85.7892,-276.237,1456.41,0.022786,0.493881,-0.0963287,w,w
16787,KNOW-NOT,16787,0.987512,1,-86.1088,-277.669,1458.29,0.020237,0.492451,-0.0948261,w,w
16788,KNOW-NOT,16788,0.987566,1,-85.8432,-277.923,1461.58,0.0306588,0.4926,-0.0954177,w,w
16789,KNOW-NOT,16789,0.986916,1,-85.245,-276.207,1461.3,0.056275,0.489217,-0.108564,w,w
16790,KNOW-NOT,16790,0.985368,1,-84.8429,-274.661,1460.2,0.0716211,0.490685,-0.116241,w,w
16791,KNOW-NOT,16791,0.986187,1,-85.0918,-274.253,1458.64,0.0676254,0.487125,-0.116079,w,w
16792,KNOW-NOT,16792,0.987988,1,-85.4985,-274.971,1455.5,0.0458766,0.489776,-0.104514,w,w
16793,KNOW-NOT,16793,0.988942,1,-85.7053,-275.79,1454.74,0.0318201,0.491265,-0.0982885,w,w
16794,KNOW-NOT,16794,0.987773,1,-85.4599,-276.446,1458.94,0.0392903,0.490511,-0.0999511,w,w
16795,KNOW-NOT,16795,0.987467,1,-84.9249,-275.799,1461.49,0.0597732,0.48661,-0.108559,w,w
16796,KNOW-NOT,16796,0.986564,1,-84.3702,-274.247,1458.13,0.0666393,0.487006,-0.112402,w,w
16797,KNOW-NOT,16797,0.988234,1,-84.4831,-273.968,1455.44,0.0577846,0.484815,-0.107992,w,w
16798,KNOW-NOT,16798,0.987626,1,-85.0042,-275.49,1456.44,0.0332935,0.486154,-0.0974683,w,w
16799,KNOW-NOT,16799,0.987201,1,-85.4205,-277.804,1467.5,0.0187429,0.485801,-0.087025,w,w
16800,KNOW-NOT,16800,0.981872,1,-85.3569,-278.756,1480.43,0.00503184,0.484343,-0.0793735,w,w
16801,KNOW-NOT,16801,0.984614,1,-84.3354,-277.147,1480.75,0.0177353,0.4814,-0.087622,w,w
16802,KNOW-NOT,16802,0.985494,1,-83.4437,-274.493,1467.29,0.0337604,0.47776,-0.0924532,w,w
16803,KNOW-NOT,16803,0.989773,1,-83.5289,-274.699,1461.85,0.0268466,0.476654,-0.0924449,w,w
16804,KNOW-NOT,16804,0.990682,1,-83.989,-275.292,1456.73,0.021386,0.482677,-0.089587,w,w
16805,KNOW-NOT,16805,0.990601,1,-84.324,-276.166,1457.11,0.0199718,0.485824,-0.08972,w,w
16806,KNOW-NOT,16806,0.988733,1,-84.3475,-275.872,1457.55,0.0307894,0.485769,-0.094999,w,w
16807,KNOW-NOT,16807,0.986843,1,-83.9881,-274.842,1457.8,0.0469755,0.484125,-0.104986,w,w
16808,KNOW-NOT,16808,0.986767,1,-83.8164,-273.874,1456.4,0.0534555,0.483521,-0.106877,w,w
16809,KNOW-NOT,16809,0.988425,1,-83.9194,-274.282,1456.14,0.0462227,0.480233,-0.105421,w,w
16810,KNOW-NOT,16810,0.990122,1,-84.118,-275.007,1453.75,0.0282239,0.481293,-0.0951737,w,w
16811,KNOW-NOT,16811,0.988872,1,-84.2649,-276.081,1455.2,0.02552,0.482305,-0.0915003,w,w
16812,KNOW-NOT,16812,0.988839,1,-83.9612,-276.011,1455.7,0.0295075,0.482725,-0.0918253,w,w
16813,KNOW-NOT,16813,0.987806,1,-83.5329,-275.353,1457.1,0.0411638,0.480755,-0.0955509,w,w
46476,KNOW-NOT,46476,0.982096,1,-74.7385,-251.665,1453.61,0.0104245,0.461435,-0.0354267,w,w
46477,KNOW-NOT,46477,0.981832,1,-74.1819,-251.512,1453.03,0.011316,0.458277,-0.0354681,w,w
46478,KNOW-NOT,46478,0.983984,1,-73.7276,-251.658,1451.63,0.00381286,0.457621,-0.0319421,w,w
46479,KNOW-NOT,46479,0.98567,1,-73.3237,-252.058,1451.07,-0.000648813,0.457134,-0.0295048,w,w
46480,KNOW-NOT,46480,0.982641,1,-72.8669,-252.123,1452.17,0.00539709,0.455958,-0.0283661,w,w
46481,KNOW-NOT,46481,0.983136,1,-72.4728,-251.967,1453.86,0.0109968,0.454248,-0.032681,w,w
46482,KNOW-NOT,46482,0.983614,1,-72.1093,-251.661,1454.99,0.0172498,0.450888,-0.0367358,w,w
46483,KNOW-NOT,46483,0.985763,1,-71.9397,-251.401,1452.39,0.0111529,0.452225,-0.0365128,w,w
46484,KNOW-NOT,46484,0.985968,1,-71.9844,-252.089,1451.25,0.000422767,0.455546,-0.0309637,w,w
46485,KNOW-NOT,46485,0.985923,1,-72.1657,-252.82,1452.58,-0.00746076,0.454091,-0.0291091,w,w
46486,KNOW-NOT,46486,0.976884,1,-72.6612,-254.421,1469.82,-0.026921,0.452761,-0.0240393,w,w
46487,KNOW-NOT,46487,0.975464,1,-72.4873,-253.411,1471.3,-0.0249147,0.452738,-0.0267977,w,w
46488,KNOW-NOT,46488,0.979573,1,-72.6036,-251.762,1462.98,-0.0192112,0.452338,-0.0272539,w,w
46489,KNOW-NOT,46489,0.982624,1,-73.1061,-251.606,1456.28,-0.0170024,0.453501,-0.0278675,w,w
46490,KNOW-NOT,46490,0.985988,1,-73.4737,-252.022,1452.14,-0.0185197,0.454367,-0.025354,w,w
46491,KNOW-NOT,46491,0.986801,1,-73.6371,-251.951,1451.29,-0.00965072,0.457303,-0.0270021,w,w
46492,KNOW-NOT,46492,0.985736,1,-73.8168,-251.597,1453.08,0.0026943,0.45488,-0.0301906,w,w
46493,KNOW-NOT,46493,0.985209,1,-73.8945,-250.742,1452.86,0.0199104,0.454942,-0.0369336,w,w
46494,KNOW-NOT,46494,0.987296,1,-74.4338,-250.517,1451.65,0.0213404,0.455462,-0.0376908,w,w
46495,KNOW-NOT,46495,0.986965,1,-74.9503,-250.75,1450.25,0.0134846,0.455782,-0.0367057,w,w
46496,KNOW-NOT,46496,0.986448,1,-75.2857,-250.757,1445.55,0.000352766,0.458714,-0.031413,w,w
46497,KNOW-NOT,46497,0.98618,1,-75.4639,-251.077,1446.72,0.000451624,0.458727,-0.0325369,w,w
46498,KNOW-NOT,46498,0.985045,1,-75.7751,-251.161,1449.8,0.00945852,0.458094,-0.0365487,w,w
46499,KNOW-NOT,46499,0.985822,1,-75.8223,-250.624,1451.69,0.0245667,0.457239,-0.0444148,w,w
46500,KNOW-NOT,46500,0.985568,1,-75.9719,-250.387,1451.92,0.0274735,0.456835,-0.0474544,w,w
46501,KNOW-NOT,46501,0.987296,1,-76.237,-250.672,1449.94,0.0211057,0.455805,-0.0455464,w,w
46502,KNOW-NOT,46502,0.987015,1,-76.6049,-251.56,1449.67,0.00590513,0.457873,-0.0385096,w,w
46503,KNOW-NOT,46503,0.98717,1,-76.6174,-252.085,1449.71,0.00366223,0.45827,-0.0370162,w,w
46504,KNOW-NOT,46504,0.986136,1,-76.5855,-252.301,1452.44,0.00824663,0.459552,-0.0383036,w,w
46505,KNOW-NOT,46505,0.985756,1,-76.467,-251.928,1454.66,0.0146881,0.458652,-0.0423671,w,w
46506,KNOW-NOT,46506,0.986366,1,-76.1244,-251.356,1453.78,0.0217569,0.459161,-0.0426836,w,w
46507,KNOW-NOT,46507,0.987544,1,-76.0065,-251.434,1452.87,0.01292,0.459368,-0.0414812,w,w
46508,KNOW-NOT,46508,0.98931,1,-75.6112,-251.781,1450.07,0.0043237,0.459976,-0.0333767,w,w
46509,KNOW-NOT,46509,0.989643,1,-75.4078,-252.295,1451.26,-0.000866887,0.463326,-0.0300861,w,w
46510,KNOW-NOT,46510,0.988188,1,-75.1245,-252.221,1451.78,0.00249025,0.463442,-0.0293433,w,w
46511,KNOW-NOT,46511,0.986499,1,-74.756,-252.013,1454.9,0.00999726,0.464212,-0.0330901,w,w
46512,KNOW-NOT,46512,0.986527,1,-74.3454,-251.556,1454.82,0.0149615,0.464362,-0.0356878,w,w
46513,KNOW-NOT,46513,0.986376,1,-74.0479,-251.352,1452.63,0.0105907,0.465926,-0.0340594,w,w
46514,KNOW-NOT,46514,0.986918,1,-73.7799,-251.355,1451.2,0.00371135,0.464599,-0.0299279,w,w
46515,KNOW-NOT,46515,0.986575,1,-73.3426,-251.583,1450.3,-0.00382355,0.465318,-0.0225412,w,w
46516,KNOW-NOT,46516,0.985703,1,-73.0665,-251.811,1450.85,-0.00675691,0.466104,-0.0210766,w,w
46517,KNOW-NOT,46517,0.985726,1,-72.7734,-251.939,1451.2,-0.00760822,0.466413,-0.0201935,w,w
46518,KNOW-NOT,46518,0.98641,1,-72.5716,-252.136,1450.78,-0.0111891,0.46677,-0.0164012,w,w
46519,KNOW-NOT,46519,0.986423,1,-72.404,-252.347,1450.58,-0.0167303,0.466761,-0.0130677,w,w
46520,KNOW-NOT,46520,0.98638,1,-72.258,-252.522,1449.95,-0.0194918,0.46744,-0.00934047,w,w
46521,KNOW-NOT,46521,0.985894,1,-72.1635,-252.829,1449.6,-0.0198575,0.468173,-0.00455387,w,w
46522,KNOW-NOT,46522,0.986773,1,-72.158,-252.944,1449.87,-0.0209255,0.46831,-0.00326183,w,w
46523,KNOW-NOT,46523,0.987618,1,-72.1419,-253.072,1450.18,-0.0225514,0.468516,-0.00166269,w,w
46524,KNOW-NOT,46524,0.987018,1,-72.1213,-253.229,1450.79,-0.0240692,0.467924,-0.000385407,w,w
46525,KNOW-NOT,46525,0.987158,1,-72.0047,-253.352,1451.31,-0.0271161,0.466286,0.00265447,w,w
13189,KNOW-NOT,13189,0.843159,1,-100.829,-227.18,1234.36,-0.0907915,0.813268,0.240207,m,w
13190,KNOW-NOT,13190,0.847854,1,-103.321,-233.757,1250.85,-0.149573,0.803397,0.301233,m,w
13191,KNOW-NOT,13191,0.83668,1,-106.498,-238.624,1261.8,-0.187981,0.805255,0.357834,m,w
13192,KNOW-NOT,13192,0.788465,1,-106.191,-237.521,1253.17,-0.21247,0.812978,0.393714,m,w
13194,KNOW-NOT,13194,0.792301,1,-101,-236.296,1255.39,-0.227747,0.779318,0.406525,m,w
13195,KNOW-NOT,13195,0.868531,1,-100.479,-238.668,1268.33,-0.155446,0.768458,0.341381,m,w
13196,KNOW-NOT,13196,0.907874,1,-102.271,-241.398,1279.69,-0.141436,0.783102,0.33044,m,w
13197,KNOW-NOT,13197,0.930621,1,-103.792,-244.218,1296.85,-0.120881,0.801227,0.320346,m,w
13198,KNOW-NOT,13198,0.942179,1,-103.889,-245.085,1309.81,-0.102415,0.790003,0.318052,m,w
13199,KNOW-NOT,13199,0.943985,1,-103.108,-243.688,1315.34,-0.0799273,0.778571,0.304199,m,w
13200,KNOW-NOT,13200,0.955483,1,-103.882,-243.872,1320.84,-0.0780355,0.775399,0.300112,m,w
13201,KNOW-NOT,13201,0.937654,1,-106.726,-245.478,1329.91,-0.0767637,0.781692,0.305536,m,w
13202,KNOW-NOT,13202,0.906149,1,-107.925,-240.266,1312.85,-0.060805,0.801911,0.30612,m,w
13203,KNOW-NOT,13203,0.816482,1,-105.64,-229.801,1273.88,-0.0157684,0.831466,0.273052,m,w
13204,KNOW-NOT,13204,0.8733,1,-103.508,-224.946,1268.22,0.0218004,0.821597,0.226957,m,w
13205,KNOW-NOT,13205,0.885182,1,-102.519,-222.436,1273.3,0.0424465,0.79632,0.19367,m,w
13206,KNOW-NOT,13206,0.862505,1,-102.346,-217.44,1256.99,0.0562959,0.797504,0.172666,m,w
13207,KNOW-NOT,13207,0.848486,1,-103.785,-212.084,1231.95,0.0616269,0.824268,0.173995,m,w
13208,KNOW-NOT,13208,0.816548,1,-106.927,-209.694,1220,0.0495838,0.859067,0.195911,m,w
13209,KNOW-NOT,13209,0.799551,1,-109.454,-207.962,1212.31,0.0423163,0.889082,0.216009,m,w
13210,KNOW-NOT,13210,0.79931,1,-111.299,-207.508,1213.47,0.0211346,0.886672,0.234789,m,w
13211,KNOW-NOT,13211,0.795327,1,-113.564,-209.213,1226.36,0.00147362,0.863283,0.243618,m,w
13212,KNOW-NOT,13212,0.852962,1,-115.995,-211.965,1240.4,-0.0217995,0.841123,0.250515,m,w
13213,KNOW-NOT,13213,0.890449,1,-118.689,-216.575,1263.42,-0.00313042,0.823521,0.234194,m,w
13214,KNOW-NOT,13214,0.896381,1,-120.601,-219.358,1275.83,0.00761739,0.817617,0.226817,m,w
13215,KNOW-NOT,13215,0.896716,1,-121.29,-220.094,1281.39,0.00836608,0.809615,0.226205,m,w
13216,KNOW-NOT,13216,0.907105,1,-120.672,-219.489,1282.95,0.0199746,0.801958,0.210319,m,w
13217,KNOW-NOT,13217,0.911353,1,-120.407,-219.504,1285.58,0.0398211,0.800565,0.191736,m,w
13218,KNOW-NOT,13218,0.929742,1,-120.633,-220.35,1289.53,0.0844543,0.805451,0.158278,m,w
13219,KNOW-NOT,13219,0.939324,1,-122.193,-220.576,1289.18,0.101945,0.821729,0.144113,m,w
13220,KNOW-NOT,13220,0.935228,1,-124.977,-220.704,1290.98,0.115661,0.831064,0.134775,m,w
13221,KNOW-NOT,13221,0.934352,1,-127.782,-219.525,1283.02,0.107481,0.842758,0.138938,m,w
13222,KNOW-NOT,13222,0.925621,1,-130.543,-217.599,1264.43,0.0879281,0.864266,0.155398,m,w
13223,KNOW-NOT,13223,0.905576,1,-133.515,-215.519,1243.96,0.0774194,0.890475,0.166105,m,w
13224,KNOW-NOT,13224,0.85891,1,-137.25,-214.146,1232.24,0.0631012,0.913843,0.181595,m,w
13225,KNOW-NOT,13225,0.839487,1,-140.449,-214.568,1235.75,0.0423272,0.928335,0.206165,m,w
13226,KNOW-NOT,13226,0.796027,1,-141.538,-214.691,1239.81,-0.000239439,0.919996,0.257169,m,w
13227,KNOW-NOT,13227,0.774231,1,-141.903,-215.309,1251.34,-0.0533627,0.87858,0.321008,m,w
13228,KNOW-NOT,13228,0.731646,1,-141.138,-215.979,1270.35,-0.125078,0.837968,0.388728,m,w
13234,KNOW-NOT,13234,0.801501,1,-123.647,-216.966,1335.67,-0.14198,0.779198,0.415413,m,w
13235,KNOW-NOT,13235,0.82587,1,-122.51,-224.826,1346.86,-0.141629,0.772928,0.408927,m,w
13236,KNOW-NOT,13236,0.809324,1,-121.404,-231.931,1345.14,-0.163839,0.747415,0.418098,m,w
13237,KNOW-NOT,13237,0.846551,1,-119.639,-235.369,1323.37,-0.205465,0.72236,0.429927,m,w
13238,KNOW-NOT,13238,0.882415,1,-121.829,-243.68,1337.03,-0.175554,0.70923,0.402037,m,w
13239,KNOW-NOT,13239,0.882966,1,-126.12,-246.839,1352.45,-0.0913217,0.714786,0.341264,m,w
13240,KNOW-NOT,13240,0.899556,1,-130.181,-243.789,1359.21,-0.0129903,0.728988,0.26903,m,w
13241,KNOW-NOT,13241,0.895394,1,-133.581,-240.437,1361.92,0.0415462,0.740874,0.213437,m,w
13242,KNOW-NOT,13242,0.926313,1,-135.405,-242.3,1358.8,0.00933588,0.745193,0.21587,m,w
13243,KNOW-NOT,13243,0.939618,1,-134.744,-248.254,1357.07,-0.0487107,0.740108,0.251079,m,w
13244,KNOW-NOT,13244,0.94688,1,-133.207,-254.554,1357.07,-0.0996633,0.726702,0.280927,m,w
13245,KNOW-NOT,13245,0.944568,1,-132.471,-258.927,1359.48,-0.108564,0.728314,0.278523,m,w
13770,KNOW-NOT,13770,0.978437,1,-46.8825,-193.747,1299.48,0.013626,-0.345964,-0.181813,w,m
13771,KNOW-NOT,13771,0.971775,1,-46.0757,-193.667,1301.72,0.0174366,-0.361221,-0.183961,w,m
13772,KNOW-NOT,13772,0.973437,1,-45.9451,-192.824,1298.68,0.0187008,-0.365724,-0.183935,w,m
13773,KNOW-NOT,13773,0.977747,1,-46.2695,-191.187,1292.28,0.0201124,-0.363364,-0.182301,w,m
13774,KNOW-NOT,13774,0.978089,1,-46.889,-189.845,1288.14,0.0238536,-0.36191,-0.180937,w,m
13775,KNOW-NOT,13775,0.972461,1,-47.8135,-191.165,1295.65,0.0151532,-0.351302,-0.184944,w,m
13776,KNOW-NOT,13776,0.97318,1,-48.9631,-193.236,1306.88,0.0134102,-0.34027,-0.184736,w,m
13777,KNOW-NOT,13777,0.976788,1,-49.1961,-194.623,1313.86,0.0107671,-0.342745,-0.187863,w,m
13778,KNOW-NOT,13778,0.978149,1,-48.7569,-196.784,1322.19,6.46921e-05,-0.344302,-0.194406,w,m
13779,KNOW-NOT,13779,0.980776,1,-48.1543,-197.725,1324.13,-0.00372223,-0.345314,-0.198603,w,m
13780,KNOW-NOT,13780,0.976384,1,-48.1548,-197.578,1324.01,0.00300759,-0.346077,-0.197814,w,m
13781,KNOW-NOT,13781,0.967875,1,-48.6278,-196.493,1321.61,0.0115478,-0.34125,-0.193439,w,m
13782,KNOW-NOT,13782,0.946109,1,-48.7844,-193.399,1308.32,0.0198716,-0.347106,-0.191157,w,m
13783,KNOW-NOT,13783,0.938651,1,-48.9342,-190.586,1296.37,0.022222,-0.35161,-0.18913,w,m
13784,KNOW-NOT,13784,0.919363,1,-49.2713,-189.35,1292.47,0.00414908,-0.349085,-0.183162,w,m
13785,KNOW-NOT,13785,0.910492,1,-49.4209,-188.879,1290.68,-0.00717486,-0.349397,-0.179077,w,m
13786,KNOW-NOT,13786,0.928023,1,-49.7397,-188.87,1292.62,-0.00199719,-0.351448,-0.177183,w,m
13787,KNOW-NOT,13787,0.927693,1,-49.8156,-191.988,1305.7,-0.0224526,-0.340001,-0.190076,w,m
13788,KNOW-NOT,13788,0.942267,1,-50.6281,-197.336,1330.67,-0.0395927,-0.318517,-0.201734,w,m
13789,KNOW-NOT,13789,0.947245,1,-50.774,-197.111,1329.23,-0.0270238,-0.312521,-0.199587,w,m
13790,KNOW-NOT,13790,0.955165,1,-50.8459,-195.918,1324.18,-0.000456384,-0.312887,-0.193387,w,m
13791,KNOW-NOT,13791,0.970882,1,-50.648,-195.069,1319.13,0.00546241,-0.315674,-0.189386,w,m
13792,KNOW-NOT,13792,0.979358,1,-50.6468,-194.681,1316.85,0.00846267,-0.320254,-0.187307,w,m
13793,KNOW-NOT,13793,0.980121,1,-50.6836,-194.65,1316.79,0.00839077,-0.320211,-0.187807,w,m
13794,KNOW-NOT,13794,0.980813,1,-50.6745,-194.738,1317.01,0.00781716,-0.321614,-0.188434,w,m
13795,KNOW-NOT,13795,0.980639,1,-50.664,-194.766,1316.97,0.00764745,-0.322331,-0.18913,w,m
13796,KNOW-NOT,13796,0.981615,1,-50.641,-194.812,1317.18,0.00822341,-0.323099,-0.189333,w,m
13797,KNOW-NOT,13797,0.982112,1,-50.6208,-194.888,1317.62,0.00917763,-0.323728,-0.189098,w,m
13798,KNOW-NOT,13798,0.981308,1,-50.4237,-194.673,1316.09,0.0111304,-0.322107,-0.188833,w,m
13799,KNOW-NOT,13799,0.980581,1,-50.1082,-194.551,1315.07,0.0122446,-0.324802,-0.188673,w,m
13800,KNOW-NOT,13800,0.980547,1,-50.2076,-194.954,1316.97,0.00940322,-0.323775,-0.188803,w,m
13801,KNOW-NOT,13801,0.982184,1,-50.262,-195.44,1319.32,0.0140627,-0.324734,-0.186993,w,m
13802,KNOW-NOT,13802,0.983015,1,-50.2809,-195.53,1319.68,0.0144787,-0.325167,-0.18673,w,m
13803,KNOW-NOT,13803,0.982571,1,-50.2816,-195.556,1319.71,0.0147518,-0.325666,-0.186548,w,m
13804,KNOW-NOT,13804,0.98319,1,-50.2879,-195.623,1320.19,0.0158863,-0.326054,-0.186335,w,m
13805,KNOW-NOT,13805,0.983035,1,-50.2872,-195.629,1320.4,0.0169346,-0.326699,-0.1862,w,m
13806,KNOW-NOT,13806,0.980041,1,-50.1691,-195.262,1318.61,0.0183365,-0.327983,-0.18617,w,m
13807,KNOW-NOT,13807,0.979474,1,-49.7344,-194.408,1314.15,0.0187034,-0.334335,-0.185837,w,m
13808,KNOW-NOT,13808,0.967871,1,-49.1909,-191.904,1301.51,0.0103754,-0.339684,-0.184746,w,m
13809,KNOW-NOT,13809,0.952367,1,-49.3269,-190.641,1296.48,0.0113144,-0.336978,-0.179437,w,m
13810,KNOW-NOT,13810,0.952638,1,-49.8666,-190.111,1294.81,0.0113099,-0.330099,-0.175724,w,m
13811,KNOW-NOT,13811,0.946868,1,-50.145,-189.59,1292.69,0.00775536,-0.332311,-0.174154,w,m
13812,KNOW-NOT,13812,0.936851,1,-49.9105,-189.469,1293.15,0.00668821,-0.343388,-0.169911,w,m
13813,KNOW-NOT,13813,0.92174,1,-48.6807,-188.96,1290.89,0.00956078,-0.360411,-0.163744,w,m
13814,KNOW-NOT,13814,0.961295,1,-47.1261,-189.579,1294.25,0.00477991,-0.369588,-0.165727,w,m
13815,KNOW-NOT,13815,0.97291,1,-46.5901,-191.165,1304.29,0.00384564,-0.370385,-0.170106,w,m
13816,KNOW-NOT,13816,0.98244,1,-46.4877,-192.196,1310.57,-0.00197295,-0.368658,-0.173097,w,m
13817,KNOW-NOT,13817,0.980864,1,-46.1843,-191.983,1311.96,0.00727808,-0.371071,-0.168667,w,m
13818,KNOW-NOT,13818,0.979625,1,-45.0913,-190.593,1305.57,0.005275,-0.382827,-0.165214,w,m
13819,KNOW-NOT,13819,0.974141,1,-42.6711,-188.75,1295.72,0.0105927,-0.407191,-0.159044,w,m
13820,KNOW-NOT,13820,0.968925,1,-39.01,-187.425,1288.97,0.0128001,-0.434423,-0.156508,w,m
13821,KNOW-NOT,13821,0.956837,1,-33.7983,-184.81,1275.86,0.0197266,-0.472488,-0.156861,w,m
13822,KNOW-NOT,13822,0.929202,1,-27.6476,-183,1265.01,0.038891,-0.535581,-0.155523,w,m
13823,KNOW-NOT,13823,0.877759,1,-21.8745,-181.799,1257.89,0.0493385,-0.60426,-0.163195,w,m
13824,KNOW-NOT,13824,0.876894,1,-18.3223,-183.677,1270.95,-0.0272195,-0.651954,-0.22513,w,m
13825,KNOW-NOT,13825,0.91108,1,-18.3695,-183.651,1280.89,-0.0442269,-0.638388,-0.25425,w,m
13826,KNOW-NOT,13826,0.915637,1,-20.5425,-184.961,1299.98,-0.0447499,-0.612976,-0.259793,w,m
13827,KNOW-NOT,13827,0.92738,1,-20.8062,-185.928,1306,-0.0436728,-0.606031,-0.261606,w,m
38285,KNOW-NOT,38285,0.990242,1,-92.7724,-220.464,1392.41,-0.190729,-0.442756,-0.175462,w,w
38286,KNOW-NOT,38286,0.990386,1,-93.0039,-220.786,1393.5,-0.193758,-0.442067,-0.177659,w,w
38287,KNOW-NOT,38287,0.990852,1,-93.0497,-220.838,1393.4,-0.193616,-0.442117,-0.17787,w,w
38288,KNOW-NOT,38288,0.990589,1,-93.0588,-220.873,1393.21,-0.193232,-0.442675,-0.177818,w,w
38289,KNOW-NOT,38289,0.990583,1,-93.056,-220.914,1393.06,-0.192606,-0.443586,-0.177634,w,w
38290,KNOW-NOT,38290,0.99001,1,-93.1265,-221.011,1393.43,-0.19268,-0.443385,-0.176989,w,w
38291,KNOW-NOT,38291,0.989733,1,-93.3296,-221.169,1394.32,-0.190925,-0.440289,-0.17448,w,w
38292,KNOW-NOT,38292,0.989981,1,-93.3389,-221.167,1394.14,-0.190207,-0.440403,-0.174003,w,w
38293,KNOW-NOT,38293,0.989865,1,-93.3486,-221.173,1394.07,-0.18957,-0.440533,-0.173561,w,w
38294,KNOW-NOT,38294,0.989915,1,-93.3611,-221.158,1393.97,-0.188905,-0.440524,-0.173335,w,w
38295,KNOW-NOT,38295,0.98955,1,-93.3748,-221.128,1393.83,-0.188307,-0.440351,-0.173287,w,w
38296,KNOW-NOT,38296,0.990305,1,-93.3906,-221.106,1393.67,-0.187797,-0.439973,-0.173396,w,w
38297,KNOW-NOT,38297,0.990695,1,-93.3951,-221.084,1393.49,-0.187335,-0.439846,-0.173536,w,w
38298,KNOW-NOT,38298,0.989822,1,-93.4072,-221.06,1392.98,-0.187583,-0.439631,-0.174492,w,w
38299,KNOW-NOT,38299,0.988661,1,-93.4461,-221.088,1391.88,-0.187385,-0.439117,-0.178871,w,w
38300,KNOW-NOT,38300,0.988261,1,-93.5965,-221.355,1390.57,-0.1885,-0.438335,-0.180991,w,w
38301,KNOW-NOT,38301,0.987907,1,-93.8841,-221.736,1389.98,-0.188053,-0.436162,-0.180584,w,w
38302,KNOW-NOT,38302,0.988465,1,-93.8441,-220.636,1382.01,-0.1865,-0.437445,-0.181717,w,w
38303,KNOW-NOT,38303,0.984448,1,-93.6266,-217.107,1372.77,-0.152059,-0.44408,-0.168222,w,w
38304,KNOW-NOT,38304,0.972393,1,-94.6361,-213.022,1379.22,-0.0873221,-0.438895,-0.134777,w,w
38305,KNOW-NOT,38305,0.971067,1,-94.7412,-207.54,1382.89,-0.017559,-0.436017,-0.0902381,w,w
38306,KNOW-NOT,38306,0.965196,1,-94.1678,-202.271,1387.34,0.0502192,-0.434118,-0.0379147,w,w
38307,KNOW-NOT,38307,0.957317,1,-91.9118,-200.323,1385.91,0.0439557,-0.438623,-0.0157795,w,w
38308,KNOW-NOT,38308,0.961546,1,-88.5135,-200.01,1371.4,0.0175077,-0.452224,-0.0140899,w,w
38309,KNOW-NOT,38309,0.969123,1,-86.2675,-201.531,1364.05,-0.0118207,-0.456587,-0.021763,w,w
38310,KNOW-NOT,38310,0.975363,1,-84.538,-201.982,1358.22,-0.00900849,-0.460807,-0.0198578,w,w
38311,KNOW-NOT,38311,0.981991,1,-83.5113,-201.613,1362.79,0.0282053,-0.459229,0.00274898,w,w
38312,KNOW-NOT,38312,0.988161,1,-81.8856,-200.572,1367.7,0.063463,-0.459263,0.018777,w,w
38313,KNOW-NOT,38313,0.987254,1,-79.7005,-201.002,1370.47,0.0617459,-0.457304,0.0229228,w,w
38314,KNOW-NOT,38314,0.988473,1,-77.8841,-203.304,1370.28,0.0239001,-0.452088,0.00808689,w,w
38315,KNOW-NOT,38315,0.988575,1,-76.0949,-206.221,1366.01,-0.0266559,-0.455049,-0.0106086,w,w
38316,KNOW-NOT,38316,0.98986,1,-75.1416,-209.36,1367.06,-0.0690073,-0.450378,-0.0254727,w,w
38317,KNOW-NOT,38317,0.989198,1,-74.3927,-210.925,1366.43,-0.0781725,-0.449252,-0.0279688,w,w
38318,KNOW-NOT,38318,0.989535,1,-74.0723,-211.897,1370.41,-0.0661357,-0.448322,-0.0198766,w,w
38319,KNOW-NOT,38319,0.989443,1,-73.4729,-212.368,1372.93,-0.0587346,-0.445409,-0.00515998,w,w
38320,KNOW-NOT,38320,0.991634,1,-72.9309,-212.22,1370.5,-0.0649503,-0.445273,0.0028249,w,w
38321,KNOW-NOT,38321,0.991584,1,-72.7281,-211.924,1367.59,-0.0713514,-0.451936,0.00472836,w,w
38322,KNOW-NOT,38322,0.991218,1,-72.8256,-211.824,1366.25,-0.0743916,-0.453506,0.0019359,w,w
38323,KNOW-NOT,38323,0.990616,1,-73.0269,-211.898,1365.69,-0.0772353,-0.453034,-0.00301236,w,w
38324,KNOW-NOT,38324,0.990011,1,-73.1126,-211.517,1364.33,-0.0761653,-0.455917,-0.00505838,w,w
38325,KNOW-NOT,38325,0.989484,1,-73.2461,-211.494,1364.84,-0.0759878,-0.458263,-0.00588845,w,w
38326,KNOW-NOT,38326,0.990014,1,-73.378,-211.33,1365.07,-0.0748731,-0.459683,-0.00859512,w,w
38327,KNOW-NOT,38327,0.990448,1,-73.5173,-211.285,1365.79,-0.075486,-0.461492,-0.0115906,w,w
38328,KNOW-NOT,38328,0.989638,1,-73.9773,-211.419,1369.3,-0.0798149,-0.463096,-0.0153947,w,w
38329,KNOW-NOT,38329,0.980907,1,-75.4456,-212.756,1386.21,-0.0976669,-0.464532,-0.0293358,w,w
38330,KNOW-NOT,38330,0.981613,1,-75.5228,-212.554,1385.01,-0.110398,-0.465177,-0.0349789,w,w
38331,KNOW-NOT,38331,0.986267,1,-75.3418,-212.029,1378.67,-0.115977,-0.467684,-0.0382889,w,w
38332,KNOW-NOT,38332,0.988391,1,-75.4255,-212.258,1376.06,-0.114317,-0.469133,-0.0406144,w,w
38333,KNOW-NOT,38333,0.988008,1,-75.694,-212.515,1375.62,-0.115254,-0.469514,-0.0409302,w,w
47294,KNOW-NOT,47294,0.976056,1,-62.1614,-198.312,1279.12,0.121129,-0.739183,0.0364709,w,w
47295,KNOW-NOT,47295,0.975371,1,-59.8721,-199.344,1279.31,0.131384,-0.780069,0.0548287,w,w
47296,KNOW-NOT,47296,0.964482,1,-56.6252,-195.397,1266.26,0.126387,-0.825749,0.0589968,w,w
47297,KNOW-NOT,47297,0.947322,1,-54.2154,-190.692,1257.5,0.122629,-0.840654,0.0620546,w,w
47298,KNOW-NOT,47298,0.947853,1,-51.9729,-188.586,1260.78,0.119464,-0.828994,0.0693406,w,w
47299,KNOW-NOT,47299,0.939044,1,-50.475,-189.401,1276.35,0.109662,-0.810396,0.0672562,w,w
47300,KNOW-NOT,47300,0.873356,1,-50.4776,-187.283,1279.03,0.137285,-0.797291,0.0657208,w,w
47301,KNOW-NOT,47301,0.851723,1,-50.741,-181.057,1253.9,0.171591,-0.782936,0.0662512,w,w
47302,KNOW-NOT,47302,0.795533,1,-51.5262,-175.355,1230.64,0.217102,-0.73247,0.0637391,w,w
47307,KNOW-NOT,47307,0.931107,1,-87.3162,-186.869,1308.98,0.105541,-0.0965909,0.0360428,w,w
47308,KNOW-NOT,47308,0.976093,1,-94.1742,-195.348,1349.52,0.094878,-0.15949,0.0151012,w,w
47309,KNOW-NOT,47309,0.987233,1,-99.4404,-201.705,1377.36,0.0577984,-0.214399,-0.00849595,w,w
47310,KNOW-NOT,47310,0.985489,1,-100.259,-204.472,1384.4,0.0316705,-0.225144,-0.0613786,w,w
47311,KNOW-NOT,47311,0.984784,1,-99.9974,-205.327,1388.36,0.0387311,-0.217084,-0.0907036,w,w
47312,KNOW-NOT,47312,0.980597,1,-98.7212,-206.73,1401.25,0.040034,-0.224168,-0.0988619,w,w
47313,KNOW-NOT,47313,0.972473,1,-95.3318,-206.114,1399.71,0.0393536,-0.251477,-0.091573,w,w
47314,KNOW-NOT,47314,0.975301,1,-90.6612,-205.21,1392.47,0.0313402,-0.289594,-0.0812782,w,w
47315,KNOW-NOT,47315,0.969951,1,-85.0358,-204.072,1377.93,0.0162704,-0.333555,-0.0718519,w,w
47316,KNOW-NOT,47316,0.977871,1,-78.9337,-202.98,1360.38,0.0145259,-0.373892,-0.0566577,w,w
47317,KNOW-NOT,47317,0.982336,1,-73.0233,-202.523,1347.07,0.0170459,-0.410495,-0.0365939,w,w
47318,KNOW-NOT,47318,0.979617,1,-67.9463,-203.029,1339.89,0.0272945,-0.448629,-0.00809897,w,w
47319,KNOW-NOT,47319,0.981057,1,-64.1307,-204.714,1345.23,0.0372979,-0.480307,0.0212728,w,w
47320,KNOW-NOT,47320,0.970039,1,-63.3585,-206.934,1368.08,0.0395822,-0.494509,0.0483982,w,w
47321,KNOW-NOT,47321,0.965942,1,-64.2938,-207.717,1380.3,0.0535504,-0.49697,0.0748655,w,w
47322,KNOW-NOT,47322,0.968916,1,-67.1465,-209.468,1392.75,0.065692,-0.473905,0.0952983,w,w
47323,KNOW-NOT,47323,0.974841,1,-69.7395,-210.19,1391.6,0.0651802,-0.451127,0.104269,w,w
47324,KNOW-NOT,47324,0.979687,1,-71.2827,-210.901,1386.09,0.0633687,-0.427967,0.105106,w,w
47325,KNOW-NOT,47325,0.98094,1,-71.0645,-209.905,1368.08,0.0576564,-0.427765,0.100266,w,w
47326,KNOW-NOT,47326,0.982334,1,-70.8604,-209.71,1361.41,0.0645569,-0.430006,0.0988415,w,w
47327,KNOW-NOT,47327,0.978715,1,-71.0785,-209.032,1362.11,0.0818322,-0.432191,0.103654,w,w
47328,KNOW-NOT,47328,0.971917,1,-71.999,-208.196,1370.82,0.0848956,-0.434769,0.111905,w,w
47329,KNOW-NOT,47329,0.972379,1,-71.494,-205.655,1362.98,0.0984686,-0.452655,0.115535,w,w
47330,KNOW-NOT,47330,0.979776,1,-70.5176,-203.719,1353.27,0.111047,-0.465133,0.111037,w,w
47331,KNOW-NOT,47331,0.98491,1,-69.159,-202.971,1344.78,0.109734,-0.478655,0.103198,w,w
47332,KNOW-NOT,47332,0.983636,1,-67.6056,-204.249,1344.6,0.0963818,-0.491649,0.0991189,w,w
47333,KNOW-NOT,47333,0.983503,1,-65.8284,-205.075,1340.63,0.0799196,-0.509054,0.0878928,w,w
47334,KNOW-NOT,47334,0.987056,1,-64.3885,-204.037,1328.8,0.0720572,-0.51882,0.0833282,w,w
47335,KNOW-NOT,47335,0.989907,1,-64.7322,-200.942,1324.09,0.0922779,-0.520362,0.0808406,w,w
47336,KNOW-NOT,47336,0.986818,1,-67.83,-195.719,1328.89,0.142784,-0.495485,0.0828454,w,w
47337,KNOW-NOT,47337,0.973317,1,-71.9203,-186.378,1308.14,0.221992,-0.43687,0.0871143,w,w
47338,KNOW-NOT,47338,0.987331,1,-78.0274,-180.843,1308.95,0.274812,-0.385354,0.0762301,w,w
47339,KNOW-NOT,47339,0.986932,1,-86.5208,-187.309,1359.66,0.213616,-0.348105,0.0399127,w,w
47340,KNOW-NOT,47340,0.987645,1,-92.4908,-192.612,1376.83,0.146976,-0.290668,0.0115913,w,w
47341,KNOW-NOT,47341,0.9884,1,-95.4372,-194.346,1369.13,0.117254,-0.265721,-0.00195391,w,w
47342,KNOW-NOT,47342,0.986885,1,-97.2536,-195.874,1365.06,0.106695,-0.245352,-0.00799996,w,w
5544,KNOW-NOT,5544,0.882173,1,109.577,-188.145,1313.19,0.101957,0.713335,0.0470611,w,w
5545,KNOW-NOT,5545,0.869307,1,108.384,-187.08,1308.85,0.0975147,0.716583,0.0465161,w,w
5546,KNOW-NOT,5546,0.8729,1,107.566,-186.422,1305.98,0.0961526,0.717668,0.0471137,w,w
5547,KNOW-NOT,5547,0.879937,1,106.877,-185.974,1304.07,0.0985571,0.718863,0.0472633,w,w
5548,KNOW-NOT,5548,0.881256,1,106.397,-185.818,1303,0.0995832,0.71629,0.0466327,w,w
5549,KNOW-NOT,5549,0.884791,1,106.007,-185.65,1302.28,0.0939838,0.719556,0.0524326,w,w
5550,KNOW-NOT,5550,0.883806,1,105.477,-185.482,1300.01,0.0857967,0.719251,0.0599757,w,w
5551,KNOW-NOT,5551,0.881663,1,104.976,-185.383,1297.85,0.0785924,0.71815,0.0661604,w,w
5552,KNOW-NOT,5552,0.887286,1,104.714,-185.171,1296.33,0.0754686,0.717693,0.0698869,w,w
5553,KNOW-NOT,5553,0.886165,1,104.437,-185.031,1294.98,0.0745702,0.716078,0.0714489,w,w
5554,KNOW-NOT,5554,0.89697,1,103.829,-184.757,1291.45,0.0687213,0.71609,0.075757,w,w
5555,KNOW-NOT,5555,0.896912,1,103.298,-184.756,1289.54,0.0651594,0.716572,0.0794934,w,w
5556,KNOW-NOT,5556,0.897622,1,103.153,-185.415,1290.43,0.0524291,0.716648,0.088591,w,w
5557,KNOW-NOT,5557,0.895049,1,103.197,-186.407,1289.08,0.039118,0.713443,0.100265,w,w
5558,KNOW-NOT,5558,0.9033,1,104.242,-189.672,1294.79,0.00978473,0.708077,0.120658,w,w
5559,KNOW-NOT,5559,0.900842,1,105.374,-192.914,1297.39,-0.0162582,0.701555,0.140921,w,w
5560,KNOW-NOT,5560,0.909426,1,107.273,-197.272,1304.77,-0.0478897,0.694008,0.166352,w,w
5561,KNOW-NOT,5561,0.908128,1,110.59,-203.186,1322.27,-0.0700583,0.680412,0.190194,w,w
5562,KNOW-NOT,5562,0.908596,1,114.088,-209.021,1340.96,-0.0929619,0.667626,0.213215,w,w
5563,KNOW-NOT,5563,0.904511,1,117.272,-213.788,1354.07,-0.112782,0.65819,0.234863,w,w
5564,KNOW-NOT,5564,0.899905,1,120.171,-217.659,1362.62,-0.131516,0.651356,0.253587,w,w
5565,KNOW-NOT,5565,0.899766,1,122.749,-220.319,1366.7,-0.148974,0.644578,0.27286,w,w
5566,KNOW-NOT,5566,0.889718,1,125.78,-223.338,1375.66,-0.161506,0.635147,0.283363,w,w
5567,KNOW-NOT,5567,0.891248,1,128.122,-225.466,1379.07,-0.172001,0.632992,0.293498,w,w
5568,KNOW-NOT,5568,0.887603,1,130.031,-226.765,1381.62,-0.177572,0.633281,0.298569,w,w
5569,KNOW-NOT,5569,0.886508,1,131.544,-227.601,1381.82,-0.180383,0.632723,0.301833,w,w
5570,KNOW-NOT,5570,0.875943,1,132.924,-228.967,1384.59,-0.184109,0.630601,0.301839,w,w
5571,KNOW-NOT,5571,0.875876,1,134.012,-229.938,1388.96,-0.181436,0.630695,0.29988,w,w
5572,KNOW-NOT,5572,0.868148,1,134.954,-230.81,1393.71,-0.172558,0.628375,0.291898,w,w
5573,KNOW-NOT,5573,0.848413,1,135.25,-230.907,1395.25,-0.165065,0.631086,0.282195,w,w
5574,KNOW-NOT,5574,0.835155,1,134.778,-229.007,1393.47,-0.140627,0.636867,0.261932,w,w
5575,KNOW-NOT,5575,0.836918,1,133.486,-226.733,1391.25,-0.123599,0.640515,0.244187,w,w
5576,KNOW-NOT,5576,0.834724,1,131.897,-224.162,1385.43,-0.0993387,0.642724,0.224426,w,w
5577,KNOW-NOT,5577,0.828001,1,130.243,-221.42,1382.7,-0.0698265,0.648384,0.199244,w,w
5578,KNOW-NOT,5578,0.826782,1,128.241,-218.138,1377.07,-0.0442839,0.650885,0.176214,w,w
5579,KNOW-NOT,5579,0.840099,1,126.602,-215.855,1375.91,-0.012734,0.653234,0.147913,w,w
5580,KNOW-NOT,5580,0.845783,1,125.553,-212.94,1374.37,0.0234703,0.653777,0.119833,w,w
5581,KNOW-NOT,5581,0.844768,1,125.396,-211.833,1379.43,0.0455887,0.644903,0.0994031,w,w
5582,KNOW-NOT,5582,0.848892,1,124.151,-210.23,1374.26,0.0565884,0.639472,0.0881811,w,w
5583,KNOW-NOT,5583,0.844493,1,123.557,-208.62,1368.71,0.0621672,0.639794,0.0757832,w,w
5584,KNOW-NOT,5584,0.867891,1,123.759,-208.914,1367.85,0.0517522,0.636218,0.0756599,w,w
5585,KNOW-NOT,5585,0.843597,1,124.39,-210.46,1367.96,0.032375,0.63711,0.0862469,w,w
5586,KNOW-NOT,5586,0.859725,1,124.999,-210.132,1362.29,0.03819,0.634992,0.0765436,w,w
5587,KNOW-NOT,5587,0.843476,1,124.414,-208.531,1352.35,0.0361526,0.640587,0.0703251,w,w
5588,KNOW-NOT,5588,0.86087,1,124.252,-208.738,1348.51,0.0329642,0.632943,0.0678093,w,w
5589,KNOW-NOT,5589,0.860567,1,123.125,-209.326,1343.52,0.014306,0.635599,0.0825068,w,w
5590,KNOW-NOT,5590,0.880887,1,122.413,-210.598,1342.03,0.00304314,0.624894,0.0998981,w,w
5591,KNOW-NOT,5591,0.887898,1,121.98,-213.107,1346.75,-0.0129243,0.622513,0.123864,w,w
5592,KNOW-NOT,5592,0.872041,1,120.638,-213.73,1347.75,-0.00744073,0.617918,0.131991,w,w
5593,KNOW-NOT,5593,0.871986,1,118.672,-212.551,1344.77,0.000943361,0.619557,0.131317,w,w
5594,KNOW-NOT,5594,0.871854,1,115.858,-209.936,1334.17,0.0125629,0.619304,0.127648,w,w
5595,KNOW-NOT,5595,0.878395,1,111.859,-205.198,1318.46,0.0319546,0.622579,0.116595,w,w
5596,KNOW-NOT,5596,0.893852,1,106.733,-198.081,1292.27,0.0615627,0.632925,0.0991124,w,w
5597,KNOW-NOT,5597,0.891782,1,101.31,-190.284,1261.47,0.087255,0.632433,0.0794328,w,w
5598,KNOW-NOT,5598,0.888314,1,95.7026,-182.175,1229.77,0.126383,0.640381,0.0631956,w,w
7252,KNOW-NOT,7252,0.848485,1,9.72427,-195.476,1290.65,0.111565,0.684917,-0.085719,w,m
7253,KNOW-NOT,7253,0.853865,1,11.3885,-202.63,1299.5,0.0475236,0.686157,-0.0203297,w,m
7254,KNOW-NOT,7254,0.865101,1,13.2107,-207.633,1298.56,0.00584024,0.692188,0.0315052,w,m
7255,KNOW-NOT,7255,0.865355,1,14.5716,-209.907,1301.53,-0.000486858,0.692126,0.0630341,w,m
7256,KNOW-NOT,7256,0.872056,1,15.8883,-207.581,1305.32,0.0289624,0.688916,0.0696284,w,m
7257,KNOW-NOT,7257,0.868417,1,17.6145,-201.14,1302.83,0.0759595,0.67977,0.054712,w,m
7258,KNOW-NOT,7258,0.801454,1,19.8487,-196.385,1317.04,0.111035,0.685751,0.035366,w,m
7259,KNOW-NOT,7259,0.73222,1,22.3729,-192.884,1339.23,0.13624,0.690481,0.0254124,w,m
7260,KNOW-NOT,7260,0.913544,1,21.7052,-188.798,1364.85,0.122982,0.0835245,-0.0458301,w,m
7261,KNOW-NOT,7261,0.926145,1,25.2369,-189.096,1395.08,0.179094,0.0740474,-0.0441099,w,m
7262,KNOW-NOT,7262,0.896416,1,27.6251,-184.508,1386.57,0.184826,-0.000988218,-0.0152542,w,m
7263,KNOW-NOT,7263,0.881528,1,30.4085,-180.212,1376.3,0.178861,-0.0470754,0.00705866,w,m
7264,KNOW-NOT,7264,0.881094,1,32.8881,-176.677,1360.01,0.170902,-0.0680545,0.0258314,w,m
7265,KNOW-NOT,7265,0.887156,1,34.1657,-174.241,1344.81,0.149305,-0.0814862,0.0332679,w,m
7266,KNOW-NOT,7266,0.89083,1,33.9105,-174.924,1342.9,0.109184,-0.0817522,0.0310378,w,m
7267,KNOW-NOT,7267,0.865181,1,32.0121,-179.736,1354.47,0.0366046,-0.0674919,0.0110334,w,m
7268,KNOW-NOT,7268,0.883289,1,29.5502,-186.531,1364.17,-0.0245583,-0.0245989,-0.00380091,w,m
7269,KNOW-NOT,7269,0.898223,1,26.9596,-190.603,1353.72,-0.0874181,0.00955715,-0.0174534,w,m
7270,KNOW-NOT,7270,0.912009,1,25.447,-192.263,1332.48,-0.136187,0.0226752,-0.0228429,w,m
7271,KNOW-NOT,7271,0.910046,1,25.4906,-195.246,1335.58,-0.121678,0.026439,-0.0242071,w,m
7272,KNOW-NOT,7272,0.910535,1,25.349,-198.119,1344.42,-0.11058,0.0295489,-0.0281809,w,m
7273,KNOW-NOT,7273,0.906169,1,24.7531,-199.78,1353.09,-0.0960431,0.0462649,-0.0299381,w,m
7274,KNOW-NOT,7274,0.91569,1,24.0159,-200.518,1357.16,-0.0765115,0.0583002,-0.0288415,w,m
7275,KNOW-NOT,7275,0.917946,1,23.3555,-201.545,1363.15,-0.0487518,0.085503,-0.028041,w,m
7276,KNOW-NOT,7276,0.917412,1,22.0342,-199.865,1347.17,-0.0537906,0.0933943,-0.0311222,w,m
7277,KNOW-NOT,7277,0.900509,1,20.6984,-195.882,1301.48,-0.0960997,0.105102,-0.0281986,w,m
7278,KNOW-NOT,7278,0.886571,1,19.7197,-196.413,1269.3,-0.190705,0.100869,-0.0191228,w,m
7279,KNOW-NOT,7279,0.867412,1,19.436,-202.631,1268.26,-0.272923,0.103308,-0.00982658,w,m
7280,KNOW-NOT,7280,0.897805,1,19.2128,-209.801,1280.47,-0.328269,0.094909,-0.00215265,w,m
7713,KNOW-NOT,7713,0.978486,1,-139.6,-207.589,1436.48,-0.00954884,-0.324661,-0.171304,w,m
7714,KNOW-NOT,7714,0.974556,1,-140.891,-204.53,1435.04,0.0327762,-0.315596,-0.163391,w,m
7715,KNOW-NOT,7715,0.971801,1,-141.691,-199.585,1429.76,0.0783103,-0.309663,-0.152482,w,m
7716,KNOW-NOT,7716,0.964715,1,-143.769,-195.43,1436.83,0.110621,-0.30507,-0.14424,w,m
7717,KNOW-NOT,7717,0.962885,1,-145.315,-190.266,1435.57,0.143971,-0.292788,-0.131881,w,m
7718,KNOW-NOT,7718,0.96808,1,-145.484,-184.504,1422.12,0.164046,-0.290741,-0.126582,w,m
7719,KNOW-NOT,7719,0.971226,1,-146.684,-178.921,1411.62,0.199658,-0.276384,-0.115275,w,m
7720,KNOW-NOT,7720,0.972812,1,-147.166,-172.594,1393.24,0.236632,-0.271291,-0.0989337,w,m
7721,KNOW-NOT,7721,0.974076,1,-148.816,-167.849,1380.89,0.260266,-0.260183,-0.0846948,w,m
7722,KNOW-NOT,7722,0.976311,1,-149.903,-164.245,1369.09,0.273782,-0.261543,-0.0758796,w,m
7723,KNOW-NOT,7723,0.973297,1,-150.843,-162.631,1362.32,0.289281,-0.282053,-0.0636926,w,m
7724,KNOW-NOT,7724,0.975314,1,-153.241,-164.915,1369.51,0.27333,-0.281181,-0.0623717,w,m
7725,KNOW-NOT,7725,0.976379,1,-153.214,-167.967,1367.97,0.228435,-0.277724,-0.079628,w,m
7726,KNOW-NOT,7726,0.979026,1,-151.901,-170.556,1363.27,0.202832,-0.292046,-0.0913736,w,m
7727,KNOW-NOT,7727,0.980405,1,-148.963,-171.691,1354.86,0.192255,-0.310099,-0.0961421,w,m
7728,KNOW-NOT,7728,0.979713,1,-145.252,-172.005,1347.52,0.19083,-0.329601,-0.0954964,w,m
7729,KNOW-NOT,7729,0.977211,1,-141.094,-171.559,1339.84,0.195524,-0.342366,-0.0895306,w,m
7730,KNOW-NOT,7730,0.977986,1,-137.195,-171.921,1336.25,0.186577,-0.357993,-0.0859539,w,m
7731,KNOW-NOT,7731,0.977563,1,-133.821,-172.834,1332.87,0.169012,-0.375509,-0.0876703,w,m
7732,KNOW-NOT,7732,0.977449,1,-131.428,-174.356,1330.59,0.150807,-0.390697,-0.0924759,w,m
7733,KNOW-NOT,7733,0.979797,1,-130.455,-176.203,1332.99,0.133323,-0.395489,-0.0976662,w,m
7734,KNOW-NOT,7734,0.977347,1,-130.607,-177.08,1337.69,0.132543,-0.396031,-0.102101,w,m
7735,KNOW-NOT,7735,0.979635,1,-131.391,-177.175,1342.84,0.145332,-0.39195,-0.100041,w,m
7736,KNOW-NOT,7736,0.977337,1,-132.847,-176.241,1348.34,0.169103,-0.383448,-0.091981,w,m
7737,KNOW-NOT,7737,0.97764,1,-134.1,-175.555,1353.23,0.179352,-0.380739,-0.087589,w,m
7738,KNOW-NOT,7738,0.977436,1,-135.173,-176.024,1358.06,0.17041,-0.38234,-0.0889118,w,m
7739,KNOW-NOT,7739,0.977412,1,-136.425,-177.818,1363.86,0.142429,-0.381756,-0.0991147,w,m
7740,KNOW-NOT,7740,0.978986,1,-137.032,-180.034,1365.36,0.114504,-0.381338,-0.110363,w,m
7741,KNOW-NOT,7741,0.979,1,-137.548,-182.416,1366.31,0.090602,-0.381951,-0.122974,w,m
7742,KNOW-NOT,7742,0.977929,1,-138.332,-184.872,1367.82,0.0776086,-0.377695,-0.132041,w,m
7743,KNOW-NOT,7743,0.978167,1,-138.901,-186.53,1367.38,0.0750157,-0.377302,-0.137149,w,m
7744,KNOW-NOT,7744,0.977104,1,-138.999,-186.184,1364.59,0.089621,-0.37837,-0.134755,w,m
7745,KNOW-NOT,7745,0.976009,1,-138.95,-184.794,1364.36,0.110781,-0.378088,-0.130303,w,m
7746,KNOW-NOT,7746,0.975757,1,-138.369,-182.286,1360.31,0.132483,-0.37827,-0.121822,w,m
7747,KNOW-NOT,7747,0.975268,1,-138.292,-180.641,1362,0.144279,-0.374773,-0.1145,w,m
7748,KNOW-NOT,7748,0.976452,1,-137.682,-179.999,1360.4,0.137758,-0.371748,-0.113452,w,m
7749,KNOW-NOT,7749,0.974812,1,-137.468,-180.64,1362.73,0.123808,-0.374636,-0.116362,w,m
7750,KNOW-NOT,7750,0.973182,1,-136.928,-181.824,1363.35,0.106676,-0.377303,-0.121252,w,m
7751,KNOW-NOT,7751,0.974143,1,-136.459,-183.186,1364.36,0.0933794,-0.380927,-0.125094,w,m
7752,KNOW-NOT,7752,0.975078,1,-135.824,-184.161,1363.88,0.0816638,-0.381365,-0.126887,w,m
7753,KNOW-NOT,7753,0.974712,1,-135.678,-184.671,1366.63,0.0816338,-0.381623,-0.126664,w,m
7754,KNOW-NOT,7754,0.974838,1,-135.128,-184.52,1366.62,0.0856067,-0.382813,-0.125095,w,m
7755,KNOW-NOT,7755,0.974357,1,-134.548,-184.537,1366.35,0.0856052,-0.384408,-0.124919,w,m
7756,KNOW-NOT,7756,0.975647,1,-134.1,-184.971,1366.16,0.0765344,-0.382578,-0.128051,w,m
7757,KNOW-NOT,7757,0.973626,1,-133.744,-185.996,1366.22,0.0632049,-0.383089,-0.132607,w,m
7758,KNOW-NOT,7758,0.974285,1,-133.152,-186.643,1363.38,0.0593952,-0.385099,-0.135007,w,m
9947,KNOW-NOT,9947,0.899732,1,95.2888,-178.83,1434.07,-0.122809,0.40148,-0.145557,w,w
9948,KNOW-NOT,9948,0.905428,1,95.3044,-178.517,1433.82,-0.121969,0.401783,-0.145482,w,w
9949,KNOW-NOT,9949,0.898663,1,95.0553,-177.967,1432.43,-0.120546,0.403802,-0.146468,w,w
9950,KNOW-NOT,9950,0.910606,1,93.9012,-176.124,1423.95,-0.12322,0.409147,-0.146631,w,w
9951,KNOW-NOT,9951,0.893933,1,92.794,-174.165,1414.97,-0.121839,0.409327,-0.149944,w,w
9952,KNOW-NOT,9952,0.917335,1,92.828,-173.882,1414.91,-0.133426,0.410436,-0.148651,w,w
9953,KNOW-NOT,9953,0.922112,1,93.1056,-173.93,1415.36,-0.147059,0.414217,-0.144624,w,w
9954,KNOW-NOT,9954,0.929416,1,92.8975,-173.17,1412.9,-0.145517,0.421735,-0.142283,w,w
9955,KNOW-NOT,9955,0.93092,1,92.6298,-172.137,1409,-0.137348,0.430041,-0.141045,w,w
9956,KNOW-NOT,9956,0.89755,1,90.5114,-169.785,1394.02,-0.149092,0.449436,-0.125351,w,w
9957,KNOW-NOT,9957,0.870416,1,85.7792,-166.747,1361.51,-0.184392,0.476935,-0.09559,w,w
9958,KNOW-NOT,9958,0.873358,1,80.4961,-163.149,1321.19,-0.236495,0.521481,-0.0677717,w,w
9959,KNOW-NOT,9959,0.813469,1,77.5155,-165.539,1316.78,-0.264589,0.503653,-0.0460736,w,w
9960,KNOW-NOT,9960,0.850785,1,73.1743,-167.702,1319.4,-0.231985,0.528045,-0.0231768,w,w
9961,KNOW-NOT,9961,0.733171,1,68.4773,-169.696,1320.01,-0.215953,0.570318,0.0045696,w,w
9962,KNOW-NOT,9962,0.783276,1,61.9524,-170.941,1316.45,-0.25181,0.594933,0.0399772,w,w
9964,KNOW-NOT,9964,0.742869,1,45.0407,-168.757,1327.55,-0.265941,0.608009,0.121282,w,w
9965,KNOW-NOT,9965,0.781427,1,43.1083,-168.644,1335.71,-0.227867,0.611057,0.120674,w,w
9966,KNOW-NOT,9966,0.799261,1,41.447,-170.071,1351.06,-0.211488,0.59959,0.121953,w,w
9967,KNOW-NOT,9967,0.804363,1,41.2039,-173.243,1370.98,-0.225275,0.582802,0.133429,w,w
9968,KNOW-NOT,9968,0.806111,1,43.0368,-176.88,1394.39,-0.208786,0.575822,0.150958,w,w
9969,KNOW-NOT,9969,0.829148,1,46.5486,-180.482,1424.21,-0.177164,0.587302,0.172911,w,w
9970,KNOW-NOT,9970,0.831138,1,50.6235,-182.04,1443.84,-0.152504,0.601609,0.195219,w,w
9971,KNOW-NOT,9971,0.815017,1,54.276,-181.653,1451.43,-0.139998,0.610024,0.212063,w,w
9972,KNOW-NOT,9972,0.799428,1,55.9782,-174.001,1416.28,-0.133819,0.642243,0.214383,w,w
9973,KNOW-NOT,9973,0.772981,1,57.4434,-169.343,1389.84,-0.164899,0.681927,0.236913,w,w
9974,KNOW-NOT,9974,0.790651,1,61.2633,-169.488,1388.65,-0.17175,0.673406,0.241871,w,w
9975,KNOW-NOT,9975,0.744099,1,66.0139,-170.985,1404.33,-0.143593,0.649919,0.226263,w,w
9976,KNOW-NOT,9976,0.777482,1,70.8597,-171.883,1424.77,-0.120606,0.630589,0.206598,w,w
9977,KNOW-NOT,9977,0.754947,1,74.5739,-169.828,1429.32,-0.103121,0.631822,0.187468,w,w
9978,KNOW-NOT,9978,0.78375,1,78.5929,-167.031,1429.49,-0.0824002,0.644118,0.163516,w,w
9979,KNOW-NOT,9979,0.810396,1,83.4539,-166.27,1434.08,-0.0773214,0.64011,0.146967,w,w
9980,KNOW-NOT,9980,0.807665,1,88.0508,-166.465,1435.72,-0.0649044,0.640154,0.130966,w,w
9981,KNOW-NOT,9981,0.826071,1,91.6619,-166.096,1431.47,-0.052844,0.637869,0.118076,w,w
9982,KNOW-NOT,9982,0.855416,1,93.7492,-163.511,1419.18,-0.0341173,0.642974,0.104495,w,w
9983,KNOW-NOT,9983,0.845709,1,94.8413,-159.269,1402.3,-0.010207,0.646656,0.0834661,w,w
9984,KNOW-NOT,9984,0.856411,1,94.7606,-154.286,1380.44,0.0238041,0.653045,0.0609842,w,w
9985,KNOW-NOT,9985,0.861732,1,93.0335,-148.967,1362.76,0.0603202,0.653732,0.0397206,w,w
9986,KNOW-NOT,9986,0.826324,1,90.9208,-142.944,1357.9,0.0986015,0.651869,0.0128202,w,w
9987,KNOW-NOT,9987,0.819957,1,89.5921,-135.693,1356.44,0.153519,0.655133,-0.0231493,w,w
9988,KNOW-NOT,9988,0.784153,1,89.9913,-130.794,1370.29,0.201363,0.66071,-0.0649538,w,w
9989,KNOW-NOT,9989,0.814188,1,91.9488,-132.626,1413.62,0.178257,0.670696,-0.0680243,w,w
9990,KNOW-NOT,9990,0.804504,1,92.7222,-137.753,1439.64,0.119063,0.695194,-0.0278724,w,w
9991,KNOW-NOT,9991,0.756489,1,92.4027,-143.25,1445.83,0.0456396,0.704053,0.0294641,w,w
9992,KNOW-NOT,9992,0.776299,1,91.5972,-147.938,1437.61,-0.0388863,0.717444,0.0867319,w,w
9993,KNOW-NOT,9993,0.790213,1,91.921,-152.615,1430.91,-0.114715,0.698939,0.140209,w,w
9994,KNOW-NOT,9994,0.781838,1,92.5843,-155.434,1426.01,-0.152633,0.671258,0.185301,w,w
9995,KNOW-NOT,9995,0.77003,1,90.5451,-153.065,1395.03,-0.117605,0.67088,0.1877,w,w
9996,KNOW-NOT,9996,0.749091,1,86.4586,-149.824,1365.25,-0.0624336,0.680683,0.175072,w,w
9997,KNOW-NOT,9997,0.827557,1,86.4627,-153.733,1387.58,0.0899964,0.507207,0.00212171,w,w
9998,KNOW-NOT,9998,0.79805,1,86.3914,-154.145,1390.2,0.0910979,0.52025,-0.0284771,w,w
10014,KNOW-NOT,10014,0.75871,1,58.1604,-162.22,1537.91,0.0237118,0.731437,0.210871,w,w
10015,KNOW-NOT,10015,0.773123,1,55.4243,-161.938,1530.72,0.0343268,0.7313,0.219584,w,w
10016,KNOW-NOT,10016,0.766582,1,52.7623,-160.206,1518.05,0.0544375,0.733963,0.216479,w,w
10017,KNOW-NOT,10017,0.766234,1,50.6285,-158.979,1510.04,0.0595403,0.736095,0.220351,w,w
10018,KNOW-NOT,10018,0.810889,1,49.3242,-159.283,1521.51,0.0710146,0.728563,0.21911,w,w
10019,KNOW-NOT,10019,0.795119,1,48.9262,-158.695,1521.5,0.0749449,0.739063,0.207617,w,w
10020,KNOW-NOT,10020,0.820936,1,48.2607,-156.502,1487.93,0.0253695,0.742409,0.223302,w,w
10021,KNOW-NOT,10021,0.741468,1,47.4362,-154.202,1432.77,-0.041683,0.742397,0.250203,w,w
10022,KNOW-NOT,10022,0.858906,1,48.0107,-155.307,1400.82,-0.0647716,0.71248,0.257483,w,w
10023,KNOW-NOT,10023,0.868956,1,45.3669,-158.111,1386.64,-0.0718374,0.69865,0.257519,w,w
10024,KNOW-NOT,10024,0.877251,1,40.0868,-159.221,1376,-0.0529729,0.723924,0.259216,w,w
10025,KNOW-NOT,10025,0.882598,1,33.7741,-158.456,1361,-0.0319964,0.760162,0.254896,w,w
10026,KNOW-NOT,10026,0.901809,1,26.7583,-156.921,1348.58,-0.0253519,0.800731,0.245305,w,w
10027,KNOW-NOT,10027,0.897661,1,19.6453,-155.53,1345.29,-0.0477717,0.845866,0.243574,w,w
10028,KNOW-NOT,10028,0.904578,1,12.9322,-153.836,1343.56,-0.052674,0.877837,0.23195,w,w
10029,KNOW-NOT,10029,0.879126,1,8.28014,-155.896,1365.39,-0.0728406,0.890313,0.237153,w,w
10030,KNOW-NOT,10030,0.850167,1,7.80895,-157.337,1375.73,-0.0381403,0.893996,0.202387,w,w
10031,KNOW-NOT,10031,0.836034,1,10.7502,-159.94,1394.05,0.00295991,0.852531,0.185453,w,w
10032,KNOW-NOT,10032,0.819084,1,13.0434,-161.746,1417.44,0.0302126,0.770394,0.19958,w,w
10033,KNOW-NOT,10033,0.769844,1,14.3764,-159.105,1419.74,0.0354265,0.693202,0.220572,w,w
10034,KNOW-NOT,10034,0.730325,1,16.5551,-156.388,1410.64,0.0270745,0.689293,0.22378,w,w
10035,KNOW-NOT,10035,0.731984,1,32.1061,-153.622,1346.89,0.0474749,0.455959,0.0204057,w,w
10036,KNOW-NOT,10036,0.741138,1,30.4649,-153.289,1355.59,0.0903646,0.599458,0.0661515,w,w
10037,KNOW-NOT,10037,0.779397,1,33.0861,-159.123,1378.38,-0.00404908,0.638962,0.175251,w,w
10038,KNOW-NOT,10038,0.855689,1,38.8067,-164.56,1412.4,-0.0403681,0.611517,0.24265,w,w
10039,KNOW-NOT,10039,0.861904,1,44.7805,-169.196,1445.9,-0.0716472,0.585689,0.303507,w,w
10040,KNOW-NOT,10040,0.859257,1,50.4982,-170.784,1458.82,-0.0704286,0.574506,0.341685,w,w
10041,KNOW-NOT,10041,0.849075,1,54.8182,-170.305,1450.83,-0.0849417,0.563576,0.375144,w,w
10042,KNOW-NOT,10042,0.920094,1,58.5897,-168.945,1440,-0.0860857,0.54611,0.400939,w,w
10043,KNOW-NOT,10043,0.888914,1,61.7138,-166.629,1432.44,-0.0804864,0.515295,0.404193,w,w
10044,KNOW-NOT,10044,0.888125,1,62.3519,-161.794,1415.01,-0.0662107,0.513235,0.405682,w,w
10045,KNOW-NOT,10045,0.888738,1,62.3575,-157.385,1399.45,-0.0544289,0.513944,0.402998,w,w
10046,KNOW-NOT,10046,0.883369,1,62.4587,-155.514,1385.37,-0.054007,0.514634,0.397962,w,w
10047,KNOW-NOT,10047,0.883218,1,63.5288,-156.441,1373.45,-0.0692834,0.507308,0.397593,w,w
10048,KNOW-NOT,10048,0.869352,1,64.5703,-157.698,1364.68,-0.0820698,0.506958,0.404259,w,w
10049,KNOW-NOT,10049,0.863019,1,65.8224,-158.211,1364.77,-0.0796535,0.509866,0.407646,w,w
10050,KNOW-NOT,10050,0.863364,1,67.0455,-158.275,1370.65,-0.0677269,0.516431,0.408942,w,w
10051,KNOW-NOT,10051,0.853181,1,67.7204,-156.722,1371.03,-0.0567178,0.519739,0.408767,w,w
10052,KNOW-NOT,10052,0.862545,1,68.5864,-154.17,1371.62,-0.0393965,0.519497,0.40808,w,w
10053,KNOW-NOT,10053,0.874476,1,68.8045,-151.371,1375.49,-0.0205124,0.518001,0.405251,w,w
10054,KNOW-NOT,10054,0.8658,1,68.9581,-150.302,1378.31,-0.0121497,0.517483,0.39825,w,w
10055,KNOW-NOT,10055,0.853904,1,69.6086,-151.496,1374.19,-0.0293071,0.513028,0.392227,w,w
10056,KNOW-NOT,10056,0.89873,1,70.415,-153.505,1358.29,-0.0487322,0.509533,0.386684,w,w
10057,KNOW-NOT,10057,0.885314,1,72.0112,-157.08,1356.39,-0.0688587,0.51603,0.398994,w,w
10058,KNOW-NOT,10058,0.819767,1,74.2995,-161.988,1369.04,-0.11937,0.507561,0.424961,w,w
10059,KNOW-NOT,10059,0.803521,1,74.8642,-162.018,1363.97,-0.126414,0.518562,0.439942,w,w
10060,KNOW-NOT,10060,0.826146,1,74.8629,-158.792,1351.11,-0.0975385,0.536118,0.434669,w,w
10061,KNOW-NOT,10061,0.81649,1,74.9211,-154.543,1343.59,-0.0544026,0.547771,0.414434,w,w
10062,KNOW-NOT,10062,0.807467,1,75.2814,-150.157,1342.53,-0.0143578,0.550971,0.389764,w,w
10063,KNOW-NOT,10063,0.776039,1,75.9285,-146.634,1341.82,0.0115895,0.55152,0.373611,w,w
10064,KNOW-NOT,10064,0.778563,1,77.3639,-146.001,1343.27,0.00987333,0.547475,0.369734,w,w
10065,KNOW-NOT,10065,0.819094,1,79.0653,-147.752,1338.31,-0.0266512,0.534165,0.376538,w,w
10066,KNOW-NOT,10066,0.841187,1,81.8035,-151.894,1335.04,-0.0715028,0.522185,0.389815,w,w
10067,KNOW-NOT,10067,0.784147,1,84.2055,-155.396,1325.22,-0.105296,0.513825,0.405046,w,w
10068,KNOW-NOT,10068,0.800127,1,85.3217,-157.852,1320.94,-0.118779,0.511775,0.416429,w,w
10069,KNOW-NOT,10069,0.772072,1,84.2576,-156.539,1314.59,-0.103887,0.519599,0.409803,w,w
10070,KNOW-NOT,10070,0.798553,1,81.8271,-154.727,1318.32,-0.0829489,0.527919,0.404317,w,w
10071,KNOW-NOT,10071,0.791772,1,79.2332,-152.043,1323.25,-0.0545108,0.535073,0.390087,w,w
10072,KNOW-NOT,10072,0.81757,1,76.9925,-148.926,1330.78,-0.0166523,0.545761,0.371337,w,w
10073,KNOW-NOT,10073,0.793424,1,75.8777,-147.983,1343.96,-0.000908831,0.543718,0.360465,w,w
10074,KNOW-NOT,10074,0.819632,1,76.547,-149.972,1359.84,-0.0328342,0.536852,0.372009,w,w
10075,KNOW-NOT,10075,0.834795,1,77.1519,-152.963,1357.57,-0.0891937,0.518571,0.398133,w,w
10076,KNOW-NOT,10076,0.855248,1,78.4343,-155.918,1349.22,-0.123533,0.497738,0.424152,w,w
10077,KNOW-NOT,10077,0.8791,1,79.797,-158.505,1348.43,-0.148034,0.472661,0.449995,w,w
10078,KNOW-NOT,10078,0.900094,1,80.0964,-157.838,1347.91,-0.131239,0.457984,0.459842,w,w
10079,KNOW-NOT,10079,0.904844,1,78.0217,-154.775,1343.98,-0.0988445,0.458593,0.460695,w,w
10080,KNOW-NOT,10080,0.876732,1,76.3004,-153.821,1360.05,-0.0757006,0.457944,0.4551,w,w
10081,KNOW-NOT,10081,0.887731,1,75.862,-155.638,1375.59,-0.0652239,0.455234,0.441015,w,w
10082,KNOW-NOT,10082,0.927696,1,73.4526,-154.813,1347.34,-0.0907699,0.439073,0.451124,w,w
10083,KNOW-NOT,10083,0.930548,1,74.3565,-159.13,1346.6,-0.135416,0.39812,0.473645,w,w
10084,KNOW-NOT,10084,0.944187,1,75.4038,-161.995,1343.19,-0.172962,0.371866,0.49287,w,w
10085,KNOW-NOT,10085,0.935956,1,75.3429,-161.55,1341.32,-0.170236,0.370436,0.500966,w,w
10086,KNOW-NOT,10086,0.923521,1,74.0613,-159.45,1342.09,-0.140018,0.379779,0.496837,w,w
10087,KNOW-NOT,10087,0.900856,1,71.9642,-156.302,1340.78,-0.104335,0.393845,0.483583,w,w
10088,KNOW-NOT,10088,0.885935,1,70.4199,-154.315,1341.12,-0.0781704,0.402508,0.462234,w,w
10089,KNOW-NOT,10089,0.920322,1,70.3758,-155.33,1341.49,-0.0894021,0.399978,0.4508,w,w
10090,KNOW-NOT,10090,0.929712,1,72.248,-160.119,1356.94,-0.134839,0.391268,0.456733,w,w
10091,KNOW-NOT,10091,0.900408,1,74.3188,-163.334,1368.51,-0.156737,0.380286,0.459946,w,w
10092,KNOW-NOT,10092,0.901876,1,75.5533,-164.059,1373.51,-0.154814,0.379118,0.459938,w,w
10093,KNOW-NOT,10093,0.899879,1,75.2643,-162.083,1375.52,-0.134442,0.387117,0.452917,w,w
10094,KNOW-NOT,10094,0.884696,1,74.2704,-159.371,1386.04,-0.100647,0.400474,0.434452,w,w
10095,KNOW-NOT,10095,0.893937,1,73.1956,-157.13,1390.32,-0.0780219,0.409714,0.411945,w,w
10096,KNOW-NOT,10096,0.901187,1,72.5798,-157.394,1383.46,-0.0833025,0.414149,0.400452,w,w
10097,KNOW-NOT,10097,0.904687,1,72.983,-158.123,1376.69,-0.0928792,0.412593,0.392242,w,w
10098,KNOW-NOT,10098,0.895594,1,74.7815,-159.028,1384.44,-0.0855723,0.416173,0.382118,w,w
10099,KNOW-NOT,10099,0.904312,1,76.8757,-159.261,1395.58,-0.0646821,0.412739,0.362583,w,w
10100,KNOW-NOT,10100,0.907311,1,78.5717,-159.567,1398.62,-0.057708,0.405824,0.336644,w,w
10101,KNOW-NOT,10101,0.909224,1,80.1649,-159.33,1395.66,-0.0499647,0.396233,0.303026,w,w
10102,KNOW-NOT,10102,0.916076,1,81.8351,-157.418,1389.07,-0.0183426,0.390071,0.255684,w,w
10103,KNOW-NOT,10103,0.915382,1,83.4628,-155.341,1386.32,0.0108563,0.383412,0.211632,w,w
10104,KNOW-NOT,10104,0.931467,1,86.1115,-153.166,1387.59,0.0407207,0.362278,0.17109,w,w
10105,KNOW-NOT,10105,0.915145,1,89.9389,-151,1392.37,0.0712793,0.325942,0.137981,w,w
10106,KNOW-NOT,10106,0.91232,1,93.5263,-148.806,1394.23,0.115033,0.281698,0.101986,w,w
10107,KNOW-NOT,10107,0.914746,1,96.3527,-148.125,1400.99,0.14883,0.230906,0.0645983,w,w
10108,KNOW-NOT,10108,0.923853,1,97.1167,-146.088,1392.38,0.18244,0.194909,0.0246436,w,w
10109,KNOW-NOT,10109,0.924741,1,96.699,-144.89,1388.19,0.194126,0.179297,-0.0105724,w,w
10110,KNOW-NOT,10110,0.93353,1,95.6331,-142.709,1379.32,0.208864,0.169483,-0.0384649,w,w
10111,KNOW-NOT,10111,0.944841,1,96.4392,-142.133,1384.58,0.232234,0.157491,-0.064797,w,w
10112,KNOW-NOT,10112,0.950155,1,98.0102,-140.961,1383.74,0.280057,0.111254,-0.0815056,w,w
10113,KNOW-NOT,10113,0.947938,1,99.0572,-139.665,1388.58,0.305486,0.063855,-0.0916395,w,w
10114,KNOW-NOT,10114,0.938954,1,98.5768,-137.509,1391.88,0.338869,0.0261159,-0.0989489,w,w
10115,KNOW-NOT,10115,0.939867,1,97.108,-136.116,1399.12,0.35139,-0.00248263,-0.104494,w,w
10116,KNOW-NOT,10116,0.939262,1,95.1283,-133.61,1399.67,0.36829,-0.0293085,-0.103292,w,w
10117,KNOW-NOT,10117,0.932494,1,93.7628,-131.006,1402.95,0.386961,-0.0562739,-0.0976526,w,w
10118,KNOW-NOT,10118,0.942507,1,91.2726,-127.625,1400.58,0.412765,-0.0702869,-0.0938936,w,w
10119,KNOW-NOT,10119,0.944055,1,89.2777,-124.907,1405.56,0.422324,-0.083177,-0.092375,w,w
10120,KNOW-NOT,10120,0.944124,1,86.963,-120.76,1401.48,0.442696,-0.0810127,-0.0975946,w,w
10121,KNOW-NOT,10121,0.933966,1,83.8131,-115.677,1391.03,0.484525,-0.0875821,-0.0924261,w,w
10122,KNOW-NOT,10122,0.925961,1,80.5841,-110.916,1382.65,0.515582,-0.0876083,-0.0893046,w,w
10123,KNOW-NOT,10123,0.9291,1,76.885,-107.028,1384.76,0.528728,-0.0810704,-0.0877999,w,w
10124,KNOW-NOT,10124,0.932853,1,72.5533,-103.659,1394.55,0.540473,-0.0541962,-0.0939679,w,w
10125,KNOW-NOT,10125,0.887833,1,67.9763,-101.016,1409.33,0.560768,-0.0251117,-0.101925,w,w
10126,KNOW-NOT,10126,0.863818,1,63.1001,-98.0323,1420.16,0.569189,-0.00469743,-0.108988,w,w
10127,KNOW-NOT,10127,0.898398,1,58.4209,-95.1313,1422.87,0.56697,-0.00449366,-0.110876,w,w
10128,KNOW-NOT,10128,0.956705,1,55.2324,-92.8495,1413.8,0.545722,-0.0289455,-0.105603,w,w
10129,KNOW-NOT,10129,0.969825,1,54.3574,-91.4197,1411.93,0.522843,-0.0433813,-0.0997766,w,w
10130,KNOW-NOT,10130,0.975383,1,54.3601,-88.9514,1402.83,0.513254,-0.0665679,-0.0848606,w,w
10131,KNOW-NOT,10131,0.980093,1,53.3579,-87.5156,1395.29,0.487631,-0.0871683,-0.0766035,w,w
10132,KNOW-NOT,10132,0.979631,1,51.1309,-85.3404,1383.31,0.455227,-0.111841,-0.0680713,w,w
10133,KNOW-NOT,10133,0.982761,1,49.045,-83.1558,1367.48,0.42697,-0.137129,-0.0616678,w,w
10134,KNOW-NOT,10134,0.985375,1,46.2572,-84.5146,1388.86,0.362583,-0.100767,-0.0796299,w,w
10135,KNOW-NOT,10135,0.961855,1,41.2001,-90.6973,1414.67,0.231837,-0.017713,-0.0994154,w,w
10136,KNOW-NOT,10136,0.789684,1,36.654,-97.4845,1415.06,0.124668,0.058223,-0.0943821,w,w
10137,KNOW-NOT,10137,0.967351,1,30.1437,-108.211,1319.55,0.162203,0.154698,-0.06761,w,w
10138,KNOW-NOT,10138,0.97836,1,27.1862,-113.249,1302.12,0.081597,0.261608,-0.076549,w,w
10139,KNOW-NOT,10139,0.967185,1,22.4878,-119.735,1297.08,0.040457,0.370839,-0.0755823,w,w
10140,KNOW-NOT,10140,0.955518,1,20.4301,-124.824,1283.37,0.0451278,0.441606,-0.0773397,w,w
8885,KNOW-NOT,8885,0.960233,1,-21.1424,-131.72,1351.13,0.102617,-0.425469,0.0362573,m,m
8886,KNOW-NOT,8886,0.88615,1,-21.0805,-128.136,1302.84,0.107942,-0.44307,0.0473248,m,m
8887,KNOW-NOT,8887,0.863252,1,-15.0296,-126.454,1255.97,0.0976453,-0.51642,0.0443524,m,m
8890,KNOW-NOT,8890,0.787451,1,-15.5103,-128.213,1243.58,0.00337566,-0.545357,-0.0573631,m,m
8891,KNOW-NOT,8891,0.765098,1,-21.2675,-131.289,1275.59,0.0110645,-0.493653,-0.0460367,m,m
8892,KNOW-NOT,8892,0.753651,1,-26.6678,-132.621,1293.38,0.049002,-0.424118,-0.0113491,m,m
8893,KNOW-NOT,8893,0.814901,1,-18.06,-124.894,1216.99,0.0892667,-0.0420958,-0.061229,m,m
8894,KNOW-NOT,8894,0.807987,1,-14.6903,-124.382,1216.65,0.128925,-0.0723231,-0.0436611,m,m
8896,KNOW-NOT,8896,0.88417,1,-9.88997,-125.735,1253.15,0.127009,-0.279201,0.00385415,m,m
8897,KNOW-NOT,8897,0.955671,1,-12.3333,-131.617,1311.32,0.170623,-0.357197,0.0336671,m,m
8898,KNOW-NOT,8898,0.968754,1,-17.1674,-133.895,1336.36,0.164314,-0.389646,0.06492,m,m
8899,KNOW-NOT,8899,0.965658,1,-19.4554,-134.009,1337.45,0.153162,-0.369869,0.085397,m,m
8900,KNOW-NOT,8900,0.960711,1,-14.8655,-133.487,1330.4,0.13541,-0.409188,0.103861,m,m
8901,KNOW-NOT,8901,0.850177,1,-8.18588,-132.427,1324.24,0.160463,-0.434353,0.118974,m,m
8902,KNOW-NOT,8902,0.866502,1,9.20627,-127.605,1308.81,0.103479,-0.319925,0.0555889,m,m
8903,KNOW-NOT,8903,0.810796,1,11.1899,-127.776,1332.29,0.201266,-0.44015,0.0874876,m,m
8904,KNOW-NOT,8904,0.882428,1,10.9922,-130.023,1368.6,0.229472,-0.551125,0.126333,m,m
8905,KNOW-NOT,8905,0.867491,1,7.17303,-127.034,1362.59,0.248919,-0.589583,0.160363,m,m
8906,KNOW-NOT,8906,0.954463,1,1.3205,-123.262,1356.52,0.237051,-0.545059,0.169074,m,m
8907,KNOW-NOT,8907,0.937292,1,-5.02565,-120.697,1344.51,0.227884,-0.527307,0.160029,m,m
8908,KNOW-NOT,8908,0.909187,1,-11.4349,-120.336,1341.43,0.169533,-0.502369,0.135431,m,m
8909,KNOW-NOT,8909,0.937323,1,-17.3117,-119.656,1320.81,0.131362,-0.471384,0.130623,m,m
8910,KNOW-NOT,8910,0.958727,1,-21.3197,-120.659,1307.36,0.17074,-0.438282,0.16915,m,m
8911,KNOW-NOT,8911,0.957797,1,-22.1475,-123.404,1315.59,0.198145,-0.442413,0.20634,m,m
8912,KNOW-NOT,8912,0.961665,1,-20.5419,-124.172,1318.48,0.201998,-0.470396,0.209486,m,m
8913,KNOW-NOT,8913,0.958913,1,-21.1941,-125.434,1329.47,0.201068,-0.459378,0.202817,m,m
8914,KNOW-NOT,8914,0.945832,1,-24.7944,-127.11,1341.54,0.174023,-0.416472,0.183898,m,m
8915,KNOW-NOT,8915,0.930242,1,-27.8719,-129.854,1344.3,0.131511,-0.383429,0.16913,m,m
8916,KNOW-NOT,8916,0.923946,1,-26.1154,-131.112,1318.17,0.0706343,-0.392144,0.144064,m,m
8917,KNOW-NOT,8917,0.935536,1,-22.0342,-134.202,1304.01,0.00978352,-0.419432,0.106124,m,m
