time_stamp,word,frame,confidence,success,Tx,Ty,Tz,Rx,Ry,Rz,speaker_gender,listener_gender
36789,CONTINUE,36789,0.9168,1,-109.915,-227.239,1376.47,0.248853,0.746077,-0.0641064,m,w
36790,CONTINUE,36790,0.908087,1,-109.026,-229.977,1387.92,0.277913,0.7487,-0.0950978,m,w
36791,CONTINUE,36791,0.894458,1,-109.272,-232.036,1394.21,0.273224,0.752663,-0.0997732,m,w
36792,CONTINUE,36792,0.884606,1,-110.54,-234.784,1402.27,0.262736,0.748279,-0.0898951,m,w
36793,CONTINUE,36793,0.8857,1,-111.44,-235.93,1403.85,0.24794,0.743519,-0.0705728,m,w
36794,CONTINUE,36794,0.897412,1,-111.392,-235.181,1398.12,0.241017,0.743243,-0.0590352,m,w
36795,CONTINUE,36795,0.896147,1,-110.905,-233.831,1391.03,0.239112,0.740818,-0.0533595,m,w
36796,CONTINUE,36796,0.899828,1,-110.471,-233.711,1390.63,0.237591,0.736391,-0.0510493,m,w
36797,CONTINUE,36797,0.907379,1,-110.436,-234.89,1393.87,0.232783,0.735239,-0.04963,m,w
36798,CONTINUE,36798,0.893492,1,-111.706,-238.591,1403.79,0.220602,0.732031,-0.0367273,m,w
36799,CONTINUE,36799,0.901328,1,-114.161,-243.517,1420.85,0.19948,0.729349,-0.0105399,m,w
36800,CONTINUE,36800,0.892763,1,-115.58,-247.44,1434.21,0.193646,0.722094,0.00481124,m,w
36801,CONTINUE,36801,0.869596,1,-115.837,-250.077,1441.55,0.187692,0.71509,0.016185,m,w
36802,CONTINUE,36802,0.862528,1,-115.071,-252.224,1435.81,0.162985,0.713775,0.0343983,m,w
36803,CONTINUE,36803,0.852652,1,-114.716,-255.607,1431.85,0.106567,0.722233,0.0641286,m,w
36804,CONTINUE,36804,0.871831,1,-113.594,-257.607,1431.53,0.0764992,0.732557,0.0845183,m,w
36805,CONTINUE,36805,0.849376,1,-110.998,-256.174,1425.24,0.0633081,0.720476,0.0841028,m,w
36806,CONTINUE,36806,0.829528,1,-107.825,-253.347,1411.61,0.0570344,0.718289,0.0795742,m,w
36807,CONTINUE,36807,0.833372,1,-105.852,-253.359,1406.14,0.0290543,0.722108,0.107987,m,w
36808,CONTINUE,36808,0.832825,1,-103.898,-253.467,1400.62,0.00744654,0.72545,0.13232,m,w
36809,CONTINUE,36809,0.815029,1,-102.737,-252.417,1395.1,0.0185927,0.736132,0.134297,m,w
36810,CONTINUE,36810,0.812002,1,-102.496,-251.931,1398.44,0.0409766,0.742278,0.122563,m,w
36811,CONTINUE,36811,0.814197,1,-102.207,-250.893,1405.47,0.0693027,0.753874,0.102653,m,w
36812,CONTINUE,36812,0.828151,1,-101.621,-249.996,1410.95,0.0833069,0.764912,0.093297,m,w
36813,CONTINUE,36813,0.849393,1,-100.073,-248.179,1410.22,0.0886288,0.766841,0.0887266,m,w
36814,CONTINUE,36814,0.878251,1,-97.82,-244.593,1400.23,0.0995439,0.77621,0.0774157,m,w
36815,CONTINUE,36815,0.914371,1,-95.6172,-238.971,1381.87,0.108763,0.778469,0.0689946,m,w
36816,CONTINUE,36816,0.906836,1,-93.1927,-232.967,1360.38,0.142641,0.793845,0.04037,m,w
36817,CONTINUE,36817,0.916628,1,-91.5505,-229.469,1348.8,0.188395,0.830164,0.0216985,m,w
36818,CONTINUE,36818,0.914709,1,-90.8553,-228.696,1349.5,0.212669,0.849836,0.0109845,m,w
36819,CONTINUE,36819,0.902437,1,-89.624,-227.506,1344.59,0.23038,0.853678,0.0050814,m,w
36820,CONTINUE,36820,0.898092,1,-88.3555,-226.937,1349.73,0.256688,0.845895,-0.0185022,m,w
36821,CONTINUE,36821,0.882989,1,-87.3639,-225.325,1352.88,0.299966,0.838327,-0.0561664,m,w
36822,CONTINUE,36822,0.896568,1,-87.1738,-221.752,1349.51,0.338921,0.844651,-0.0918683,m,w
36823,CONTINUE,36823,0.896574,1,-88.3179,-220.328,1358.3,0.354076,0.85186,-0.105596,m,w
36824,CONTINUE,36824,0.87621,1,-89.306,-220.441,1369.97,0.326766,0.87542,-0.108334,m,w
36825,CONTINUE,36825,0.884455,1,-89.2818,-220.658,1373.32,0.293704,0.894198,-0.103018,m,w
36826,CONTINUE,36826,0.879478,1,-89.3015,-220.898,1375.42,0.27957,0.910676,-0.10393,m,w
36827,CONTINUE,36827,0.861846,1,-90.2793,-221.155,1384.33,0.294215,0.921845,-0.122402,m,w
36828,CONTINUE,36828,0.874782,1,-91.8339,-221.129,1398.51,0.329271,0.924324,-0.149997,m,w
36829,CONTINUE,36829,0.873983,1,-93.5327,-220.49,1408.22,0.359755,0.924698,-0.169935,m,w
36830,CONTINUE,36830,0.854297,1,-94.9015,-219.309,1412.94,0.363218,0.927616,-0.171629,m,w
36831,CONTINUE,36831,0.824726,1,-94.8594,-214.682,1393.36,0.344025,0.940239,-0.153057,m,w
36832,CONTINUE,36832,0.792281,1,-94.751,-209.157,1364.28,0.306573,0.959873,-0.123617,m,w
36833,CONTINUE,36833,0.769396,1,-95.1765,-206.112,1350.88,0.310123,0.958964,-0.121429,m,w
36834,CONTINUE,36834,0.733619,1,-96.544,-204.735,1349.7,0.346556,0.941679,-0.14346,m,w
36835,CONTINUE,36835,0.801677,1,-98.1698,-203.566,1354.57,0.425006,0.917724,-0.192848,m,w
36836,CONTINUE,36836,0.886423,1,-100.649,-203.044,1357.56,0.440115,0.91178,-0.194294,m,w
36837,CONTINUE,36837,0.89611,1,-104.061,-209.451,1383.09,0.425139,0.910321,-0.187478,m,w
36838,CONTINUE,36838,0.889939,1,-108.3,-215.725,1396.11,0.366393,0.923043,-0.153039,m,w
36839,CONTINUE,36839,0.884523,1,-112.38,-220.323,1397.22,0.33453,0.93575,-0.133181,m,w
36840,CONTINUE,36840,0.905133,1,-115.377,-221.835,1379.74,0.331635,0.957409,-0.134934,m,w
36841,CONTINUE,36841,0.894223,1,-117.669,-222.834,1359.04,0.305807,0.986097,-0.1172,m,w
36842,CONTINUE,36842,0.901454,1,-119.443,-224.645,1343.73,0.244094,1.00938,-0.0658051,m,w
36843,CONTINUE,36843,0.8246,1,-110.546,-217.561,1255.44,0.579373,1.2068,-0.19465,m,w
36844,CONTINUE,36844,0.72641,1,-105.58,-208.706,1187.04,0.680297,1.24111,-0.217171,m,w
51133,CONTINUE,51133,0.901436,1,-113.126,-273.244,1405.91,0.024168,0.806858,0.179454,m,w
51134,CONTINUE,51134,0.901879,1,-113.152,-273.229,1405.91,0.023798,0.805861,0.179998,m,w
51135,CONTINUE,51135,0.903802,1,-113.175,-273.219,1406.05,0.0233513,0.804466,0.180521,m,w
51136,CONTINUE,51136,0.900931,1,-113.077,-272.909,1404.98,0.0220201,0.80362,0.182159,m,w
51137,CONTINUE,51137,0.901056,1,-113.104,-272.89,1405.45,0.0197949,0.802317,0.182861,m,w
51138,CONTINUE,51138,0.898614,1,-112.755,-272.404,1404.14,0.0206974,0.799228,0.185131,m,w
51139,CONTINUE,51139,0.898745,1,-112.523,-272.312,1404.46,0.0218571,0.799308,0.186235,m,w
51140,CONTINUE,51140,0.898954,1,-112.468,-272.225,1404.42,0.0228984,0.799505,0.185638,m,w
51141,CONTINUE,51141,0.89708,1,-112.158,-271.692,1402.55,0.0267568,0.801658,0.182531,m,w
51142,CONTINUE,51142,0.889491,1,-111.595,-270.939,1400,0.0311856,0.803491,0.17909,m,w
51143,CONTINUE,51143,0.893401,1,-111.296,-270.222,1397.84,0.0339409,0.805006,0.176994,m,w
51144,CONTINUE,51144,0.885481,1,-110.96,-269.879,1397.74,0.0381169,0.804598,0.172972,m,w
51145,CONTINUE,51145,0.877246,1,-110.69,-269.559,1397.46,0.0423886,0.805582,0.169138,m,w
51146,CONTINUE,51146,0.884009,1,-110.516,-269.101,1395.78,0.0456035,0.805998,0.166764,m,w
51147,CONTINUE,51147,0.892837,1,-110.386,-268.753,1394.71,0.048796,0.808014,0.164199,m,w
51148,CONTINUE,51148,0.88964,1,-110.413,-268.754,1394.89,0.0490162,0.80787,0.16419,m,w
51149,CONTINUE,51149,0.889837,1,-110.403,-268.704,1394.99,0.0501436,0.80771,0.163635,m,w
51150,CONTINUE,51150,0.892705,1,-110.29,-268.539,1395.45,0.0549051,0.808627,0.159994,m,w
51151,CONTINUE,51151,0.882451,1,-110.299,-268.567,1396.21,0.0528243,0.808096,0.159187,m,w
51152,CONTINUE,51152,0.891105,1,-110.01,-267.799,1393.35,0.0562949,0.811034,0.157959,m,w
51153,CONTINUE,51153,0.898253,1,-109.716,-267.092,1390.55,0.0589623,0.813987,0.156,m,w
51154,CONTINUE,51154,0.893771,1,-109.754,-267.146,1391.14,0.0591983,0.81352,0.15565,m,w
51155,CONTINUE,51155,0.8929,1,-109.974,-267.464,1393.55,0.0576375,0.811757,0.155623,m,w
51156,CONTINUE,51156,0.899901,1,-109.742,-266.859,1391.53,0.0592154,0.81153,0.152754,m,w
51157,CONTINUE,51157,0.901088,1,-109.531,-266.376,1390.35,0.061715,0.811833,0.148929,m,w
51158,CONTINUE,51158,0.90101,1,-109.366,-265.636,1389.35,0.0642634,0.808396,0.146455,m,w
51159,CONTINUE,51159,0.891706,1,-109.03,-264.813,1388.68,0.0712721,0.806504,0.13881,m,w
51160,CONTINUE,51160,0.900396,1,-108.495,-263.742,1387.41,0.0779834,0.806242,0.130873,m,w
51161,CONTINUE,51161,0.899803,1,-107.897,-262.705,1386.57,0.0860692,0.802033,0.121092,m,w
51162,CONTINUE,51162,0.901725,1,-107.38,-262.134,1387.95,0.09227,0.797279,0.110657,m,w
51163,CONTINUE,51163,0.904641,1,-107.042,-261.592,1389.06,0.0970709,0.795948,0.100843,m,w
51164,CONTINUE,51164,0.88413,1,-106.833,-261.461,1392.62,0.10015,0.789432,0.0954896,m,w
51165,CONTINUE,51165,0.879795,1,-106.459,-261.013,1393.87,0.107313,0.788639,0.0879232,m,w
51166,CONTINUE,51166,0.885414,1,-106.379,-261.002,1397.1,0.111278,0.783964,0.0807742,m,w
51167,CONTINUE,51167,0.892183,1,-105.927,-260.191,1397.8,0.12155,0.782006,0.0672251,m,w
51168,CONTINUE,51168,0.877173,1,-105.31,-258.721,1400.85,0.144126,0.780957,0.0419658,m,w
51169,CONTINUE,51169,0.871121,1,-104.951,-256.591,1406.34,0.186701,0.778025,-0.00119697,m,w
51170,CONTINUE,51170,0.853901,1,-104.563,-253.518,1407.14,0.233875,0.775367,-0.0524225,m,w
51171,CONTINUE,51171,0.852172,1,-104.813,-251.212,1408.63,0.267044,0.774088,-0.0909058,m,w
51172,CONTINUE,51172,0.844794,1,-105.959,-250.751,1408.66,0.280961,0.786172,-0.108765,m,w
51173,CONTINUE,51173,0.84711,1,-107.633,-252.427,1406.78,0.253999,0.795696,-0.0909498,m,w
51174,CONTINUE,51174,0.868849,1,-108.418,-255.002,1403.67,0.217468,0.803897,-0.0551696,m,w
51175,CONTINUE,51175,0.866804,1,-108.719,-256.916,1399.13,0.195533,0.809052,-0.0265104,m,w
51176,CONTINUE,51176,0.875952,1,-108.863,-257.212,1397.8,0.195481,0.803858,-0.0173161,m,w
51177,CONTINUE,51177,0.877945,1,-109.219,-256.778,1400.94,0.216353,0.798975,-0.0306199,m,w
51178,CONTINUE,51178,0.884565,1,-109.503,-255.273,1404.55,0.248503,0.797096,-0.059066,m,w
51179,CONTINUE,51179,0.881632,1,-109.641,-253.244,1408.75,0.291192,0.797608,-0.0987257,m,w
51180,CONTINUE,51180,0.886043,1,-109.118,-250.493,1406.99,0.326239,0.799182,-0.135267,m,w
51181,CONTINUE,51181,0.875383,1,-109.984,-250.177,1408.6,0.31939,0.802371,-0.140185,m,w
51182,CONTINUE,51182,0.882109,1,-110.685,-250.746,1402.21,0.289169,0.809539,-0.12133,m,w
51183,CONTINUE,51183,0.876072,1,-111.319,-252.409,1397.89,0.253658,0.813639,-0.0917358,m,w
51184,CONTINUE,51184,0.875042,1,-111.923,-254.445,1397.38,0.231906,0.809991,-0.0661593,m,w
51185,CONTINUE,51185,0.878377,1,-113.076,-256.409,1402.44,0.208376,0.797696,-0.0448598,m,w
51186,CONTINUE,51186,0.874806,1,-113.851,-257.076,1407.41,0.211903,0.783271,-0.0410546,m,w
51187,CONTINUE,51187,0.868727,1,-114.284,-255.994,1408.9,0.225917,0.77874,-0.0503497,m,w
51188,CONTINUE,51188,0.870299,1,-114.853,-254.899,1410.05,0.242047,0.781924,-0.0624337,m,w
51189,CONTINUE,51189,0.872536,1,-115.616,-254.579,1411.01,0.238942,0.786454,-0.0641924,m,w
51190,CONTINUE,51190,0.854641,1,-116.204,-254.742,1410.09,0.231153,0.787729,-0.0599748,m,w
30942,CONTINUE,30942,0.966976,1,-67.0634,-211.493,1438.11,-0.259479,-0.450643,-0.0295958,w,w
30943,CONTINUE,30943,0.956203,1,-73.0814,-217.609,1446.19,-0.312609,-0.408953,-0.0543865,w,w
30944,CONTINUE,30944,0.932936,1,-80.2447,-223.524,1457.62,-0.365201,-0.37217,-0.0757001,w,w
30945,CONTINUE,30945,0.889822,1,-87.2575,-227.257,1461.39,-0.409744,-0.336847,-0.0950931,w,w
30946,CONTINUE,30946,0.83181,1,-92.2979,-227.967,1455.81,-0.429044,-0.317034,-0.119181,w,w
30947,CONTINUE,30947,0.804856,1,-94.9477,-228.901,1452.91,-0.452289,-0.303262,-0.134386,w,w
30948,CONTINUE,30948,0.767397,1,-95.5107,-230.531,1453.2,-0.47812,-0.314762,-0.146584,w,w
30949,CONTINUE,30949,0.768693,1,-95.5036,-230.672,1450.81,-0.478175,-0.342338,-0.15784,w,w
30950,CONTINUE,30950,0.891608,1,-95.2061,-228.402,1440.82,-0.430386,-0.362865,-0.165277,w,w
30951,CONTINUE,30951,0.863568,1,-92.0533,-220.672,1395.57,-0.407403,-0.40733,-0.194421,w,w
30952,CONTINUE,30952,0.852095,1,-90.4458,-216.304,1363.4,-0.427355,-0.425399,-0.222067,w,w
30953,CONTINUE,30953,0.849839,1,-90.2084,-216.174,1351.98,-0.459223,-0.418525,-0.233541,w,w
30954,CONTINUE,30954,0.829911,1,-90.8886,-217.577,1351.4,-0.482835,-0.410834,-0.239994,w,w
30955,CONTINUE,30955,0.818704,1,-92.18,-219.096,1351.89,-0.505477,-0.39673,-0.241425,w,w
30956,CONTINUE,30956,0.843888,1,-94.5636,-219.502,1351.59,-0.514162,-0.380776,-0.242317,w,w
30957,CONTINUE,30957,0.861805,1,-96.9195,-218.848,1349.4,-0.510204,-0.362289,-0.23389,w,w
30958,CONTINUE,30958,0.882282,1,-97.8222,-216.916,1341.35,-0.493618,-0.357628,-0.230014,w,w
30959,CONTINUE,30959,0.896781,1,-97.9447,-216.269,1348.19,-0.444456,-0.359934,-0.218025,w,w
30960,CONTINUE,30960,0.88046,1,-95.1089,-211.835,1340.73,-0.356297,-0.385511,-0.189028,w,w
30961,CONTINUE,30961,0.885233,1,-90.9094,-207.088,1345.76,-0.245988,-0.381838,-0.144385,w,w
30962,CONTINUE,30962,0.916798,1,-85.4839,-200.107,1343.89,-0.133985,-0.381455,-0.0983079,w,w
30963,CONTINUE,30963,0.732894,1,-79.5719,-193.072,1322.91,-0.0740909,-0.343245,-0.0559111,w,w
30964,CONTINUE,30964,0.910183,1,-66.7953,-174.245,1286.25,0.0878162,-0.15034,0.0598595,w,w
30965,CONTINUE,30965,0.985299,1,-65.9156,-178.805,1325.17,0.135432,-0.338116,0.0770884,w,w
30966,CONTINUE,30966,0.99281,1,-61.9446,-180.781,1333.59,0.151283,-0.459591,0.068296,w,w
30967,CONTINUE,30967,0.993505,1,-58.6968,-182.405,1327.12,0.131148,-0.497333,0.0494637,w,w
30968,CONTINUE,30968,0.994288,1,-57.4919,-186.697,1332.03,0.0868884,-0.505323,0.020622,w,w
30969,CONTINUE,30969,0.992613,1,-57.8172,-189.952,1335.68,0.0545972,-0.49752,0.00117836,w,w
30970,CONTINUE,30970,0.993314,1,-60.2256,-192.555,1347.18,0.0715455,-0.470191,0.010388,w,w
30971,CONTINUE,30971,0.99327,1,-63.2133,-193.386,1359.01,0.110403,-0.44049,0.0281458,w,w
30972,CONTINUE,30972,0.991062,1,-63.2964,-192.059,1343.29,0.126369,-0.445957,0.0498354,w,w
30973,CONTINUE,30973,0.980102,1,-60.4937,-193.18,1320.05,0.0888705,-0.506236,0.054909,w,w
30974,CONTINUE,30974,0.978306,1,-58.2672,-199.365,1317.18,0.0272371,-0.551463,0.0427589,w,w
30975,CONTINUE,30975,0.979818,1,-56.8876,-205.079,1307.61,-0.0437187,-0.590034,-0.00264724,w,w
30976,CONTINUE,30976,0.984085,1,-58.6472,-213.576,1321.05,-0.090005,-0.601667,-0.035129,w,w
30977,CONTINUE,30977,0.984087,1,-61.7153,-220.811,1339.58,-0.106987,-0.594694,-0.0548327,w,w
30978,CONTINUE,30978,0.982719,1,-65.7152,-225.019,1360.68,-0.0930049,-0.578906,-0.0577547,w,w
30979,CONTINUE,30979,0.981198,1,-69.5088,-224.239,1370.33,-0.0732997,-0.562873,-0.0596087,w,w
30980,CONTINUE,30980,0.980498,1,-73.6509,-220.632,1375.56,-0.050529,-0.548764,-0.0603626,w,w
30981,CONTINUE,30981,0.982765,1,-77.8496,-216.418,1383.38,-0.0116989,-0.522843,-0.0427989,w,w
30982,CONTINUE,30982,0.984895,1,-80.0796,-211.349,1382.38,0.0142206,-0.507985,-0.032255,w,w
30983,CONTINUE,30983,0.985441,1,-80.3523,-206.49,1380,0.0245118,-0.512828,-0.0283871,w,w
30984,CONTINUE,30984,0.984818,1,-79.2419,-202.787,1381.17,0.0282407,-0.540439,-0.0314234,w,w
30985,CONTINUE,30985,0.958989,1,-77.2446,-196.926,1375.94,0.0568554,-0.585169,-0.0283762,w,w
30986,CONTINUE,30986,0.946233,1,-75.2231,-189.153,1357.52,0.0587517,-0.613956,-0.0426306,w,w
30987,CONTINUE,30987,0.945538,1,-75.4262,-186.317,1357.84,0.0306717,-0.636446,-0.0610304,w,w
30988,CONTINUE,30988,0.947307,1,-76.8546,-186.297,1362.12,-0.00138007,-0.65582,-0.0826316,w,w
30989,CONTINUE,30989,0.949008,1,-79.8049,-186.988,1367.61,-0.0187088,-0.671298,-0.0962565,w,w
30990,CONTINUE,30990,0.946075,1,-83.1426,-187.541,1372.99,-0.029404,-0.681212,-0.105579,w,w
4664,CONTINUE,4664,0.7884,1,-48.8365,-212.017,1464.17,0.0877653,0.674604,0.0411126,w,w
4665,CONTINUE,4665,0.788693,1,-48.8134,-212.045,1464.18,0.0869934,0.67497,0.0413153,w,w
4666,CONTINUE,4666,0.775506,1,-48.8992,-212.543,1465.47,0.0770965,0.680005,0.0467931,w,w
4667,CONTINUE,4667,0.775073,1,-48.8727,-212.464,1464.76,0.0758453,0.679975,0.0478865,w,w
4668,CONTINUE,4668,0.774725,1,-48.8742,-212.442,1464.49,0.0753683,0.68003,0.0483827,w,w
4669,CONTINUE,4669,0.776769,1,-48.8887,-212.452,1464.48,0.0751664,0.680161,0.0485839,w,w
4670,CONTINUE,4670,0.784942,1,-48.9929,-212.637,1465.74,0.0765856,0.681948,0.0475267,w,w
4671,CONTINUE,4671,0.785334,1,-49.0371,-212.697,1466.19,0.0770515,0.682463,0.0473079,w,w
4672,CONTINUE,4672,0.783537,1,-49.0746,-212.804,1466.83,0.0766225,0.683529,0.0478939,w,w
4673,CONTINUE,4673,0.786524,1,-49.0945,-212.888,1467.28,0.0761293,0.684927,0.048708,w,w
4674,CONTINUE,4674,0.792444,1,-49.064,-213.159,1466.92,0.075266,0.684202,0.0491038,w,w
4675,CONTINUE,4675,0.795587,1,-48.9699,-213.337,1465.66,0.0717373,0.682966,0.0480389,w,w
4676,CONTINUE,4676,0.79635,1,-48.9395,-213.369,1465.85,0.0733712,0.677923,0.0461694,w,w
4677,CONTINUE,4677,0.803703,1,-48.8771,-213.292,1465.21,0.0739192,0.67789,0.0458207,w,w
4678,CONTINUE,4678,0.795838,1,-48.8416,-212.989,1464.42,0.077075,0.678938,0.0460116,w,w
4679,CONTINUE,4679,0.796919,1,-48.8387,-212.762,1464.2,0.0799163,0.680144,0.0460092,w,w
4680,CONTINUE,4680,0.797296,1,-48.826,-212.838,1464.99,0.0792282,0.683171,0.0461561,w,w
4681,CONTINUE,4681,0.805904,1,-48.5477,-212.553,1463.31,0.0783885,0.680196,0.045452,w,w
4682,CONTINUE,4682,0.806813,1,-48.4119,-212.245,1460.23,0.0781008,0.680664,0.0450375,w,w
4683,CONTINUE,4683,0.797171,1,-48.4092,-212.301,1460.23,0.0777049,0.67972,0.0451115,w,w
4684,CONTINUE,4684,0.805458,1,-48.5528,-212.85,1463.44,0.0781948,0.678191,0.0448257,w,w
4685,CONTINUE,4685,0.809606,1,-48.5572,-212.957,1463.89,0.0790061,0.67771,0.0444837,w,w
4686,CONTINUE,4686,0.81571,1,-48.5586,-213.006,1464.06,0.0800074,0.677324,0.0440304,w,w
4687,CONTINUE,4687,0.811793,1,-48.5421,-212.988,1463.86,0.0806103,0.676739,0.0438937,w,w
4688,CONTINUE,4688,0.809882,1,-48.5155,-212.948,1463.57,0.0814182,0.676062,0.0435091,w,w
3001,CONTINUE,3001,0.965444,1,-50.7088,-166.843,864.31,0.177609,-0.348081,-0.123371,m,w
3002,CONTINUE,3002,0.962154,1,-50.9926,-166.848,864.807,0.177685,-0.349417,-0.123129,m,w
3003,CONTINUE,3003,0.966724,1,-51.0155,-166.864,864.658,0.174066,-0.355225,-0.124243,m,w
3004,CONTINUE,3004,0.963424,1,-50.9586,-167,865.064,0.170166,-0.3591,-0.12565,m,w
3005,CONTINUE,3005,0.966107,1,-50.9337,-167.422,867.292,0.170901,-0.366983,-0.124176,m,w
3006,CONTINUE,3006,0.969305,1,-50.7927,-167.994,870.415,0.170289,-0.377761,-0.123784,m,w
3007,CONTINUE,3007,0.968419,1,-50.7608,-169.492,877.98,0.177522,-0.391957,-0.116052,m,w
3008,CONTINUE,3008,0.965349,1,-50.7314,-170.486,882.476,0.181328,-0.400191,-0.111915,m,w
3009,CONTINUE,3009,0.966128,1,-50.9152,-170.729,883.227,0.180379,-0.401097,-0.112648,m,w
3010,CONTINUE,3010,0.968979,1,-51.2088,-170.923,883.54,0.178073,-0.400107,-0.114555,m,w
3011,CONTINUE,3011,0.966996,1,-51.2424,-171.041,884.009,0.177157,-0.402962,-0.115078,m,w
3012,CONTINUE,3012,0.965765,1,-51.2233,-170.958,884.133,0.179416,-0.406568,-0.113633,m,w
3013,CONTINUE,3013,0.965236,1,-51.1559,-170.491,882.546,0.181724,-0.408714,-0.114934,m,w
3014,CONTINUE,3014,0.965282,1,-51.1846,-170.3,881.974,0.181371,-0.406556,-0.115068,m,w
3015,CONTINUE,3015,0.970473,1,-51.4348,-169.736,876.342,0.171693,-0.400643,-0.121149,m,w
3016,CONTINUE,3016,0.975595,1,-52.4287,-169.172,870.598,0.167372,-0.387886,-0.127316,m,w
3017,CONTINUE,3017,0.980566,1,-54.3654,-168.868,863.386,0.150776,-0.366066,-0.132759,m,w
3018,CONTINUE,3018,0.971524,1,-57.6356,-170.719,856.545,0.0924079,-0.319009,-0.148273,m,w
3019,CONTINUE,3019,0.968038,1,-60.3673,-174.134,856.907,0.0482746,-0.276417,-0.147414,m,w
3020,CONTINUE,3020,0.975515,1,-62.6332,-176.387,860.517,0.0361259,-0.246507,-0.148877,m,w
3021,CONTINUE,3021,0.976619,1,-64.2594,-178.031,863.763,0.0356974,-0.231933,-0.143544,m,w
3022,CONTINUE,3022,0.979932,1,-65.6303,-179.022,860.939,0.00410036,-0.205119,-0.141393,m,w
3023,CONTINUE,3023,0.972486,1,-64.8142,-180.365,856.647,-0.0297378,-0.216183,-0.148196,m,w
3024,CONTINUE,3024,0.97109,1,-63.3167,-180.017,850.876,-0.0413752,-0.235245,-0.153008,m,w
3025,CONTINUE,3025,0.977882,1,-62.5411,-179.568,860.629,0.0290512,-0.273074,-0.150593,m,w
3026,CONTINUE,3026,0.977919,1,-62.1377,-174.658,863.506,0.12589,-0.294964,-0.13556,m,w
3027,CONTINUE,3027,0.962631,1,-60.7157,-168.455,865.587,0.202415,-0.321339,-0.111969,m,w
3028,CONTINUE,3028,0.935823,1,-60.6712,-164.024,875.096,0.257999,-0.318759,-0.0874443,m,w
3029,CONTINUE,3029,0.897678,1,-63.2694,-163.312,887.076,0.281742,-0.294844,-0.0745767,m,w
3030,CONTINUE,3030,0.919301,1,-68.934,-167.442,904.742,0.238827,-0.258138,-0.0936782,m,w
3031,CONTINUE,3031,0.95603,1,-75.1859,-171.013,908.247,0.176295,-0.222667,-0.11965,m,w
3032,CONTINUE,3032,0.956422,1,-82.6075,-174.761,911.048,0.108138,-0.145194,-0.141645,m,w
3033,CONTINUE,3033,0.93875,1,-92.0585,-177.771,912.484,0.0089486,-0.0560086,-0.166031,m,w
3034,CONTINUE,3034,0.918266,1,-98.4538,-175.91,891.615,-0.0531302,0.0398145,-0.194074,m,w
3035,CONTINUE,3035,0.926539,1,-103.981,-173.863,870.741,-0.0982,0.115733,-0.213226,m,w
3036,CONTINUE,3036,0.941785,1,-109.479,-173.262,857.666,-0.116537,0.20458,-0.208951,m,w
3037,CONTINUE,3037,0.924853,1,-115.681,-173.976,853.83,-0.10689,0.263569,-0.190719,m,w
3038,CONTINUE,3038,0.919491,1,-122.19,-173.535,854.652,-0.0387314,0.318807,-0.16957,m,w
3039,CONTINUE,3039,0.90391,1,-128.179,-170.925,855.845,0.0516597,0.360562,-0.159693,m,w
3040,CONTINUE,3040,0.857918,1,-133.632,-166.554,858.756,0.184374,0.370702,-0.157776,m,w
3041,CONTINUE,3041,0.871531,1,-139.4,-163.251,864.851,0.233044,0.380263,-0.163032,m,w
3042,CONTINUE,3042,0.80633,1,-144.143,-159.659,868.172,0.268321,0.392692,-0.179843,m,w
3043,CONTINUE,3043,0.827078,1,-148.593,-157,870.758,0.290731,0.403211,-0.203247,m,w
3044,CONTINUE,3044,0.808218,1,-152.9,-155.367,873.195,0.296983,0.41504,-0.217731,m,w
3045,CONTINUE,3045,0.800484,1,-154.905,-154.669,866.765,0.281767,0.428672,-0.212972,m,w
3046,CONTINUE,3046,0.819501,1,-156.711,-155.562,865.182,0.259671,0.428294,-0.210777,m,w
3047,CONTINUE,3047,0.830882,1,-156.626,-155.693,858.724,0.265988,0.433175,-0.217627,m,w
3048,CONTINUE,3048,0.842408,1,-156.606,-155.458,857.157,0.269199,0.432439,-0.21942,m,w
3049,CONTINUE,3049,0.849584,1,-157.475,-156.069,865.608,0.272977,0.414447,-0.222863,m,w
3050,CONTINUE,3050,0.889239,1,-159.445,-158.088,885.86,0.277244,0.383875,-0.217329,m,w
3051,CONTINUE,3051,0.89901,1,-159.615,-158.72,907.605,0.288833,0.315828,-0.210801,m,w
3052,CONTINUE,3052,0.89849,1,-156.547,-157.138,920.483,0.302429,0.241507,-0.211287,m,w
3053,CONTINUE,3053,0.893448,1,-151.211,-153.525,920.239,0.297004,0.200767,-0.216335,m,w
3054,CONTINUE,3054,0.89357,1,-146.124,-150.701,920.84,0.285774,0.171535,-0.222449,m,w
3055,CONTINUE,3055,0.887923,1,-138.578,-148.078,913.5,0.256975,0.124297,-0.211641,m,w
3056,CONTINUE,3056,0.885765,1,-131.311,-146.635,905.863,0.212243,0.0978994,-0.209989,m,w
3057,CONTINUE,3057,0.924956,1,-126.027,-146.416,898.494,0.192655,0.0997846,-0.209856,m,w
3058,CONTINUE,3058,0.917755,1,-122.787,-148.82,896.571,0.150853,0.102589,-0.197918,m,w
3059,CONTINUE,3059,0.929878,1,-120.252,-150.886,891.796,0.112255,0.11138,-0.181706,m,w
3060,CONTINUE,3060,0.934246,1,-118.269,-152.766,888.602,0.099479,0.107381,-0.17032,m,w
3061,CONTINUE,3061,0.923379,1,-118.057,-154.458,891.639,0.1035,0.12422,-0.16303,m,w
3062,CONTINUE,3062,0.935334,1,-118.872,-155.249,895.68,0.111897,0.135179,-0.160207,m,w
3063,CONTINUE,3063,0.935671,1,-120.029,-154.951,896.996,0.118387,0.162338,-0.152883,m,w
3064,CONTINUE,3064,0.884425,1,-121.006,-153.269,888.563,0.143769,0.208311,-0.148042,m,w
3065,CONTINUE,3065,0.890997,1,-122.111,-152.745,879.99,0.172785,0.259918,-0.131374,m,w
3066,CONTINUE,3066,0.889369,1,-123.538,-153.021,872.325,0.181477,0.308377,-0.121352,m,w
3067,CONTINUE,3067,0.865233,1,-125.053,-154.814,866.195,0.156889,0.358028,-0.100315,m,w
3068,CONTINUE,3068,0.871887,1,-125.473,-156.49,857.555,0.142068,0.397994,-0.0699635,m,w
3069,CONTINUE,3069,0.872426,1,-126.019,-158.71,856.736,0.150928,0.41583,-0.0414581,m,w
3070,CONTINUE,3070,0.861707,1,-126.49,-160.641,857.05,0.137396,0.425811,-0.00709952,m,w
3071,CONTINUE,3071,0.827252,1,-125.9,-161.758,855.187,0.141593,0.428596,0.0186423,m,w
3072,CONTINUE,3072,0.89606,1,-125.439,-163.074,854.817,0.141909,0.434714,0.0374257,m,w
3073,CONTINUE,3073,0.881043,1,-125.887,-164.651,856.464,0.12548,0.443502,0.055721,m,w
3074,CONTINUE,3074,0.867573,1,-126.876,-166.263,859.83,0.124157,0.446063,0.0644979,m,w
3075,CONTINUE,3075,0.876272,1,-128.404,-167.574,864.214,0.126443,0.447519,0.0674065,m,w
3076,CONTINUE,3076,0.869363,1,-129.597,-168.388,866.82,0.128154,0.446622,0.0681938,m,w
3077,CONTINUE,3077,0.87725,1,-130.128,-169.169,866.944,0.128866,0.447812,0.0605995,m,w
3078,CONTINUE,3078,0.877875,1,-130.743,-169.944,864.207,0.114261,0.464956,0.063303,m,w
3079,CONTINUE,3079,0.880718,1,-130.713,-172.249,858.299,0.0938817,0.481366,0.0642284,m,w
3080,CONTINUE,3080,0.863931,1,-129.537,-174.647,846.096,0.0767713,0.489599,0.0638471,m,w
3081,CONTINUE,3081,0.906382,1,-129.741,-179.021,845.456,0.0663719,0.490857,0.0690418,m,w
3082,CONTINUE,3082,0.931678,1,-131.147,-184.771,856.993,0.0512278,0.475922,0.0785444,m,w
3083,CONTINUE,3083,0.921498,1,-131.292,-187.228,859.005,0.0398661,0.479352,0.0881198,m,w
3084,CONTINUE,3084,0.890332,1,-130.164,-187.197,857.865,0.0444334,0.481718,0.0914691,m,w
3085,CONTINUE,3085,0.880644,1,-128.197,-184.938,852.841,0.05797,0.49522,0.0856487,m,w
3086,CONTINUE,3086,0.88839,1,-126.724,-183.365,848.451,0.058659,0.498079,0.082576,m,w
3087,CONTINUE,3087,0.884145,1,-125.288,-182.908,844.664,0.0585526,0.490777,0.0859306,m,w
3088,CONTINUE,3088,0.868841,1,-123.703,-182.75,838.562,0.0481216,0.480645,0.0856728,m,w
3089,CONTINUE,3089,0.878104,1,-123.145,-183.456,836.441,0.0507006,0.483599,0.0813566,m,w
3090,CONTINUE,3090,0.915355,1,-123.067,-185.554,838.117,0.0367505,0.472809,0.0781608,m,w
3091,CONTINUE,3091,0.925651,1,-123.578,-188.272,843.169,0.0212347,0.47107,0.0798994,m,w
3092,CONTINUE,3092,0.934543,1,-122.721,-189.511,841.92,0.0134012,0.464662,0.0840432,m,w
3093,CONTINUE,3093,0.929367,1,-122.761,-191.644,843.903,0.000643461,0.460732,0.082063,m,w
3094,CONTINUE,3094,0.953616,1,-123.29,-193.79,846.119,-0.0154546,0.464337,0.088606,m,w
3095,CONTINUE,3095,0.933281,1,-123.052,-194.428,844.296,-0.0168744,0.460638,0.0885357,m,w
3096,CONTINUE,3096,0.943339,1,-123.336,-195.268,843.659,-0.0266199,0.461157,0.0943769,m,w
3097,CONTINUE,3097,0.93993,1,-123.99,-195.288,843.024,-0.0316954,0.461129,0.102436,m,w
3098,CONTINUE,3098,0.928351,1,-124.936,-194.978,842.248,-0.0285539,0.461485,0.105657,m,w
3099,CONTINUE,3099,0.927744,1,-126.233,-194.569,840.989,-0.0263812,0.464648,0.108101,m,w
3100,CONTINUE,3100,0.92354,1,-128.905,-196.377,847.834,-0.00224739,0.466296,0.100166,m,w
3101,CONTINUE,3101,0.924527,1,-130.309,-196.452,848.954,0.0203576,0.467892,0.0876231,m,w
3102,CONTINUE,3102,0.904642,1,-130.15,-193.907,841.143,0.0246997,0.478215,0.0811699,m,w
3103,CONTINUE,3103,0.912521,1,-131.754,-194.41,844.963,0.0648074,0.49259,0.058969,m,w
3104,CONTINUE,3104,0.909868,1,-133.137,-195.196,847.571,0.0429476,0.484622,0.0561352,m,w
3105,CONTINUE,3105,0.899582,1,-134.227,-194.47,846.623,0.0401256,0.49854,0.0592833,m,w
3106,CONTINUE,3106,0.900739,1,-137.435,-198.139,863.805,0.074803,0.502733,0.0397853,m,w
3109,CONTINUE,3109,0.72925,1,-145.376,-199.373,875.616,-0.00844699,0.69835,0.096455,m,w
3110,CONTINUE,3110,0.72613,1,-145.254,-196.839,866.314,-0.0181178,0.698969,0.107475,m,w
3111,CONTINUE,3111,0.741174,1,-145.897,-195.578,863.625,-0.0194208,0.705303,0.109973,m,w
3112,CONTINUE,3112,0.754819,1,-146.793,-194.266,862.115,-0.0200564,0.707394,0.109698,m,w
3114,CONTINUE,3114,0.776333,1,-152.434,-202.069,893.919,0.0241434,0.706898,0.0892815,m,w
3119,CONTINUE,3119,0.773204,1,-167.167,-211.272,950.585,0.0831138,0.463148,0.0103437,m,w
3120,CONTINUE,3120,0.858232,1,-171.423,-210.796,960.954,0.127194,0.530573,0.00358197,m,w
3122,CONTINUE,3122,0.775562,1,-164.035,-187.674,903.554,0.15776,0.697669,-0.0665455,m,w
3123,CONTINUE,3123,0.738565,1,-163.627,-184.341,893.874,0.183833,0.690645,-0.0892239,m,w
3126,CONTINUE,3126,0.752732,1,-158.621,-180.807,891.045,0.152502,0.678791,-0.114993,m,w
3127,CONTINUE,3127,0.771444,1,-155.725,-181.075,891.947,0.138673,0.682606,-0.115248,m,w
3128,CONTINUE,3128,0.738927,1,-150.961,-180.75,889.42,0.128289,0.679082,-0.112646,m,w
3129,CONTINUE,3129,0.743526,1,-144.635,-180.501,889.443,0.13065,0.668699,-0.134211,m,w
3130,CONTINUE,3130,0.75489,1,-141.538,-183.607,900.314,0.117994,0.655202,-0.138734,m,w
3131,CONTINUE,3131,0.880529,1,-123.197,-158.525,777.856,0.0666866,0.210358,-0.0695507,m,w
3132,CONTINUE,3132,0.879261,1,-126.946,-168.211,821.817,0.0651145,0.240593,-0.100176,m,w
3133,CONTINUE,3133,0.921746,1,-127.176,-174.772,846.357,0.0919815,0.288182,-0.130512,m,w
3134,CONTINUE,3134,0.879019,1,-128.527,-180.097,865.301,0.133741,0.265407,-0.179325,m,w
3135,CONTINUE,3135,0.945896,1,-130.244,-181.321,870.382,0.189446,0.280481,-0.229276,m,w
3136,CONTINUE,3136,0.954377,1,-134.321,-184.362,879.113,0.241199,0.301432,-0.262646,m,w
3137,CONTINUE,3137,0.92654,1,-138.347,-189.041,890.353,0.259429,0.28777,-0.276951,m,w
3138,CONTINUE,3138,0.876643,1,-139.511,-183.186,865.956,0.24907,0.352058,-0.268142,m,w
3139,CONTINUE,3139,0.908395,1,-141.571,-179.067,852.275,0.253106,0.411546,-0.265726,m,w
3140,CONTINUE,3140,0.839621,1,-146.603,-182.135,867.316,0.308895,0.456727,-0.286276,m,w
3141,CONTINUE,3141,0.843727,1,-149.428,-180.83,861.817,0.292714,0.509871,-0.26744,m,w
3142,CONTINUE,3142,0.873515,1,-150.819,-181.002,861.666,0.288053,0.525463,-0.253461,m,w
3143,CONTINUE,3143,0.904899,1,-150.641,-182.307,864.527,0.27493,0.50621,-0.231826,m,w
3144,CONTINUE,3144,0.892275,1,-150.719,-184.779,871.404,0.262767,0.474122,-0.219294,m,w
3145,CONTINUE,3145,0.905321,1,-151.848,-187.04,876.737,0.235422,0.462598,-0.200015,m,w
3146,CONTINUE,3146,0.900731,1,-154.014,-191.118,889.871,0.230278,0.448569,-0.199522,m,w
3147,CONTINUE,3147,0.915875,1,-154.031,-190.798,888.648,0.23479,0.456855,-0.205484,m,w
3148,CONTINUE,3148,0.937508,1,-153.718,-190.385,886.211,0.247966,0.470451,-0.20631,m,w
3149,CONTINUE,3149,0.956379,1,-154.953,-191.734,889.95,0.24062,0.46619,-0.206792,m,w
3150,CONTINUE,3150,0.934659,1,-155.004,-189.151,878.231,0.228388,0.500032,-0.197399,m,w
3151,CONTINUE,3151,0.905505,1,-155.647,-191.478,884.272,0.209169,0.485226,-0.197031,m,w
3152,CONTINUE,3152,0.881274,1,-153.026,-187.558,867.468,0.213326,0.501514,-0.194158,m,w
3153,CONTINUE,3153,0.904381,1,-151.042,-185.418,860.247,0.215164,0.487528,-0.19184,m,w
3154,CONTINUE,3154,0.8602,1,-154.244,-185.438,863.152,0.17931,0.51344,-0.172602,m,w
3155,CONTINUE,3155,0.850851,1,-158.985,-187.024,871.81,0.188422,0.536166,-0.167873,m,w
3159,CONTINUE,3159,0.737733,1,-178.291,-195.739,902.432,0.138508,0.70465,-0.10376,m,w
3168,CONTINUE,3168,0.798369,1,-184.486,-208.199,930.747,0.116154,0.516807,-0.0504006,m,w
3169,CONTINUE,3169,0.741387,1,-185.481,-208.388,936.391,0.0940925,0.662376,-0.0362071,m,w
3170,CONTINUE,3170,0.839445,1,-186.986,-208.334,954.06,0.143278,0.510697,-0.0643614,m,w
3171,CONTINUE,3171,0.739082,1,-186.114,-204.539,963.135,0.136109,0.604894,-0.0678308,m,w
3173,CONTINUE,3173,0.880262,1,-175.805,-191.051,957.268,0.190865,0.508843,-0.051998,m,w
3174,CONTINUE,3174,0.794606,1,-175.929,-187.202,976.214,0.246034,0.47695,-0.0665626,m,w
3175,CONTINUE,3175,0.814572,1,-171.998,-181.087,980.826,0.277159,0.451064,-0.062524,m,w
3176,CONTINUE,3176,0.738139,1,-170.068,-178.383,991.808,0.293901,0.433572,-0.0500607,m,w
3177,CONTINUE,3177,0.754809,1,-163.187,-171.288,972.608,0.311649,0.422812,-0.0127314,m,w
3181,CONTINUE,3181,0.740078,1,-154.839,-171.391,951.74,0.22979,0.446871,0.000160528,m,w
3182,CONTINUE,3182,0.810068,1,-157.335,-180.499,963.234,0.157927,0.43295,0.0323564,m,w
3183,CONTINUE,3183,0.843434,1,-157.347,-189.269,970.57,0.103102,0.432396,0.0689708,m,w
3184,CONTINUE,3184,0.859159,1,-153.994,-194.232,962.486,0.0516554,0.437805,0.108679,m,w
3185,CONTINUE,3185,0.895415,1,-152.378,-198.388,956.691,0.0290821,0.450752,0.131729,m,w
3186,CONTINUE,3186,0.906943,1,-152.231,-201.849,953.461,0.0288356,0.471364,0.139279,m,w
3187,CONTINUE,3187,0.900369,1,-151.555,-202.685,947.202,0.0362179,0.501427,0.14062,m,w
3188,CONTINUE,3188,0.923648,1,-150.009,-201.307,944.81,0.0582318,0.519338,0.141812,m,w
3189,CONTINUE,3189,0.926692,1,-148.124,-199.477,946.766,0.0797885,0.511951,0.140844,m,w
3190,CONTINUE,3190,0.921324,1,-145.668,-198.113,952.492,0.0804429,0.50497,0.152079,m,w
3191,CONTINUE,3191,0.923059,1,-141.794,-196.706,949.199,0.0666765,0.494703,0.164362,m,w
3192,CONTINUE,3192,0.929052,1,-137.351,-196.643,945.357,0.049601,0.487181,0.180352,m,w
3193,CONTINUE,3193,0.935754,1,-132.267,-197.041,940.213,0.0279129,0.467884,0.198151,m,w
3194,CONTINUE,3194,0.934143,1,-127.755,-197.174,938.948,0.0189649,0.457082,0.210501,m,w
3195,CONTINUE,3195,0.930898,1,-123.903,-195.921,941.416,0.0337535,0.428272,0.210946,m,w
3196,CONTINUE,3196,0.923445,1,-120.701,-192.056,938.988,0.0460138,0.417706,0.213047,m,w
3197,CONTINUE,3197,0.914209,1,-118.941,-187.285,940.041,0.0835228,0.407007,0.198044,m,w
3198,CONTINUE,3198,0.894479,1,-118.375,-181.568,939.123,0.111974,0.416199,0.177895,m,w
3199,CONTINUE,3199,0.855637,1,-120.043,-177.877,949.732,0.135164,0.420409,0.146645,m,w
3200,CONTINUE,3200,0.858564,1,-121.233,-171.286,946.338,0.190381,0.442227,0.114227,m,w
3201,CONTINUE,3201,0.857218,1,-124.353,-168.144,952.188,0.196243,0.442243,0.10141,m,w
3202,CONTINUE,3202,0.820347,1,-126.439,-164.556,958.821,0.221038,0.419758,0.0787729,m,w
3203,CONTINUE,3203,0.81516,1,-129.131,-159.972,956.105,0.249928,0.437201,0.0702769,m,w
3204,CONTINUE,3204,0.754158,1,-132.639,-156.702,963.058,0.279042,0.418736,0.0562463,m,w
16867,CONTINUE,16867,0.729719,1,-56.158,-132.003,895.366,0.0381757,0.333462,-0.20283,w,m
16871,CONTINUE,16871,0.856605,1,-47.4611,-130.056,903.157,0.0449999,0.246672,-0.138605,w,m
16872,CONTINUE,16872,0.852298,1,-42.813,-133.08,921.67,0.00561185,0.204458,-0.117854,w,m
16873,CONTINUE,16873,0.912015,1,-36.6843,-134.525,918.18,-0.0290429,0.175672,-0.0925458,w,m
16874,CONTINUE,16874,0.946761,1,-29.1267,-137.198,916.661,-0.0477565,0.135207,-0.0670596,w,m
16875,CONTINUE,16875,0.946457,1,-20.5267,-140.089,915.049,-0.0484679,0.0764378,-0.0325906,w,m
16876,CONTINUE,16876,0.952378,1,-13.0859,-142.058,912.223,-0.0751603,0.0289975,0.00284008,w,m
16877,CONTINUE,16877,0.942207,1,-8.69447,-144.86,923.32,-0.0833503,0.00909068,0.0183422,w,m
16878,CONTINUE,16878,0.944613,1,-6.25795,-145.858,922.899,-0.0840121,0.0018223,0.023145,w,m
16879,CONTINUE,16879,0.932283,1,-5.22719,-146.098,923.683,-0.0636584,0.00856251,0.0186327,w,m
16880,CONTINUE,16880,0.919683,1,-4.69503,-144.526,923.848,-0.0178471,0.0141563,0.00923428,w,m
16881,CONTINUE,16881,0.909659,1,-4.02662,-141.133,924.761,0.0454154,0.0209735,0.00160309,w,m
16882,CONTINUE,16882,0.92583,1,-4.00031,-135.938,923.78,0.119887,0.0315614,-0.0121447,w,m
16883,CONTINUE,16883,0.92801,1,-4.0582,-129.913,922.912,0.187585,0.038135,-0.0191379,w,m
16884,CONTINUE,16884,0.896049,1,-3.88523,-123.271,921.36,0.259646,0.0445995,-0.0278875,w,m
16885,CONTINUE,16885,0.864821,1,-2.99381,-116.165,916.682,0.317606,0.0429137,-0.0360878,w,m
16886,CONTINUE,16886,0.874526,1,-2.39981,-110.83,918.411,0.362169,0.0438148,-0.0438643,w,m
16887,CONTINUE,16887,0.876518,1,-2.57887,-107.542,920.379,0.375093,0.0511146,-0.0513563,w,m
16888,CONTINUE,16888,0.866344,1,-2.8472,-107.143,928.305,0.33405,0.0725268,-0.0565263,w,m
16889,CONTINUE,16889,0.906109,1,-3.30446,-109.495,934.972,0.218976,0.090169,-0.0573811,w,m
16890,CONTINUE,16890,0.943235,1,-4.42747,-113.519,918.273,0.0746425,0.122907,-0.0534563,w,m
16891,CONTINUE,16891,0.915219,1,-5.59355,-119.011,895.132,-0.057664,0.159415,-0.0574147,w,m
16892,CONTINUE,16892,0.867626,1,-9.03821,-125.235,879.373,-0.155406,0.265607,-0.0498345,w,m
16893,CONTINUE,16893,0.885327,1,-11.9634,-134.481,892.449,-0.220893,0.310455,-0.0114808,w,m
16894,CONTINUE,16894,0.902857,1,-12.587,-140.925,895.428,-0.258472,0.329746,0.0254398,w,m
16895,CONTINUE,16895,0.929943,1,-12.3145,-145.396,893.148,-0.277356,0.337344,0.0598949,w,m
16896,CONTINUE,16896,0.928778,1,-11.8475,-148.441,890.184,-0.269118,0.342976,0.0952126,w,m
16897,CONTINUE,16897,0.946609,1,-11.3568,-150.784,896.375,-0.214508,0.346052,0.118557,w,m
16898,CONTINUE,16898,0.933239,1,-11.4546,-150.29,901.816,-0.138029,0.35832,0.12442,w,m
16899,CONTINUE,16899,0.941935,1,-12.18,-145.599,899.075,-0.0812939,0.393502,0.111908,w,m
16900,CONTINUE,16900,0.937505,1,-12.646,-139.764,898.474,-0.0330514,0.405453,0.0807498,w,m
16901,CONTINUE,16901,0.947641,1,-12.8654,-134.522,896.566,0.00599652,0.404722,0.0569109,w,m
16902,CONTINUE,16902,0.942719,1,-13.5009,-131.143,894.669,0.0260557,0.407256,0.0414454,w,m
16903,CONTINUE,16903,0.954483,1,-14.4558,-128.526,892.127,0.048352,0.417169,0.030468,w,m
16904,CONTINUE,16904,0.958881,1,-14.8791,-127.23,892.889,0.0443824,0.407833,0.0270628,w,m
16905,CONTINUE,16905,0.958683,1,-15.3381,-124.936,890.02,0.0704214,0.416688,0.0207636,w,m
16906,CONTINUE,16906,0.957065,1,-15.4537,-123.849,891.451,0.0594823,0.407927,0.0202832,w,m
16907,CONTINUE,16907,0.953145,1,-15.5593,-122.785,891.851,0.0713492,0.40759,0.0172752,w,m
16908,CONTINUE,16908,0.962455,1,-15.3993,-121.768,889.691,0.0865608,0.41779,0.0147189,w,m
16909,CONTINUE,16909,0.958557,1,-14.6002,-121.045,889.194,0.0870543,0.410905,0.0136906,w,m
16910,CONTINUE,16910,0.957786,1,-11.742,-120.595,896.784,0.0586712,0.370196,0.0184926,w,m
16911,CONTINUE,16911,0.97591,1,-6.02266,-120.016,912.77,0.0706639,0.32482,0.0263414,w,m
16912,CONTINUE,16912,0.967577,1,1.83774,-118.55,915.041,0.0676466,0.220393,0.0292881,w,m
16913,CONTINUE,16913,0.895383,1,10.1909,-114.794,900.887,0.0664954,0.141575,0.0330717,w,m
16914,CONTINUE,16914,0.843562,1,18.7185,-113.485,896.554,0.0669272,0.0644352,0.0353052,w,m
16915,CONTINUE,16915,0.845146,1,26.359,-113.348,884.181,0.0314856,-0.0732554,0.0452329,w,m
16916,CONTINUE,16916,0.879403,1,34.1447,-116.463,886.079,0.00614132,-0.249574,0.0499224,w,m
16917,CONTINUE,16917,0.891376,1,38.9734,-119.064,883.499,-0.0012704,-0.334859,0.0286154,w,m
16918,CONTINUE,16918,0.89826,1,42.2099,-122.085,883.255,-0.00879437,-0.349572,0.00507606,w,m
16919,CONTINUE,16919,0.885744,1,45.0397,-124.868,885.522,-0.0117536,-0.37053,-0.00553249,w,m
16920,CONTINUE,16920,0.903745,1,47.4092,-128.084,891.532,-0.041165,-0.398018,-0.0247296,w,m
16921,CONTINUE,16921,0.879989,1,49.609,-130.165,885.51,-0.0614412,-0.434821,-0.0368345,w,m
16922,CONTINUE,16922,0.861732,1,51.5385,-133.234,886.788,-0.0738298,-0.463119,-0.0415559,w,m
16923,CONTINUE,16923,0.828244,1,52.6707,-137.015,890.101,-0.0963166,-0.47627,-0.0575674,w,m
16924,CONTINUE,16924,0.813879,1,53.4051,-141.499,895.193,-0.123057,-0.468615,-0.0693021,w,m
16925,CONTINUE,16925,0.789331,1,53.9203,-145.744,902.892,-0.148125,-0.46484,-0.0879025,w,m
16926,CONTINUE,16926,0.780125,1,54.1953,-148.89,909.917,-0.162071,-0.459288,-0.0961022,w,m
16927,CONTINUE,16927,0.783512,1,53.8974,-151.47,915.023,-0.170205,-0.454125,-0.109617,w,m
16928,CONTINUE,16928,0.821714,1,54.1513,-153.786,919.719,-0.176582,-0.45029,-0.119887,w,m
16929,CONTINUE,16929,0.828605,1,54.8079,-155.391,926.303,-0.173277,-0.449601,-0.123551,w,m
16930,CONTINUE,16930,0.836915,1,55.5623,-155.917,927.749,-0.176018,-0.447492,-0.131978,w,m
16931,CONTINUE,16931,0.852776,1,56.3238,-154.453,923.915,-0.159248,-0.453657,-0.130565,w,m
16932,CONTINUE,16932,0.864027,1,55.3245,-147.511,898.56,-0.11961,-0.474493,-0.109577,w,m
16933,CONTINUE,16933,0.881544,1,54.8838,-143.25,886.5,-0.078664,-0.483757,-0.0797557,w,m
16934,CONTINUE,16934,0.909015,1,55.7741,-144.004,892.815,-0.0763903,-0.480855,-0.0712001,w,m
16935,CONTINUE,16935,0.926084,1,55.7556,-144.804,900.356,-0.0660794,-0.469615,-0.069774,w,m
16936,CONTINUE,16936,0.923606,1,54.4559,-144.463,906.842,-0.0412673,-0.443627,-0.0585876,w,m
16937,CONTINUE,16937,0.90252,1,51.4219,-142.272,906.5,-0.0351066,-0.405428,-0.0547199,w,m
16938,CONTINUE,16938,0.922813,1,45.4584,-140.127,910.646,-0.0427685,-0.328928,-0.0636355,w,m
16939,CONTINUE,16939,0.923613,1,37.9407,-136.736,904.713,-0.0315185,-0.209301,-0.0788618,w,m
16940,CONTINUE,16940,0.938222,1,30.1902,-133.3,891.03,0.000379394,-0.105804,-0.0870713,w,m
16941,CONTINUE,16941,0.785578,1,24.8054,-131.335,875.3,-0.0242025,-0.151467,-0.104287,w,m
16942,CONTINUE,16942,0.88003,1,3.74489,-129.819,885.361,-0.0627314,0.213314,0.0202237,w,m
16943,CONTINUE,16943,0.916777,1,-1.75437,-126.35,871.324,-0.0819961,0.289471,0.0377923,w,m
16944,CONTINUE,16944,0.933099,1,-6.39957,-123.361,859.541,-0.0856744,0.340351,0.0530944,w,m
16945,CONTINUE,16945,0.929679,1,-10.0821,-121.338,852.556,-0.0703393,0.388914,0.0647119,w,m
16946,CONTINUE,16946,0.919455,1,-13.284,-120.307,847.435,-0.0664447,0.427239,0.0744308,w,m
16947,CONTINUE,16947,0.916031,1,-15.9352,-119.754,843.88,-0.0676886,0.457023,0.0813801,w,m
16948,CONTINUE,16948,0.92026,1,-19.4083,-123.509,861.023,-0.0511631,0.467273,0.0881465,w,m
16949,CONTINUE,16949,0.923778,1,-22.6253,-124.542,859.499,-0.0728066,0.460542,0.104398,w,m
16950,CONTINUE,16950,0.937817,1,-24.5864,-130.32,868.329,-0.0751515,0.430204,0.0992705,w,m
16951,CONTINUE,16951,0.885211,1,-25.422,-134.088,848.672,-0.187187,0.414186,0.119259,w,m
16952,CONTINUE,16952,0.847439,1,-24.9884,-138.897,830.574,-0.289429,0.433306,0.14676,w,m
16953,CONTINUE,16953,0.745965,1,-23.5108,-141.343,808.585,-0.397305,0.401556,0.15439,w,m
16963,CONTINUE,16963,0.735215,1,2.41309,-173.041,856.97,-0.716514,0.212324,0.278596,w,m
16965,CONTINUE,16965,0.849626,1,16.0286,-168.335,880.863,-0.479876,0.0822307,0.214225,w,m
16966,CONTINUE,16966,0.833127,1,21.5907,-166.8,886.17,-0.416009,-0.000409805,0.191043,w,m
16967,CONTINUE,16967,0.908378,1,26.1985,-164.605,887.359,-0.369987,-0.0417037,0.177319,w,m
16968,CONTINUE,16968,0.93046,1,29.6284,-165.754,904.489,-0.342253,-0.0634299,0.175731,w,m
16969,CONTINUE,16969,0.889505,1,31.8371,-165.933,913.235,-0.331917,-0.0899554,0.181228,w,m
16970,CONTINUE,16970,0.895936,1,34.0709,-170.103,944.1,-0.306646,-0.0554773,0.197314,w,m
16971,CONTINUE,16971,0.795712,1,35.166,-167.346,942.687,-0.254574,0.000729734,0.19568,w,m
16972,CONTINUE,16972,0.941672,1,37.3664,-161.569,928.421,-0.215226,-0.0264763,0.167255,w,m
16973,CONTINUE,16973,0.919985,1,42.3051,-162.958,942.478,-0.195013,-0.0527702,0.149212,w,m
16974,CONTINUE,16974,0.867139,1,45.3689,-159.268,942.413,-0.115023,-0.050719,0.148034,w,m
16975,CONTINUE,16975,0.884394,1,48.2856,-153.662,933.867,-0.046594,-0.0760828,0.133237,w,m
16976,CONTINUE,16976,0.807741,1,52.0505,-152.022,937.906,0.00605847,-0.0279238,0.0840462,w,m
16977,CONTINUE,16977,0.730849,1,53.7922,-148.029,928.565,0.00744123,-0.0877411,0.0840454,w,m
16978,CONTINUE,16978,0.750475,1,54.7908,-145.285,913.076,-0.042304,-0.126464,0.052313,w,m
16979,CONTINUE,16979,0.761479,1,54.4064,-144.79,902.451,-0.100418,-0.149201,0.00658308,w,m
16980,CONTINUE,16980,0.768196,1,52.6682,-145.07,902.789,-0.0901278,-0.120421,-0.0285505,w,m
16981,CONTINUE,16981,0.789528,1,52.7028,-146.139,912.4,-0.0635134,-0.136546,-0.0399254,w,m
16982,CONTINUE,16982,0.775253,1,51.8986,-145.29,912.794,-0.0663551,-0.142988,-0.0584211,w,m
16983,CONTINUE,16983,0.777336,1,50.6972,-144.087,910.384,-0.0530483,-0.125761,-0.0689158,w,m
16984,CONTINUE,16984,0.773075,1,50.7141,-141.575,906.269,-0.0260904,-0.13019,-0.0765933,w,m
16985,CONTINUE,16985,0.804902,1,49.8582,-140.473,905.126,-0.0236356,-0.115307,-0.0781813,w,m
16986,CONTINUE,16986,0.810345,1,49.0503,-141.853,920.614,0.00323358,-0.0828696,-0.0601717,w,m
16987,CONTINUE,16987,0.852012,1,47.1271,-138.762,917.452,0.0310684,-0.0667764,-0.0442227,w,m
16988,CONTINUE,16988,0.824478,1,46.007,-135.091,913.713,0.0674586,-0.0517657,-0.0150247,w,m
16989,CONTINUE,16989,0.804306,1,45.6808,-131.918,906.42,0.105553,-0.0729292,-0.0228352,w,m
16990,CONTINUE,16990,0.768998,1,44.4294,-129.413,903.949,0.152559,-0.0496364,-0.0281671,w,m
16991,CONTINUE,16991,0.81204,1,39.9712,-129.351,911.828,0.105523,0.0186153,0.00823266,w,m
16992,CONTINUE,16992,0.859326,1,37.2516,-127.174,911.042,0.115615,0.0332893,0.0173001,w,m
16993,CONTINUE,16993,0.85976,1,35.2941,-123.405,906.225,0.142363,0.0559678,0.0239163,w,m
16994,CONTINUE,16994,0.87625,1,34.4924,-119.831,910.149,0.198604,0.0544262,0.016453,w,m
16995,CONTINUE,16995,0.886526,1,33.9982,-115.662,917.643,0.281747,0.0499866,0.012348,w,m
16996,CONTINUE,16996,0.849671,1,32.8942,-108.086,912.815,0.395294,0.0369835,0.00829368,w,m
16997,CONTINUE,16997,0.759536,1,31.4435,-99.5404,905.025,0.500345,0.0334963,-0.0019321,w,m
16998,CONTINUE,16998,0.899322,1,30.1976,-85.6004,917.526,0.131717,0.00226753,-0.0137585,w,m
16999,CONTINUE,16999,0.875457,1,29.4002,-80.4653,923.766,0.219776,0.000325046,-0.0295942,w,m
17000,CONTINUE,17000,0.861104,1,28.3659,-77.0924,932.327,0.243498,-0.00111492,-0.0459445,w,m
17001,CONTINUE,17001,0.876638,1,27.2111,-76.2511,933.304,0.230266,-0.00236488,-0.0589704,w,m
17002,CONTINUE,17002,0.902814,1,26.0796,-79.645,927.212,0.179682,-0.00879911,-0.070032,w,m
17003,CONTINUE,17003,0.942134,1,24.7161,-86.2258,919.961,0.104413,-0.00120756,-0.074084,w,m
17004,CONTINUE,17004,0.954116,1,24.5003,-94.252,914.18,0.0346897,0.00839811,-0.0741071,w,m
17005,CONTINUE,17005,0.957545,1,24.0796,-101.442,907.937,-0.0154746,0.0186303,-0.0729928,w,m
17006,CONTINUE,17006,0.954436,1,23.9082,-106.252,901.425,-0.0321926,0.0267632,-0.0717105,w,m
17007,CONTINUE,17007,0.95339,1,24.3366,-108.996,903.914,-0.010251,0.0363482,-0.0610808,w,m
17008,CONTINUE,17008,0.947832,1,25.1582,-110.336,920.951,0.0189222,0.0409088,-0.0480323,w,m
17009,CONTINUE,17009,0.937419,1,25.2463,-110.355,926.401,0.0406595,0.0335425,-0.0429599,w,m
17010,CONTINUE,17010,0.938614,1,24.6605,-110.746,917.697,0.0281287,0.0198702,-0.0431123,w,m
17011,CONTINUE,17011,0.933401,1,23.5103,-113.051,910.575,0.0114291,0.0190861,-0.0420544,w,m
17012,CONTINUE,17012,0.924247,1,22.3416,-115.73,905.206,-0.0103915,0.0128714,-0.0441631,w,m
17013,CONTINUE,17013,0.928011,1,20.6526,-118.771,901.411,-0.0370696,0.0120969,-0.0498935,w,m
17014,CONTINUE,17014,0.920337,1,18.1728,-121.953,898.46,-0.0621203,0.0264347,-0.0622189,w,m
17015,CONTINUE,17015,0.941325,1,15.1668,-124.862,893.776,-0.0715409,0.0694222,-0.0713213,w,m
17016,CONTINUE,17016,0.950917,1,12.1259,-128.934,900.748,-0.0549865,0.0989136,-0.0752409,w,m
17017,CONTINUE,17017,0.950085,1,10.6085,-131.971,908.213,-0.015976,0.094307,-0.0767685,w,m
17018,CONTINUE,17018,0.951415,1,9.73742,-132.948,913.192,0.0117283,0.0817591,-0.073288,w,m
17019,CONTINUE,17019,0.950411,1,9.63758,-132.475,914.34,0.0345515,0.0785672,-0.0697536,w,m
17020,CONTINUE,17020,0.948366,1,9.92801,-131.795,912.983,0.0422433,0.066704,-0.0656512,w,m
17021,CONTINUE,17021,0.949571,1,9.70997,-132.042,914.134,0.0455854,0.061073,-0.0622828,w,m
17022,CONTINUE,17022,0.947232,1,8.8351,-132.12,914.28,0.0454185,0.0608331,-0.0613884,w,m
17023,CONTINUE,17023,0.946055,1,7.95969,-132.351,915.594,0.0474131,0.0544007,-0.0603793,w,m
17024,CONTINUE,17024,0.944403,1,7.38422,-132.449,915.157,0.0511535,0.0475672,-0.0601,w,m
17025,CONTINUE,17025,0.939624,1,6.59227,-132.09,913.014,0.0505953,0.0448368,-0.0609038,w,m
17026,CONTINUE,17026,0.93998,1,4.44275,-129.979,910.876,0.0565581,0.0497327,-0.057073,w,m
17027,CONTINUE,17027,0.931373,1,2.29086,-127.074,907.598,0.0710683,0.0476341,-0.0585126,w,m
17028,CONTINUE,17028,0.93894,1,0.471094,-124.037,905.596,0.0786525,0.0452345,-0.0657177,w,m
17029,CONTINUE,17029,0.929289,1,-0.410696,-120.371,902.01,0.101828,0.0363079,-0.0688226,w,m
17030,CONTINUE,17030,0.934428,1,-0.234594,-118.325,907.269,0.133136,0.0364988,-0.0742389,w,m
17031,CONTINUE,17031,0.91231,1,0.462058,-116.719,905.391,0.130373,0.0281623,-0.0812638,w,m
17032,CONTINUE,17032,0.94629,1,0.79239,-113.659,895.664,0.103625,0.0357515,-0.0742079,w,m
17033,CONTINUE,17033,0.953326,1,1.48416,-112.344,894.956,0.0909536,0.0334791,-0.0714493,w,m
17034,CONTINUE,17034,0.945758,1,3.01602,-114.087,911.974,0.131609,0.0119223,-0.0728257,w,m
17035,CONTINUE,17035,0.942785,1,4.58556,-111.929,913.946,0.150709,0.0103283,-0.070976,w,m
17036,CONTINUE,17036,0.837188,1,5.4493,-108.874,907.976,0.153371,0.0341335,-0.0590959,w,m
17037,CONTINUE,17037,0.93659,1,8.00545,-106.823,909.606,0.163253,0.0185786,-0.0555015,w,m
17038,CONTINUE,17038,0.933888,1,10.8332,-104.68,904.529,0.151121,-0.0150367,-0.0509445,w,m
17039,CONTINUE,17039,0.93483,1,14.0911,-104.163,902.945,0.134565,-0.0332546,-0.043042,w,m
17040,CONTINUE,17040,0.927914,1,17.6588,-103.876,901.321,0.142402,-0.0600938,-0.0302597,w,m
17041,CONTINUE,17041,0.93335,1,20.721,-102.332,906.183,0.159141,-0.0930805,-0.0167551,w,m
17042,CONTINUE,17042,0.924162,1,22.9759,-100.491,906.653,0.176352,-0.114572,-0.00564237,w,m
17043,CONTINUE,17043,0.922533,1,26.4921,-98.6764,901.13,0.184576,-0.172535,0.00739743,w,m
17044,CONTINUE,17044,0.920512,1,31.9052,-98.6121,910.419,0.188156,-0.242923,0.0091567,w,m
17045,CONTINUE,17045,0.906879,1,36.6896,-98.3141,914.378,0.197388,-0.329785,0.00496218,w,m
17046,CONTINUE,17046,0.891074,1,39.1279,-96.3713,901.594,0.216794,-0.410259,0.0113333,w,m
17047,CONTINUE,17047,0.900299,1,39.4655,-94.9381,886.391,0.24181,-0.445834,0.0264117,w,m
17048,CONTINUE,17048,0.891305,1,40.5681,-95.3083,882.704,0.238424,-0.464063,0.03819,w,m
17049,CONTINUE,17049,0.895345,1,42.516,-94.8482,872.49,0.247671,-0.501245,0.0629844,w,m
17050,CONTINUE,17050,0.856107,1,45.7412,-96.4066,878.588,0.245462,-0.502104,0.0688452,w,m
17051,CONTINUE,17051,0.894132,1,47.3334,-98.0717,878.444,0.233852,-0.510235,0.070031,w,m
17052,CONTINUE,17052,0.885337,1,49.1811,-99.4609,879.315,0.221156,-0.497907,0.0721919,w,m
17053,CONTINUE,17053,0.902034,1,51.3828,-99.412,877.227,0.232604,-0.494979,0.0823939,w,m
17054,CONTINUE,17054,0.836877,1,52.7945,-98.1632,879.92,0.247198,-0.484829,0.0908313,w,m
17055,CONTINUE,17055,0.865435,1,51.3448,-97.9902,881.337,0.262739,-0.475277,0.0870992,w,m
17056,CONTINUE,17056,0.8007,1,46.5753,-100.239,888.697,0.227877,-0.438078,0.0636445,w,m
17057,CONTINUE,17057,0.878335,1,40.1695,-104.928,919.508,0.170504,-0.390533,0.0268112,w,m
17058,CONTINUE,17058,0.870078,1,32.0189,-108.443,929.39,0.154851,-0.326311,-0.00141492,w,m
17059,CONTINUE,17059,0.798408,1,23.7338,-109.332,915.073,0.137805,-0.270442,-0.0226224,w,m
17060,CONTINUE,17060,0.762695,1,16.2269,-108.096,887.233,0.0942496,-0.256323,-0.0370213,w,m
17061,CONTINUE,17061,0.957388,1,-7.31518,-114.072,909.266,0.0333491,0.124801,-0.107848,w,m
17062,CONTINUE,17062,0.922354,1,-14.4875,-110.88,868.807,0.0229275,0.261117,-0.12862,w,m
17063,CONTINUE,17063,0.898327,1,-21.7493,-107.387,829.136,0.0409526,0.353337,-0.137907,w,m
17064,CONTINUE,17064,0.877693,1,-28.8228,-105.705,804.147,0.0413912,0.411915,-0.15095,w,m
17065,CONTINUE,17065,0.884164,1,-35.5641,-104.767,792.072,0.0447987,0.444632,-0.163303,w,m
17066,CONTINUE,17066,0.877534,1,-40.4169,-102.538,779.393,0.0611503,0.457844,-0.174232,w,m
17067,CONTINUE,17067,0.872689,1,-44.038,-101.984,779.104,0.0890125,0.456018,-0.200009,w,m
17068,CONTINUE,17068,0.863545,1,-46.346,-103.332,792.213,0.103527,0.452826,-0.214849,w,m
17069,CONTINUE,17069,0.905409,1,-48.6788,-105.578,821.081,0.132201,0.458867,-0.238646,w,m
17070,CONTINUE,17070,0.876113,1,-51.1765,-109.677,861.403,0.187577,0.472881,-0.26671,w,m
17071,CONTINUE,17071,0.916823,1,-49.4535,-111.777,874.877,0.199515,0.477988,-0.271528,w,m
17072,CONTINUE,17072,0.936577,1,-46.0756,-113.228,879.285,0.188495,0.462811,-0.260824,w,m
17073,CONTINUE,17073,0.954826,1,-42.976,-113.466,878.443,0.17775,0.452801,-0.254758,w,m
17074,CONTINUE,17074,0.949186,1,-39.6854,-112.303,872.826,0.191536,0.45903,-0.265219,w,m
17075,CONTINUE,17075,0.861193,1,-37.5567,-112.258,872.302,0.174141,0.451304,-0.257064,w,m
17076,CONTINUE,17076,0.886559,1,-36.5596,-112.111,869.297,0.167846,0.449904,-0.251632,w,m
17077,CONTINUE,17077,0.882402,1,-36.1,-111.957,868.782,0.16782,0.444571,-0.246993,w,m
17078,CONTINUE,17078,0.897824,1,-34.8116,-111.18,867.29,0.172271,0.437419,-0.241386,w,m
17079,CONTINUE,17079,0.91194,1,-33.8298,-111.808,871.564,0.152137,0.433136,-0.223142,w,m
17080,CONTINUE,17080,0.902281,1,-30.8905,-115.914,887.378,0.111905,0.414886,-0.193231,w,m
17081,CONTINUE,17081,0.942883,1,-24.8037,-120.737,903.253,0.0623461,0.365736,-0.157246,w,m
17082,CONTINUE,17082,0.91477,1,-16.5783,-122.202,902.105,0.0177694,0.273863,-0.127867,w,m
17083,CONTINUE,17083,0.830515,1,-8.73946,-121.598,892.578,0.00621612,0.208086,-0.104296,w,m
17084,CONTINUE,17084,0.84517,1,-2.17659,-123.124,883.111,-0.0487557,0.106091,-0.0881332,w,m
17085,CONTINUE,17085,0.9033,1,-4.42807,-125.547,874.319,-0.0653702,0.111633,-0.12517,w,m
17086,CONTINUE,17086,0.92389,1,-12.5689,-122.669,834.036,-0.0723582,0.220474,-0.150413,w,m
17087,CONTINUE,17087,0.908266,1,-32.1936,-131.357,874.01,0.0302754,0.354582,-0.0972568,w,m
17088,CONTINUE,17088,0.882945,1,-37.7755,-128.871,860.223,0.0312413,0.49333,-0.105724,w,m
17089,CONTINUE,17089,0.87918,1,-38.4227,-128.279,858.858,0.0280379,0.521484,-0.097567,w,m
17090,CONTINUE,17090,0.874583,1,-32.6504,-129.406,864.816,0.00181499,0.495356,-0.0858281,w,m
17091,CONTINUE,17091,0.856645,1,-25.9581,-127.817,856.855,-0.0115293,0.50534,-0.0549356,w,m
17092,CONTINUE,17092,0.854535,1,-18.8821,-127.515,866.348,0.00242604,0.466683,-0.0362998,w,m
6230,CONTINUE,6230,0.948295,1,39.1287,-202.236,1396.16,0.0521772,-0.243853,-0.138898,m,m
6231,CONTINUE,6231,0.948391,1,39.1058,-202.23,1396.14,0.052075,-0.243502,-0.138818,m,m
6232,CONTINUE,6232,0.948706,1,39.0951,-202.24,1396.25,0.0517735,-0.243187,-0.139003,m,m
6233,CONTINUE,6233,0.948995,1,39.0915,-202.259,1396.41,0.0515873,-0.242669,-0.139159,m,m
6234,CONTINUE,6234,0.950437,1,39.0871,-202.279,1396.43,0.0509055,-0.242307,-0.139431,m,m
6235,CONTINUE,6235,0.950254,1,39.0828,-202.29,1396.31,0.0500003,-0.242137,-0.139839,m,m
6236,CONTINUE,6236,0.951136,1,39.1259,-202.307,1396.38,0.0494793,-0.242601,-0.140123,m,m
6237,CONTINUE,6237,0.952432,1,39.187,-202.254,1396.06,0.0490302,-0.243912,-0.14035,m,m
6238,CONTINUE,6238,0.952723,1,39.2335,-202.203,1395.76,0.0482615,-0.244814,-0.140771,m,m
6239,CONTINUE,6239,0.952527,1,39.2632,-202.131,1395.33,0.0473758,-0.245543,-0.141272,m,m
6240,CONTINUE,6240,0.952386,1,39.2864,-202.081,1395.04,0.0466846,-0.246049,-0.141708,m,m
6241,CONTINUE,6241,0.959643,1,39.4328,-201.6,1391.97,0.0415585,-0.249072,-0.139207,m,m
6242,CONTINUE,6242,0.962016,1,39.4237,-201.673,1392.11,0.039852,-0.248846,-0.139172,m,m
6243,CONTINUE,6243,0.963216,1,39.3735,-201.972,1392.93,0.0359336,-0.247948,-0.139549,m,m
6244,CONTINUE,6244,0.96178,1,39.2877,-201.916,1391.63,0.036661,-0.248571,-0.139992,m,m
6245,CONTINUE,6245,0.958203,1,39.19,-201.851,1390,0.0388022,-0.24941,-0.139811,m,m
6246,CONTINUE,6246,0.959382,1,39.1565,-201.971,1390.69,0.0392745,-0.249913,-0.139773,m,m
6247,CONTINUE,6247,0.959847,1,39.0851,-202.012,1390.74,0.0391862,-0.249107,-0.139549,m,m
6248,CONTINUE,6248,0.95972,1,39.0193,-202.128,1391.38,0.0395581,-0.248828,-0.139719,m,m
6249,CONTINUE,6249,0.960178,1,38.9514,-202.249,1392.09,0.0401282,-0.249034,-0.139931,m,m
6250,CONTINUE,6250,0.95966,1,38.8708,-202.342,1392.61,0.0399339,-0.248613,-0.140496,m,m
6251,CONTINUE,6251,0.959092,1,38.5729,-202.254,1392.04,0.0392937,-0.246092,-0.141289,m,m
6252,CONTINUE,6252,0.95933,1,38.4769,-202.548,1392.13,0.0389036,-0.246725,-0.141931,m,m
6253,CONTINUE,6253,0.961397,1,38.3928,-202.916,1392.66,0.0384644,-0.24834,-0.142595,m,m
6254,CONTINUE,6254,0.96149,1,38.3704,-202.946,1392.65,0.0387051,-0.248465,-0.143087,m,m
6255,CONTINUE,6255,0.961086,1,38.3541,-202.961,1392.61,0.0389337,-0.248302,-0.143497,m,m
6256,CONTINUE,6256,0.960829,1,38.3495,-202.971,1392.51,0.0387764,-0.248159,-0.143756,m,m
6257,CONTINUE,6257,0.960169,1,38.3553,-202.979,1392.42,0.0384851,-0.248195,-0.143914,m,m
6258,CONTINUE,6258,0.961005,1,38.3434,-202.949,1392.06,0.0390124,-0.248311,-0.143765,m,m
6259,CONTINUE,6259,0.960291,1,38.3256,-202.91,1391.66,0.0397255,-0.248203,-0.143508,m,m
6260,CONTINUE,6260,0.96237,1,38.3372,-202.869,1391.42,0.0399956,-0.247964,-0.143391,m,m
6261,CONTINUE,6261,0.961867,1,38.3777,-202.845,1391.36,0.0401147,-0.248044,-0.143178,m,m
6262,CONTINUE,6262,0.96224,1,38.4383,-202.621,1391.41,0.0435217,-0.247934,-0.142313,m,m
6263,CONTINUE,6263,0.961194,1,38.4828,-202.294,1391.13,0.0438503,-0.247785,-0.141588,m,m
6264,CONTINUE,6264,0.960191,1,38.5012,-202.218,1390.93,0.0440536,-0.2487,-0.141317,m,m
6265,CONTINUE,6265,0.959746,1,38.5413,-202.184,1391,0.0441838,-0.250048,-0.141271,m,m
6266,CONTINUE,6266,0.962747,1,38.6,-202.168,1391.13,0.0435558,-0.250197,-0.141285,m,m
6267,CONTINUE,6267,0.964282,1,38.6658,-202.154,1391.22,0.0427772,-0.250121,-0.14121,m,m
6268,CONTINUE,6268,0.962895,1,38.8016,-201.918,1389.87,0.0397036,-0.252997,-0.141603,m,m
6269,CONTINUE,6269,0.963702,1,38.8486,-202.053,1390.88,0.0401998,-0.252775,-0.141199,m,m
6270,CONTINUE,6270,0.962683,1,38.9247,-201.932,1390.19,0.0397347,-0.253098,-0.141118,m,m
6271,CONTINUE,6271,0.961642,1,39.004,-201.839,1389.66,0.039408,-0.253262,-0.141244,m,m
6272,CONTINUE,6272,0.962448,1,39.0686,-201.8,1389.45,0.0389972,-0.253552,-0.141434,m,m
6273,CONTINUE,6273,0.962559,1,39.1209,-201.786,1389.38,0.0386294,-0.253914,-0.141627,m,m
6274,CONTINUE,6274,0.962614,1,39.1591,-201.777,1389.37,0.0385028,-0.254074,-0.1418,m,m
6275,CONTINUE,6275,0.962578,1,39.1869,-201.765,1389.37,0.0385815,-0.254124,-0.141951,m,m
6276,CONTINUE,6276,0.962777,1,39.276,-202.003,1390.95,0.0392117,-0.25227,-0.141969,m,m
6277,CONTINUE,6277,0.962435,1,39.3083,-202.088,1391.52,0.0399212,-0.251684,-0.141841,m,m
6278,CONTINUE,6278,0.96089,1,39.2652,-202.182,1392.09,0.0404073,-0.251401,-0.141937,m,m
6279,CONTINUE,6279,0.960509,1,38.9573,-202.171,1392.1,0.0404809,-0.251041,-0.142133,m,m
6280,CONTINUE,6280,0.964443,1,39.0113,-202.147,1393.67,0.0439716,-0.251211,-0.142488,m,m
6281,CONTINUE,6281,0.965665,1,39.0799,-201.957,1394.79,0.0451042,-0.251549,-0.143068,m,m
6282,CONTINUE,6282,0.964905,1,39.0596,-201.987,1395,0.0444194,-0.251749,-0.143497,m,m
6283,CONTINUE,6283,0.963591,1,39.0223,-201.966,1394.67,0.0434012,-0.252314,-0.143883,m,m
6284,CONTINUE,6284,0.963002,1,39.0026,-201.935,1394.25,0.0423946,-0.252768,-0.143931,m,m
6285,CONTINUE,6285,0.961391,1,38.9917,-201.89,1393.76,0.0416016,-0.25351,-0.14386,m,m
6286,CONTINUE,6286,0.961481,1,39.0722,-201.557,1393.26,0.0415465,-0.253751,-0.14334,m,m
6287,CONTINUE,6287,0.960232,1,39.3692,-201.413,1393.86,0.0437287,-0.253512,-0.140964,m,m
6288,CONTINUE,6288,0.960305,1,39.9011,-201.263,1393,0.0423471,-0.255185,-0.138945,m,m
6289,CONTINUE,6289,0.960661,1,39.9897,-201.214,1392.76,0.0432227,-0.255227,-0.138792,m,m
6290,CONTINUE,6290,0.96195,1,40.2005,-201.819,1392.23,0.0351259,-0.2547,-0.140474,m,m
6291,CONTINUE,6291,0.958724,1,40.2744,-202.498,1391.48,0.0278609,-0.254757,-0.143295,m,m
6292,CONTINUE,6292,0.958565,1,40.321,-202.365,1389.62,0.0285514,-0.251905,-0.141825,m,m
6293,CONTINUE,6293,0.960302,1,40.8645,-202.822,1396.25,0.0362371,-0.254184,-0.140573,m,m
6294,CONTINUE,6294,0.962627,1,41.3569,-201.818,1400.14,0.0564107,-0.248863,-0.136154,m,m
6295,CONTINUE,6295,0.961443,1,41.7251,-201.004,1404.18,0.0591516,-0.246945,-0.133734,m,m
6296,CONTINUE,6296,0.966179,1,41.7352,-200.738,1403.67,0.0531267,-0.246285,-0.13314,m,m
6297,CONTINUE,6297,0.967682,1,41.6845,-200.854,1402.54,0.0484743,-0.247308,-0.134159,m,m
6298,CONTINUE,6298,0.969608,1,41.4472,-201.496,1398.84,0.0404067,-0.249865,-0.135015,m,m
6299,CONTINUE,6299,0.967766,1,41.088,-201.844,1396.21,0.0342827,-0.252942,-0.137662,m,m
6300,CONTINUE,6300,0.969421,1,41.0267,-202.127,1397.63,0.0370749,-0.252127,-0.13785,m,m
6301,CONTINUE,6301,0.97117,1,40.9793,-202.133,1400.9,0.0457862,-0.249151,-0.136178,m,m
6302,CONTINUE,6302,0.968383,1,41.0395,-201.517,1400.93,0.0558912,-0.249963,-0.135789,m,m
6303,CONTINUE,6303,0.96671,1,41.0925,-201.136,1401.67,0.0591818,-0.249888,-0.135154,m,m
6304,CONTINUE,6304,0.96799,1,40.6751,-201.197,1399.18,0.0508231,-0.247302,-0.137457,m,m
6305,CONTINUE,6305,0.964571,1,40.2924,-202.301,1401.55,0.0478417,-0.248944,-0.1395,m,m
6306,CONTINUE,6306,0.964348,1,40.2014,-202.993,1401.76,0.0452016,-0.249435,-0.139878,m,m
6307,CONTINUE,6307,0.963794,1,40.1379,-203.019,1401.57,0.0448451,-0.250009,-0.139838,m,m
6308,CONTINUE,6308,0.965794,1,40.1324,-202.912,1402.25,0.048301,-0.250272,-0.13986,m,m
6309,CONTINUE,6309,0.963377,1,40.1098,-202.6,1402.15,0.0479924,-0.249819,-0.140299,m,m
6310,CONTINUE,6310,0.962903,1,39.8014,-202.909,1404.07,0.0483575,-0.250935,-0.141969,m,m
6311,CONTINUE,6311,0.965509,1,39.3457,-203.125,1401.42,0.0459197,-0.247959,-0.145519,m,m
6312,CONTINUE,6312,0.965551,1,39.0726,-203.762,1401.83,0.0379123,-0.248953,-0.147784,m,m
6313,CONTINUE,6313,0.964716,1,38.8782,-204.09,1402.41,0.0381476,-0.24482,-0.147005,m,m
6314,CONTINUE,6314,0.964245,1,38.8073,-204.007,1402.19,0.038865,-0.243762,-0.147081,m,m
6315,CONTINUE,6315,0.963338,1,38.7422,-203.864,1401.76,0.039912,-0.242707,-0.146941,m,m
6316,CONTINUE,6316,0.962519,1,38.6426,-203.86,1401.44,0.0397049,-0.24305,-0.147383,m,m
6317,CONTINUE,6317,0.96244,1,38.3254,-203.78,1399.53,0.037897,-0.245409,-0.149914,m,m
6318,CONTINUE,6318,0.961825,1,38.2731,-203.773,1399.37,0.0377339,-0.245238,-0.149994,m,m
6319,CONTINUE,6319,0.962828,1,38.2398,-203.71,1399.01,0.0379029,-0.245369,-0.150283,m,m
6320,CONTINUE,6320,0.962797,1,38.2108,-203.658,1398.7,0.037956,-0.245569,-0.150497,m,m
6321,CONTINUE,6321,0.96257,1,38.1833,-203.602,1398.36,0.0378792,-0.245773,-0.150608,m,m
6322,CONTINUE,6322,0.962579,1,38.1691,-203.584,1398.26,0.0378245,-0.2457,-0.150683,m,m
6323,CONTINUE,6323,0.962715,1,38.1678,-203.604,1398.4,0.0379072,-0.245368,-0.150667,m,m
6324,CONTINUE,6324,0.96284,1,38.1825,-203.531,1397.96,0.0379337,-0.245354,-0.1509,m,m
6325,CONTINUE,6325,0.961832,1,38.1923,-203.485,1397.68,0.0379352,-0.245469,-0.151072,m,m
6326,CONTINUE,6326,0.961681,1,38.2446,-203.438,1397.39,0.0379914,-0.246532,-0.151159,m,m
6327,CONTINUE,6327,0.962841,1,38.4842,-203.408,1397.06,0.0381177,-0.250861,-0.150995,m,m
6328,CONTINUE,6328,0.961904,1,38.5247,-203.266,1396.63,0.0388317,-0.250954,-0.151077,m,m
6329,CONTINUE,6329,0.959146,1,38.589,-202.903,1395.93,0.0386128,-0.250634,-0.15114,m,m
6330,CONTINUE,6330,0.956325,1,38.8174,-203.121,1398.41,0.0397081,-0.247344,-0.153169,m,m
6331,CONTINUE,6331,0.958854,1,38.8878,-203.097,1398.64,0.041511,-0.24901,-0.152928,m,m
6332,CONTINUE,6332,0.955764,1,38.9322,-203.11,1398.77,0.0421,-0.249721,-0.152656,m,m
6333,CONTINUE,6333,0.952222,1,38.9573,-203.144,1398.88,0.0419482,-0.249713,-0.152397,m,m
6334,CONTINUE,6334,0.951986,1,38.9737,-203.142,1398.85,0.0416723,-0.249997,-0.152447,m,m
6335,CONTINUE,6335,0.95074,1,38.9916,-203.124,1398.8,0.0410913,-0.250671,-0.152713,m,m
6336,CONTINUE,6336,0.949939,1,38.9936,-203.012,1398.27,0.0411917,-0.25166,-0.152949,m,m
6337,CONTINUE,6337,0.948823,1,38.9856,-202.869,1397.56,0.0413764,-0.253145,-0.153083,m,m
6338,CONTINUE,6338,0.948226,1,38.964,-202.427,1395.48,0.0405006,-0.254494,-0.153267,m,m
