time_stamp,word,frame,success,confidence,AU01_r,AU02_r,AU04_r,AU05_r,AU06_r,AU09_r,AU10_r,AU12_r,AU14_r,AU15_r,AU17_r,AU20_r,AU25_r,AU26_r,AU04_c,AU12_c,AU15_c,AU23_c,AU28_c,AU45_c
1,PT:PRO,1,1,0.955538,0,0,0,0,0,0.782605,0,0,0,0.906312,0,0,1.75145,0,0,0,0,0,0,0
2,PT:PRO,1,1,0.955772,0,0,0,0,0,0.808418,0,0,0,0.960897,0,0,1.73749,0,0,0,0,0,0,0
3,PT:PRO,1,1,0.950899,0,0,0,0,0,0.883897,0,0,0,0.872311,0,0,1.82095,0,0,0,0,0,0,0
4,PT:PRO,1,1,0.949107,0,0,0,0,0,0.946784,0,0,0,0.905239,0,0,2.1095,0,0,0,0,0,0,0
5,PT:PRO,1,1,0.951156,0,0,0,0,0,0.867867,0,0,0,0.947394,0,0,1.86454,0,0,0,0,0,0,0
6,PT:PRO,1,1,0.950914,0,0,0,0,0,1.1021,0,0,0,1.04959,0,0,2.01441,0,0,0,0,0,0,0
7,PT:PRO,1,1,0.952794,0,0,0,0,0,0.888325,0,0,0,1.08279,0,0,1.87758,0,0,0,0,0,0,0
8,PT:PRO,1,1,0.951629,0,0,0,0,0,1.22924,0,0,0,1.15921,0,0,1.19875,0,0,0,0,0,0,0
9,PT:PRO,1,1,0.951383,0,0,0,0,0,1.25273,0,0,0,0.976915,0,0,1.10842,0,0,0,0,0,0,0
10,PT:PRO,1,1,0.951582,0,0,0,0,0,1.17177,0,0,0,0.982819,0,0,1.41711,0,0,0,0,0,0,0
11,PT:PRO,1,1,0.951473,0,0,0,0,0,0.9835,0,0,0,0.98624,0,0,1.32943,0,0,0,0,0,0,0
12,PT:PRO,1,1,0.949827,0,0,0,0,0,1.19243,0,0,0,0.808248,0,0,1.68193,0,0,0,0,0,0,0
13,PT:PRO,1,1,0.952311,0,0,0,0,0,1.17044,0,0,0,0.941522,0,0,1.44518,0,0,0,0,0,0,0
14,PT:PRO,1,1,0.951318,0,0,0,0,0,1.21276,0,0,0,0.891788,0,0,1.58932,0,0,0,0,0,0,0
15,PT:PRO,1,1,0.951996,0,0,0,0,0,1.06434,0,0,0,1.00829,0,0,1.27508,0,0,0,0,0,0,0
16,PT:PRO,1,1,0.962097,0,0,0,0,0,1.00607,0,0,0,1.03783,0,0,1.31955,0,0,0,0,0,0,0
17,PT:PRO,1,1,0.964981,0.585206,0,0,0,0,0.979173,0,0,0,0.948907,0,0,1.00714,0,0,0,0,0,0,0
18,,1,1,0.962873,0.590184,0,0,0,0,0.943317,0,0,0,0.986809,0,0,0.927977,0,0,0,0,0,0,0
19,,1,1,0.960581,0.53716,0,0,0,0,0.753818,0,0,0,1.00171,0,0,0.885705,0,0,0,0,0,0,0
20,,1,1,0.960445,0.514479,0,0,0,0,0.643852,0,0,0,0.957646,0,0,0.828709,0,0,0,0,0,0,0
21,,1,1,0.96146,0.53659,0,0,0,0,0.685596,0,0,0,0.993229,0,0,0.892538,0,0,0,0,0,0,0
22,,1,1,0.961922,0,0,0,0,0,0.816443,0,0,0,1.01777,0,0,1.11994,0,0,0,0,0,0,0
23,,1,1,0.960255,0,0,0,0,0,0.634183,0,0,0,1.02682,0,0,1.08816,0,0,0,0,0,0,0
24,,1,1,0.960021,0,0,0,0,0,0.773239,0,0,0,1.05134,0,0,1.07708,0,0,0,0,0,0,0
25,,1,1,0.960006,0,0,0,0,0,0.838687,0,0,0,1.01285,0,0,1.00311,0,0,0,0,0,0,0
26,,1,1,0.96217,0,0,0,0,0,0.717323,0,0,0,0.971694,0,0,1.26681,0,0,0,0,0,0,0
27,,1,1,0.964428,0,0,0,0,0,0.670596,0,0,0,0.918121,0,0,1.26291,0,0,0,0,0,0,0
28,,1,1,0.967063,0,0,0,0,0,0.796279,0,0,0,0.877084,0,0,0.999706,0,0,0,0,0,0,0
29,,1,1,0.967576,0,0,0,0,0,0.723706,0,0,0,0.828406,0,0,0.76931,0,0,0,0,0,0,0
30,,1,1,0.96556,0.572084,0,0,0,0,0.90153,0,0,0,0.83173,0,0,0.973768,0,0,0,0,0,0,0
31,,1,1,0.964589,0.511589,0,0,0,0,0.838673,0,0,0,0.802959,0,0,0.956727,0,0,0,0,0,0,0
32,,1,1,0.964725,0,0,0,0,0,0.942969,0,0,0,0.843736,0,0,0.604209,0,0,0,0,0,0,0
33,,1,1,0.964984,0,0,0,0,0,1.02344,0,0,0,0.871181,0,0,0.656983,0,0,0,0,0,0,0
34,,1,1,0.967542,0.515164,0,0,0,0,0.945966,0,0,0,0.930936,0,0,0.824174,0,0,0,0,0,0,0
35,GOOD,1,1,0.966111,0,0,0,0,0,1.05333,0,0,0,0.870852,0,0,0.823152,0,0,0,0,0,0,0
36,GOOD,1,1,0.969807,0,0,0,0,0,0.854268,0,0,0,0.943005,0,0,0.730307,0,0,0,0,0,0,0
37,GOOD,1,1,0.970693,0,0,0,0,0,0.947348,0,0,0,0.972251,0,0,0,0,0,0,0,0,0,0
38,GOOD,1,1,0.968402,0,0,0,0,0,0.812216,0,0,0,0.747835,0,0,0.731912,0,0,0,0,0,0,0
39,GOOD,1,1,0.963723,0,0,0,0,0,0.837702,0,0,0,0.770187,0,0,0,0,0,0,0,0,0,0
40,GOOD,1,1,0.963673,0,0,0,0,0,0.915855,0,0,0,0.699073,0,0,0,0,0,0,0,0,0,0
41,GOOD,1,1,0.965125,0,0,0,0,0,0.811107,0,0,0,0.807765,0,0,0,0,0,0,0,1,0,0
42,GOOD,1,1,0.964211,0,0,0,0,0,0.864358,0,0,0,0.738285,0,0,0,0,0,0,0,0,0,0
43,GOOD,1,1,0.959415,0,0,0,0,0,0.677653,0,0,0,0.807925,0,0,0.53331,0,0,0,0,0,0,0
44,GOOD,1,1,0.959519,0,0,0,0,0,0.75484,0,0,0,0.817552,0,0,0,0,0,0,0,0,0,0
45,GOOD,1,1,0.960573,0,0,0,0,0,0.76925,0,0,0,1.00293,0,0,0.563345,0,0,0,0,0,0,0
46,GOOD,1,1,0.964291,0,0,0,0,0,0.710559,0,0,0,0.90597,0,0,0.51968,0,0,0,0,0,0,0
47,GOOD,1,1,0.967368,0.500993,0,0,0,0,0.564155,0,0,0,0.768512,0,0,0.558492,0,0,0,0,0,0,0
48,GOOD,1,1,0.970307,0,0,0,0,0,0.676925,0,0,0,0.719791,0,0,0.608725,0,0,0,0,0,0,1
49,GOOD,1,1,0.96707,0,0,0,0,0,0.692085,0,0,0,0.622287,0,0,0,0,0,0,0,0,0,1
50,GOOD,1,1,0.968746,0,0,0,0,0,0.785458,0,0,0,0.611101,0,0,0.919301,0,1,0,0,0,0,1
51,GOOD,1,1,0.970289,0,0,0,0,0,0.900352,0,0,0,0.539406,0,0,1.11328,0,1,0,0,0,0,1
52,GOOD,1,1,0.973064,0,0,0,0,0,1.44058,0,0,0.700519,0.564247,0,0,0,0,0,0,0,0,0,1
81,PT:PRO,1,1,0.965906,0,0,0,0,0,1.46835,0,0,0,1.24241,0,0,0,0,0,0,1,0,0,0
82,PT:PRO,1,1,0.96656,0,0,0,0,0,0.811262,0,0,0,0.923772,0,0,0,0,0,0,0,1,0,0
83,PT:PRO,1,1,0.974395,0,0,0,0,0,0.616509,0,0,0,0.933477,0,0,0.933561,0,0,0,0,0,0,0
84,PT:PRO,1,1,0.976169,0,0,0,0,0,0.801529,0,0,0,0.957303,0,0,1.2556,0,0,0,0,0,0,0
85,PT:PRO,1,1,0.977393,0,0,0,0,0,0.90369,0,0,0,1.00398,0,0,1.38603,0,0,0,0,1,0,0
86,,1,1,0.973283,0,0,0,0,0,0.862795,0,0,0,0.772457,0,0,1.16515,0,0,0,0,1,0,0
87,,1,1,0.976436,0,0,0,0,0,0.9414,0,0,0,0.89903,0,0,1.71219,0,0,0,0,1,0,0
88,,1,1,0.978545,0,0,0,0,0,0.695761,0,0,0,0.822846,0,0,1.5376,0,0,0,0,1,0,0
89,,1,1,0.975023,0,0,0,0,0,0.814438,0,0,0,0.904648,0,0,1.37734,0,0,0,0,1,0,0
90,,1,1,0.982028,0,0.503931,0,0,0,0.770826,0,0,0.597175,0.601967,0,0,0.731131,0,0,0,0,1,0,1
91,,1,1,0.979197,0,0,0,0,0,0.938181,0,0,0.931871,0.605908,0.57814,0,0,0,0,0,0,1,0,0
92,,1,1,0.980395,0,0,0.968818,0,0,1.47961,0,0,1.14953,0.507812,0,0,0,0,1,0,0,0,0,1
93,,1,1,0.976024,0,0,0.674417,0,0,1.77689,0,0,1.37142,0.843092,0,0,0,0,1,0,0,0,0,1
120,,1,1,0.96765,0.632512,0,0,0,0,1.61375,0,0,0.954132,0.912011,0,0,0,0,0,0,0,0,0,1
121,,1,1,0.971465,0.644925,1.07581,0,0,0,0,0,0,0,0.837931,0,0,0,0,0,0,0,0,0,0
122,,1,1,0.981512,0,0.770708,0,0,0,0,0,0,0,0.518035,0,0,0.850915,0,0,0,0,1,0,0
123,,1,1,0.983334,0,0.597037,0,0,0,0.503869,0,0,0,0,0,0,1.24681,0,0,0,0,1,0,0
124,,1,1,0.981844,0,0.757682,0,0,0,0.584361,0,0,0,0.718531,0,0,0.749394,0,0,0,0,1,0,0
125,,1,1,0.980873,0,0,0,0,0,0.935091,0,0,0,0.637493,0,0,0.635275,0,0,0,0,1,0,0
126,,1,1,0.97901,0,0,0,0,0,0.90559,0,0,0,0.566688,0.525217,0,0.926946,0,0,0,0,1,0,0
127,,1,1,0.979936,0,0.555774,0,0,0,0.909415,0,0,0,0,0.554171,0,0.695538,0,0,0,0,1,0,0
128,,1,1,0.98007,0,0,0,0,0,0.853599,0,0,0,0.622045,0.543463,0,0.780811,0,0,0,0,1,0,0
129,,1,1,0.980978,0,0.60693,0,0,0,0.854545,0,0,0,0.740143,0.561646,0,1.07899,0,0,0,0,1,0,0
130,,1,1,0.978542,0,0,0,0,0,0.7881,0,0,0,0.671012,0.538688,0,1.12164,0,0,0,0,1,0,0
131,,1,1,0.978837,0,0,0,0,0,0.800468,0,0,0,0.766872,0.523191,0,0.724461,0,0,0,0,1,0,0
132,,1,1,0.979409,0,0.68346,0,0,0,0.663035,0,0,0,0.903747,0.57555,0,0.838841,0,0,0,0,1,0,0
133,,1,1,0.977037,0,0.597416,0,0,0,0.500074,0,0,0,0.879116,0.552206,0,0.522187,0,0,0,0,1,0,0
134,,1,1,0.980378,0,0.607718,0,0,0,0,0,0,0,0.754156,0.549494,0,0,0,0,0,0,1,0,0
135,,1,1,0.977747,0,0.685817,0,0,0,0,0,0,0,0.983568,0.642411,0,0.521679,0,0,0,0,0,0,1
136,,1,1,0.976769,0,0,0,0,0,1.30849,0,0,0,0.946303,0.614077,0,0,0,1,0,0,0,0,1
137,GOOD,1,1,0.981052,0,0.799635,0,0,0,2.01696,0,0,0.660359,0.88251,0.511733,0,0,0,1,0,0,0,0,1
708,PT:PRO,1,1,0.925094,0.836398,0.812006,0,0,0,0.994129,0,0.665084,0,0,0,1.306,0.975293,0,0,0,0,1,0,0
709,PT:PRO,1,1,0.929982,0.835386,1.25469,0,0,0,1.40139,0,0.644281,0,0,0,1.1472,1.5823,0,0,0,0,1,0,0
710,PT:PRO,1,1,0.932446,0.730398,0.973249,0,0,0,1.31094,0,0.753528,0,0,0,1.48583,1.23859,0,0,0,0,1,0,0
711,PT:PRO,1,1,0.934055,0.737708,0.73924,0,0,0,1.09805,0,0.756803,0,0,0,1.52666,0.859748,0,0,0,0,1,0,0
712,PT:PRO,1,1,0.932194,0.717648,1.00211,0,0,0,1.21826,0,0.611491,0,0,0,1.25045,1.18117,0,0,0,0,1,0,0
713,PT:PRO,1,1,0.929349,0.906418,1.00091,0,0.548094,0,0.959218,0,0.675132,0,0,0,1.1604,0,0,0,0,0,1,0,0
714,PT:PRO,1,1,0.927693,0.701645,0.983802,0,0.52166,0,0.824387,0,0.755955,0,0,0,1.05932,0.851786,0,0,0,0,1,0,0
715,PT:PRO,1,1,0.9247,0.796435,0.883387,0,0,0,0.83109,0,0.602591,0,0,0,1.01178,1.01831,0,0,0,0,1,0,0
716,PT:PRO,1,1,0.923398,1.02455,1.27795,0,0,0,0.838525,0,0.820201,0,0,0,1.11409,0.718609,0,0,0,0,1,0,0
717,PT:PRO,1,1,0.919593,1.06724,1.08482,0,0,0,1.02793,0,0.951926,0,0,0,1.37032,0.882094,0,0,0,0,1,0,0
827,FS:DUKEDUK,1,1,0.971931,0,0,0,0,0.704393,0,0.829241,0.837174,1.72487,0,0,1.03584,0,0,0,1,0,0,0,0
828,FS:DUKEDUK,1,1,0.969372,0,0,0,0,0.64483,0,0.697717,0.725182,1.8085,0,0,1.13121,0,0,0,1,0,0,0,0
829,FS:DUKEDUK,1,1,0.974234,0,0,0,0,0.666259,0,0.806081,1.01246,1.84098,0,0.544104,1.144,0,0,0,1,0,0,0,0
2937,FS:MRS,1,1,0.968554,0,0,0,0,0,1.43299,0.594171,0.793949,1.20791,0,0,0.928732,0,0,0,1,0,0,0,0
2938,FS:MRS,1,1,0.968801,0,0,0,0,0,1.21389,0.54599,0.691563,1.11752,0,0,0.727464,0,0,0,1,0,0,0,0
2939,FS:MRS,1,1,0.967995,0,0,0,0,0.545751,1.00623,0.586,0.857092,0.85469,0,0,0,0,0,0,1,0,0,0,0
2940,FS:MRS,1,1,0.973741,0,0,0.670274,0,0.508705,1.36879,0,0.903986,0.606694,0,0,0,0,0,0,1,0,0,0,0
2941,FS:MRS,1,1,0.973392,0,0,0.570295,0,0.561022,1.01028,0.508329,1.03078,0,0,0,0,0,0,0,1,0,0,0,0
2942,FS:MRS,1,1,0.971006,0,0,0,0,0,0.935493,0,1.17396,0,0,0,0,0,0,0,1,0,1,0,0
2943,FS:MRS,1,1,0.974678,0,0,0.650279,0,0,0.824182,0,1.17394,0,0,0,0,0,0,0,1,0,1,0,0
2944,FS:MRS,1,1,0.974383,0,0,0.534524,0,0,0.664714,0,1.23252,0,0,0,0,0,0,0,1,0,1,0,0
2945,,1,1,0.972138,0,0,0.739024,0,0,0.877665,0,1.25192,0,0,0,0.543703,0,0,0,1,0,1,0,0
2946,,1,1,0.967009,0,0,0,0,0,0.534255,0,1.21827,0,0,0,0,0,0,0,1,0,1,0,0
2947,,1,1,0.972423,0,0,0.514488,0,0.583658,0.595794,0,1.20267,0,0,0,0.592922,0.708448,0,0,1,0,1,0,0
2948,,1,1,0.980861,0,0,0.903531,0,0.626365,0.889869,0,0.967897,0,0,0,1.00907,1.62384,0,0,1,0,1,0,0
2949,,1,1,0.979199,0,0,1.03593,0,0.742212,1.06865,0,0.960918,0,0,0,0.90816,1.74203,0,0,1,0,1,0,0
2950,,1,1,0.980883,0,0,0.893029,0,0.865771,0.860442,0.645965,1.06385,0,0,0,1.06641,2.2392,0,0,1,0,1,0,0
2951,,1,1,0.980151,0,0,1.23333,0,0.903246,1.06406,0.663144,1.01463,0,0,0,1.03931,2.25943,0,0,1,0,1,0,0
2952,,1,1,0.981244,0,0,1.0029,0,0.914246,0.766584,0.643145,1.04661,0,0,0,1.0463,2.93177,0,0,1,0,1,0,0
2953,,1,1,0.980582,0,0,0.967389,0,0.966112,1.22181,0.644005,0.903721,0,0,0,1.02986,3.15563,0,0,1,0,1,0,0
2954,,1,1,0.981045,0,0,0.973925,0,0.899926,1.01444,0.583391,0.911623,0,0,0,1.00916,3.06473,0,0,1,0,0,0,0
2955,,1,1,0.981006,0,0,0.898214,0,0.961928,1.15402,0.692485,1.01952,0,0,0,0.798562,3.43367,0,0,1,0,0,0,0
2956,,1,1,0.981842,0,0,0.920032,0,0.959308,1.17436,0.629692,1.05867,0,0,0,0.553452,3.41956,0,0,1,0,0,0,0
2957,,1,1,0.981811,0,0,1.01006,0,0.984795,1.33165,0.657786,1.05164,0,0,0,0.618057,3.40681,0,0,1,0,0,0,0
2958,,1,1,0.981748,0,0,0.867757,0,0.957102,1.06021,0.599126,1.03747,0,0,0,0.839175,3.47473,0,0,1,0,0,0,0
2959,,1,1,0.981508,0,0,0.837521,0,0.978792,1.15568,0.669547,0.938984,0,0,0,0.776425,3.57834,0,0,1,0,0,0,0
2960,,1,1,0.9817,0,0,1.06275,0,0.919773,0.577198,0.632475,1.11154,0,0,0,0.838827,3.80454,0,0,1,0,0,0,0
2961,,1,1,0.979119,0,0,1.14223,0,0.946452,0.940169,0.698133,0.924407,0,0,0,0.758233,3.53157,0,0,1,0,0,0,0
2962,FS:DUKEDKE,1,1,0.975216,0,0,1.10301,0,1.00141,0.781003,0.749151,1.02144,0,0,0,0.693482,3.81166,0,0,1,0,1,0,0
2963,FS:DUKEDKE,1,1,0.974845,0,0,0.989735,0,1.02551,0.611138,0.770857,0.955555,0,0,0,0.644829,3.81831,0,0,1,0,1,0,0
2964,FS:DUKEDKE,1,1,0.977177,0,0,1.01383,0,0.9702,0,0.681034,0.789698,0,0,0,0,3.56358,0,0,1,0,1,0,0
2965,FS:DUKEDKE,1,1,0.981485,0,0,0.966336,0,0.956846,0,0.634249,0.882305,0,0,0,0,3.37998,0,0,1,0,1,0,0
2966,FS:DUKEDKE,1,1,0.984859,0,0,0.689889,0,0.917409,0.504386,0.540341,0.916278,0,0,0,0,2.92341,0,0,1,0,1,0,0
2967,FS:DUKEDKE,1,1,0.984459,0,0,0.667774,0,0.935278,0,0.576635,0.947644,0,0,0,0,3.22181,0,0,1,0,1,0,0
2968,FS:DUKEDKE,1,1,0.983871,0,0,0.784685,0,0.901693,0,0.596522,0.86045,0,0,0,0,3.02496,0,0,1,0,1,0,0
2969,FS:DUKEDKE,1,1,0.982737,0,0,0.681588,0,0.934917,0,0.677398,0.907904,0,0,0,0,2.79137,0,0,1,0,1,0,0
2970,FS:DUKEDKE,1,1,0.98269,0,0,0.735768,0,0.968075,0,0.661541,1.09,0,0,0,0,3.10026,0,0,1,0,1,0,0
2971,FS:DUKEDKE,1,1,0.982341,0,0,0.726991,0,1.0016,0.578614,0.673891,1.16518,0,0,0,0,3.02239,0,0,1,0,1,0,0
2972,FS:DUKEDKE,1,1,0.982118,0,0,0.664299,0,0.997389,0.888022,0.699689,1.21652,0,0,0,0,2.98309,0,0,1,0,0,0,0
2973,FS:DUKEDKE,1,1,0.981318,0,0,0.693309,0,1.0027,0.957703,0.691886,1.25237,0,0,0,0.624979,2.66078,0,0,1,0,0,0,0
2974,FS:DUKEDKE,1,1,0.981514,0,0,0.718943,0,0.995314,0.657184,0.665883,1.24065,0,0,0,0,2.63842,0,0,1,0,0,0,0
2975,FS:DUKEDKE,1,1,0.97981,0,0,0.864679,0,1.01239,0.859237,0.807557,1.30575,0,0,0,0,1.96155,0,0,1,0,0,0,0
2976,FS:DUKEDKE,1,1,0.978659,0,0,0.700662,0,0.967615,0.606992,0.807133,1.23319,0.916241,0,0,0.545514,2.7859,0,0,1,0,0,0,0
2977,FS:DUKEDKE,1,1,0.983782,0,0,1.05044,0,1.03489,0,1.01817,1.3147,1.35442,0,0,0,2.81046,0,0,1,0,0,0,0
2978,FS:DUKEDKE,1,1,0.983275,0,0,0.905347,0,0.893676,0,0.881583,1.26529,1.55468,0,0,0,2.35252,0,0,1,0,0,0,0
2979,FS:DUKEDKE,1,1,0.976609,0,0,0.880612,0,0.925835,0,1.12845,1.51578,2.22875,0,0,0,0.955886,0,0,1,0,0,0,0
2980,FS:DUKEDKE,1,1,0.974332,0,0.52942,0.928829,0,0.825751,0,1.0962,1.41243,2.1698,0,0,0,0,0,0,1,0,0,0,0
3057,EXPLAIN,1,1,0.866019,0.900306,0.853745,1.02266,2.49603,0,0.582852,0.624062,0,1.27967,0,0.818381,0,1.55937,0,0,0,1,0,0,0
3058,EXPLAIN,1,1,0.905463,0.787242,0,0,2.12962,0,1.10402,0,0.524609,0,0.52173,0.536824,0,2.37434,0,0,0,1,1,0,0
3059,EXPLAIN,1,1,0.881407,1.03258,0.534234,0,2.17108,0,1.38788,0,0.599939,0,0,0,0,1.45848,0,0,0,1,0,0,0
3060,EXPLAIN,1,1,0.87997,1.05532,0.865583,0.974143,1.99219,0,1.66409,0,0.963392,0,0,0,0,0.966176,0,0,0,1,1,0,0
3061,EXPLAIN,1,1,0.892991,0.885551,0.638067,1.1975,1.98695,0,1.33666,0.574711,0.668898,0,0,0,0,0,0,1,0,1,1,0,0
3143,NOT-HAVE,1,1,0.898393,0.668215,0,1.3495,1.68747,0,0,0,0,0,0,0,0,1.3833,0,1,0,0,0,0,0
3144,NOT-HAVE,1,1,0.915471,0.882169,0,0.698155,1.63397,0,0,0,0,0,0,0,0,0.629555,0,0,0,0,0,0,0
3273,SUBTITLES,1,1,0.970342,0,0,0,0.501757,0.633424,0.542348,0.787272,0.760998,1.37441,0,0,0,0,0,0,1,0,0,0,0
3274,SUBTITLES,1,1,0.973126,0,0,0,0,0.656106,0,0.835116,1.02284,1.65319,0,0,0.878147,1.59612,0,0,1,0,0,0,0
3275,SUBTITLES,1,1,0.969356,0,0,0,0.522359,0.717901,0,0.885013,0.939402,1.66061,0,0,0,0,0,0,1,0,0,0,0
3276,SUBTITLES,1,1,0.97508,0,0,0,0.51311,0.731056,0,0.925836,1.21995,1.76042,0,0,0,0,0,0,1,0,0,0,0
3503,,1,1,0.968487,0,0,0,0,0,0,0.630765,0.71116,1.20029,1.22495,0,0,0,0,0,0,0,0,0,0
3504,,1,1,0.974949,0,0,0.746596,0,0,0,0.614816,0.520199,1.21144,1.25623,0,0,0,0,0,0,0,0,0,0
3505,,1,1,0.972482,0,0,0.680786,0,0,0,0.535349,0,1.11583,1.46717,0,0,0,0,0,0,0,0,0,0
3506,,1,1,0.967519,0,0,0.988922,0,0,0,0.554556,0.655246,0.959924,1.26698,0,0,0,0,0,0,0,0,0,0
3810,,1,1,0.94274,1.0735,0,0,0.546401,1.19647,0,1.06153,1.1398,2.57938,0,0,0,0,0,0,0,0,0,0,0
3811,,1,1,0.963574,1.00047,0,0,0,1.19258,0,1.12279,1.16728,2.67769,0,0,0,0,0,0,1,0,0,0,0
4107,BUT,1,1,0.838783,1.31204,0,0,0.867284,0,0.994299,0,0.57031,0,0.830707,0.637354,1.34106,1.42467,0,0,0,1,0,0,0
4194,HAVE,1,1,0.893815,1.86594,0.612762,0,0.670874,0,0,0,0,0,0,0,0,2.44999,0,0,0,0,0,0,0
4258,GIRL,1,1,0.90506,1.48847,1.42335,0,0.919976,0.810984,0,0.720784,1.32636,1.13341,0,0,0.880786,0.620493,0,0,0,0,1,0,0
4259,GIRL,1,1,0.900726,1.48576,1.18305,0,0.996179,0.81744,0,0.72071,1.13739,1.21781,0.523018,0,0,1.34309,0,0,1,0,1,0,0
4260,GIRL,1,1,0.919181,1.29641,1.0517,0.521808,0.790444,0.787258,0,0.730922,1.08921,1.32083,0,0,0,1.32131,0,0,1,0,1,0,0
4261,GIRL,1,1,0.933603,1.16928,0.821778,0,0.822426,0.766534,0,0.775678,1.19327,1.16947,0.525826,0,0,1.72807,0,0,1,0,1,0,0
4262,GIRL,1,1,0.953163,0,0.519027,0,0.923038,0.637409,0,0.513545,0.908728,1.47174,0,0,0.816928,1.40956,0,0,0,0,1,0,0
4263,GIRL,1,1,0.95417,0,0.91141,0,0.76656,0.603151,0,0,0.917668,1.01111,0,0,0.600734,0.826074,0,0,0,0,0,0,0
4264,GIRL,1,1,0.946532,0.688677,0.77882,0,0.858824,0.588319,0,0,0.956894,0.626343,0,0,0.92662,1.31103,0,0,0,0,1,0,0
4265,GIRL,1,1,0.946131,0.752132,0.818348,0,0.838705,0.590553,0,0,0.837643,0,0.622479,0,0.979723,2.32088,0,0,0,0,1,0,0
4266,GIRL,1,1,0.949856,0.973607,0.546502,0,1.07871,0.729833,0,0.602696,0.969234,0,0.594557,0,1.13412,2.42765,0,0,0,0,0,0,0
4267,GIRL,1,1,0.951341,1.17082,0.647534,0,0.800066,0.614319,0,0.507411,0.894129,0,0.793322,0,0.900093,1.87997,0,0,0,0,0,0,0
4268,GIRL,1,1,0.929554,1.02203,0.914377,0,0.727993,0,0,0,0,0,0.594484,0,0.634843,0.974765,0,0,0,0,0,0,0
4280,,1,1,0.880439,1.48328,1.20235,0,0,0.785291,0,0.616588,1.04583,1.13354,0,0,1.04184,0,0,0,0,0,1,0,0
4281,,1,1,0.877863,1.45506,0.58967,0,0,0.817015,0,0.742899,0.980041,1.75945,0,0,0,0,0,0,0,0,1,0,0
4282,,1,1,0.878599,1.99556,0.69815,0.577322,0.588568,0.647794,0,0.523351,0.872935,1.96595,0,0,0,0,0,0,0,0,1,0,0
4283,,1,1,0.897383,1.97145,0.794746,0.588231,0.880268,0.700684,0,0.814869,1.04088,1.73357,0,0,0,0,0,0,0,0,1,0,0
4284,,1,1,0.930129,1.75008,0.938997,0,0,0.869965,0.660323,1.07142,1.32084,1.79881,0,0,0,0,0,0,0,0,1,0,0
4405,WITH,1,1,0.876744,1.23595,0,0,0,0,0.558957,0,0,0,1.10483,0,1.54372,0,0,0,0,1,0,0,0
4406,WITH,1,1,0.85677,1.04239,0,0,0,0,0,0,0,0,0.86211,0,0,0,0.548478,0,0,1,0,0,0
4407,WITH,1,1,0.901219,1.06379,0.598149,0,0,0,0.77329,0,0,0,0.694503,0,0.580599,0,0,0,0,1,0,0,0
4408,WITH,1,1,0.876349,1.066,0.831339,0,0.637569,0,0,0,0,0,0.867893,0,0.946572,0,0,0,0,1,1,0,0
4409,,1,1,0.871021,1.14244,0.659927,0.693218,0,0,0,0,0,0,1.19377,0,0.698439,0,0,0,0,1,0,0,0
4410,,1,1,0.943667,1.23405,0.805058,0,0,0,0,0,0,0.730142,1.30212,0,1.15592,1.20325,0,0,0,1,0,0,0
4413,,1,1,0.922154,1.39075,2.27778,0,0.655811,0,0.844858,0.607645,0,0.806501,0,0,0.557334,1.16604,0,0,0,0,0,0,0
4414,,1,1,0.812834,1.53375,1.56574,0,0.645194,0,0,0.699093,0,0,0,0,0.769567,1.81977,0,0,0,0,0,0,0
4415,,1,1,0.890904,1.04366,1.12483,0,0,0.590947,0,0.85675,0,1.11077,0,0,0,1.03122,0,0,0,0,0,0,0
4416,,1,1,0.904869,0.828029,1.01344,0,0,0.723688,1.38026,0.872325,0.569667,1.47727,0.569528,0,0,0.937009,0,0,1,0,0,0,0
4417,,1,1,0.908759,1.15789,1.22673,0,0,0.692351,1.40209,0.866488,0.622247,1.21463,0.978996,0.576356,1.01459,0,0,0,1,0,0,0,0
4418,,1,1,0.909799,1.23673,0.983836,0,0,0.65457,1.8413,0.854513,0.574033,0.947766,0.761638,0.614974,1.00364,0,0,0,1,0,0,0,0
4419,,1,1,0.884657,1.03703,1.80555,0.813051,0,0.708357,1.48707,0.716802,0,0.872844,0,0,0,0,0,0,1,0,0,0,0
4420,,1,1,0.919976,0.63161,1.12417,0,0,0.574549,1.43872,0.605112,0.683136,1.07705,0,0,0.853662,0,0,0,1,0,0,0,0
4421,,1,1,0.94759,0.670989,0.941017,0,0,0,1.41462,0.584478,0.609896,1.48028,0,0,0.83258,0,0,0,1,0,0,0,0
4422,,1,1,0.958845,0.537255,1.09506,0,0,0.536253,1.21997,0.554317,0.558596,1.39504,0,0,1.01455,0,0,0,1,0,0,0,0
4423,,1,1,0.956904,0.668841,1.35559,0,0,0.578802,1.21192,0.533858,0.734916,1.17949,0,0,1.00455,0.5753,0,0,1,0,0,0,0
4424,,1,1,0.94944,0,0.836848,0,0,0.563601,0.965347,0,0.559191,1.12135,0,0,0.996526,0,0,0,1,0,0,0,0
4425,,1,1,0.95183,0,0.919627,0,0.543451,0,0,0,0.6192,1.29721,0,0,0.828312,1.24493,0,0,1,0,0,0,0
4426,PT:PRO,1,1,0.963809,0,0.925089,0,0,0.55317,0,0.509953,0.765173,1.61422,0,0,0.819316,1.51068,0,0,1,0,0,0,0
4427,PT:PRO,1,1,0.972671,0,0.990019,0,0,0.574837,0.536435,0.624511,0.696915,1.51956,0,0,0.641895,1.38363,0,0,1,0,0,0,0
4428,PT:PRO,1,1,0.968376,0,0.982552,1.1247,0,0.604471,0.844257,0.559549,0.788021,1.34049,0,0,0.662052,1.34288,0,0,1,0,0,0,0
4429,PT:PRO,1,1,0.967683,0.508499,0.791739,1.22899,0,0.731297,1.3779,0.715567,1.05393,1.33186,0,0,0.887412,0,0,0,1,0,0,0,0
4430,PT:PRO,1,1,0.949649,0.82207,1.16766,1.08499,0,0,0.90129,0,0.551756,1.0718,0,0,1.00069,1.51205,0,0,0,0,0,0,0
4431,PT:PRO,1,1,0.944118,1.14525,1.0951,1.30712,0,0,1.33122,0,0,0,0,0,0,0.622711,0,0,0,0,0,0,1
4497,AND,1,1,0.873057,1.20151,1.15951,1.22066,0,0,1.62923,0,0,0,0.75881,0,0.80868,1.87839,0,0,0,0,0,0,0
4498,AND,1,1,0.9475,1.73995,1.43197,0.972236,0,0,1.2301,0,0,0,0.835715,0,0.858347,2.36554,0,0,0,0,0,0,0
4499,AND,1,1,0.933426,1.67818,1.28482,0.601945,0,0.653262,0,0.550153,0.506625,0,0.961207,0,0.930655,2.42309,0,0,0,0,1,0,0
4500,AND,1,1,0.915148,1.74535,1.34933,0,0,0.740353,0.626449,0.55198,0.797723,0,0.708104,0,0.928381,2.5828,0,0,0,0,0,0,0
4501,AND,1,1,0.923628,1.52894,1.02637,0,0,0.853573,0,0.720669,0.82862,0,0.841287,0,0.990013,2.20632,0,0,0,0,0,0,0
4502,AND,1,1,0.932604,1.35227,0.746988,0,0,0.84332,0,0.68976,0.909108,0.537004,0.625353,0,1.05809,2.33302,0,0,0,0,0,0,0
4503,AND,1,1,0.938287,1.24057,0.933227,0,0,0.831319,0,0.723946,0.81872,0,0.639054,0,1.13778,1.93309,0,0,0,0,0,0,0
4504,AND,1,1,0.935652,1.15048,0.712226,0,0,0.858296,0,0.710304,0.843798,0.541905,0.595046,0,1.05753,2.47207,0,0,0,0,0,0,0
4505,AND,1,1,0.94255,1.30532,1.13216,0,0,0.711426,0,0.641128,0,0.712316,1.00397,0,0.630497,2.27853,0,0,0,0,1,0,1
4506,AND,1,1,0.883303,1.3043,1.52149,0.500009,0,0.547869,0,0,0,0.805307,1.04124,0,0.704083,2.29869,0,0,0,0,1,0,1
4507,AND,1,1,0.892277,1.16243,1.10089,0.5346,0,0,0,0,0,0.981294,1.20977,0,0.734663,1.48229,0,0,0,0,0,0,1
4508,AND,1,1,0.899187,0.788339,0,0.821869,0,0,0,0,0,0.658925,1.21865,0,0.792121,2.16197,0,0,0,0,0,0,1
4509,AND,1,1,0.944842,0.768438,0,0,0,0,0,0,0,0.9834,1.09483,0,0.649412,0.862607,0,0,0,1,0,0,1
4510,AND,1,1,0.952061,0.707704,0,0,0,0,0,0,0,1.14467,0.999992,0.641853,0,0,0,0,0,1,0,0,1
4511,,1,1,0.945219,0.930309,0,0,0,0,0.565779,0,0,1.17557,1.04269,0.692218,0,0,0,0,0,1,0,0,1
4540,SAME,1,1,0.883124,1.52353,0,0.556167,0,0,0,0,0,0,0,0,0,0.991554,0.692074,0,0,0,0,0,1
4541,SAME,1,1,0.872623,1.6851,0,0.839831,0,0,0,0,0,0,0,0,0,0.954828,0.690342,0,0,0,0,0,1
4542,SAME,1,1,0.889432,1.71968,0,0.764201,0,0,0.55379,0,0,0.629943,0,0,0,0.519303,0.644572,0,0,0,0,0,1
4546,SAME,1,1,0.883551,1.34155,0,0,0,0,0.516197,0,0,0,0.540306,0,0,0,0.680464,0,0,0,0,0,1
4583,,1,1,0.790108,0.957656,0,0,2.26685,0,0,0,0,0,0,0,0,0,0,0,0,0,0,0,0
4587,,1,1,0.947753,0.704358,0,0,0,0,1.0405,0,0,0.588301,0,0,0.628672,0,0,0,0,1,0,0,0
4588,,1,1,0.942742,1.1749,0,0.722412,0.791528,0,1.2857,0,0.591157,0,0,0,0,2.23426,0.763307,0,0,1,1,0,0
4590,,1,1,0.917984,0.927236,0.823609,0,0,0,0,0,0,0,0,0,0,0.64957,0,0,0,0,1,0,0
4591,,1,1,0.912292,1.091,1.26605,0,0.587585,0,0.765941,0,0,0,0,0,0,0,0,0,0,0,1,0,0
4592,,1,1,0.827393,0.944285,0.952064,0.540056,0,0,0,0,0,0,0.589088,0,0,0.881513,0,0,0,0,0,0,0
4593,,1,1,0.942806,0,0,0,0.708535,0,0.576142,0,0,0.861562,0,0.694557,0,1.33546,0,0,0,0,0,0,0
4594,,1,1,0.964838,0.886401,0,0,0.711068,0,0,0,0,0,0,0,0.87861,0,0,0,0,0,0,0,1
4595,,1,1,0.969433,1.35397,0,0,1.44855,0,0,0,0,0,0,0,0.907583,0,0,0,0,0,0,0,1
4596,,1,1,0.969132,1.32076,0,0,1.29353,0,0,0,0.724243,0,0,0,0.557951,0,0,0,0,0,0,0,1
4597,OTHER,1,1,0.972619,1.22172,0,0,1.32878,0,0,0,0.525148,0,0,0,0.644818,0.787543,0,0,0,0,0,0,1
4598,OTHER,1,1,0.96599,0.996407,0,0,1.02052,0,0,0,0,0,0,0,0,1.09668,0,0,0,0,0,0,1
4599,OTHER,1,1,0.951224,0.92862,0,0,0.946274,0,0,0,0,0,0,0,0,1.12245,0,0,0,0,0,0,0
4600,OTHER,1,1,0.956365,0.966939,0,0,0.804634,0,0,0,0,0,0,0,0,0.908236,0,0,0,0,0,0,0
4601,OTHER,1,1,0.941431,1.03522,0,0,0.787255,0,0,0,0,0,0,0,0,0.965065,0,0,0,0,0,0,0
4602,OTHER,1,1,0.965168,1.06197,0,0,0.792715,0,0,0,0,0,0,0,0,1.03779,0,0,0,0,0,0,0
4603,OTHER,1,1,0.960647,1.15204,0.762174,0,0.814363,0,0,0,0,0,0,0,0,0.682031,0,0,0,0,0,0,0
4604,OTHER,1,1,0.94805,1.07138,0.713758,0,0.911817,0,0.556851,0,0,0,0,0,0,0.694483,0,0,0,0,0,0,0
4605,OTHER,1,1,0.941114,1.15915,0.64878,0,0.826316,0,0.987139,0,0,0,0,0,0,0.610902,0,0,0,0,0,0,0
4606,OTHER,1,1,0.950544,1.4102,0.698579,0,0.952469,0,0.57288,0,0,0,0,0,0,1.24498,0,0,0,0,0,0,0
4607,OTHER,1,1,0.953245,1.45287,0.662773,0,0.910335,0,0,0,0,0,0,0,0,1.61089,0,0,0,0,0,0,0
4608,OTHER,1,1,0.960847,1.39302,0.822178,0.557715,0.685829,0,1.37932,0,0,0.74438,0,0,0,1.5789,0,0,0,0,0,0,0
4609,OTHER,1,1,0.959805,1.36502,0.87442,0.706137,0.800773,0,1.7197,0,0,0.680007,0,0,0.696901,1.13628,0,0,0,0,0,0,0
4610,OTHER,1,1,0.970807,1.19908,0.848208,0.550521,1.193,0,1.42283,0,0,0.523602,0,0,0,1.16101,0,0,0,0,0,0,0
4611,OTHER,1,1,0.972339,1.1889,0.635192,0.580106,1.13376,0,1.65029,0,0,0,0,0,0.535456,1.30172,0,0,0,0,0,0,0
4612,OTHER,1,1,0.978321,1.29662,1.02268,1.05225,1.29251,0,1.51933,0,0,0.678133,0,0,0,1.47533,0,0,0,0,0,0,0
4613,OTHER,1,1,0.973117,1.19557,0.746763,0.806896,1.23127,0,1.62113,0,0,0.87218,0,0.542726,0.619246,1.58535,0,0,0,0,0,0,0
4704,THINGS,1,1,0.942766,0.892349,0,0,0,0,0.679851,0,0,0.87268,0.721501,0,0.68505,0,0,0,0,0,0,0,0
4705,THINGS,1,1,0.932648,0.848494,0,0.697633,0,0,0,0,0,0.738628,0.542719,0,0.519805,0.894601,0,0,0,0,0,0,0
4706,THINGS,1,1,0.950124,0.811727,0,1.3137,0,0,0,0,0,0.856847,0.622829,0,0,1.19161,0,0,0,0,0,0,0
4707,THINGS,1,1,0.957244,0.597702,0,1.68293,0,0,0,0,0,0.742088,0,0,0,1.06119,0,0,0,0,0,0,0
4708,THINGS,1,1,0.965829,0,0,1.82641,0,0,0,0,0,0.676476,0,0,0,0.543645,0,0,0,1,0,0,0
4709,THINGS,1,1,0.957236,0,0,1.66386,0,0,0,0,0,0.636607,0,0,0,0.931046,0,0,0,1,0,0,0
4710,THINGS,1,1,0.971437,0.654012,0,2.01215,0,0,0,0,0,0.661258,0,0,0,1.45525,0,1,0,0,0,0,0
4711,THINGS,1,1,0.969622,0,0,1.8321,0,0,0.5838,0,0,0,0,0,0,0.69332,0,1,0,0,0,0,1
4712,THINGS,1,1,0.975419,0.532997,0,1.91824,0,0,1.22371,0,0,0.661259,0,0,0,0,0,1,0,0,0,0,1
4795,,1,1,0.966763,0.770767,0.570733,0.505281,0,0.531462,0.503684,0.782488,0,2.0799,0,0,0,0,0,0,0,0,0,0,1
4796,,1,1,0.976427,1.12367,0.659552,0.614903,0.894144,0.502202,1.7676,0.7126,0,1.38793,0,0.648193,0,0.520724,0,0,0,0,0,0,1
4797,,1,1,0.952932,1.08318,1.72494,0,0.787529,0.518115,1.05319,0,0.585771,0,0,0,0,1.34332,0,0,0,0,0,0,0
4798,,1,1,0.879703,1.5018,1.45685,0,0,0,0.609477,0,0,0,0,0,0,0,0,0,0,0,0,0,0
4800,,1,1,0.900898,1.24961,1.17921,0,0,0,1.0884,0,0,0,0,0,1.19198,1.77516,0,0,0,0,0,0,0
4801,HEARING,1,1,0.904229,0.660185,0.703023,1.11199,0,0,0.989553,0,0,0,0,0,0,1.95429,0,0,0,0,0,0,0
4802,HEARING,1,1,0.926928,1.07286,0.703849,1.1493,0.764345,0,0.758438,0,0,0,0,0,0.750134,3.4289,0,0,0,0,0,0,0
4803,HEARING,1,1,0.934031,1.01887,0.831496,1.16488,0.661313,0,0.563926,0,0,0.735087,0,0,0.868341,2.32777,0,0,0,0,1,0,0
4804,HEARING,1,1,0.925125,0.648952,0.770624,1.02671,0,0,0,0,0,1.24446,0,0,1.03058,2.19783,0,0,0,0,0,0,0
4805,HEARING,1,1,0.926544,0.866973,0.744166,0.95806,0,0,0,0,0,1.5527,0,0,1.04645,0.862642,0,0,0,0,1,0,0
4806,HEARING,1,1,0.93643,0.728718,0,0.596394,0,0,0.771309,0,0,1.66605,0,0,1.1705,0.581945,0,0,0,0,0,0,1
4807,HEARING,1,1,0.943489,0.781265,0,1.19243,0,0,0.998862,0,0,1.64858,0,0,1.48939,0.760524,0,0,0,0,0,0,1
4995,PT:PRO,1,1,0.929732,1.02509,0,1.48766,0,0,0.520159,0,0,0.761543,1.49795,0,0,0,0.549964,0,0,1,1,0,1
5038,,1,1,0.96365,0.851154,0.584321,0,0.937575,0.667243,0,0.811863,1.13832,2.21098,0,0,0.997979,0,0,0,1,0,0,0,0
5039,,1,1,0.963609,1.14298,1.24493,0,1.1328,0.724595,0,0.835254,1.05725,2.17107,0,0,0,0,0,0,1,0,0,0,0
5040,,1,1,0.959143,1.07033,0.957693,0,1.23761,0.717304,0,0.771734,1.13774,2.17007,0,0,0.554747,0,0,0,1,0,0,0,0
5041,,1,1,0.942571,1.33511,1.20978,0,1.04384,0.602076,0,0.594616,1.09793,1.52283,0,0,0,0,0,0,1,0,0,0,0
5042,,1,1,0.940394,1.00458,1.60837,0,1.10189,0.628137,0,0.604171,1.08989,1.48729,0,0,0.785302,0,0,0,1,0,1,0,0
5043,,1,1,0.93168,1.31058,1.8083,0,1.28847,0.627225,0,0.578724,1.10256,1.36818,0,0,0.649635,0,0,0,1,0,1,0,0
5044,,1,1,0.925319,1.41513,1.41256,0,1.07191,0.649027,0,0.604273,1.15484,1.50343,0,0,0,0,0,0,1,0,1,0,0
5045,,1,1,0.927678,1.86102,1.55057,0,1.29302,0,0,0,0.578603,0.805322,0,0,0,0,0,0,0,0,1,0,0
5046,,1,1,0.948128,1.59618,1.41445,0,1.0781,0,0,0,0.624117,1.10952,0,0,0,0,0,0,1,0,1,0,0
5047,,1,1,0.945681,1.52972,1.32009,0,1.12559,0.537117,0,0,0.837015,1.23665,0,0,0,0,0,0,1,0,1,0,0
5048,,1,1,0.929441,0.932384,1.30346,0,1.39671,0.726088,0,0.685869,0.962088,1.45014,0,0,0,0,0,0,1,0,1,0,0
5049,,1,1,0.926243,1.07561,1.18391,0,1.13911,0.811125,0,0.762844,0.795299,1.7926,0,0,0.562943,0,0,0,1,0,1,0,0
5050,,1,1,0.932876,1.19452,1.40808,0,1.38296,0.939826,0,0.912909,0.953091,2.09047,0,0.861329,0,0,0,0,1,0,1,0,0
5051,,1,1,0.932271,1.3448,1.01449,0,1.40428,0.723819,0,0.629244,0.811502,1.77179,0.580122,0.505634,0.708272,0,0,0,1,0,1,0,0
5052,,1,1,0.94769,0.799895,1.00983,0,1.30755,0.663048,0,0.574967,1.10124,1.52296,0.583207,0,0.653088,0,0,0,1,0,1,0,0
5053,,1,1,0.946093,0.764394,1.17345,0,1.10688,0.73228,0,0.731722,1.09052,1.87802,0.73849,0.505676,0.515602,0,0,0,1,0,1,0,0
5054,,1,1,0.947921,0,0.881006,0,1.34885,0.767972,0,0.77608,1.07996,1.96517,0.955546,0,1.10404,0,0,0,1,0,1,0,0
5055,,1,1,0.94196,0.707401,0.887139,0,1.33504,0.885772,0,0.913533,1.26654,2.1989,0.813453,0.631768,1.30275,0,0,0,1,0,1,0,0
5056,,1,1,0.941543,0.636358,0.911858,0,0.853281,0.847447,0,0.812325,1.249,2.26538,0.803068,0.683264,0.812729,0,0,0,1,0,1,0,0
5057,,1,1,0.937606,0.550994,0.880853,0,0.962962,0.81144,0,0.697755,1.20471,2.32096,0.65877,0.703622,0,0,0,0,1,0,1,0,0
5058,,1,1,0.946546,0.642436,0.860239,0,0.989256,0.798244,0,0.737143,1.3237,2.26346,0.629309,0.593965,0.714758,0,0,0,1,0,1,0,0
5059,,1,1,0.951817,0.774055,0.993639,0,1.09077,0.805272,0,0.762218,1.27342,2.20294,0.564773,0.569925,0.515583,0,0,0,1,0,1,0,0
5060,,1,1,0.950953,0.522586,1.02634,0,0.997262,0.657517,0,0.609119,0.993839,2.04265,0.946248,0,0,0,0,0,1,0,1,0,0
5061,,1,1,0.93786,0.791034,1.23744,0,1.11626,0.517479,0,0.519887,0.730013,1.79969,0.530808,0,0,0,0,0,1,0,1,0,0
5062,,1,1,0.942566,0.92299,1.2677,0,1.07982,0,0,0,0.524136,1.13903,0.738335,0,0,0,0,0,1,0,1,0,0
5063,,1,1,0.925167,1.86546,1.33455,0,1.26106,0,0,0,0,0.930561,0.835564,0,0,0,0,0,0,0,1,0,0
5064,,1,1,0.921948,2.11446,1.36847,0,1.07527,0,0,0,0,0.933912,0.716359,0,0,0,0,0,0,0,1,0,0
5071,,1,1,0.965691,0.930016,1.26455,0,0.917417,0,0,0.613146,0.898263,1.24441,0.558631,0,0,0,0,0,1,0,1,0,0
5072,,1,1,0.959553,0.674795,0.956603,0,0.990316,0,0,0,0.77404,1.40643,0,0,0,0,0,0,1,0,0,0,0
5073,LOOK,1,1,0.954688,0,0.753665,0,1.07853,0,0,0,0.91607,1.52569,0,0,0,0,0,0,1,0,0,0,0
5074,LOOK,1,1,0.953675,0.619459,1.04418,0,1.19616,0.522174,0,0.551262,0.972705,1.65299,0.508621,0,0.505315,0,0,0,1,0,1,0,0
5075,LOOK,1,1,0.943302,0.678462,1.38385,0,0.942695,0,0,0.512199,1.03498,1.48584,0.692055,0,0,0,0,0,1,0,1,0,0
5076,LOOK,1,1,0.934684,0.937283,1.6478,0,0.789847,0.511327,0,0,0.994046,1.60988,0.795037,0,1.08678,0,0,0,1,0,1,0,0
5077,LOOK,1,1,0.94865,0,0.836845,0,1.23731,0,0,0,1.24613,1.43663,0.550228,0,0,0,0,0,1,0,1,0,0
5078,LOOK,1,1,0.94011,0,0.804545,0,1.13342,0,0,0,0.953125,1.06873,0,0,0.624751,0.694778,0,0,1,0,1,0,0
5079,LOOK,1,1,0.95351,0,0,0,1.03051,0,0,0,0.839803,1.27092,0,0,0,0.967377,0,0,1,0,1,0,0
5080,LOOK,1,1,0.946432,0,0,0,0.774241,0,0,0,0.777056,1.33644,0.860316,0,0,0,0,0,1,0,1,0,0
5081,LOOK,1,1,0.943277,0,0,0,0.681623,0,0,0,0.78338,1.43238,0.791859,0.556075,0,0,0,0,1,0,1,0,0
5082,LOOK,1,1,0.940267,0,0,0,0.535217,0,0,0,0.896857,1.30042,0.682121,0.510608,0,0,0,0,1,0,1,0,0
5083,LOOK,1,1,0.930994,0,0,0,0.693814,0,0,0,0.818333,1.20739,0.941916,0,0,0,0,0,1,0,1,0,0
5084,LOOK,1,1,0.944239,0,0,0,0.597928,0,0,0,0.784639,1.0491,0.797112,0,0,0.679471,0,0,1,0,1,0,0
5085,LOOK,1,1,0.94554,0,0,0,0.709331,0,0,0,0.899345,0.998398,0.730515,0,0,0,0,0,1,0,1,0,0
5086,LOOK,1,1,0.91445,0.767175,0.533449,0,0.884173,0,0,0,0.85621,0.776082,0.550397,0,0.743653,1.11891,0,0,1,0,1,0,0
5087,LOOK,1,1,0.941344,0,0,0,1.02404,0,0,0,0.747567,0.893078,0.514705,0,0.615764,0.547492,0,0,1,0,1,0,0
5088,LOOK,1,1,0.961489,0,0,0,0.809434,0,0,0,0.960096,1.18321,0,0,0.683407,0.67938,0,0,1,0,1,0,0
5089,LOOK,1,1,0.954388,0,0,0,0.78029,0.529779,0,0,0.884284,1.22583,0,0.555141,0.531473,0,0,0,1,0,1,0,0
5090,,1,1,0.951001,0,0,0,0.554159,0.529856,0,0,1.00246,1.17834,0,0.56947,0,0,0,0,1,0,1,0,0
5091,,1,1,0.955539,0,0,0,0,0,0,0,0.86088,1.2771,0,0.781962,0,0,0,0,1,0,1,0,0
5092,,1,1,0.959923,0,0,0,0,0,0,0,1.03109,1.15497,0.530062,0.635645,0,0,0,0,1,0,0,0,0
5093,,1,1,0.953747,0,0,0.622725,0,0,0,0,1.07581,1.17819,0.688346,0.604504,0,0,0,0,1,0,0,0,0
5094,,1,1,0.956689,0,0,0.71843,0,0,0,0,0.990559,1.19763,0.56684,0,0,0,0,0,1,0,1,0,0
5095,,1,1,0.95862,0,0,0.547775,0.602005,0,0,0,0.942478,1.03694,0.588414,0,0,0,0,0,1,0,1,0,0
5096,,1,1,0.9595,0,0,0,0.505642,0,0,0,0.842152,1.09456,0,0,0,0,0,0,1,0,1,0,0
5097,,1,1,0.959706,0,0,0,0,0,0,0,0.975923,1.07694,0,0,0,0,0,0,1,0,1,0,0
5098,,1,1,0.962216,0,0,0,0,0,0.747793,0,1.04351,0.872711,0,0,0,0,0,0,1,0,1,0,0
5099,,1,1,0.963022,0,0,0,0,0,0.969793,0,1.11074,1.17204,0,0,0,0,0,0,1,0,1,0,0
5100,,1,1,0.968794,0,0,0.671147,0,0,1.00896,0,1.05418,1.07657,0,0,0,0,0,0,1,0,1,0,0
5101,,1,1,0.968856,0,0,0,0,0,0.778492,0,1.08436,0.973701,0,0,0,0,0,0,1,0,1,0,0
5102,,1,1,0.973164,0,0,0.599571,0.616906,0,0,0,0.98373,1.11769,0,0,0,0,0,0,1,0,0,0,0
5103,,1,1,0.973392,0,0.579628,0.567439,0,0,0,0,0.73985,1.26727,0,0,0,0,0,0,1,0,0,0,0
5104,,1,1,0.978224,0,0,0.893971,0,0,0,0,0.526758,1.502,0,0,0,1.15369,0,0,1,0,1,0,0
5105,,1,1,0.976163,0,0.739988,0.953297,0,0,0,0.610259,0,1.46667,0,0,0,2.20325,0,0,1,0,1,0,0
5106,,1,1,0.977328,0,0.535037,1.0034,0,0,0,0,0,1.36555,0,0,0.733781,0.807186,0,0,1,0,1,0,0
5107,PT:PRO,1,1,0.973516,0,0.729758,0.552038,0,0,0,0,0,1.10591,0.718429,0,0,0,0,0,0,0,1,0,0
5108,PT:PRO,1,1,0.974477,0,1.08719,0.645863,0,0,0,0,0,0.98295,0.719583,0,0,0,0,0,0,0,1,0,0
5109,PT:PRO,1,1,0.973927,0,1.08079,0,0,0,0,0,0,0.906967,0.800856,0,0,0,0,0,0,0,1,0,0
5110,PT:PRO,1,1,0.968097,0,1.2349,0,0,0,0,0,0,0.683955,0.921889,0,0,0,0,0,0,0,1,0,0
5111,PT:PRO,1,1,0.966829,0,1.24162,0,0,0,0,0,0,0.634452,0.881243,0,0,0,0,0,0,0,1,0,0
5112,PT:PRO,1,1,0.961766,0,1.27414,0,0,0,0,0,0,0.609068,0.645893,0,0,0,0,0,0,0,1,0,0
5113,PT:PRO,1,1,0.96484,0.511826,1.40373,0,0,0,0,0,0,0,0.782701,0,0.574674,0,0,0,0,0,1,0,0
5114,PT:PRO,1,1,0.982243,0.773691,1.0234,0.916134,0,0.599881,0,0.731874,0.637308,1.09317,0.6269,0,0.871503,2.57483,0,0,0,0,1,0,0
5115,PT:PRO,1,1,0.976932,1.01807,1.37602,0.967709,0,0.896351,0,1.08,0.683718,0.991571,0.64843,0,0.769131,2.32606,0,0,1,0,1,0,0
5116,PT:PRO,1,1,0.932217,1.16859,1.18241,0.659338,0,0.686605,0,0.878087,0.896092,0.922171,0.85915,0,0.583154,1.72865,0.519176,0,0,0,1,0,0
5117,PT:PRO,1,1,0.921206,1.40246,1.1157,0.672713,0,0.630062,0,0.912296,0.724249,0.826372,0.780259,0,0.568334,2.26873,0.570743,0,0,0,1,0,0
5118,PT:PRO,1,1,0.903421,1.30427,0.787769,0.705008,0,0.621612,0,0.858676,0.782083,0.867806,0.768742,0,0.566234,2.69267,0.577024,0,0,0,0,0,0
5119,PT:PRO,1,1,0.900076,1.32534,0.781046,0,0,0.538575,0,0.787251,0.71216,0.823748,0.730755,0,0.656652,2.29113,0.627186,0,0,0,0,0,0
5120,PT:PRO,1,1,0.906821,1.20164,0.984531,0,0,0,0,0.726774,0.573618,0.936083,0.775301,0,0.967584,2.64958,0.657538,0,0,0,0,0,0
5121,PT:PRO,1,1,0.91685,1.08775,1.03479,0,0,0,0,0.684978,0.549528,0.781389,0.748901,0,0.772542,2.65439,0.639569,0,0,0,0,0,0
5122,PT:PRO,1,1,0.93106,0.897227,1.09769,0,0,0,0,0.570894,0,0.861055,0.740857,0,1.26018,2.88782,0.591804,0,0,0,1,0,0
5123,PT:PRO,1,1,0.928476,1.04154,1.20197,0,0,0,0,0.571584,0,0.783365,0.745109,0,1.48412,3.19273,0.544393,0,0,0,1,0,0
5124,,1,1,0.919652,1.01052,1.21738,0.528688,0,0,0,0.533245,0,0.645841,0.604829,0,1.09193,3.4461,0.614485,0,0,0,1,0,0
5125,,1,1,0.902174,1.01082,1.20843,0,0,0,0,0,0,0.636506,0.77301,0,1.38507,3.07475,0.593376,0,0,0,1,0,0
5126,,1,1,0.900105,1.1022,1.48753,0,0,0,0,0,0,0.621907,0.505174,0,1.27096,3.0815,0.583021,0,0,0,1,0,0
5127,,1,1,0.890248,1.08581,1.40573,0,0,0,0,0.507932,0,0.618595,0.608639,0,1.06907,3.22366,0.581235,0,0,0,1,0,0
5128,,1,1,0.918142,0.955493,1.26354,0.584217,0,0,0,0,0,0,0.694919,0,1.24407,3.03015,0.63443,0,0,0,1,0,0
5129,,1,1,0.928309,1.099,1.50718,0,0,0,0,0,0,0,0.556188,0,1.58323,2.34732,0.597517,0,0,0,1,0,0
5130,,1,1,0.953281,1.03175,1.26405,0,0,0,0,0,0,0,0.785739,0,1.06805,2.74036,0.662922,0,0,0,1,0,0
5131,,1,1,0.92443,1.18926,1.09194,0,0,0,0,0,0,0.58804,0.657026,0,0.612583,2.3568,0.675734,0,0,0,1,0,0
5132,,1,1,0.915145,1.2573,0.895682,0,0,0,0,0,0,0,0,0,0,1.44911,0.572002,0,0,0,1,0,0
5133,,1,1,0.927609,1.23139,0.661838,0,0,0,0,0,0,0,0,0,0,1.3312,0.520725,0,0,0,1,0,0
5134,,1,1,0.932871,1.06514,0.861913,0,0,0,0,0,0,0,0.509987,0,0,1.21208,0.553095,0,0,0,1,0,0
5190,WHAT,1,1,0.961,1.14293,0.731872,0.715066,0,0,1.57274,0,0.98464,0.963686,0,0,0,0.521043,0,0,0,0,0,0,0
5191,WHAT,1,1,0.960316,0.939611,0.585282,0.856194,0,0,1.83617,0,0.79664,0.977987,0,0,0,0,0,0,0,0,0,0,0
5192,,1,1,0.96711,0,0,0,0,0,1.72992,0,0.624861,0.96659,0,0,0.552998,0,0,0,0,0,0,0,0
5193,,1,1,0.964067,0.573299,0,0,0,0,1.78512,0,0.657577,0.940252,0,0,0.547345,0,0,0,0,0,0,0,0
5194,,1,1,0.966097,0,0,0.585898,0,0,1.95048,0,0.582634,1.2027,0,0,0.623853,0,0,0,0,0,0,0,0
5195,,1,1,0.962926,0.6187,0,0.541351,0.511472,0,1.80686,0,0.626816,1.15208,0,0,0.510268,0,0,0,0,0,0,0,0
5196,,1,1,0.960645,0,0,0.782329,0,0,1.53672,0,0,1.10702,0,0,0.88383,0,0,0,0,0,0,0,0
5197,,1,1,0.95886,0,0,0.568628,0,0,1.31479,0,0.671996,1.02356,0,0,0.719175,0,0,0,0,0,0,0,1
5198,,1,1,0.951394,0.554786,0,0.940302,0,0,1.57432,0,0.611218,1.09986,0,0,0.53555,0,0,0,1,0,0,0,0
5199,,1,1,0.953224,0.628787,0,0.853746,0,0,1.4112,0,0.725116,0.805378,0,0,0,0.688529,0,0,0,0,0,0,1
5202,,1,1,0.947795,0.64304,0,0.69229,0,0,0.831327,0,0.831393,1.14771,0,0,0,0.86791,0,0,1,0,0,0,1
5203,,1,1,0.971501,0,0,0,0,0,0.925809,0,0.934805,0.952589,0,0,0,1.05203,0,0,1,0,0,0,0
5204,,1,1,0.979353,0,0,0,0,0,0.852284,0,1.18746,0,0,0,0,0.642225,0,0,1,0,0,0,0
5205,,1,1,0.980556,0,0,0,0,0,0.558627,0,1.19581,0,0,0,0,0.86146,0,0,1,0,0,0,0
5206,,1,1,0.964138,0,0,0,0,0,0,0,1.13847,0,0,0,0,0,0,0,1,0,0,0,0
5207,,1,1,0.967279,0,0,0,0,0,0,0,1.06533,0,0,0,0,1.20777,0,0,1,0,0,0,0
5208,,1,1,0.961142,0,0,0,0,0,0,0,1.03276,0,0,0,0,1.36531,0,0,1,0,0,0,0
5209,HAVE,1,1,0.959294,0,0,0,0,0,0.564168,0,0.877578,0,0,0,0,1.50053,0,0,1,0,0,0,0
5210,HAVE,1,1,0.960997,0,0,0,0,0,0,0,0.859694,0,0,0,0,1.80074,0,0,1,0,0,0,0
5211,HAVE,1,1,0.958126,0,0,0,0,0,0,0,0.750785,0,0,0,0,1.83397,0,0,1,0,0,0,0
5212,HAVE,1,1,0.959664,0,0,0.686561,0,0,0,0,0.769943,0,0,0,0,1.9347,0,0,1,0,0,0,0
5213,HAVE,1,1,0.959479,0,0,0.549621,0,0,0,0,0.77518,0,0,0,0,2.08627,0,0,1,0,0,0,0
5214,HAVE,1,1,0.961171,0,0,0,0,0,0,0,0.828933,0,0,0,0,1.77429,0,0,1,0,0,0,0
5215,HAVE,1,1,0.962584,0,0,0,0,0,0,0,0.789621,0,0,0,0,1.92309,0,0,1,0,0,0,0
5216,HAVE,1,1,0.962597,0,0,0,0,0,0,0,0.845946,0,0,0,0,1.89858,0,0,1,0,0,0,0
5217,HAVE,1,1,0.961603,0,0,0.518823,0,0,0,0,0.814686,0,0,0,0,1.90542,0,0,1,0,0,0,0
5218,HAVE,1,1,0.964799,0,0,0,0,0,0,0,0.832869,0,0,0,0,1.73849,0,0,1,0,0,0,0
5219,HAVE,1,1,0.964094,0,0,0,0,0,0,0,0.882752,0,0,0,0,2.09328,0,0,1,0,0,0,0
5220,HAVE,1,1,0.967114,0,0,0.648405,0,0,0,0,0.784654,0,0,0,0,2.15788,0,0,1,0,0,0,0
5221,HAVE,1,1,0.965523,0,0,0,0,0,0,0,0.868733,0,0,0,0,2.4617,0,0,1,0,0,0,0
5222,HAVE,1,1,0.966481,0,0,0.861331,0,0,0,0,0.663829,0,0.536784,0,0,2.54941,0,0,1,0,0,0,0
5223,HAVE,1,1,0.966722,0,0,0.764269,0,0,0,0,0.690503,0,0,0,0,2.20607,0,0,1,0,0,0,0
5224,HAVE,1,1,0.97259,0,0,0.768309,0,0,0,0,0.556861,0,0,0,0.613003,2.13164,0,0,1,0,0,0,0
5225,HAVE,1,1,0.970648,0,0,0.688489,0,0,0,0,0.516294,0,0,0,0.78396,1.79004,0,0,1,0,0,0,0
5226,HAVE,1,1,0.967843,0,0,0.968284,0,0,0,0,0.515976,0,0,0,0.550762,1.43616,0,0,1,0,0,0,0
5227,HAVE,1,1,0.969594,0,0,0.880026,0,0,0,0,0.510769,0,0,0,0.762888,1.64013,0,0,1,0,0,0,0
5228,HAVE,1,1,0.9716,0,0,0.63451,0,0,0,0,0.540074,0,0,0,0.520428,1.76286,0,0,1,0,0,0,0
5229,HAVE,1,1,0.970434,0,0,0.530876,0,0,0,0,0,0,0,0,0.695157,1.45762,0,0,1,0,0,0,0
5230,HAVE,1,1,0.969054,0,0,0,0,0,0,0,0.53946,0,0,0.520823,0.666331,1.04983,0,0,1,0,0,0,0
5231,HAVE,1,1,0.967008,0,0,0.505585,0,0,0,0,0.503921,0,0,0,0.710971,0.884361,0,0,1,0,0,0,0
5232,HAVE,1,1,0.961045,0,0,0.81376,0,0,0,0,0,0,0,0,0.569316,1.02195,0,0,0,0,0,0,0
5233,HAVE,1,1,0.963812,0,0,0.807791,0,0,0,0,0,0,0,0,0.592099,0.860183,0,0,0,0,0,0,0
5234,HAVE,1,1,0.966263,0,0,0.950313,0,0,0,0,0,0,0,0.507278,0,1.08632,0,0,0,0,0,0,0
5235,HAVE,1,1,0.964765,0,0,0.803506,0,0,0,0,0,0,0,0.520875,0,0.717991,0,0,0,0,0,0,0
5236,HAVE,1,1,0.964845,0,0,0.571858,0,0,0,0,0,0,0,0.527243,0,1.09538,0,0,0,0,0,0,0
5237,HAVE,1,1,0.964963,0,0,0.514114,0,0,0,0,0,0,0,0,0,0.981652,0,0,0,0,0,0,0
5238,HAVE,1,1,0.964264,0,0,0.601844,0,0,0,0,0,0,0,0,0,0.738776,0,0,0,0,0,0,0
5239,HAVE,1,1,0.964779,0,0,0.631193,0,0,0,0,0,0,0,0,0,1.01813,0,0,0,0,0,0,0
5240,HAVE,1,1,0.965232,0,0,0.750573,0,0,0,0,0,0,0,0,0,0.824269,0,0,0,0,0,0,0
5241,HAVE,1,1,0.965144,0,0,0.765341,0,0,0,0,0,0,0,0,0,0,0,0,0,0,0,0,0
5242,HAVE,1,1,0.959044,0,0,0.681907,0,0,0,0,0,0,0,0,0.603247,0.547302,0,0,0,0,0,0,0
5243,HAVE,1,1,0.95536,0,0,0.743968,0,0,0,0,0,0,0,0,0.71498,0.819361,0,0,0,0,0,0,0
5244,HAVE,1,1,0.959804,0,0,0.723261,0,0,0,0,0,0,0,0,0.627977,0.907427,0,0,0,0,0,0,0
5245,HAVE,1,1,0.952983,0,0,0.961283,0,0,0,0,0,0,0,0,0,0,0,0,0,0,0,0,0
5246,HAVE,1,1,0.953081,0,0,1.1276,0,0,0,0,0,0,0,0,0,0,0,0,0,0,0,0,0
5247,HAVE,1,1,0.952757,0,0,0.805962,0,0,0,0,0,0,0,0,0,0,0,0,0,0,0,0,0
5248,HAVE,1,1,0.966024,0,0,0.72676,0,0,0,0,0,0,0,0,0.557929,0,0,0,0,0,0,0,0
5249,HAVE,1,1,0.963138,0,0,0.814648,0,0,0,0,0,0.656715,0,0.508082,0.512996,0,0,0,0,0,0,0,0
5250,HAVE,1,1,0.96842,0,0,0.657453,0,0,0,0,0,0.782865,0,0,0.541247,0,0,0,0,0,0,0,0
5251,HAVE,1,1,0.967125,0,0,0,0,0,0,0,0,0.915703,0,0,0.599212,0,0,0,0,0,0,0,0
5252,HAVE,1,1,0.966221,0,0,0,0,0,0,0,0,0.962949,0,0,0.672549,0,0,0,0,0,0,0,0
5257,HAVE,1,1,0.961896,0.570509,0.845641,0,0,0,0.774332,0,0,1.18473,0,0,0.657208,0,0,0,0,0,0,0,0
5258,HAVE,1,1,0.96326,0,0.789079,0,0,0,0,0,0,1.07294,0,0,0.544309,0,0,0,0,0,0,0,0
5259,HAVE,1,1,0.959494,0,0.753747,0,0,0,0.733804,0,0,1.08146,0,0,0.559825,0,0,0,0,0,0,0,0
5260,,1,1,0.966161,0,0.811222,0,0,0,0,0,0,0.895259,0,0,0.643811,0,0,0,0,0,0,0,0
5261,,1,1,0.964369,0,0.865747,0,0,0,0.549413,0,0,0.947877,0.575306,0,0.535716,0,0,0,0,0,0,0,0
5262,,1,1,0.972865,0,0.658428,0,0,0,0,0,0.518634,0.794955,0,0,0.599095,0,0,0,0,0,0,0,0
5263,,1,1,0.971104,0,0.722119,0,0,0,0,0,0.564516,0.657682,0,0,0.663237,0,0,0,0,0,0,0,0
5264,,1,1,0.972945,0,0.542156,0.834459,0,0,0.90758,0,0,0.538487,0,0,0.578927,0,0,0,0,0,0,0,0
5265,,1,1,0.975727,0,0.844249,0.577037,0,0,0.90768,0,0,0,0,0,0.521381,0,0,0,0,0,0,0,0
5266,,1,1,0.974565,0,0,0.711896,0,0,0.791694,0,0.584424,0,0,0,0.827788,0,0,0,0,0,0,0,0
5267,,1,1,0.973065,0,0,0.829779,0,0,0.859886,0,0.597173,0,0,0,0.794192,0,0,0,0,0,0,0,0
5268,,1,1,0.974695,0,0,0.640122,0,0,0.725546,0,0.6372,0,0,0,0.770591,0,0,0,0,0,0,0,0
5269,,1,1,0.975663,0,0.516587,0.760963,0,0,0.846791,0,0.59894,0,0,0,0.754488,0,0,0,0,0,0,0,0
5270,,1,1,0.980037,0,0.529764,0.811695,0,0,0.588447,0,0,0,0,0.501884,0,0,0,0,0,0,0,0,0
5271,,1,1,0.974805,0,0,0.905432,0,0,0.5691,0,0.66565,0,0,0.505921,0.571619,0,0,0,0,0,0,0,0
5272,,1,1,0.974791,0,0.621354,0.792173,0,0,0.55144,0,0.609056,0,0,0,0.757152,0,0,0,0,0,0,0,0
5273,,1,1,0.977172,0,0.631541,0.878068,0,0,0.796809,0,0.647908,0,0,0.51039,0.71066,0,0,0,0,0,0,0,0
5274,,1,1,0.977522,0,0.680261,0.716386,0,0,0.624077,0,0.73983,0,0,0,0.539062,0,0,0,0,0,0,0,0
5275,,1,1,0.981729,0,0.775268,0.828914,0,0,0.656289,0,0.606041,0,0,0.523338,0.556697,0.897718,0,0,0,0,0,0,0
5276,,1,1,0.974836,0,0,1.09483,0,0,0.645598,0,0.585521,0,0,0.604301,0.686649,0,0,0,0,0,0,0,0
5277,,1,1,0.974719,0,0.556911,0.957138,0,0,0,0,0.577793,0,0,0,0.829376,0.675793,0,0,0,0,0,0,0
