time_stamp,word,frame,success,confidence,AU01_r,AU02_r,AU04_r,AU05_r,AU06_r,AU09_r,AU10_r,AU12_r,AU14_r,AU15_r,AU17_r,AU20_r,AU25_r,AU26_r,AU04_c,AU12_c,AU15_c,AU23_c,AU28_c,AU45_c
337,PT:PRO,1,1,0.899592,2.24651,0,0,0,0,0,0,0,0,0,0.692214,0,0,0,1,0,0,1,0,0
338,PT:PRO,1,1,0.907313,1.85018,0,0,0,0,0,0,0,0,0,0.58208,0,0,0,1,0,0,0,0,0
339,PT:PRO,1,1,0.904712,1.51954,0,0,0,0,0,0,0,0.664863,0,0.616158,0,0,0,1,0,1,0,0,0
340,PT:PRO,1,1,0.912066,1.70106,0,0.615703,0,0,0,0,0,0.764487,0,0.542751,0,0,0,1,0,1,0,0,0
1027,FS:D-DEAF,1,1,0.828793,0,0,0,0,0.619852,1.55225,0.686405,0,1.29784,0,0,0,0,0,1,1,0,1,0,0
1028,FS:D-DEAF,1,1,0.769432,0,0,0,0,0,1.65274,0,0,0.863287,0,0,0,0,0,1,1,0,0,1,0
1029,FS:D-DEAF,1,1,0.744225,0.670598,0,0,0,0,1.63411,0,0,1.31714,0,0,0.796853,0,0,1,0,0,1,0,0
1267,GIRL,1,1,0.844887,2.31149,0,1.31531,0,0,0,0,0,1.06426,0,0.554123,0,0,0,1,0,1,1,0,0
1281,,1,1,0.775368,2.43286,0.821322,0.578761,0,0,0,0,0,0.745988,0,0.962088,0,0,0,0,0,1,1,0,0
1593,PLAN,1,1,0.78729,1.18122,0,0.607983,0.707189,0,0,0,0,0,0,0.913918,0,0,0,1,0,0,0,0,0
1609,PLAN,1,1,0.747935,2.0801,0.861957,0,0,0,0,0,0,1.1068,0,0.848005,0,1.12591,0,1,0,0,0,0,0
2184,,1,1,0.757137,2.06672,0.697921,1.60936,0.930523,0,0,0,0,0,0,0.605981,0,2.77111,0,1,0,0,1,0,0
2185,,1,1,0.812973,2.10289,1.61733,1.06022,0.568594,0,0,0,0,0,0,0,0,0.543424,0,1,0,0,1,0,0
2186,,1,1,0.765622,2.26093,1.35436,1.21479,0,0,0,0,0,0,0,0,0,0.923135,0,1,0,0,1,0,0
2187,,1,1,0.834486,2.19918,0.797541,0.545892,0.534391,0,0,0,0,0.613164,0,0.533133,0,0.824241,0,1,0,0,1,0,0
2188,,1,1,0.856407,1.93343,0,0.649136,1.0125,0,0,0,0,0.638662,0,0,0,1.32866,0,1,0,1,0,0,0
2189,,1,1,0.859214,1.72403,0,0,0.78547,0,0,0,0,0.817492,0,0,0,2.1937,0,1,0,1,0,0,0
2190,,1,1,0.835419,1.7097,0,0,1.05789,0,0,0,0,0.763214,0,0,0,1.916,0,1,0,1,0,0,0
2191,,1,1,0.830843,1.757,0,0,1.11533,0,0,0,0,0.593337,0,0,0,1.73795,0,1,0,1,0,0,0
2192,,1,1,0.833722,2.05867,0,0,0.872728,0,0,0,0,0,0,0.542111,0,1.41863,0,1,0,1,0,0,0
2193,,1,1,0.830185,2.24273,0,0.580504,0.901421,0,0,0,0,0,0,0.62191,0,1.59479,0,1,0,1,0,0,0
2194,,1,1,0.849972,2.07236,0,0.581517,0.839286,0,0,0,0,0.602183,0.553482,0.574656,0,1.7553,0,1,0,1,0,0,0
2195,,1,1,0.868003,1.83526,0,0.707698,0,0,0,0,0,0.696294,0.730535,0.581475,0,1.12153,0,1,0,1,0,0,0
2196,,1,1,0.888496,1.86047,0,0.839145,0,0,0,0,0,0.747221,0.85999,0.556054,0,1.10537,0,1,0,0,0,0,0
2200,,1,1,0.824116,2.43814,0.617802,0,0,0,0,0,0,0.561695,0.935963,0.530509,0,1.45159,0,1,0,1,0,0,0
2201,,1,1,0.786405,2.75807,0.701915,1.02956,0,0,0,0,0,0.564941,0.669381,0.69196,0,0.544226,0,1,0,1,0,0,0
2202,,1,1,0.863958,2.69176,1.15987,1.34959,0,0,0,0,0,0.571392,0.519497,0,0,1.15757,0,1,0,1,0,0,0
2203,,1,1,0.874048,3.01639,1.46524,1.33858,0,0,0,0,0,0.734907,0.54597,0.507785,0,0.998894,0,1,0,1,0,0,0
2204,,1,1,0.887217,3.22093,1.56149,1.67275,0,0,0,0,0,0.761398,0.522094,0.602003,0,0,0,1,0,1,0,0,0
2205,,1,1,0.866002,3.23465,1.41691,1.50939,0,0,0,0,0,0.802828,0.794749,0.525745,0,0.616638,0,1,0,1,0,0,0
2206,,1,1,0.82218,2.98753,1.07237,1.52158,0,0,0,0,0,0.649551,0,0,0,0.803739,0,1,0,1,0,0,0
2211,,1,1,0.801483,2.83004,1.28843,1.001,0.631923,0,0,0,0,0,0,0,0,0.591225,0,1,0,0,0,0,0
2212,,1,1,0.887751,2.73021,1.5644,1.28073,0,0,0,0,0,0.661558,0,0,0,1.32145,0,0,0,1,0,0,0
2213,,1,1,0.878004,2.7647,2.01013,1.00841,0.557323,0,0,0,0,0.760749,0,0,0,1.64925,0,0,0,1,1,0,0
2214,,1,1,0.856929,2.49568,2.28256,1.15541,0.748081,0,0,0,0,0.874857,0,0,0,2.18572,0,1,0,0,1,0,0
2215,,1,1,0.820761,2.63928,2.72409,1.44351,1.23148,0,0.508601,0,0,0.572948,0,0.621747,0,2.12418,0,1,0,0,1,0,0
2299,,1,1,0.839043,1.2578,0,0,0.862978,0,0,0,0,0.899025,0,0.539905,0,2.14951,0,1,0,0,0,0,0
2300,,1,1,0.87775,1.79564,0,0.539254,0,0,0,0,0,0.915621,0,0.687712,0,0,0,0,0,1,0,0,0
2467,CENTRE,1,1,0.90237,1.20951,0,0,0.725446,0,0,0,0,0.717492,0,0.773591,1.26223,0,0,0,1,1,0,0,0
2503,,1,1,0.897143,1.99509,0,0,0,0,0,0,0,1.10738,0.55791,0.752066,0,0,0,1,0,1,0,0,0
2565,TRAIN,1,1,0.895779,1.96245,0,0,0.625169,0,0,0,0,0,0,0,0,1.40993,0,0,0,0,0,0,0
2566,TRAIN,1,1,0.895728,1.96293,0,0,0,0,0,0,0,0.574603,0,0.559824,0.701877,0,0,0,0,1,0,0,0
2567,TRAIN,1,1,0.895687,1.93806,0,0,0,0,0,0,0,0.603094,0,0.501968,0.892885,0,0,0,0,1,0,0,0
2613,TRAIN,1,1,0.938726,1.01882,0,0,0,0,0,0,0,1.12492,0,0,0,0,0,0,0,0,0,0,0
2616,TRAIN,1,1,0.878016,1.35958,0,0,0,0,0,0,0,0.726928,0,0.530965,0,0,0,0,0,1,0,0,0
2952,,1,1,0.991128,0,0,0,0,0,0,0,0,1.51164,0.603247,0.767529,0.580996,0,0,0,0,1,1,0,1
2953,,1,1,0.985043,0,0,0.711908,0,0,0,0,0,1.83376,0,0.907156,0.828987,0,0,0,0,1,0,0,1
3321,INVOLVE,1,1,0.826852,2.59015,0.770619,1.53623,0,0,0,0,0,0,0,0,0,0,0,1,0,0,1,0,0
3322,INVOLVE,1,1,0.844994,2.66295,0.827016,1.17542,0,0,0,0,0,0,0,0,0,0,0,0,0,0,1,0,0
3323,INVOLVE,1,1,0.887256,2.66553,1.11458,1.34224,0,0,0,0,0,0.700847,0,0.523082,0,0,0,1,0,0,1,0,0
3552,MOVE,1,1,0.779225,1.48571,0.542118,0.587048,0,0,1.68032,0,0,0,0,1.05756,0,0,0,0,0,0,1,0,0
3622,,1,1,0.943432,0.738406,0,0,0,0,0,0,0.578718,0.58417,0,0,0.97139,0,0,0,1,1,0,0,0
3623,,1,1,0.893926,1.49153,0.910389,0,0,0,0,0,0.511045,0.698301,0,0,0.76265,0,0,0,1,1,1,0,0
3624,,1,1,0.890676,1.5408,0,0,0,0,0.51485,0,0.500468,0.903725,0,0,0.781083,0,0,0,1,0,1,0,0
3625,,1,1,0.927948,1.10296,0.57204,0,0.899637,0,0.758289,0,0,1.09654,0,0,0,0,0,0,1,0,1,0,0
3626,,1,1,0.95501,0.652946,0,0,0.959701,0,0.694113,0,0.557021,1.09824,0,0,0,1.8068,0,0,1,0,1,0,0
3627,,1,1,0.960615,0,0,0,1.0788,0,0.818839,0,0.67474,0.93588,0,0,0,2.91775,0,0,1,0,1,0,0
3628,,1,1,0.971195,0.572924,0,0,1.28471,0,0.78219,0,0.833751,0,0,0,0,3.73764,0,0,1,0,1,0,0
3629,,1,1,0.978137,0.717429,0.529736,0,1.09655,0,1.07189,0,0.780907,0,0,0,0,4.4601,0,0,1,0,1,0,0
3630,,1,1,0.984102,0,0,0,1.39893,0,1.30246,0,0.758162,0.557567,0,0,0,4.94317,0,0,1,1,1,0,0
3631,,1,1,0.983251,0,0,0,1.15657,0,0.893776,0,0.589155,0.574773,0.71993,0.521398,0.651312,3.67682,0,0,1,1,1,0,0
3632,,1,1,0.983392,0,0,0,0.996091,0,0.845775,0,0,0.533203,0.547363,0.53711,0.688471,3.65731,0,0,1,1,1,0,0
3633,,1,1,0.979352,0,0,0,1.24476,0,0,0,0,0,0,0.535819,0,3.62377,0.515876,0,0,1,1,0,0
3634,,1,1,0.979036,0,0,0,1.01039,0,0.548945,0,0,0,0,0.539882,0,3.55074,0.915371,0,0,1,1,0,0
3635,,1,1,0.974113,0,0,0,1.00551,0,0,0,0,0,0.587202,0.695443,0,3.14368,1.09706,0,0,1,1,0,0
3636,,1,1,0.968817,0,0,0,0.878209,0,0,0,0,0,0,0.714579,0.608881,3.36604,1.13626,0,0,1,1,0,0
3637,,1,1,0.968471,0,0,0,0.786843,0,0,0,0,0,0,0.68986,0,3.40782,1.12965,0,0,1,1,0,0
3638,,1,1,0.970544,0,0,0,0.808448,0,0,0,0,0,0,0.587892,0,3.75755,1.1842,0,0,1,1,0,0
3639,,1,1,0.973233,0,0,0,0.893521,0,0.62175,0,0,0,0,0.676261,0.505317,4.25701,1.18604,0,1,1,1,0,0
3640,,1,1,0.977668,0,0,0,1.04505,0,0.602024,0,0,0,0,0,0,4.25487,1.09617,0,1,1,1,0,0
3641,,1,1,0.980894,0,0,0,1.09061,0,0.529182,0,0,0,0,0,0.563239,4.90196,1.0891,0,1,1,1,0,0
3642,,1,1,0.982339,0,0,0,1.01571,0,0,0,0.71713,0,0,0,0.588856,4.54085,1.04554,0,1,1,1,0,0
3643,,1,1,0.983644,0,0,0,0.945768,0,0,0,0.769548,0,0,0,0.823813,4.61591,0.95814,0,1,1,1,0,0
3644,,1,1,0.983465,0,0,0,1.02078,0,0,0,0.795413,0.508052,0,0,0.86096,4.63134,0.907197,0,1,1,1,0,0
3645,,1,1,0.982932,0,0,0,0.99419,0,0,0,0.847256,0,0,0,0.806577,4.66515,0.89748,0,1,1,1,0,0
3646,,1,1,0.984594,0,0,0,0.98311,0,0,0,0.92322,0.537007,0,0,0.60096,4.61695,0.862841,0,1,1,1,0,0
3647,,1,1,0.984996,0,0,0,0.867941,0,0,0,0.893834,0.517796,0,0,0.709069,4.74566,0.847221,0,1,1,1,0,0
3648,,1,1,0.98682,0,0,0,0.911131,0,0.571721,0,0.923129,0,0,0,0.672162,4.84216,0.804426,0,1,1,1,0,0
3649,,1,1,0.986863,0,0,0,0.863998,0,0.521551,0,0.869939,0,0,0,0.593827,4.95793,0.801015,0,1,1,1,0,0
3650,,1,1,0.985647,0,0,0,0.822566,0,0.676067,0,0.826736,0,0,0,0.525061,4.9582,0.767148,0,1,1,1,0,0
3651,,1,1,0.982704,0,0,0,0.781906,0,1.08124,0,0.656117,0,0,0,0.629984,4.40552,0.665857,0,1,1,1,0,0
3652,,1,1,0.980919,0,0,0,0.735756,0,0.60718,0,0.759391,0,0,0,0.54368,4.41513,0.607032,0,1,1,1,0,0
3653,,1,1,0.981758,0,0,0,0.696149,0,0.565335,0,0.772697,0,0,0,0,4.48023,0.608736,0,1,1,1,0,0
3654,,1,1,0.981852,0,0,0,0.636987,0,0.712485,0,0.746782,0,0,0,0,4.54663,0.605405,0,1,1,1,0,0
3655,,1,1,0.982645,0,0,0,0.645016,0,0.57925,0,0.776048,0,0,0,0,4.71954,0.582399,0,1,1,1,0,0
3656,,1,1,0.982566,0,0,0,0.66108,0,0.657274,0,0.759663,0,0,0,0,4.73823,0.554263,0,1,1,1,0,0
3657,,1,1,0.982641,0,0,0,0.609952,0,0.813685,0,0.757903,0,0,0,0,4.59334,0.562964,0,1,1,1,0,0
3658,,1,1,0.985298,0,0,0,0.741538,0,0.640412,0,0.882959,0,0,0,0,4.4557,0.513072,0,1,1,1,0,0
3659,CHANGE,1,1,0.986397,0,0,0,0.765413,0,0.592353,0,0.812709,0,0,0,0,4.34212,0,0,1,1,1,0,0
3660,CHANGE,1,1,0.986389,0,0,0,0.666947,0,0.791671,0,0.845617,0,0,0,0,4.63665,0,0,1,1,1,0,0
3661,CHANGE,1,1,0.985842,0,0,0,0,0,0.896786,0,0.761634,0,0,0,0,4.72751,0,0,1,1,1,0,0
3662,CHANGE,1,1,0.985573,0,0,0,0,0,0.994152,0,0.79543,0,0,0,0,4.66526,0,0,1,1,1,0,0
3663,CHANGE,1,1,0.985349,0,0,0,0.551272,0,1.14594,0,0.819035,0,0,0,0,4.71946,0,0,1,1,1,0,0
3664,CHANGE,1,1,0.985273,0,0,0,0.587473,0,0.879735,0,0.820247,0,0,0,0,4.73673,0,0,1,1,1,0,0
3665,CHANGE,1,1,0.985322,0,0,0,0.550047,0,0.861795,0,0.786663,0,0,0,0.549893,4.82103,0,0,1,1,1,0,0
3666,CHANGE,1,1,0.98485,0,0,0,0,0,0.837808,0,0.696977,0,0,0,0,4.64462,0,0,1,1,1,0,0
3667,CHANGE,1,1,0.984351,0,0,0,0,0,1.17465,0,0.664185,0,0,0,0,4.44329,0,0,1,1,1,0,0
3668,CHANGE,1,1,0.982902,0,0,0,0.520368,0,1.14426,0,0.669763,0,0.696731,0,0.622643,4.18491,0,0,1,1,1,0,0
3669,CHANGE,1,1,0.978772,0,0,0,0,0,1.09014,0,0.588463,0,0.755897,0,0.845912,3.97219,0,0,1,1,1,0,0
3670,CHANGE,1,1,0.976028,0,0,0,0.599265,0,1.1911,0,0,0,0.80426,0,1.14019,3.69521,0,0,1,1,1,0,0
3671,CHANGE,1,1,0.972233,0,0,0,0.739579,0,0.974393,0,0.556978,0,1.0256,0,1.18733,3.37571,0,0,1,1,1,0,0
3672,CHANGE,1,1,0.969658,0,0,0,0.768145,0,0.973558,0,0,0,1.03038,0,1.00149,3.16776,0,0,1,1,1,0,0
3673,CHANGE,1,1,0.966269,0,0,0,0.797625,0,0.829911,0,0.504855,0,1.02459,0,1.05483,3.13439,0,0,1,1,1,0,0
3674,CHANGE,1,1,0.965235,0,0,0,0.769311,0,0.831337,0,0,0,1.03116,0,1.12744,3.01115,0,0,1,1,1,0,0
3675,CHANGE,1,1,0.96393,0,0,0,0.69305,0,0.772547,0,0,0,1.06417,0,1.07226,3.18651,0,0,1,1,1,0,0
3676,CHANGE,1,1,0.962246,0,0,0,0.647062,0,0.83521,0,0,0,1.09474,0,1.13873,3.20773,0,0,1,1,1,0,0
3677,CHANGE,1,1,0.960922,0,0,0,0.575492,0,0.722326,0,0,0,1.14727,0,1.1522,3.47047,0,0,1,1,1,0,0
3678,CHANGE,1,1,0.960236,0,0,0,0.52352,0,0.676739,0,0.523081,0,1.15794,0,1.06354,3.62242,0,0,1,1,1,0,0
3679,CHANGE,1,1,0.957871,0,0,0,0.530992,0,0.543701,0,0.500802,0,1.17029,0,1.04426,3.61189,0,0,1,1,1,0,0
3680,CHANGE,1,1,0.959748,0,0,0,0.547445,0,0.670014,0,0,0,1.10033,0,1.09449,3.51876,0,0,1,1,1,0,0
3681,CHANGE,1,1,0.958823,0,0,0,0.646197,0,0.538014,0,0,0,1.06753,0,1.02699,3.4726,0,0,1,1,1,0,0
3682,CHANGE,1,1,0.980801,0,0.524816,0.659544,0.678811,0,0.847095,0,0,0,0.886371,0,0.703031,3.43219,0,0,1,1,1,0,0
3683,CHANGE,1,1,0.97677,0.767908,0.61461,0,0.825902,0,0,0,0,0,1.28099,0,0.68526,3.2396,0,0,1,1,1,0,0
3684,CHANGE,1,1,0.981164,0,0,0,0,0,0,0,0,0,0.94237,0,1.02218,2.73735,0,0,1,1,1,0,0
3685,CHANGE,1,1,0.978992,0.625582,0,0,0,0,0,0,0,0,0.941622,0,1.05287,2.37235,0,0,1,1,1,0,0
3686,CHANGE,1,1,0.977941,0,0,0,0,0,0,0,0,0,0.749725,0,0.984726,1.69979,0,0,1,0,1,0,0
3687,CHANGE,1,1,0.983415,0.587644,0.545688,0,0,0,0,0,0,0.604999,0,0,0.997009,1.43809,0,0,0,0,0,0,0
3688,CHANGE,1,1,0.980442,0.654204,0,0,0,0,0,0,0,0.79633,0,0,0,0,0,0,0,0,0,0,0
3689,CHANGE,1,1,0.982744,0.796179,0,0,0,0,0,0,0,1.17461,0,0,0,0,0,0,0,0,0,0,0
3690,CHANGE,1,1,0.983106,1.02939,0,0,0,0,0,0,0,1.21154,0,0,0.569295,0,0,0,0,0,0,0,0
3758,CHANGE,1,1,0.866631,2.18083,0.916632,0,0,0,0.722585,0,0,0,0,0.89043,0,0,0,1,0,0,0,1,0
3759,CHANGE,1,1,0.757485,2.13408,0,0,0,0,0,0,0,1.13692,0,0.905217,0,0,0,0,0,0,0,1,0
3842,,1,1,0.917293,2.16935,0,0,0,0,0,0,0,0,0,0,0,0,0,0,0,0,0,0,0
3843,,1,1,0.922523,2.16391,0,0,0,0,0,0,0,0,0,0.538932,0,0,0,0,0,0,0,0,0
3945,FS:WIGAN,1,1,0.893624,2.01406,0,1.4009,0,0,0,0,0,0,0,0.709727,0,1.00564,0,1,0,1,1,0,0
3946,FS:WIGAN,1,1,0.924894,1.84426,0,1.36092,0,0,0,0,0,0,0,0,0.589573,1.72009,0,1,0,1,1,0,0
3947,FS:WIGAN,1,1,0.861491,1.89704,0,0.978376,0.882526,0,1.06349,0,0,0,0,0,0,1.86114,0,1,1,1,1,0,0
3948,FS:WIGAN,1,1,0.876882,1.80453,0,0.848008,0.83607,0,1.22029,0,0,0,0,0,0,2.32677,0,1,0,1,1,0,0
3949,FS:WIGAN,1,1,0.904015,1.83506,0,0,0.954533,0,1.41764,0,0,0,0,0,0,2.66232,0,0,0,1,1,0,0
3950,FS:WIGAN,1,1,0.892892,1.89064,0,0,1.07235,0,1.29396,0,0,0,0,0,0,2.95161,0,0,0,1,1,0,0
3951,FS:WIGAN,1,1,0.875812,2.15313,0,0,1.20816,0,1.09305,0,0,0,0,0,0,2.85837,0,0,0,1,1,0,0
3952,FS:WIGAN,1,1,0.849403,2.31227,0,0,1.11584,0,0.675167,0,0,0,0,0,0,2.33724,0,0,0,1,0,0,0
3953,FS:WIGAN,1,1,0.816273,2.47685,0,0,1.01942,0,0.552083,0,0,0,0,0,0,2.41748,0,0,0,1,0,0,0
3954,FS:WIGAN,1,1,0.749165,2.79276,0,0,0.622288,0,0,0,0,0,0,0,0,2.01544,0,1,0,1,1,0,0
3955,FS:WIGAN,1,1,0.746826,2.58015,0,0.765848,0,0,0,0,0,0,0,0,0,1.31059,0,1,0,1,0,0,0
3956,FS:WIGAN,1,1,0.806114,2.60364,0,0.523623,0,0,0,0,0,0,0,0,0,0.823392,0,1,0,1,0,0,0
3957,FS:WIGAN,1,1,0.804552,2.81139,0,0.656127,0,0,0,0,0,0,0,0.55167,0,0,0,0,0,1,0,0,0
4011,FS:WIGAN,1,1,0.807567,1.9001,0,0.98989,0,0,0,0,0,1.51819,0,0.81576,0.768188,0,0,0,0,0,0,0,0
4045,FS:WIGAN,1,1,0.788297,2.13607,0,0,0,0,0,0,0,0.953273,0,0.653135,0.592909,0,0,0,0,0,0,0,0
4046,FS:WIGAN,1,1,0.816111,2.4003,0,0,0,0,0,0,0,0.52093,0,0,0,0,0,0,0,0,1,0,0
4047,,1,1,0.807705,2.31205,0,0,0,0,0,0,0,0,0,0,0,0,0,0,0,1,1,0,0
4048,,1,1,0.821584,2.36977,0,0,0,0,0,0,0,0,0,0,0,0,0,0,0,1,1,0,0
4049,,1,1,0.845141,2.2247,0,0,0,0,0,0,0,0,0,0,0,0,0,0,0,0,1,0,0
4050,,1,1,0.888003,1.85314,0,0,0,0,0,0,0,0,0,0.520126,0,0,0,0,0,1,0,0,0
4051,,1,1,0.8815,1.72033,0,0,0,0,0,0,0,0,0,0.643631,0,0,0,0,0,1,0,0,0
4052,,1,1,0.880424,1.31147,0,0,0,0,0,0,0,0,0,0.582903,0,0,0,0,0,1,0,0,0
4453,ARRIVE,1,1,0.834598,2.86319,0.909523,1.10928,0,0,0,0,0,0,0,1.04877,0,2.72637,0,1,0,0,1,0,0
4454,ARRIVE,1,1,0.821324,2.71768,0.545469,0.851083,0,0,0,0,0,0,0,0.750117,0.813586,1.25861,0,0,0,0,1,0,0
4455,ARRIVE,1,1,0.814214,2.93123,0.573662,0.661756,0,0,0,0,0,0,0,0.587686,0.67914,1.35344,0,0,0,0,1,0,0
4955,,1,1,0.85646,2.24487,0.678124,0.996886,0,0,0,0,0,0.6225,0,0,0,0.665713,0,1,0,0,1,0,0
4956,,1,1,0.850931,2.3261,0.533986,1.48267,0,0,0,0,0,0,0,0,0,0,0,0,0,0,1,0,0
4957,,1,1,0.856511,2.27524,0.679195,1.46989,0,0,0,0,0,0,0,0,0,0,0,0,0,0,1,0,0
4958,,1,1,0.847618,2.38501,0.792811,1.24709,0,0,0,0,0,0,0,0,0,0,0,0,0,0,1,0,0
4959,,1,1,0.84985,2.69078,0.72143,1.51338,0,0,0,0,0,0,0,0,0,0,0,0,0,0,1,0,0
4960,,1,1,0.859198,2.4434,0.717133,1.21591,0,0,0,0,0,0,0,0,0,0,0,0,0,0,1,0,0
4961,,1,1,0.858058,2.68568,0.668392,0,0,0,0,0,0,0,0,0,0,0,0,0,0,0,1,0,0
4962,,1,1,0.847621,2.50616,0,0,0,0,0,0,0,0.610957,0,0.507941,0,0,0,0,0,1,1,0,0
4963,,1,1,0.887197,2.14509,0,0,0,0,0,0,0,0,0,0.632038,0,0,0,0,0,1,0,0,0
4964,,1,1,0.916412,1.9799,0,0,0,0,0,0,0,0,0.500226,0,0,0,0,0,0,1,0,0,0
5110,WALK,1,1,0.974081,0.842927,0,0,1.06166,0,0,0,0,0.749474,0,0,2.02592,0,0,0,1,1,0,0,0
5111,WALK,1,1,0.969366,0.70312,0,0,0.810334,0,0,0.607331,0.591073,1.29189,0,0,1.08754,0,0,0,1,1,0,0,0
5112,WALK,1,1,0.975515,0.588545,0,0,0.522106,0,0,0.603507,0.531123,1.66471,0,0.549881,1.40878,0,0,0,1,1,0,0,0
5113,WALK,1,1,0.979586,0,0.940129,0,0,0,0,0.71338,0.539825,1.79768,0,0.896217,1.45279,0,0,0,1,1,0,0,0
5114,WALK,1,1,0.979794,0,0.571814,0,0,0,0,0.585254,0,1.45388,0,0.593922,1.17818,0,0,0,1,1,0,0,0
5115,WALK,1,1,0.984575,0,0,0,0,0,0,0.663496,0,1.55032,0,0.594791,1.39838,0,0,0,1,1,0,0,0
5116,WALK,1,1,0.984719,0,0,0,0,0,0,0.774504,0.586669,1.56628,0,0,1.54513,0,0,0,1,1,0,0,0
5117,WALK,1,1,0.984268,0.502477,0,0,0,0,0,0.722779,0,1.51456,0,0.516214,1.47603,0,0,0,1,1,0,0,0
5118,WALK,1,1,0.981822,0.666328,0,0,0,0,0,0.764123,0,1.40259,0,0.547694,1.58134,0,0,0,1,1,0,0,0
5119,WALK,1,1,0.976418,0.610792,0,0,0,0,0,0.792167,0,1.26643,0,0.601328,1.61954,0,0,0,1,1,0,0,0
5120,WALK,1,1,0.973845,0.797156,0.547126,0,0,0,0,0.722332,0,1.24936,0,0.519233,2.01277,0,0,0,1,1,0,0,0
5121,WALK,1,1,0.971676,0.744074,0.592963,0,0,0,0,0.783879,0,1.3476,0,0.619803,1.91054,0,0,0,1,1,0,0,0
5122,WALK,1,1,0.973132,0.685031,0,0,0,0,0,0.707248,0,1.3527,0,0.57113,2.18691,0,0,0,1,1,0,0,0
5123,WALK,1,1,0.972672,0.794832,0,0,0,0,0,0.760098,0,1.37829,0,0.697509,2.06726,0,0,0,1,1,0,0,0
5124,WALK,1,1,0.966728,0.775299,0,0,0,0,0,0.829857,0,1.55911,0,0.644659,2.19956,0,0,0,1,1,0,0,0
5161,WALK,1,1,0.764274,3.27333,1.27142,1.48918,0,0,0,0,0,0,0,1.12097,0.881752,0.557601,0,1,0,0,1,0,0
5162,WALK,1,1,0.725965,2.50078,0.813917,1.82359,0,0,0,0,0,0,0,1.08089,0.994181,3.26456,0,1,0,0,1,0,0
5497,,1,1,0.761366,1.99227,0,1.23126,0,0,0,0,0,0,0,1.06101,0,1.81058,0,1,0,0,1,0,0
5498,,1,1,0.741812,2.61125,0,0.888547,0,0,0,0,0,0.517557,0,0.934704,0,0.85989,0,1,0,0,1,0,0
5621,,1,1,0.787744,1.555,0,0.867906,0,0,0,0,0,0,0.697683,0.657971,1.00945,1.14625,0,1,0,1,0,0,0
5622,,1,1,0.897243,2.49154,0,0.937754,0,0,0,0,0,0,0,0,0.543117,0,0,1,0,1,0,0,0
5941,BETTER,1,1,0.731948,2.20796,0,1.11498,0,0,1.40198,0,0,1.35673,0,0,0,0,0,1,0,0,1,0,0
6039,BETTER,1,1,0.906363,2.85272,0,0,0,0,0,0,0,0,0,0.581448,0,0,0,0,0,0,1,0,0
6040,BETTER,1,1,0.91416,2.57378,0.627918,0.801122,0,0,0,0,0,0,0,0,0.731802,0,0,0,0,0,1,0,0
6041,BETTER,1,1,0.910358,2.24338,0.911684,0.968219,0,0,0,0,0,0,0,0,0,1.75807,0,0,0,0,1,0,0
6042,BETTER,1,1,0.914501,2.2614,0.807563,1.10811,0,0,0,0,0,0,0,0,0,1.58691,0,0,0,0,1,0,0
6043,,1,1,0.908515,2.3377,1.22712,1.06224,0,0,0,0,0,0,0,0,0,1.87404,0,0,0,0,1,0,0
6044,,1,1,0.929336,2.33537,1.22558,1.50767,0,0,0.544457,0,0,0,0,0,0,2.26811,0,1,0,0,1,0,0
6045,,1,1,0.937065,2.23911,1.03798,1.45501,0,0,0.645773,0,0,0,0,0,0,2.59355,0,1,0,0,1,0,0
6046,,1,1,0.954607,2.22501,0.952778,1.31562,0,0,0,0,0,0,0,0,0,3.14049,0,1,0,0,1,0,0
6047,,1,1,0.946768,2.40031,0.690624,0.970919,0,0,0,0,0,0,0,0,0.660331,2.08684,0,0,0,1,1,0,0
6381,,1,1,0.725985,1.56555,0,1.04119,0,0,0,0,0,0.59378,0,1.24508,0,1.42188,0,1,0,0,1,0,0
6382,,1,1,0.772777,1.1381,0,0,0,0,0.568298,0,0,0,0,0.761342,0,0.912622,0,1,0,0,1,0,0
6388,,1,1,0.849829,2.06137,0.589608,1.33016,0,0,0,0,0,0,0,0,0,1.25568,0,1,0,0,0,0,0
6396,,1,1,0.966269,1.91853,0.555573,0,0,0,0,0,0,0.837918,1.22168,0.549989,0,0,0,0,0,1,1,0,0
6403,,1,1,0.88962,2.69595,0.67048,1.62564,0,0,0,0,0,0,0,0,0,2.32635,0,1,0,0,0,0,0
6447,EVERYTHING,1,1,0.948226,2.27943,0,0,0,0,0,0,0,0.561583,1.84559,1.35819,0,0,0,0,0,1,1,0,0
6458,EVERYTHING,1,1,0.784246,2.97207,0,0,0,0,0,0,0,0,0.837197,1.25693,1.08529,0,0,0,0,1,1,0,0
6705,MINUTE,1,1,0.804348,2.01259,0,0,0,0,0,0,0,0,0.662943,0,0,0.990147,0,1,0,0,0,0,0
6706,MINUTE,1,1,0.834321,2.38244,0,0.703164,0,0,0,0,0,0,0,0,0,0,0,1,0,0,0,0,0
6707,MINUTE,1,1,0.829366,2.45806,0.544187,0,0,0,0,0,0,0,0,0,0,1.24936,0,1,0,0,0,0,0
6708,MINUTE,1,1,0.820211,2.23609,0,0,0,0,0,0,0,0,0,0,0,0.878659,0,1,0,0,0,0,0
6709,MINUTE,1,1,0.818577,2.28255,0,0,0,0,0,0,0,0,0,0,0,0.993931,0,1,0,0,0,0,0
6710,MINUTE,1,1,0.820805,2.20397,0,0,0.628674,0,0,0,0,0,0,0,0,1.3069,0,1,1,0,0,0,0
6711,MINUTE,1,1,0.823513,1.9946,0,0,0.961097,0,0,0,0,0,0,0,0,1.60593,0,0,0,0,0,0,0
6712,MINUTE,1,1,0.831632,1.93034,0,0,0.834775,0,0,0,0,0.566415,0,0,0,1.94913,0,1,1,0,0,0,0
6713,MINUTE,1,1,0.820774,1.74315,0,0,0.932463,0,0,0,0,0,0,0,0,2.00627,0,1,1,0,0,0,0
6714,MINUTE,1,1,0.862343,1.59803,0,0,0.585527,0,0,0,0,0,0,0,0,2.40741,0,1,1,0,0,0,0
6715,MINUTE,1,1,0.842993,1.92265,0,0,0.830806,0,0,0,0,0,0,0,0,2.32075,0,1,1,0,0,0,0
6716,MINUTE,1,1,0.829122,1.60638,0,0,0.914403,0,0,0,0,0,0,0,0,3.03288,0,1,1,0,0,0,0
6717,MINUTE,1,1,0.829836,1.35354,0,0,1.12301,0,0,0,0,0.924942,0,0,0,2.82075,0,0,1,0,0,0,0
6718,MINUTE,1,1,0.855357,1.26549,0,0,1.01513,0,0,0.508061,0,0.819614,0,0,0,1.16641,0,0,1,0,0,0,0
6719,MINUTE,1,1,0.884354,1.12053,0,0,0.689889,0,0,0,0,0.871388,0,0,0,0,0,0,1,0,0,0,0
6720,MINUTE,1,1,0.896899,1.1029,0,0,0,0,0,0,0,0.804747,0,0,0.812446,0,0,0,1,0,0,0,0
6841,,1,1,0.947361,1.09394,0,0,0,0,0,0,0,0.724267,0.582287,0.990205,0.860101,0,0,0,0,1,0,0,0
7071,CAR-PARK,1,1,0.951175,0.76844,0,0,0,0,0,0,0,0.919476,0,0,0,0,0,0,1,1,1,0,0
7072,CAR-PARK,1,1,0.950218,0.699829,0,0,0,0,0,0,0,0.972021,0,0,0,0,0,0,1,1,1,0,0
7073,CAR-PARK,1,1,0.949546,0.634222,0,0,0,0,0,0,0,1.01282,0,0,0,0,0,0,1,1,0,0,0
7074,CAR-PARK,1,1,0.951602,0.516332,0,0,0,0,0,0,0,0.907302,0,0,0,0,0,0,1,1,1,0,0
7075,CAR-PARK,1,1,0.953745,0.511727,0,0,0,0,0,0,0,1.25294,0,0,0,0,0,0,1,1,1,0,0
7076,CAR-PARK,1,1,0.9567,0,0,0,0.54348,0,0,0,0,0.950694,0,0,0.532551,0,0,0,1,1,1,0,0
7077,CAR-PARK,1,1,0.956523,0,0,0,0.624724,0,0.753813,0,0,1.01602,0,0,0.581184,0,0,0,1,0,1,0,0
7078,CAR-PARK,1,1,0.958831,0,0,0,0,0,1.07249,0,0,0.981404,0,0,0.773501,0,0,0,1,0,1,0,0
7079,CAR-PARK,1,1,0.954848,0,0,0,0,0,1.0014,0,0.693459,0.962915,0,0,0.819373,0,0,0,1,0,1,0,0
7080,CAR-PARK,1,1,0.963278,0,0,0,0.513991,0,1.07676,0,0.831643,0.562916,0,0,0.855954,1.66625,0,0,1,0,1,0,0
7081,CAR-PARK,1,1,0.961677,0,0,0,0,0.546306,0.876671,0,1.06922,0.529035,0,0,1.1185,2.33375,0,0,1,0,1,0,0
7082,CAR-PARK,1,1,0.965073,0,0,0,0,0.530027,1.03537,0,1.07461,0,0,0,1.11495,2.36424,0,0,1,0,1,0,0
7083,CAR-PARK,1,1,0.968038,0,0,0,0,0.607028,1.04497,0,1.24548,0,0,0,0.696019,2.90921,0,0,1,1,1,0,0
7084,CAR-PARK,1,1,0.969859,0,0,0,0.534305,0.584345,1.51544,0,1.0599,0.520515,0,0,0,3.43067,0,0,1,0,1,0,0
7085,CAR-PARK,1,1,0.969423,0,0,0,0.557853,0.666494,1.2161,0,1.15848,0.637204,0,0,0.50351,3.10328,0,0,1,0,1,0,0
7086,CAR-PARK,1,1,0.972392,0,0,0,0.686826,0.691261,1.53188,0.50158,1.09155,0.760801,0,0,0,3.08729,0,0,1,1,1,0,0
7087,CAR-PARK,1,1,0.972289,0,0,0,0,0.714941,1.52328,0.58574,1.02963,0.56712,0,0,0,3.26872,0,0,1,1,1,0,0
7088,CAR-PARK,1,1,0.976227,0,0,0,0.670384,0.739657,1.33594,0.500961,1.09419,0.682409,0,0,0,3.4638,0,0,1,1,1,0,0
7089,CAR-PARK,1,1,0.979027,0,0,0,0.599501,0.76223,1.21818,0.59247,1.15527,0.737283,0.508054,0,0.506058,3.4071,0,0,1,1,1,0,0
7090,CAR-PARK,1,1,0.98191,0,0,0,0.634163,0.742651,0.961777,0.538203,1.20955,0,0.531109,0,0,3.6031,0,0,1,1,1,0,0
7091,CAR-PARK,1,1,0.982141,0,0,0,0,0.857369,1.13098,0.682766,1.21245,0.546918,0,0,0,3.42447,0,0,1,1,1,0,0
7092,CAR-PARK,1,1,0.978104,0,0,0,0,0.848999,1.23525,0.607459,1.24235,0.549359,0,0,0,3.47039,0,0,1,1,1,0,0
7093,CAR-PARK,1,1,0.979115,0,0,0,0,0.864425,1.1479,0.629979,1.23936,0.531785,0,0,0,3.57174,0,0,1,1,1,0,0
7094,CAR-PARK,1,1,0.979886,0,0,0,0,0.78174,0.920462,0,1.17506,0.545274,0,0,0,3.48209,0,0,1,1,1,0,0
7095,CAR-PARK,1,1,0.980586,0,0,0,0,0.810015,0.951554,0.552357,1.29278,0.514734,0,0,0,3.43488,0,0,1,1,1,0,0
7096,CAR-PARK,1,1,0.982466,0,0,0,0,0.843172,0.96308,0.589559,1.29798,0.528894,0,0,0,3.4338,0,0,1,1,1,0,0
7097,CAR-PARK,1,1,0.983097,0,0,0,0,0.83426,0.903202,0.608401,1.36881,0.528131,0,0,0,3.7174,0,0,1,1,1,0,0
7098,CAR-PARK,1,1,0.983788,0,0,0,0,0.812397,0.987676,0.569943,1.37861,0,0,0,0,3.27499,0,0,1,1,1,0,0
7099,CAR-PARK,1,1,0.983672,0,0,0,0,0.833652,1.20726,0.653936,1.31512,0,0,0,0,3.23626,0,0,1,1,1,0,0
7100,CAR-PARK,1,1,0.9855,0,0,0,0,0.800043,0.79821,0.576013,1.33257,0,0,0,0,3.3233,0,0,1,1,1,0,0
7101,CAR-PARK,1,1,0.984649,0,0,0,0,0.798909,0.84344,0.60642,1.3208,0,0,0,0,3.40005,0,0,1,1,1,0,0
7102,CAR-PARK,1,1,0.9516,0,0,0,0,0.833622,1.10327,0.604174,1.33698,0,0,0,0,3.30019,0,0,1,1,1,0,0
7103,CAR-PARK,1,1,0.956952,0,0,0,0,0.756174,1.03563,0.579618,1.30185,0,0,0,0,2.98102,0,0,1,1,1,0,0
7104,CAR-PARK,1,1,0.951901,0,0,0,0,0.783275,0.852631,0.581793,1.33785,0,0,0,0,3.08468,0,0,1,1,1,0,0
7105,CAR-PARK,1,1,0.955727,0,0,0,0,0.831972,0.991764,0.635213,1.34299,0,0,0,0,3.1963,0,0,1,1,1,0,0
7106,CAR-PARK,1,1,0.95815,0,0,0,0,0.877172,0.853533,0.66414,1.39464,0,0,0,0,3.24764,0,0,1,1,1,0,0
7107,CAR-PARK,1,1,0.952519,0,0,0,0,0.898423,1.06775,0.68426,1.26356,0,0,0,0,3.57965,0,0,1,1,1,0,0
7108,CAR-PARK,1,1,0.946214,0,0,0,0,0.929904,0.951166,0.729748,1.35451,0,0,0,0,3.42964,0,0,1,1,0,0,0
7109,CAR-PARK,1,1,0.93675,0,0,0,0,0.934386,1.11826,0.727973,1.42449,0,0,0,0,3.71756,0,0,1,1,0,0,0
7110,CAR-PARK,1,1,0.918454,0,0,0,0,0.912913,1.11632,0.686629,1.26403,0,0,0,0,3.93121,0,0,1,1,0,0,0
7111,CAR-PARK,1,1,0.956234,0,0,0,0,0.860361,0,0.553931,1.19141,0,0,0,0.552231,4.68639,0,1,1,0,0,0,0
7112,CAR-PARK,1,1,0.915276,0,0,0,0,0.584004,0.547023,0,0,0,0,0,0,4.56383,0,1,1,0,0,0,0
7113,CAR-PARK,1,1,0.943415,0,0,0,0,0.780794,0.733149,0.560322,1.18536,0,0,0,0,3.31629,0,0,1,1,1,0,0
7114,CAR-PARK,1,1,0.950136,0,0,0,0,0.771359,0.500268,0.62722,0.854113,0,0,0,0.52429,4.42135,0,1,1,1,0,0,0
7115,CAR-PARK,1,1,0.850896,0,0,0.754591,0,0.537803,0,0,0,0,0,0,0,3.98283,0,1,1,0,0,0,0
7116,CAR-PARK,1,1,0.98152,0,0,0.56424,0,0.801172,0.905124,0.609671,1.02025,0,0,0,0,3.41168,0,0,1,1,1,0,0
7117,CAR-PARK,1,1,0.935993,0,0,0,0,0.697056,0,0.672769,0.851827,0,0,0,0,4.42568,0,1,1,1,0,0,0
7118,CAR-PARK,1,1,0.75325,0,0,0.624612,0,0,0,0,0,0,0,0.547417,0,3.29078,0,1,1,0,0,0,0
7119,CAR-PARK,1,1,0.977324,0,0,0.618483,0,0.789034,0.595664,0.63483,0.976844,0,0,0,0,3.41734,0,0,1,1,1,0,0
7120,CAR-PARK,1,1,0.955696,0,0,0,0,0.690342,0.750549,0.657996,0.904186,0,0,0,0,3.99369,0,0,1,1,1,0,0
7121,CAR-PARK,1,1,0.915313,0,0,0,0,0.667564,0.531102,0.624525,0.883208,0,0,0,0,4.98968,0,0,1,0,0,0,0
7122,CAR-PARK,1,1,0.923831,0,0,0,0,0.592482,0,0.546824,0.801759,0,0,0,0,5,0,0,1,0,0,0,0
7123,CAR-PARK,1,1,0.967186,0,0.787688,0,0,0.752243,0.648663,0.603354,0.962602,0,0,0,0,5,0,0,1,0,1,0,0
7124,CAR-PARK,1,1,0.97497,0.593415,1.07164,0.66811,0,0.852477,1.20066,0.640515,1.31577,0,0,0,0,4.65629,0,0,1,0,1,0,0
7125,CAR-PARK,1,1,0.976127,0,0,0.738179,0,0.94614,0.894678,0.707263,1.49714,0,0,0,0,4.16591,0,0,1,1,1,0,0
7126,CAR-PARK,1,1,0.978031,0,0.894261,0.762036,0,0.838993,0.944635,0.52543,1.32564,0,0,0,0,4.02527,0,0,1,1,1,0,0
7127,CAR-PARK,1,1,0.976323,0,0.620526,0.640708,0,0.907095,0.768347,0.617249,1.39568,0,0,0,0,4.20918,0,0,1,1,1,0,0
7128,CAR-PARK,1,1,0.975614,0,0.670876,0.6488,0,0.89656,0.684356,0.637214,1.38125,0,0,0,0,4.24967,0,0,1,1,1,0,0
7129,CAR-PARK,1,1,0.975466,0,0.618511,0,0,0.834967,0,0.625068,1.29527,0,0,0,0,3.83879,0,0,1,1,1,0,0
7130,CAR-PARK,1,1,0.962982,0,0.689762,0,0,0.858616,0,0.683336,1.45137,0,0,0,0,3.98416,0,0,1,1,1,0,0
7131,CAR-PARK,1,1,0.967635,0,0.784188,0,0,0.744943,0,0.585127,1.47145,0,0,0,0.5502,3.76138,0,0,1,1,1,0,0
7132,CAR-PARK,1,1,0.963965,0,0,0,0,0.703549,0,0.521641,1.39227,0,0,0,0.636442,3.38752,0,0,1,1,1,0,0
7133,CAR-PARK,1,1,0.969727,0,0,0,0,0.652438,0,0,1.3669,0,0,0,0.649566,3.47891,0,0,1,1,1,0,0
7134,CAR-PARK,1,1,0.971234,0,0,0,0,0.567686,0,0,1.30233,0,0,0,0.657192,3.55094,0,0,1,1,1,0,0
7135,CAR-PARK,1,1,0.97219,0,0.530153,0,0,0,0,0,1.23193,0,0,0,0.58996,3.5329,0,0,1,1,1,0,0
7136,CAR-PARK,1,1,0.973511,0,0.622379,0,0,0,0,0,1.13425,0,0,0,0,3.56648,0,0,1,1,1,0,0
7137,CAR-PARK,1,1,0.96806,0,0.555024,0,0,0,0,0,1.18942,0,0,0,0.520717,3.41531,0,0,1,1,1,0,0
7138,CAR-PARK,1,1,0.955733,0,0.65015,0,0,0,0,0,0.977693,0,0,0,0.62612,3.33553,0,0,1,1,0,0,0
7139,CAR-PARK,1,1,0.92649,0,0.64809,0,0,0,0,0,0.705577,0,0,0,1.36501,3.41502,0,0,1,1,0,0,0
7140,CAR-PARK,1,1,0.913924,0,0.53143,0.605508,0,0,0,0,0,0,0,0,1.65068,3.0244,0,0,1,1,0,0,0
7141,CAR-PARK,1,1,0.905802,0,0.658612,0,0,0,0,0,0,0,0,0,2.06065,3.90942,0,0,1,1,0,0,0
7144,CAR-PARK,1,1,0.924464,0.541462,1.06704,1.17389,0,0,0,0,0,0,0,0,0.503141,1.97316,0.646112,0,1,1,0,0,0
7148,CAR-PARK,1,1,0.965792,0.745364,0,0,0,0.687567,0,0.687019,0.854013,0.983381,0,0,1.38513,0,0,0,1,0,1,0,0
7149,CAR-PARK,1,1,0.971292,0.576623,0.626467,0,0,0.550371,0,0.566721,0.876582,0.745595,0,0,0.775192,0,0,0,1,1,1,0,0
7150,CAR-PARK,1,1,0.974446,0,0.519867,0,0,0,0,0,0.666564,0.531231,0,0,0.984632,0,0,0,1,1,1,0,0
7151,CAR-PARK,1,1,0.970729,0.653324,0,0,0,0,0,0,0.620349,0,0,0,0.846404,0,0,0,1,1,1,0,0
7152,,1,1,0.969019,0.504118,0.504369,0,0,0,0,0,0.660559,0.594034,0,0,0.591986,0,0,0,1,1,1,0,0
7153,,1,1,0.968455,0,0,0,0,0,0,0.525413,0.61986,0,0,0,0.641372,0,0,0,1,1,1,0,0
7154,,1,1,0.965604,0,0,0,0,0,0,0,0,0,0,0,0,0,0,0,1,1,1,0,0
7155,,1,1,0.971792,0,0,0,0,0,0,0,0,0.595628,0,0,0,0,0,0,1,1,1,0,0
7156,,1,1,0.973377,0,0,0,0,0,0,0,0,0.58798,0,0,0,0,0,0,1,1,1,0,0
7157,,1,1,0.975355,0,0.52657,0,0,0,0,0,0,0.674973,0,0,0.510749,0,0,0,1,1,1,0,0
7158,,1,1,0.977387,0,0,0,0,0,0,0,0,0.587454,0,0,0,0,0,0,1,1,1,0,0
7159,,1,1,0.98111,0.56624,0,0,0.712412,0,0,0,0.504094,0.702123,0,0,0.524236,0,0,0,1,1,1,0,0
7160,,1,1,0.981692,0,0,0,0.528359,0,0,0,0.632302,0.694258,0,0,0,0,0,0,1,1,1,0,0
7161,,1,1,0.980596,0.575069,0,0,0.603457,0,0,0.517107,0.584463,0.613688,0,0,0,0,0,0,1,1,1,0,0
7162,,1,1,0.982106,0,0,0,0.627103,0,0,0,0.55083,0.771577,0,0,0,0,0,0,1,1,1,0,0
7163,,1,1,0.981858,0.503116,0,0,0.559856,0,0,0,0.564721,0.742818,0,0,0,0,0,0,1,1,1,0,0
7164,,1,1,0.978593,0,0,0,0.500667,0,0,0,0.652619,0.78764,0,0,0,0,0,0,1,1,1,0,0
7165,,1,1,0.975808,0.606635,0,0,0,0,0,0.516074,0.524769,1.00132,0,0,0,0,0,0,1,1,1,0,0
7166,,1,1,0.975885,0.612459,0,0,0,0,0,0,0.638374,0.951469,0,0,0,0,0,0,1,1,0,0,0
7167,,1,1,0.980781,0.614004,0,0,0,0,0,0,0.535077,0.641087,0,0,0,0,0,0,1,1,0,0,0
7168,,1,1,0.970295,0.537277,0,0,0,0,0,0,0.501999,0,0,0,0.582114,0,0,0,1,1,0,0,0
8772,GOOD,1,1,0.969219,0,0,0,0,0.67791,0,1.08688,0.645747,2.02694,0,0.995519,0.90442,0,0,0,1,0,0,0,0
8773,GOOD,1,1,0.960353,0,0,0,0,0.750602,0,1.15331,0.697365,2.19743,0,1.05165,1.08803,0,0,0,1,0,0,0,0
11650,LOOK,1,1,0.971142,0,0,0.758417,0,0,0,0.736633,0.528704,1.72259,0,0,0,0,0,1,1,1,0,0,0
11651,LOOK,1,1,0.968914,0,0,0.571919,0,0.506482,0,0.8446,0,1.82754,0,0,0,0,0,1,1,1,0,0,0
11705,LOOK,1,1,0.967209,0,1.0684,0,0,0.960422,0.742927,1.26442,0.772284,2.18218,0,0,0,0,0,0,1,1,0,0,0
11706,LOOK,1,1,0.971461,0,0.803272,0,0,1.03263,0.591377,1.17101,0.894028,1.91554,0,0,0,0,0,0,1,0,0,0,0
11707,LOOK,1,1,0.970483,0,0.811248,0,0,1.09756,0.800747,1.19892,0.902134,1.92542,0,0,0,0,0,0,1,0,0,0,0
11708,LOOK,1,1,0.962597,0,0.626957,0,0,1.05336,0,0.990038,0.826075,1.48691,0,0,0,0.519806,0,0,1,0,0,0,0
11709,LOOK,1,1,0.958002,0,0.653571,0,0,1.07688,0,0.916613,0.805959,1.25216,0,0,0,1.39361,0,0,1,0,0,0,0
11710,LOOK,1,1,0.964197,0,0,0,0,1.13098,0,0.959618,1.00152,1.13496,0,0,0,2.44889,0,0,1,0,0,0,0
11711,LOOK,1,1,0.969582,0,0,0.627467,0,1.17465,0.822426,1.00204,1.0499,1.06125,0,0,0,2.79786,0,0,1,0,0,0,0
11712,LOOK,1,1,0.976301,0,0,0.880618,0,1.10722,0.778212,0.947641,1.1809,0.888589,0,0,0,3.0463,0,0,1,0,0,0,0
11713,LOOK,1,1,0.976408,0,0,1.08481,0,1.15232,0.85775,1.04473,1.29279,0.896559,0,0.595567,0,3.1177,0,1,1,1,1,0,0
11714,LOOK,1,1,0.979214,0,0,1.15856,0,1.10735,0.970189,0.949164,1.28113,0.779952,0,0.544951,0,3.08065,0,1,1,1,1,0,0
11715,LOOK,1,1,0.978247,0,0,1.11055,0,1.13314,0.76715,1.06146,1.25221,0.886769,0,0.580352,0,3.39741,0,1,1,1,1,0,0
11716,LOOK,1,1,0.976392,0,0,0.978265,0,1.13116,0.993663,1.07704,1.29311,1.1023,0,0,0,2.98603,0,1,1,0,1,0,0
11717,LOOK,1,1,0.980433,0,0,0.772185,0,1.26099,0.885209,1.29118,1.27915,1.30905,0,0,0,3.09974,0,0,1,0,1,0,0
11718,LOOK,1,1,0.970025,0,0,0,0,1.23067,0.577368,1.24523,1.34415,1.47171,0,0,0,2.36596,0,1,1,0,1,0,0
11719,LOOK,1,1,0.942081,0,0,0,0,1.16885,0,1.29453,1.07064,1.40406,0,0,0,1.06818,0,1,1,0,0,0,0
11720,LOOK,1,1,0.91708,0,0,0,0.602483,0.968693,0,1.16029,0.849837,1.69912,0,0,0,0,0,1,1,0,0,0,0
11721,LOOK,1,1,0.908004,0,0,0.873871,0.718017,0.902742,0,1.24568,0.715241,1.70044,0,0,0,0,0,1,1,0,0,0,0
11722,LOOK,1,1,0.923413,0,0,0.782254,0.507479,0.715684,0,1.05673,0.674254,1.85885,0,0,0,0,0,0,1,0,0,0,0
12661,PT:PRO,1,1,0.760493,0.751169,0,0,1.54984,0,0,0,0,0,0,0.587738,0,3.27261,0,1,1,0,0,0,0
12662,PT:PRO,1,1,0.776751,0.654512,0,0,1.15825,0,0,0,0,0,0,0.581714,0,2.64715,0,1,0,0,0,0,0
12663,PT:PRO,1,1,0.753016,1.04493,0,0,0.806091,0,0,0,0,0,0,0.648462,0,1.49589,0,1,0,0,0,0,0
12664,PT:PRO,1,1,0.849664,1.57529,0,0,0,0,0,0,0,0,0,0,0,0.998943,0,1,0,0,0,0,0
13049,,1,1,0.852764,1.77623,0,0,0,0,0,0,0,0,0,0,0,0.704337,0,1,0,0,0,0,0
13104,PT:PRO,1,1,0.766664,0.828907,0,0,1.05064,0,0,0,0,0,0,0,0,0,0,1,0,0,0,0,0
13843,,1,1,0.772429,1.46737,0,1.31848,0.578814,0,0,0,0,0,0.63851,0.70413,0,0,0,1,0,1,0,0,0
13845,,1,1,0.839151,1.30597,0,0.968898,0,0,0,0,0,0,0.776861,0.80912,0,0,0,1,0,1,0,0,0
13851,,1,1,0.848291,1.51594,0,1.16666,0,0,0,0,0,0,0.682864,0.630553,0,0,0,1,0,0,0,0,0
13863,G:DISMISS,1,1,0.792523,0.970907,0,1.72725,0.651245,0,0,0,0,0.730629,0.699458,0.929754,0,0,0,1,0,0,0,0,0
13866,G:DISMISS,1,1,0.8628,1.02471,0,1.39768,0.811673,0,0,0.588368,0,0.94891,0.856431,0.766643,0,0,0,1,0,0,0,0,0
14646,HAPPY,1,1,0.957748,0,0,0.501061,0,0,0.809288,0.554793,0,1.28361,0,0,0,0,0,0,1,0,0,0,0
14647,HAPPY,1,1,0.953591,0,0,0,0,0,0.63464,0.591861,0,1.15089,0,0,0,0,0,0,1,0,0,0,0
14648,HAPPY,1,1,0.956578,0,0,0,0,0,0,0.664949,0,1.1435,0,0,0,0,0,0,1,0,0,0,0
14649,HAPPY,1,1,0.947134,0,0,0,0,0,0,0.674898,0,0.991085,0,0,0,0,0,0,1,0,0,0,0
14650,HAPPY,1,1,0.948096,0,0,0,0,0,0,0.73423,0,1.27871,0,0,0,0,0,0,1,0,0,0,0
14651,HAPPY,1,1,0.946405,0,0,0,0,0.550668,0,0.812662,0,1.41228,0,0,0,0,0,0,1,0,0,0,0
14652,HAPPY,1,1,0.946388,0,0,0,0,0.601002,0,0.844238,0,1.47196,0,0,0,0,0,0,1,0,0,0,0
14653,HAPPY,1,1,0.944226,0,0,0,0,0.65394,0,0.939695,0.719082,1.38918,0,0,0,0,0,0,1,0,0,0,0
14654,HAPPY,1,1,0.953929,0,0,0,0,0.699706,0,0.974738,0.652491,1.29277,0,0,0,0,0,0,1,0,0,0,0
14750,INDEPENDENT,1,1,0.932414,0.651673,0,0,0.858701,0,0,0,0,0,0,0,1.20244,0,0,0,0,0,0,0,0
14757,INDEPENDENT,1,1,0.923846,0.727275,0,0,0.794154,0,0,0,0,0,0,0,0.552767,0,0,0,0,0,0,0,0
16193,PT:PRO,1,1,0.861717,1.55792,0,0,0,0,0,0,0,0.735201,0,0,0,0,0,1,0,0,0,0,0
16209,PT:PRO,1,1,0.818367,1.47061,0,0,0,0,0,0.508318,0,1.35791,0.906039,0.812999,0.77316,0,0.531555,0,0,0,0,0,0
16210,PT:PRO,1,1,0.827439,1.4335,0,0,0,0,0,0,0,1.25895,0.945085,0.604768,0,0,0.544161,0,0,0,0,0,0
16242,PT:PRO,1,1,0.974466,0.945723,0,0,0,0,0,0.515255,0,1.03579,0,0,0,0,0,0,1,1,0,0,0
16243,,1,1,0.966852,0.942944,0,0,0,0,0,0.571695,0,1.01788,0.759763,0,0,0,0,0,1,1,0,0,0
16244,,1,1,0.962893,0.896107,0.759255,0,0,0,0,0,0,0.950383,0.948121,0.542677,0,0,0,0,1,1,0,0,0
16245,,1,1,0.961672,0.939489,0.909315,0,0,0,0,0.596548,0,0.877621,0.89733,0.691105,0,0,0,0,1,1,0,0,0
16246,,1,1,0.962454,0.72659,0.834777,0,0,0,0,0.519682,0,0.745812,0.85331,0.593416,0,0,0,0,1,1,0,0,0
16247,,1,1,0.956059,0.693028,0.905734,0,0,0,0,0,0,0.655933,0.962194,0.646412,0,0,0,0,1,1,0,0,0
16248,,1,1,0.960552,0.628835,1.1722,0.505209,0,0,0,0,0,0.530708,1.00215,0.703161,0,0,0,0,1,1,0,0,0
16249,,1,1,0.958009,0.597976,1.09811,0,0.500979,0,0,0,0,0.67849,1.01795,0.766097,0,0,0,0,1,1,0,0,0
16250,,1,1,0.96501,0.652581,0.942297,0,0.531079,0,0,0,0,0.650527,0.813955,0.71884,0,0,0,0,1,1,0,0,0
16251,,1,1,0.963519,0.540854,1.18586,0,0,0,0,0.570027,0,0.644844,0.808811,0.870083,0,0,0,0,1,1,0,0,0
16252,,1,1,0.966607,0,0.860198,0,0,0,0,0,0,0,0.647714,0.783465,0,0,0,0,1,1,0,0,0
16253,,1,1,0.967755,0,0.774592,0,0,0,0,0,0,0,0.771749,0.814688,0,0,0,0,1,1,0,0,0
16254,,1,1,0.967052,0,0.890409,0,0,0,0.58149,0.510318,0,0.5657,0.632466,0.749848,0,0,0,0,1,0,0,0,0
16255,,1,1,0.967561,0,0.889268,0,0,0,0.576848,0.53361,0,0.602631,0.602037,0.807705,0,0,0,0,1,1,0,0,0
16256,,1,1,0.96993,0,0.628355,0,0,0,0,0,0,0.610688,0.826011,0.727512,0.845887,0,0,0,1,1,1,0,0
16257,,1,1,0.969777,0,0.793306,0,0,0,0,0,0.540056,0,1.04791,0.808792,0.975507,1.38822,0,0,1,1,1,0,0
16258,,1,1,0.969753,0,0.735089,0.547988,0,0,0.720866,0,0.581234,0,1.07301,0.804113,0.95487,1.88832,0,0,1,1,1,0,0
16259,,1,1,0.97096,0,0.763693,0.629437,0.54481,0,0.784071,0,0.752294,0,1.17218,0.827564,0.605397,1.62088,0,0,1,1,1,0,0
16260,,1,1,0.970317,0,0.773541,0.703738,0,0,1.0904,0,0.613413,0,1.3942,0.721252,0.561973,1.85092,0,0,1,1,1,0,0
16261,,1,1,0.969451,0,0.705247,0.719049,0.718075,0,1.16927,0,0.617034,0,1.17645,0.733242,0.527418,2.21887,0,0,1,1,1,0,0
16262,,1,1,0.975489,0,0.699882,0.888497,0.660533,0,1.55312,0,0.505282,0,1.19712,0.618901,0,2.36358,0,0,1,1,1,0,0
16263,,1,1,0.973896,0,0.681009,0.82617,0.580199,0,1.56472,0,0.504935,0,1.1886,0.761626,0,2.65864,0,0,1,1,1,0,0
16264,,1,1,0.976237,0,0.69017,0.75312,0.582927,0,1.46285,0,0.607622,0,1.17095,0.568397,0,2.21353,0,0,1,1,1,0,0
16265,,1,1,0.976128,0,0.664367,0.760377,0.515221,0,1.5249,0,0.621756,0,1.32805,0.670396,0.597221,2.40976,0,0,1,1,1,0,0
16266,,1,1,0.977068,0,0.856351,0.737898,0.674256,0,1.47392,0,0.680669,0,1.14063,0,0,2.84601,0,0,1,1,1,0,0
16267,,1,1,0.976873,0,0.880914,0.795943,0.540705,0.5498,1.64196,0,0.688762,0,1.20668,0.64879,0,2.77795,0,0,1,1,1,0,0
16268,,1,1,0.975769,0,0.95706,0.656607,0,0.502163,1.64521,0,0.694917,0,1.08563,0,0,2.88333,0,0,1,1,1,0,0
16269,,1,1,0.97373,0,1.04596,0.629208,0,0.586416,1.55116,0,0.793102,0,1.21011,0.523929,0,3.11568,0,0,1,1,1,0,0
16270,,1,1,0.977443,0,1.12474,0.667827,0.561785,0.560346,1.65131,0,0.822101,0,1.0096,0,0,2.98453,0,0,1,1,1,0,0
16271,,1,1,0.976634,0,0.923874,0.880304,0.559753,0.613839,1.78873,0,0.803988,0,0.905019,0.523919,0,3.24088,0,0,1,1,1,0,0
16272,,1,1,0.976992,0,0.860701,0.916715,0,0.56777,1.74776,0,0.789113,0,1.00516,0,0,2.93461,0,0,1,1,1,0,0
16273,,1,1,0.97682,0,0.817405,0.76331,0.580903,0.61957,1.72865,0,0.866042,0,1.02414,0.516014,0,3.07871,0,0,1,1,1,0,0
16274,,1,1,0.9774,0,0.791863,0.670705,0,0.589818,1.70152,0,0.813671,0,0.877869,0,0,3.285,0,0,1,1,1,0,0
16275,,1,1,0.976265,0,0.833627,0.723247,0,0.635308,1.59268,0,0.905321,0,0.994896,0,0,3.20531,0,0,1,1,1,0,0
16276,,1,1,0.977241,0,0.800551,0.648897,0,0.674631,1.70468,0,0.935418,0.523363,0.970913,0,0,2.9963,0,0,1,1,1,0,0
16277,,1,1,0.976498,0,0.6401,0.574722,0,0.68251,1.88107,0,0.969266,0.548298,0.854557,0,0,3.0915,0,0,1,1,1,0,0
16278,,1,1,0.976191,0,0.72054,0.766373,0,0.64662,1.74541,0,0.863473,0,0.768923,0,0,3.52265,0,0,1,1,1,0,0
16279,,1,1,0.974279,0,0.708578,0.668316,0,0.764464,1.72321,0,1.06097,0,0.825686,0,0,3.46956,0,0,1,1,1,0,0
16280,,1,1,0.976838,0,0.699249,0.592677,0,0.758678,1.53821,0,1.04295,0,0.771433,0,0,3.26713,0,0,1,1,1,0,0
16281,,1,1,0.978487,0,0.890274,0,0,0.76488,1.14974,0,0.934327,0,0.866404,0,0,3.42542,0,0,1,1,1,0,0
16282,,1,1,0.976964,0,0.733321,0,0,0.737345,1.31053,0,1.00671,0,0.80857,0,0,3.61355,0,0,1,1,1,0,0
16283,,1,1,0.97734,0,0.789228,0,0,0.747,1.14102,0,1.12574,0,0.710547,0,0,3.74473,0,0,1,1,1,0,0
16284,,1,1,0.978961,0,0.573605,0.546228,0,0.715568,1.20033,0,1.10217,0,0.638732,0,0,3.69823,0,0,1,1,1,0,0
16285,,1,1,0.977103,0,0.561722,0.604895,0,0.733561,1.24083,0,1.16786,0,0.900993,0,0,3.77883,0,0,1,1,1,0,0
16286,,1,1,0.979741,0,0.570258,0.751377,0,0.687443,1.4652,0,1.04522,0,0.852865,0,0,3.97082,0,0,1,1,1,0,0
16287,,1,1,0.960366,0,0.752515,0.598365,0,0.69999,1.59928,0,1.10687,0,0.792031,0,0,4.11238,0,0,1,1,1,0,0
16288,,1,1,0.961105,0,0.504309,0,0,0.710484,1.2091,0,1.21279,0,0.602211,0,0,3.863,0,0,1,1,0,0,0
16289,,1,1,0.960985,0,0.574407,0,0,0.766454,0.994595,0.561668,1.15217,0,0.607844,0,0,3.80446,0,0,1,1,0,0,0
16290,,1,1,0.961321,0,0,0,0,0.702003,0.969663,0,1.10429,0,0.680972,0,0.677168,3.9715,0,0,1,1,0,0,0
16291,,1,1,0.961001,0,0.595359,0,0,0.781313,0.749555,0.627747,1.32235,0,0.757728,0,0,4.07948,0,0,1,1,0,0,0
16292,,1,1,0.962718,0,0.595247,0,0,0.740569,1.03535,0.524379,1.12872,0,0.582492,0,0.640947,3.97467,0,0,1,1,0,0,0
16293,,1,1,0.961446,0,0.716687,0,0,0.822574,0.759325,0.608483,1.19648,0,0.586728,0,0.518051,4.0158,0,0,1,1,0,0,0
16294,,1,1,0.965756,0,0.594764,0,0,0.82662,0,0.589503,1.32415,0,0,0,0.574992,3.90252,0,0,1,1,0,0,0
16295,,1,1,0.962189,0,0.713179,0,0,0.792139,0,0.535678,1.23524,0,0,0,0.625507,3.77819,0,0,1,1,0,0,0
16296,,1,1,0.961756,0,0.681691,0,0,0.803263,0.954486,0.523551,1.2768,0,0,0,0.648018,4.12573,0,0,1,1,0,0,0
16297,,1,1,0.964726,0,0.72179,0,0,0.810123,0.587534,0.556548,1.37453,0,0,0,0.665327,4.02243,0,0,1,1,0,0,0
16298,LIKE,1,1,0.965108,0,0.59295,0.516394,0,0.808661,1.06997,0.51565,1.32164,0,0,0,0.616779,4.08679,0,0,1,1,0,0,0
16299,LIKE,1,1,0.9642,0,0,0,0,0.833276,0.767201,0.543242,1.33552,0,0,0,0.565305,4.13277,0,0,1,1,0,0,0
16300,LIKE,1,1,0.967747,0,0.553155,0,0,0.788649,0.70556,0.531868,1.26042,0,0,0,0.531997,4.0802,0,0,1,1,0,0,0
16301,LIKE,1,1,0.968965,0,0.701849,0,0,0.76791,0.563403,0.550853,1.27883,0,0,0,0,4.12324,0,0,1,1,0,0,0
16302,LIKE,1,1,0.969276,0,0.769129,0,0,0.78126,0.686095,0.529911,1.39242,0,0,0,0.569824,4.08221,0,0,1,1,1,0,0
16303,LIKE,1,1,0.970626,0,0.89844,0,0,0.772702,0,0.549891,1.33581,0,0,0,0.542486,3.94161,0,0,1,1,0,0,0
16304,LIKE,1,1,0.972174,0,0.932507,0,0,0.796398,0.501043,0.583821,1.33765,0,0,0,0.547416,4.05411,0,0,1,1,0,0,0
16305,LIKE,1,1,0.96733,0,0.75064,0,0,0.820475,0,0.661253,1.39357,0,0,0,0,4.12492,0,0,1,1,0,0,0
16306,LIKE,1,1,0.963649,0,0.663608,0,0,0.766732,0,0.571646,1.39456,0,0,0,0.660254,4.27394,0,0,1,1,0,0,0
16307,LIKE,1,1,0.96634,0,0.510182,0,0,0.773128,0,0.587782,1.36433,0,0,0,0.500391,4.20375,0,0,1,1,0,0,0
16308,LIKE,1,1,0.967967,0,0.601065,0,0,0.771169,0,0.576611,1.36618,0,0,0,0.506529,4.07291,0,0,1,1,0,0,0
16309,LIKE,1,1,0.970852,0,0.678548,0,0,0.777912,0,0.612357,1.41629,0,0,0,0,4.16632,0,0,1,1,0,0,0
16310,LIKE,1,1,0.970475,0,0.679087,0,0,0.723202,0,0.534943,1.2902,0,0,0,0.688428,4.20486,0,0,1,1,0,0,0
16311,LIKE,1,1,0.971792,0,0.832001,0,0,0.72206,0,0.542829,1.34708,0,0,0,0.573703,4.23163,0,0,1,1,0,0,0
16312,LIKE,1,1,0.971369,0,0.867269,0,0,0.715791,0,0.534469,1.28756,0,0,0,0.597372,4.17839,0,0,1,1,0,0,0
16313,LIKE,1,1,0.971863,0,0.940192,0,0,0.710043,0,0.539635,1.29173,0,0,0,0,4.44274,0,0,1,1,0,0,0
16314,LIKE,1,1,0.974103,0,1.19042,0,0,0.689367,0.711038,0,1.35309,0,0,0,0,4.20671,0,0,1,1,0,0,0
16315,LIKE,1,1,0.972168,0,1.21995,0,0,0.710933,0,0.590835,1.39619,0,0,0,0.568322,3.87829,0,0,1,1,0,0,0
16316,LIKE,1,1,0.971274,0,1.31238,0,0,0.759783,0,0.552516,1.53585,0.5837,0,0,0,4.21648,0,0,1,1,0,0,0
16317,LIKE,1,1,0.969709,0,1.19705,0,0,0.814979,0,0.672094,1.50017,0.625653,0,0,0.640019,4.17727,0,0,1,1,0,0,0
16318,LIKE,1,1,0.964688,0,1.25166,0,0,0.834501,0,0.668825,1.60654,0.644207,0,0,0,4.1943,0,0,1,1,0,0,0
16319,LIKE,1,1,0.967824,0,1.42966,0,0,0.831248,0,0.693498,1.45078,0,0,0,0,3.9892,0,0,1,1,0,0,0
16320,LIKE,1,1,0.969505,0,1.3821,0,0,0.876223,0.567681,0.75301,1.62384,0.597852,0,0,0,4.17214,0,0,1,1,0,0,0
16321,LIKE,1,1,0.96787,0,0.765272,0,0,0.787559,0,0.621626,1.52667,0.692733,0,0,0.617186,4.32486,0,0,1,1,0,0,0
16322,LIKE,1,1,0.961305,0,0.807984,0,0,0.897411,0,0.795527,1.53731,0.587815,0,0,0,4.26735,0,0,1,1,0,0,0
16323,LIKE,1,1,0.938157,0,0.772381,0,0,1.08193,0.563012,0.956606,1.7041,0.678171,0,0,0,4.69224,0,0,1,1,0,0,0
16324,LIKE,1,1,0.857399,0,0.738121,0,0,1.147,0.839675,0.961153,1.5779,0,0,0,0.577135,5,0,0,1,1,0,0,0
16326,LIKE,1,1,0.928623,0,0.70951,0,0,0,0.757133,0,0,0.653232,0,0,0.773938,3.50003,0.509967,0,1,0,1,0,0
16327,LIKE,1,1,0.898439,0,0,0,0,0,0.724416,0,0,0,0,0,0,4.00319,0,0,1,0,1,0,0
16328,LIKE,1,1,0.859144,0,0.765462,0,0,0,1.15883,0.533519,0,0,0,0,0,5,0,1,1,0,1,0,0
16329,LIKE,1,1,0.924897,0.554503,0.701558,0,0,0,0,0,0.554052,0,0,0,0.541328,3.16124,0,0,1,0,0,0,0
16330,LIKE,1,1,0.944971,0,0.925894,0,0,0,0.61297,0,0.753883,0.629271,0,0,0,3.89591,0,0,1,0,1,0,0
16331,LIKE,1,1,0.950896,0.775738,1.83428,0,0,0.71415,1.50876,0.749118,0.926404,0,0,0,0,5,0,0,1,0,1,0,0
16332,LIKE,1,1,0.923614,1.13316,1.98543,0,0,0,1.82448,0.536951,0.829428,0,0,0,0,5,0,0,1,0,1,0,0
16333,LIKE,1,1,0.950289,1.13494,2.34713,0,0,0.523308,1.57642,0.515112,0.714443,0,0,0,0,5,0,0,1,0,1,0,0
16334,LIKE,1,1,0.963569,1.02747,2.25933,0.504107,0,0.635365,1.64606,0.530864,0.779564,0,0,0,0,5,0,0,1,1,1,0,0
16335,LIKE,1,1,0.976056,0.967484,1.77648,0.988281,0,0.746217,1.6741,0.557424,1.24998,0,0,0,0,4.32432,0,0,1,1,1,0,0
16336,LIKE,1,1,0.944822,0.615396,1.6036,1.21597,0,0.704951,1.49311,0,1.10153,0,0,0,0,4.28661,0,0,1,1,0,0,0
16337,LIKE,1,1,0.96957,0,1.06019,0.848836,0,0.744284,1.1381,0.543352,1.18637,0,0,0,0,4.09019,0,0,1,1,0,0,0
16348,LIKE,1,1,0.942704,0,0.957572,0.751945,0,0,0,0,0,0,0,0,0.759307,3.04206,0,0,1,0,0,0,0
16349,LIKE,1,1,0.87206,0.681703,1.3507,0.92987,0,0,0,0,0,0,0,0,0.747044,3.3651,0,0,1,0,0,0,0
16350,LIKE,1,1,0.972462,0,0,0.699051,0,0,0.533473,0,0,0,0,0,0.981285,3.39645,0,0,1,0,1,0,0
16351,LIKE,1,1,0.962381,0,0.662258,0.956396,0,0,0,0,0,0,0,0,0.916405,3.57888,0,0,1,0,0,0,0
16352,LIKE,1,1,0.899335,0,0.927146,1.04559,0,0,0,0,0,0,0,0,1.03801,3.41891,0,0,1,0,0,0,0
16353,LIKE,1,1,0.973943,0,0,0.565924,0,0,0.722456,0,0,0,0,0,1.00561,3.29001,0,0,1,1,0,0,0
16354,LIKE,1,1,0.969689,0,0.623883,0.875356,0,0,0.72454,0,0,0,0,0,1.11841,3.3723,0,0,1,0,0,0,0
16355,LIKE,1,1,0.935782,0,0.9897,0.89806,0,0,0,0,0,0,0,0,0.844423,3.18369,0,0,1,0,0,0,0
16356,LIKE,1,1,0.89016,0,1.20822,1.22138,0,0,0,0,0,0,0,0,1.23008,3.60239,0.504231,0,0,0,0,0,0
16357,LIKE,1,1,0.806038,0.639048,1.49973,1.3952,0,0,0,0,0,0,0,0,0.964136,3.43244,0.505224,0,0,0,0,0,0
16358,LIKE,1,1,0.980615,0,0,0.804913,0,0,0.724659,0,0,0,0.548204,0,1.18906,3.44988,0,0,1,1,0,0,0
16359,LIKE,1,1,0.979687,0,0,0.561694,0,0,0,0,0,0,0,0,1.1236,3.41922,0,0,1,1,1,0,0
16360,LIKE,1,1,0.976642,0,0,0.875478,0,0,0,0,0,0,0,0,1.04972,3.42177,0,0,1,1,0,0,0
16361,LIKE,1,1,0.975208,0,0,1.01095,0,0,0,0,0,0,0,0,1.01657,3.12605,0,0,1,1,0,0,0
16362,LIKE,1,1,0.9765,0,0,0.627883,0,0,0.515761,0,0,0,0,0,1.14826,3.3461,0,0,1,1,0,0,0
16363,LIKE,1,1,0.977724,0,0,0.554799,0,0,0.521888,0,0,0,0,0,0.897884,3.11902,0,0,1,1,0,0,0
16364,LIKE,1,1,0.978322,0,0,0.532615,0,0,0.603477,0,0,0,0,0,1.10547,3.36486,0,0,1,1,0,0,0
16365,LIKE,1,1,0.979142,0,0,0,0,0,0.63839,0,0,0,0,0,1.35104,3.38309,0,0,1,1,0,0,0
16366,LIKE,1,1,0.980973,0,0,0.51215,0,0,0.846569,0,0,0,0,0,1.30987,3.09516,0,0,1,1,0,0,0
16367,LIKE,1,1,0.979114,0,0,0,0,0,0,0,0,0,0.542149,0,0.913377,3.06301,0,0,1,1,0,0,0
16368,LIKE,1,1,0.976503,0,0,0.700207,0,0,0.644619,0,0,0,0.708647,0,1.19257,3.10789,0,0,1,1,0,0,0
16369,LIKE,1,1,0.979266,0,0,0,0,0,0.663365,0,0,0,0,0,1.38932,3.18009,0,0,1,1,0,0,0
16370,LIKE,1,1,0.97597,0,0,0,0,0,0.867682,0,0,0,0.55634,0,1.15807,2.9315,0,0,1,1,0,0,0
16371,LIKE,1,1,0.977969,0,0,0.744763,0,0,0.992117,0,0,0.540711,0,0,1.26309,2.86681,0,0,1,1,1,0,0
16372,LIKE,1,1,0.979412,0,0,0.575228,0,0,1.04202,0,0,0,0,0,1.09948,3.19379,0,0,1,1,1,0,0
16373,LIKE,1,1,0.980348,0,0,0.63189,0,0,0.986841,0,0,0,0.703242,0,1.07642,3.06834,0,0,1,1,0,0,0
16374,LIKE,1,1,0.980623,0,0,0.759928,0,0,1.40844,0,0,0,0.51362,0,0.909472,3.19233,0,0,1,1,1,0,0
16375,LIKE,1,1,0.97971,0,0,0.528178,0,0,1.29968,0,0,0,0,0,0.855412,3.15245,0,0,1,1,1,0,0
16376,LIKE,1,1,0.980327,0,0,0.823435,0,0,1.43832,0,0,0,0.650535,0,0.85603,3.01979,0,0,1,1,1,0,0
16377,LIKE,1,1,0.982608,0,0,0.850975,0.503896,0,1.52727,0,0,0,0.631793,0,0.9336,2.90143,0,0,1,1,1,0,0
16378,LIKE,1,1,0.979552,0,0,0.755331,0.512349,0,1.45239,0,0,0,0.518542,0,0.995968,3.03171,0,0,1,1,1,0,0
16379,LIKE,1,1,0.982396,0,0,0.727234,0,0,1.41469,0,0,0,0.606753,0,1.04356,3.33422,0,0,1,1,1,0,0
16380,LIKE,1,1,0.979763,0,0,0.655558,0,0,1.20507,0,0,0,0.65138,0,1.03772,3.24067,0,0,1,1,1,0,0
16381,LIKE,1,1,0.974516,0,0.565347,0.816791,0,0,0.857951,0,0,0.545328,0.771945,0,1.1527,3.13412,0,0,1,1,0,0,0
16382,LIKE,1,1,0.973891,0,0.777057,0.727074,0,0,0,0,0,0.546119,0,0,1.16185,3.21005,0,0,1,1,0,0,0
16383,LIKE,1,1,0.967419,0.687198,1.07685,0.529343,0,0,0,0,0,0.849635,0,0,1.30167,3.13621,0,0,1,0,0,0,0
16384,LIKE,1,1,0.968842,0,1.09867,0,0,0,0,0,0,1.04194,0,0,1.60594,3.06703,0,0,1,0,0,0,0
16385,LIKE,1,1,0.966386,0.615005,1.33011,0,0,0.536765,0,0,0,1.08026,0,0,1.47318,3.02745,0,0,1,0,0,0,0
16386,LIKE,1,1,0.957997,0,0.925417,0,0,0.632956,0,0,0,1.22249,0,0,1.61741,3.55102,0,0,1,0,0,0,0
16387,LIKE,1,1,0.960557,0.512876,0.924468,0,0,0.580182,0,0,0,1.26887,0,0,1.49625,3.80235,0,0,1,0,0,0,0
16388,LIKE,1,1,0.963274,0,0.860995,0,0,0,0,0,0,0.889919,0,0,1.55685,3.27107,0,0,1,0,0,0,0
16389,LIKE,1,1,0.97286,0,0.622283,0,0,0,0.550745,0,0,0.666891,0,0,1.64796,3.16632,0,0,0,0,0,0,0
16390,LIKE,1,1,0.979349,0,0,0,0,0,1.08328,0,0,0,0,0,1.40523,3.49564,0,0,0,0,0,0,0
16391,LIKE,1,1,0.981303,0,0,0,0,0,1.23337,0,0,0,0,0,0.998303,3.55831,0,1,0,1,1,0,0
16392,LIKE,1,1,0.982325,0,0,0,0.590583,0,1.78278,0,0,0,0,0,0.546779,3.48969,0,1,0,1,1,0,0
16393,LIKE,1,1,0.980552,0,0,0,0.798655,0,1.568,0,0,0,0,0,0.716503,3.83686,0,0,0,1,1,0,0
16394,LIKE,1,1,0.976529,0,0,0,0.752086,0,1.46497,0,0,0,0,0,0.817404,3.79932,0,0,0,1,1,0,0
16395,LIKE,1,1,0.974327,0,0,0,0.645061,0,1.38857,0,0,0,0,0,0.873147,3.59039,0,0,0,1,1,0,0
16396,LIKE,1,1,0.977573,0,0,0,0.536874,0,1.26819,0,0,0,0,0,1.12909,3.75025,0,0,0,1,1,0,0
16397,LIKE,1,1,0.973071,0,0,0.65788,0.78947,0,1.01296,0,0,0,0.634691,0,1.29178,3.27669,0,0,0,1,0,0,0
16398,LIKE,1,1,0.971161,0,0,0.716232,0.684936,0,0.981388,0,0,0,0.699203,0,1.42838,3.58607,0,0,0,1,0,0,0
16399,LIKE,1,1,0.962589,0.543342,0,0.693926,0,0,0.667349,0,0,0,0.613051,0,1.35884,3.12865,0,0,0,0,0,0,0
16400,LIKE,1,1,0.961323,0.61514,0.743713,0.62876,0,0,0.527807,0,0,0,0.522349,0,1.43423,3.54948,0,0,0,0,1,0,0
16401,LIKE,1,1,0.959501,0.672418,0.731992,0,0,0,0,0,0,0,0.602086,0,1.48537,3.40667,0,0,0,0,0,0,0
16402,LIKE,1,1,0.963177,0.577372,1.03942,0,0,0,0,0,0,0,0,0,1.78359,3.06046,0,0,0,0,0,0,0
16403,LIKE,1,1,0.965085,0.605351,1.03832,0,0,0,0,0,0,0,0,0,1.71443,3.18031,0,0,0,0,0,0,0
16404,LIKE,1,1,0.972855,0.544733,1.1006,0,0,0,0,0,0,0.533022,0,0,1.78695,3.37814,0,0,1,0,0,0,0
16405,LIKE,1,1,0.975815,0.644132,1.53718,0,0,0,0.568274,0,0,0.5234,0,0,1.64984,3.37727,0,0,1,0,0,0,0
16406,LIKE,1,1,0.978604,0,1.27127,0,0,0,0.54528,0,0,0,0,0,1.44706,3.60391,0,0,1,1,0,0,0
16407,LIKE,1,1,0.979877,0,1.25126,0,0,0,0,0,0,0,0,0,1.06527,3.69405,0,0,1,0,1,0,0
16408,LIKE,1,1,0.984636,0.548606,1.02195,0,0,0,0.52318,0,0,0,0,0,1.36638,3.97247,0,0,1,0,1,0,0
16409,LIKE,1,1,0.98325,0,0.988468,0,0,0,0,0,0,0,0,0,1.55326,3.8083,0,0,1,0,1,0,0
16410,LIKE,1,1,0.984833,0,0.926246,0,0,0,0.685957,0,0,0,0,0,1.46273,4.13681,0,0,1,1,1,0,0
16411,LIKE,1,1,0.986366,0,0.906988,0,0,0,0.691997,0,0,0,0,0,1.44375,4.17403,0,0,1,1,1,0,0
16412,LIKE,1,1,0.987656,0,0.676884,0,0,0,0.682851,0,0,0,0,0,1.46548,4.13466,0,0,1,0,1,0,0
16413,LIKE,1,1,0.986128,0,0.584386,0,0,0,0.536164,0,0.516828,0,0,0,1.38976,4.41888,0,0,1,0,1,0,0
16414,LIKE,1,1,0.985074,0,0.694927,0,0,0,0.799135,0,0.527526,0,0,0,1.3367,4.57017,0,0,1,0,1,0,0
16415,LIKE,1,1,0.983958,0,0.712712,0,0,0,0.632445,0,0.675815,0,0,0,1.22237,4.76411,0.509161,0,1,1,1,0,0
16416,LIKE,1,1,0.981646,0,0.728638,0,0,0,1.02099,0,0.707066,0,0,0,1.07421,4.694,0.508798,0,1,1,1,0,0
16417,LIKE,1,1,0.976287,0,1.17062,0,0.518751,0,0.908236,0,0.697455,0,0,0,1.08711,4.53492,0,0,1,1,1,0,0
16418,LIKE,1,1,0.972751,0,0.946254,0,0.512183,0,1.33085,0,1.04219,0,0,0,0.884449,4.63642,0,0,1,1,1,0,0
16419,LIKE,1,1,0.972293,0,0.987196,0.559062,0.740519,0,1.526,0,0.996108,0,0,0,0.686957,4.50809,0,0,1,1,1,0,0
16420,LIKE,1,1,0.97421,0,0.873294,0.692784,0.657019,0,1.73655,0,0.82123,0,0,0,0.533522,4.86403,0,0,1,1,1,0,0
16421,LIKE,1,1,0.986706,0,0.981287,0.584449,0.832152,0,1.62151,0,0.759902,0,0,0,0,4.30196,0,0,1,1,1,0,0
16422,LIKE,1,1,0.987927,0.564607,0.919064,0.502905,0.739025,0,1.40494,0,0.733892,0,0,0,0,4.5503,0,0,1,1,1,0,0
16423,LIKE,1,1,0.989137,0.632407,1.11961,0,0.877482,0,1.04348,0,0,0.58869,0,0,0.677895,4.19421,0,0,1,1,1,0,0
16424,LIKE,1,1,0.987096,0.826997,1.23355,0,0.587715,0,1.16396,0,0,0.68564,0,0,0.6772,4.18757,0,0,1,0,1,0,0
16425,LIKE,1,1,0.985407,0.773433,1.12139,0,0.689254,0,0.983057,0,0,0.754384,0,0,0.823181,3.9013,0,0,1,0,1,0,0
16426,LIKE,1,1,0.983871,0.753834,0.756014,0,0.707526,0,0.655497,0,0,0.963092,0,0,0.918163,3.52375,0,0,1,0,1,0,0
16427,LIKE,1,1,0.980816,0.720278,0.827202,0,0.519317,0,0.549636,0,0,1.32394,0,0,0.761924,3.03662,0,0,1,0,0,0,0
16428,LIKE,1,1,0.9908,0.786508,1.02493,0,0.560737,0,0.510189,0,0,1.33671,0,0,0.779576,3.17728,0,0,1,0,1,0,0
16429,LIKE,1,1,0.984952,0.83993,0.713635,0,0.728606,0,0,0,0,1.19365,0,0,0,2.14717,0,0,1,0,1,0,0
16430,LIKE,1,1,0.984992,0.759911,0.642929,0,0,0,0,0,0,1.02223,0,0,0,1.65981,0,0,1,1,1,0,0
16431,LIKE,1,1,0.984265,0.702229,0.560404,0,0.647009,0,0,0,0,1.3958,0,0,0,1.72068,0,0,1,1,1,0,0
16432,LIKE,1,1,0.977673,0,0,0,0,0,0,0,0.500284,1.3495,0,0,0,0.958854,0,0,1,1,1,0,0
16433,LIKE,1,1,0.976662,0,0,0,0.595333,0,0,0,0.551779,1.40073,0,0,0,0,0,0,1,1,0,0,0
16434,LIKE,1,1,0.979247,0.604024,0,0,0,0,0,0,0.581711,1.25578,0,0,0,0,0,0,1,1,0,0,0
16435,LIKE,1,1,0.978335,0.936954,0,0,0,0,0,0,0.589817,1.26197,0,0,0.553504,0,0,0,1,1,0,0,0
16436,LIKE,1,1,0.981462,0.703685,0,0,0,0,0,0,0.701826,1.1702,0,0,0.827558,0,0,0,1,1,1,0,0
16454,LIKE,1,1,0.965666,0,0,0,0.819575,0,1.22473,0,0,0.639738,0,0,0,0,0,0,1,1,0,0,0
16455,LIKE,1,1,0.954758,0.836034,0.661062,0,0,0,0.688869,0,0,0,0,0,0,0,0,0,1,1,0,0,0
16456,LIKE,1,1,0.944326,1.23765,1.49419,0,0,0,1.00532,0,0,0,0.517461,0,0,0,0,0,1,1,0,0,0
16457,LIKE,1,1,0.939639,1.3391,1.19046,0,0,0,1.54431,0,0,0.592408,0,0,0.642546,0,0,0,1,0,0,0,0
16458,LIKE,1,1,0.897005,1.31858,1.17646,0,0,0,1.01696,0,0.523076,0.923506,0,0,0,0,0,0,1,0,0,0,0
16459,LIKE,1,1,0.776386,1.39551,1.05019,0,0,0,0,0,0.698859,1.17792,0,0,0,1.38791,0,0,1,0,0,0,0
16460,LIKE,1,1,0.753636,1.36231,0.988378,0.561603,0,0,0,0,0.620876,1.41037,0,0,0,2.5484,0,0,1,0,0,0,0
16461,LIKE,1,1,0.837902,1.38003,1.10577,0.638723,0,0,0,0,0.720299,1.26886,0,0,0,2.56442,0,0,1,0,0,0,0
16462,LIKE,1,1,0.906342,1.20078,0.719977,0.616595,0,0,0.987025,0,0.754355,0.78444,0,0,0,2.52131,0,0,1,0,1,0,0
16463,LIKE,1,1,0.943894,0,0.767272,0,0.749913,0,1.76312,0,1.09974,0.675244,0,0,0,3.67311,0,0,1,0,1,0,0
16464,,1,1,0.983676,0,0,0,0.680744,0,1.70484,0,1.18819,0.654725,0,0,0,4.55008,0,0,1,1,1,0,0
16465,,1,1,0.987079,0,0,0,0.824172,0,1.30172,0,1.16244,0,0,0,0,4.7271,0,0,1,1,1,0,0
16466,,1,1,0.987824,0,0,0,0.60977,0.512223,1.31753,0,1.16976,0,0,0,0,4.6231,0,0,1,1,1,0,0
16467,,1,1,0.980947,0,0,0,0.660781,0,1.27638,0,1.17999,0,0.590122,0,0,4.62169,0,0,1,1,1,0,0
16468,,1,1,0.980966,0,0.516606,0,0.629373,0,1.32907,0,1.25935,0,0.646511,0,0,4.89765,0,0,1,1,1,0,0
16469,,1,1,0.979479,0,0,0,0.526762,0,0.895953,0,1.2423,0,0.652729,0,0.510308,4.78149,0,0,1,1,1,0,0
16470,,1,1,0.978958,0,0.500731,0.625324,0.643593,0,1.25351,0,1.11112,0,0.805121,0,0,4.81925,0,0,1,1,1,0,0
16471,,1,1,0.979845,0,0,0.611686,0.745139,0,1.19089,0,1.15604,0,0.818456,0,0,4.94314,0,0,1,1,1,0,0
16472,,1,1,0.980507,0,0,0.51244,0.639793,0,1.17407,0,1.09688,0,0.832524,0,0,4.78809,0,0,1,1,1,0,0
16473,,1,1,0.980573,0,0.566883,0.715691,0.668817,0,1.21086,0,1.0924,0,0.878782,0,0,4.6225,0,0,1,1,1,0,0
16474,,1,1,0.980972,0,0.521711,0.818572,0.545962,0,1.33151,0,1.09137,0,0.97712,0,0,4.58937,0,0,1,1,1,0,0
16475,,1,1,0.981324,0,0,0.635742,0.50891,0,1.35365,0,1.06858,0,0.931602,0,0,4.76996,0,0,1,1,1,0,0
16476,,1,1,0.983246,0,0,0.902623,0,0,1.19694,0,1.03438,0,1.00143,0,0,4.66454,0,0,1,1,1,0,0
16477,,1,1,0.98447,0,0,0.90893,0.517326,0,1.09877,0,1.06737,0,1.13419,0,0,4.71244,0,0,1,1,1,0,0
16478,,1,1,0.984942,0,0,1.00489,0,0,1.34962,0,0.95296,0,1.06484,0,0,4.77701,0,0,1,1,1,0,0
16479,,1,1,0.985825,0,0,0.752905,0,0,1.08605,0,0.896962,0,1.01007,0,0,4.69797,0,0,1,1,1,0,0
16480,,1,1,0.986352,0,0,0.812709,0,0,1.23486,0,0.86085,0,1.02533,0,0,4.46491,0,0,1,1,1,0,0
16481,,1,1,0.986205,0,0,0.691139,0,0,1.30148,0,0.922783,0,0.978209,0,0,4.44182,0,0,1,1,1,0,0
16482,,1,1,0.987231,0,0,0.747717,0,0,1.33197,0,0.971323,0,0.917866,0,0,4.42308,0,0,1,1,1,0,0
16483,,1,1,0.986213,0,0,0.560238,0,0,1.14156,0,0.963661,0,0.953598,0,0,4.29625,0,0,1,1,1,0,0
16484,,1,1,0.981253,0,0,0.61487,0,0,1.28005,0,1.09833,0,0.916258,0,0,3.9818,0,0,1,1,1,0,0
16485,,1,1,0.975133,0,0,0.56915,0,0,1.22193,0,0.961515,0,1.11302,0,0,3.88039,0,0,1,1,1,0,0
16486,,1,1,0.976156,0,0,0.601912,0,0,1.2781,0,0.957519,0,1.06584,0,0,3.95026,0,0,1,1,1,0,0
16487,,1,1,0.977171,0,0.610652,0.531231,0,0,1.29217,0,0.993541,0,0.997131,0,0,3.62619,0,0,1,1,1,0,0
16488,,1,1,0.97434,0,0.533677,0,0,0,1.30748,0,0.922407,0,0.809423,0,0,3.99145,0,0,1,1,1,0,0
16489,,1,1,0.975651,0,0.831002,0,0,0,1.17323,0,0.999726,0,1.18717,0,0,3.65281,0,0,1,1,1,0,0
16490,,1,1,0.978978,0,0.696893,0,0,0,1.1217,0,0.988723,0,1.00449,0,0,3.75932,0,0,1,1,1,0,0
16491,,1,1,0.980141,0,0.520502,0,0,0,1.19176,0,1.05708,0,0.908045,0,0,3.91096,0,0,1,1,1,0,0
16492,,1,1,0.98069,0,0.621685,0,0,0,1.16753,0,0.99483,0,1.06541,0,0,3.90221,0,0,1,1,1,0,0
16493,,1,1,0.979664,0,0.825444,0,0,0,1.48306,0,0.826061,0,1.02186,0,0,3.92031,0,0,1,1,1,0,0
16494,,1,1,0.981432,0,0.804816,0.659266,0,0,1.6627,0,0.815511,0,1.19244,0,0,3.85025,0,0,1,1,1,0,0
16495,,1,1,0.981692,0,0.546143,0.673377,0,0,1.97941,0,0.68286,0,1.38985,0,0,3.3065,0,0,1,1,1,0,0
16496,,1,1,0.982252,0,0.554476,0.683137,0,0,1.89366,0,0.571669,0,1.23299,0,0,3.56187,0,0,1,1,1,0,0
16497,,1,1,0.982895,0,0.610912,0.586904,0,0,1.70225,0,0.664952,0,0.914982,0,0,3.80648,0,0,1,1,1,0,0
16498,,1,1,0.983901,0,0.542235,0.787186,0,0,1.61859,0,0.638657,0,1.00775,0,0,3.91783,0,0,1,1,1,0,0
16499,,1,1,0.982145,0,0.773123,0.773936,0,0,1.51914,0,0.694035,0,1.1719,0,0,3.65556,0,0,1,1,1,0,0
16500,,1,1,0.982248,0,0.645427,0.846525,0,0,1.6268,0,0.69316,0,1.21061,0,0,3.85175,0,0,1,1,1,0,0
16501,,1,1,0.980652,0,0.648671,0.632238,0,0,1.36323,0,0.852026,0,1.09912,0,0,3.76653,0,0,1,1,1,0,0
16502,,1,1,0.979385,0,0.75717,0.762515,0,0,1.58107,0,0.91645,0,1.06611,0,0,4.24257,0,0,1,1,1,0,0
16503,,1,1,0.979507,0,0,0.519025,0,0,1.15245,0,0.897788,0,1.12221,0,0,4.01462,0,0,1,1,1,0,0
16504,,1,1,0.979601,0,0.888363,0.664384,0,0,1.25431,0,0.92654,0,1.00252,0,0,4.0716,0,0,1,1,1,0,0
16505,,1,1,0.977963,0,0.737284,0,0,0.574382,0.877755,0,1.10892,0,0.717962,0,0,4.05913,0,0,1,1,1,0,0
16506,,1,1,0.974091,0,0.760765,0,0,0.581294,0.881547,0,1.09108,0,0.871462,0,0,4.23499,0,0,1,1,1,0,0
16507,,1,1,0.976625,0,0.527346,0,0,0.536972,0.576509,0,1.06315,0,0.819855,0,0,4.17909,0,0,1,1,0,0,0
16508,,1,1,0.976417,0,0.784706,0,0,0.56105,0.56029,0,1.13172,0,0.913335,0,0,4.1769,0,0,1,1,1,0,0
16509,,1,1,0.976211,0,0.838889,0,0,0.542139,0.698624,0,1.13723,0,0.79027,0,0,4.28846,0,0,1,1,1,0,0
16510,,1,1,0.977236,0,0.770804,0,0,0.530542,0.724308,0,1.13892,0,0.86857,0,0,4.40661,0,0,1,1,0,0,0
16511,,1,1,0.97635,0,0.777617,0,0,0.540654,0.795201,0,1.16198,0,0.771974,0,0,4.34313,0,0,1,1,1,0,0
16512,,1,1,0.976458,0,0.800508,0,0,0.547171,0.85015,0,1.15892,0,0.843167,0,0.509024,4.26697,0,0,1,1,1,0,0
16513,,1,1,0.97664,0,0.784958,0,0,0.565833,1.08096,0,1.14608,0,0.777987,0,0,4.10726,0,0,1,1,1,0,0
16514,,1,1,0.976716,0,0.877663,0,0,0.523029,1.24685,0,1.12153,0,0.643104,0,0,4.24429,0,0,1,1,1,0,0
16515,,1,1,0.978599,0,0.691766,0,0,0,1.28782,0,1.04238,0,0.912329,0,0,4.15697,0,0,1,1,1,0,0
16516,,1,1,0.980901,0,0.804511,0.531697,0,0,1.41737,0,0.86381,0,0.825311,0,0,4.11682,0,0,1,1,1,0,0
16517,,1,1,0.981235,0,0.930945,0.754682,0,0,1.45175,0,0.91122,0,0.890861,0,0,3.74877,0,0,1,1,1,0,0
16518,,1,1,0.975851,0,0.668766,0.78516,0,0,1.59618,0,0.881825,0,1.02157,0,0,3.14054,0,0,1,1,1,0,0
16519,,1,1,0.978781,0,0.556263,0.984539,0,0,1.63302,0,0.83112,0,0.94055,0,0,3.37445,0,0,1,1,1,0,0
16520,READING,1,1,0.977511,0,0.535015,0.971016,0,0,1.75647,0,0.880422,0,0.940154,0,0,3.30465,0,0,1,1,1,0,0
16521,READING,1,1,0.980458,0,0,0.945876,0,0.504798,1.84328,0,0.924475,0,1.18122,0,0,3.64144,0,0,1,1,1,0,0
16522,READING,1,1,0.980918,0,0.556121,1.00067,0,0.538975,1.82532,0,1.00756,0,0.936357,0,0,3.56837,0,0,1,1,1,0,0
16523,READING,1,1,0.979136,0,0.919497,1.02584,0,0.570795,1.76024,0,1.07717,0,0.834392,0,0,3.79323,0,0,1,1,1,0,0
16524,READING,1,1,0.980303,0,0.729964,0.686137,0,0.585559,1.62405,0,1.02029,0,0.970661,0,0,3.81362,0,0,1,1,1,0,0
16525,READING,1,1,0.979692,0,0.80972,0.72962,0,0.57565,1.58418,0,1.02089,0,0.853848,0,0,3.81333,0,0,1,1,1,0,0
16526,READING,1,1,0.979715,0,0.761019,1.0283,0,0.536381,1.56701,0,1.02628,0,0.981897,0,0,3.74058,0,0,1,1,1,0,0
16527,READING,1,1,0.980831,0,0.598758,0.873704,0,0.54055,1.75306,0,0.97174,0,0.718169,0,0,4.03815,0,0,1,1,1,0,0
16528,READING,1,1,0.982682,0,0.611568,0.519638,0,0.536032,1.46767,0,0.937953,0,0.750642,0,0,4.07869,0,0,1,1,1,0,0
16529,READING,1,1,0.98026,0,0.641427,0.739877,0,0.529656,1.34044,0,0.968913,0,0.700918,0,0,3.83576,0,0,1,1,0,0,0
16530,READING,1,1,0.979634,0,0.756914,0.926581,0,0.583051,1.64017,0,1.06058,0,0.675864,0,0,3.72987,0,0,1,1,0,0,0
16531,READING,1,1,0.979356,0,0.513305,0.979503,0,0.588553,1.50265,0,0.963165,0,0.626979,0,0,3.69274,0,0,1,1,0,0,0
16532,READING,1,1,0.979425,0,0,0.942952,0,0.520603,1.54298,0,0.851023,0,0.684797,0,0,3.58533,0,0,1,1,0,0,0
16533,READING,1,1,0.978196,0,0,0.673535,0,0.536815,1.48173,0,0.73863,0,0.612333,0,0,3.69964,0,0,1,1,1,0,0
16534,READING,1,1,0.982504,0,0,0.70162,0,0.524143,1.39411,0,0.685687,0,0.651769,0,0,3.53925,0,0,1,1,1,0,0
16535,READING,1,1,0.981176,0,0,0.630795,0,0.531969,1.18983,0,0.791822,0,0.731716,0,0,3.4763,0,0,1,1,1,0,0
16536,READING,1,1,0.981705,0,0,1.07458,0,0,1.61806,0,0.668925,0,0.852523,0,0,3.78986,0,0,1,1,1,0,0
16537,READING,1,1,0.977402,0,0,0.933064,0,0,1.31362,0,0.634378,0,0.550128,0,0,3.88352,0,0,1,1,1,0,0
16538,READING,1,1,0.9784,0,0.71293,0.662228,0,0,1.6578,0,0,0,0,0,0,3.88833,0,0,1,1,0,0,0
16539,READING,1,1,0.982042,0,0.5638,0.66429,0,0,1.4064,0,0,0,0.618608,0,0,4.14678,0,0,1,1,1,0,0
16540,READING,1,1,0.985025,0,0,1.19918,0,0,1.40228,0,0,0,0,0,0,4.17851,0.500977,0,1,1,1,0,0
16541,READING,1,1,0.986069,0,0.6345,0.691945,0,0,1.23408,0,0,0,0,0,0,4.27094,0,0,1,1,1,0,0
16542,READING,1,1,0.987613,0,0.507134,0.677759,0,0,1.21295,0,0,0,0.54374,0,0,4.0682,0,0,1,1,1,0,0
16543,READING,1,1,0.987084,0,0.604016,0.75937,0,0,1.73029,0,0,0,0.675343,0,0,3.86508,0,0,1,1,1,0,0
16544,READING,1,1,0.986575,0,0.669667,0.643208,0,0,1.8373,0,0,0,0.830215,0,0,3.837,0,0,1,1,1,0,0
16545,READING,1,1,0.985887,0,0.673202,0.749699,0,0,1.85479,0,0,0,0.975278,0,0,3.43381,0,0,1,1,0,0,0
16546,READING,1,1,0.983836,0,0.718398,0.849183,0,0,1.82672,0,0,0,0.967705,0,0,3.64516,0,0,0,1,1,0,0
16547,READING,1,1,0.985972,0,0.884059,0.93389,0,0,1.94666,0,0,0,0.9953,0,0,3.61638,0,0,0,1,1,0,0
16548,READING,1,1,0.985931,0,0.625453,1.11027,0,0,2.31473,0,0,0,0.823862,0,0,3.60986,0,0,0,1,1,0,0
16549,READING,1,1,0.984115,0,1.00118,1.12312,0,0,2.32369,0,0,0,0.718593,0,0,3.87441,0,0,0,1,1,0,0
16550,READING,1,1,0.985586,0,0.856869,1.23401,0,0,2.28891,0,0,0,0.829777,0,0,3.92633,0,0,0,1,1,0,0
16551,READING,1,1,0.990057,0,1.06887,1.0767,0,0,1.78668,0,0,0,1.14357,0,0,3.67619,0,0,0,1,1,0,0
16552,READING,1,1,0.983767,0,0.597328,1.07318,0.509945,0,1.20307,0,0,0,1.38249,0.594749,0,3.20784,0,0,0,1,1,0,0
16553,READING,1,1,0.980057,0,0.573649,0.965474,0,0,1.42571,0,0,0,1.54214,0.630466,0.551709,3.09342,0,0,0,1,1,0,0
16554,READING,1,1,0.985768,0,0.616559,1.15087,0,0,1.53441,0,0,0,1.16922,0,0,3.62498,0,0,0,1,1,0,0
16555,READING,1,1,0.985653,0,0.80901,0.881512,0,0,1.3568,0,0,0,1.05212,0,0,4.39459,0,0,1,1,1,0,0
16556,READING,1,1,0.986561,0,0.890135,0.975627,0.534972,0,1.19963,0,0,0,0.865588,0,0,4.35879,0.532484,0,1,1,1,0,0
16557,READING,1,1,0.987406,0,1.04814,0.81088,0.502508,0,1.34693,0,0,0,0.676196,0,0,4.29027,0.535943,0,1,1,1,0,0
16558,READING,1,1,0.987766,0,1.01071,1.1674,0,0,1.5945,0,0,0,0.744395,0,0,3.8935,0.50743,0,1,1,1,0,0
16559,READING,1,1,0.986887,0,1.09887,1.07464,0,0,1.26886,0,0,0,0.849675,0,0,3.58217,0,0,1,1,1,0,0
16560,READING,1,1,0.985109,0,1.3004,1.3163,0,0,1.27576,0,0,0,0.95182,0,0,3.59526,0,0,1,1,1,0,0
16561,READING,1,1,0.98628,0,1.12357,1.11799,0,0,1.43106,0,0,0,0.843025,0,0,3.69251,0,0,1,1,1,0,0
16562,READING,1,1,0.9889,0,0.916683,1.30324,0,0,1.33889,0,0,0,0.83738,0,0,4.34026,0,0,1,1,1,0,0
16563,READING,1,1,0.991045,0,1.2193,1.02057,0,0,1.3197,0,0,0,0.843124,0,0,3.6814,0,0,1,1,1,0,0
16564,READING,1,1,0.990712,0.513501,1.42626,0,0.551006,0,1.32269,0,0,0,0.643812,0,0.517498,3.57588,0,0,1,1,1,0,0
16565,READING,1,1,0.989569,0.648515,1.45257,0,0.626398,0,1.0145,0,0,0,0.641913,0,0.567504,3.04694,0,0,1,1,1,0,0
16566,READING,1,1,0.988406,0.572918,1.24491,0,0.623963,0,0.94685,0,0,0,0.70169,0,0.794388,3.07658,0,0,1,1,1,0,0
16567,READING,1,1,0.986233,0.879896,1.58146,0,0.570082,0,0.887238,0,0,0,0.699142,0,0.615681,2.73742,0,0,1,1,1,0,0
16568,READING,1,1,0.987933,0.723147,1.5415,0,0,0,0.911702,0,0,0,0.574204,0,0.677448,2.8463,0,0,1,1,1,0,0
16569,READING,1,1,0.985237,0.816724,1.35462,0,0.504596,0,0.690137,0,0,0.642201,0.590862,0,0.874999,2.57888,0,0,1,1,1,0,0
16570,READING,1,1,0.985086,0.847959,1.34382,0,0,0,0.765461,0,0,0.659117,0.561821,0,0.853218,2.70549,0,0,1,1,1,0,0
16571,READING,1,1,0.985574,0.84373,1.40336,0,0,0,0.628645,0,0,0.690923,0.649627,0,0.603346,2.53144,0,0,1,1,1,0,0
16572,READING,1,1,0.985464,0.833196,1.37738,0,0,0,0.560179,0,0,0.688563,0.615753,0,0.72273,2.54108,0,0,1,1,1,0,0
16573,READING,1,1,0.987089,0.708814,1.41079,0,0.511366,0,0.519451,0,0,0.673523,0.615738,0,0.779721,2.82886,0,0,1,1,1,0,0
16574,READING,1,1,0.985245,0.699865,1.42418,0,0,0,0.671246,0,0,0,0.756609,0,0.679564,1.39194,0,0,1,1,1,0,0
16575,READING,1,1,0.983703,0.649939,1.40806,0,0.561785,0,0.682409,0,0,0.634186,0.652099,0,0.743041,2.14507,0,0,1,1,1,0,0
16576,READING,1,1,0.988081,0.733982,1.32132,0,0.621028,0,0.736164,0,0,0.757578,0,0,0.880854,2.5406,0,0,1,1,1,0,0
16577,READING,1,1,0.982926,0.660659,1.49193,0,0,0,0.798553,0,0,0.529043,0.547989,0,0,1.61861,0,0,1,1,1,0,0
16578,READING,1,1,0.982126,0.659232,1.40832,0,0.72461,0,0.672208,0,0,0.513769,0,0,0,1.36141,0,0,1,1,1,0,0
16579,READING,1,1,0.980111,0.638814,1.306,0,0.660553,0,0.704998,0,0,0.563938,0,0,0,1.04131,0,0,1,1,1,0,0
16580,READING,1,1,0.978284,0.5859,1.26884,0,0.558193,0,0.60412,0,0,0.52723,0.606298,0,0,1.09724,0,0,1,1,1,0,0
16581,READING,1,1,0.979185,0.572557,1.3577,0,0.748431,0,0.527648,0,0.584872,0.577606,0.575242,0,0,1.16599,0,0,1,1,1,0,0
16582,READING,1,1,0.978798,0.552478,1.37655,0,0.684833,0,0.572425,0,0,0.623745,0.547267,0,0,0.713657,0,0,1,1,1,0,0
16583,READING,1,1,0.976603,0.619136,1.4482,0,0.824508,0,0.671327,0,0.505632,0.557635,0,0,0,0,0,0,1,1,1,0,0
16584,READING,1,1,0.97721,0.641181,1.49379,0,0.647926,0,0.717118,0,0,0.63604,0,0,0,0.779508,0,0,1,1,1,0,0
16585,READING,1,1,0.976725,0.712977,1.54193,0,0.613872,0,0.60183,0,0,0.708102,0,0,0,0.811191,0,0,1,1,1,0,0
16586,READING,1,1,0.980203,0.636802,1.40916,0,0.625674,0,0,0,0,0.649981,0,0,0,0.84899,0,0,1,1,1,0,0
16587,READING,1,1,0.982038,0.697249,1.44511,0,0.631547,0,0.554639,0,0,0.667862,0.548561,0,0,0,0,0,1,1,1,0,0
16588,READING,1,1,0.980816,0.6722,1.39509,0,0.57296,0,0.516551,0,0,0.709568,0.591426,0,0,0,0,0,1,1,1,0,0
16589,READING,1,1,0.979196,0.62401,1.29484,0,0,0,0.529352,0,0,0.713963,0.58138,0,0,0.539383,0,0,1,1,1,0,0
16590,READING,1,1,0.97887,0.614155,1.29347,0,0.59512,0,0.599583,0,0,0.615179,0.501562,0,0,0,0,0,1,1,1,0,0
16591,READING,1,1,0.978231,0.645749,1.32874,0,0.665645,0,0.609343,0,0,0.580777,0,0,0,0,0,0,1,1,1,0,0
16592,READING,1,1,0.98,0.656692,1.42152,0,0.709298,0,0.67908,0,0,0.740742,0,0,0,0,0,0,1,1,1,0,0
16593,READING,1,1,0.979537,0.634034,1.38488,0,0.504476,0,0.663587,0,0,0.853033,0,0,0,0.631075,0,0,1,1,1,0,0
16594,READING,1,1,0.979415,0,1.08903,0,0,0,0.526554,0,0,0.815002,0,0,0,0,0,0,1,1,1,0,0
16595,READING,1,1,0.979458,0.509104,1.27815,0,0.503142,0,0,0,0,0.865448,0,0,0,0.50234,0,0,1,1,1,0,0
16596,READING,1,1,0.976697,0.594729,1.3394,0,0,0,0,0,0,0.882247,0,0,0,0.726454,0,0,1,1,1,0,0
16597,READING,1,1,0.976589,0.622667,1.4468,0,0,0,0,0,0,0.811535,0.586786,0,0,0.788533,0,0,1,1,1,0,0
16598,READING,1,1,0.978627,0.529231,1.33761,0,0,0,0,0,0,0.787801,0.652714,0,0,0.958525,0,0,1,1,1,0,0
16599,READING,1,1,0.978542,0.603293,1.49083,0,0.509553,0,0,0,0,0.814551,0.666296,0,0,0.922953,0,0,1,1,1,0,0
16600,READING,1,1,0.977434,0,1.23028,0,0,0,0,0,0,0.911167,0.675524,0,0,0.695146,0,0,1,1,1,0,0
16601,READING,1,1,0.974971,0,1.43115,0,0,0,0,0,0,0.745628,0.637996,0,0,0,0,0,1,1,1,0,0
16602,READING,1,1,0.985222,0,1.0372,0,0,0,0.976282,0,0,0.59569,0.616205,0,0,1.226,0,0,1,1,1,0,0
16603,READING,1,1,0.986416,0,0.57878,0,0,0,0.984354,0,0.622146,0.592817,0.808646,0,0,2.82006,0,0,1,1,1,0,0
16604,READING,1,1,0.987352,0,0.738927,0.568178,0.604231,0,1.04924,0,0.574807,0,0.902901,0,0.532079,3.75128,0,0,1,1,1,0,0
16605,READING,1,1,0.987339,0.531661,0.968214,0.521049,0.862879,0,0.929299,0,0.605222,0,0.795601,0,0,3.43236,0,0,1,1,1,0,0
16606,READING,1,1,0.99011,0,0.714535,0.620855,1.07699,0,1.14038,0,0.685721,0,0.775211,0,0,3.65447,0,0,1,1,1,0,0
16607,READING,1,1,0.99008,0,0.727417,0.713091,1.19216,0,1.29101,0,0.734808,0,0.735293,0,0,4.1275,0,0,1,1,1,0,0
16608,READING,1,1,0.990736,0,0.8382,0.548644,1.23423,0,1.15078,0,0.706838,0,0.811314,0,0,4.17541,0,0,1,1,1,0,0
16609,READING,1,1,0.990682,0,0.763029,0,1.18296,0,1.09038,0,0.79916,0,0.653979,0,0,4.0583,0,0,1,1,1,0,0
16610,READING,1,1,0.990263,0,0.700608,0.575952,1.23936,0,0.968002,0,0.753176,0,0.692646,0,0,4.21594,0,0,1,1,1,0,0
16611,READING,1,1,0.989426,0,0.608834,0,1.11987,0,1.07665,0,0.768664,0,0.77374,0,0,4.26055,0,0,1,1,1,0,0
16612,READING,1,1,0.98959,0,0.664809,0.500411,1.01978,0,1.07784,0,0.840828,0,0.681109,0,0,4.47227,0,0,1,1,1,0,0
16613,READING,1,1,0.98899,0,0.743642,0.590378,1.18438,0,0.998251,0,0.877675,0,0.587049,0,0,4.43532,0,0,1,1,1,0,0
16614,READING,1,1,0.988533,0,0.908097,0.736119,1.22534,0,0.941959,0,0.879295,0,0.586417,0,0,4.25022,0,0,1,1,1,0,0
16615,READING,1,1,0.988044,0,0.990363,0.662088,1.18665,0,0.866231,0,0.858574,0,0,0,0,4.58583,0,0,1,1,1,0,0
16616,READING,1,1,0.988216,0,0.920654,0.630165,1.05373,0,0.859619,0,0.834031,0,0,0,0,4.46875,0,0,1,1,1,0,0
16617,READING,1,1,0.984914,0,0.710056,0.66054,0.605413,0,0.900372,0,0.770395,0,0.522584,0,0,3.98893,0,0,1,1,1,0,0
16618,READING,1,1,0.983223,0,0.561075,0,0.596037,0,0.710208,0,0.674121,0,0,0,0,3.86553,0,0,1,1,1,0,0
16619,READING,1,1,0.980136,0,0,0,0.585013,0,0,0,0.59236,0.86311,0,0,0,3.13883,0,0,1,0,1,0,0
16620,READING,1,1,0.974793,0,0,0,0.681743,0,0,0,0,1.37656,0,0,0,2.96141,0,0,1,0,1,0,0
16621,READING,1,1,0.967202,0.614679,0,0,0.72542,0,0,0,0.512999,1.51447,0,0,0,2.3208,0,0,1,0,0,0,0
16622,READING,1,1,0.966909,0.51658,0,0,0.733567,0,0,0.603878,0.596119,1.58991,0,0,0,0.93929,0,0,1,1,0,0,0
16682,READING,1,1,0.984782,0,0,0,0,0,0.753914,0.685607,1.06319,0.730828,0,0,0.560225,0,0,0,1,1,0,0,0
16683,READING,1,1,0.983802,0,0,0,0,0,0.666797,0.593445,0.787132,0.78315,0,0,0,0,0,0,1,1,0,0,0
16684,READING,1,1,0.984311,0,0,0,0,0,0.85772,0.525237,0.73662,0.757291,0,0,0.651825,0,0,0,1,1,0,0,0
16685,READING,1,1,0.984701,0,0,0,0,0,0.77201,0.563379,0.811439,0.978711,0,0,0.603296,0,0,0,1,1,0,0,0
16686,,1,1,0.984648,0,0,0,0,0,0.902513,0,0.847239,0.772945,0,0,0.623204,0,0,0,1,1,0,0,0
16687,,1,1,0.975074,0,0,0,0,0,0.885749,0,0.807889,0.648586,0,0,0,0,0,0,1,1,0,0,0
16688,,1,1,0.971489,0,0,0,0,0,0.686744,0,0.628394,0.657253,0,0,0,0,0,0,1,1,0,0,0
16689,,1,1,0.973104,0,0,0,0,0,0.871825,0,0.694133,0.591804,0,0,0,0,0,0,1,1,0,0,0
16690,,1,1,0.976764,0,0,0,0,0,0.751904,0,0.656252,0.55051,0,0,0,0,0,0,1,1,0,0,0
16691,,1,1,0.979417,0,0,0,0,0,0.888074,0,0.702157,0.509667,0,0,0,0,0,0,1,1,0,0,0
16692,,1,1,0.981812,0,0,0,0,0,0.741597,0,0.714072,0.521479,0,0,0,0,0,0,1,1,0,0,0
16693,,1,1,0.981692,0,0,0,0,0,0.793288,0,0.683034,0,0,0,0,0,0,0,1,1,0,0,0
16694,,1,1,0.980471,0,0,0,0,0,0.628521,0,0.63093,0,0,0,0,0,0,0,1,1,0,0,0
16695,,1,1,0.979,0,0,0,0,0,0.637739,0,0.690117,0.588165,0,0,0,0,0,0,1,1,0,0,0
16696,,1,1,0.980286,0,0,0,0,0,0.578066,0,0.72137,0.56858,0,0,0,0,0,0,1,1,0,0,0
16697,,1,1,0.978725,0,0,0,0,0,0.614929,0,0.662674,0,0,0,0,0,0,0,1,1,0,0,0
16698,,1,1,0.979857,0,0,0,0,0,0.659789,0,0.603916,0,0,0,0,0,0,0,1,1,0,0,0
16699,,1,1,0.979804,0,0,0,0,0,0.692485,0,0.546714,0,0,0,0,0,0,0,1,1,0,0,0
16700,,1,1,0.979687,0,0,0,0,0,0.741004,0,0.574831,0.595044,0,0,0,0,0,0,1,1,0,0,0
16701,,1,1,0.980898,0,0,0,0,0,0.52434,0,0.508769,0.567529,0,0,0,0,0,0,1,1,0,0,0
16702,,1,1,0.981735,0,0,0,0,0,0.516014,0,0.516357,0.570269,0,0,0.504742,0,0,0,1,1,0,0,0
16703,,1,1,0.983189,0,0,0,0,0,0.525021,0,0,0.573914,0,0,0,0,0,0,1,1,0,0,0
16704,,1,1,0.983198,0,0,0,0,0,0,0,0.522113,0.620395,0,0,0,0,0,0,1,1,0,0,0
16705,,1,1,0.982364,0,0,0,0,0,0,0,0.559441,0.769674,0,0,0,0,0,0,1,1,0,0,0
16706,,1,1,0.98258,0,0,0,0,0,0,0,0.531106,0.65629,0,0,0,0,0,0,1,1,0,0,0
16707,,1,1,0.982607,0,0,0,0,0,0,0,0.531316,0.588506,0,0,0,0,0,0,1,1,0,0,0
16708,,1,1,0.983052,0,0,0,0,0,0,0,0,0.568834,0,0,0,0,0,0,1,1,0,0,0
16709,,1,1,0.983387,0,0,0,0,0,0.533209,0,0,0.642256,0,0,0,0,0,0,1,1,0,0,0
16710,,1,1,0.982949,0,0,0,0,0,0,0,0,0.518236,0,0,0,0,0,0,1,1,0,0,0
16711,,1,1,0.982575,0,0,0,0,0,0,0,0,0,0,0,0,0,0,0,1,1,0,0,0
16712,,1,1,0.982403,0,0,0,0,0,0,0,0,0,0,0,0,0,0,0,1,1,0,0,0
16713,,1,1,0.982219,0,0.569168,0,0,0,0,0,0,0,0,0,0,0,0,0,1,1,0,0,0
16714,,1,1,0.983262,0,0.606219,0,0,0,0,0,0,0,0,0,0,0,0,0,1,1,0,0,0
16715,,1,1,0.983791,0,0.574495,0,0,0,0.6398,0,0,0,0,0,0,0,0,0,1,1,0,0,0
16716,,1,1,0.984013,0,0,0,0,0,0.688184,0,0,0.512461,0,0,0,0,0,0,1,1,0,0,0
16717,,1,1,0.983782,0,0,0,0,0,0,0,0,0.540599,0,0,0,0,0,0,1,1,0,0,0
16718,,1,1,0.984827,0,0,0,0,0,0,0,0,0.526716,0,0,0.517577,0,0,0,1,1,0,0,0
16719,,1,1,0.985356,0,0,0,0,0,0,0,0,0.518549,0,0,0,0,0,0,1,1,1,0,0
16720,,1,1,0.986528,0,0,0,0,0,0.554555,0,0,0,0,0,0.618626,0,0,0,1,1,0,0,0
16721,,1,1,0.984993,0,0,0,0,0,0,0,0,0.707342,0.59749,0,0.537714,0,0,0,1,1,0,0,0
16722,,1,1,0.986652,0,0,0,0,0,0,0,0,0.769331,0,0,0,0,0,0,1,1,0,0,0
16723,,1,1,0.985679,0,0,0,0,0,0,0,0,0.798535,0.568601,0.534398,0,0,0,0,1,1,1,0,0
16724,,1,1,0.98489,0,0,0,0,0,0,0,0,0.704115,0,0.515382,0,0,0,0,1,1,1,0,0
16725,,1,1,0.982565,0,0,0,0,0,0,0,0,0.748424,0.555228,0,0,0,0,0,1,1,1,0,0
16726,,1,1,0.978002,0,0,0,0,0,0,0,0,0.67684,0,0,0,0,0,0,1,1,0,0,0
16727,,1,1,0.979689,0,0,0,0,0,0,0,0,0.762053,0.534354,0,0,0,0,0,1,1,0,0,0
16728,,1,1,0.977334,0,0,0,0,0,0,0,0,0.767547,0.554487,0,0,0,0,0,1,1,0,0,0
16729,,1,1,0.981324,0,0,0,0,0,0,0,0,0.732426,0,0,0,0,0,0,1,1,0,0,0
16730,,1,1,0.982246,0,0,0,0,0,0,0,0,0.665635,0.517305,0,0,0,0,0,1,1,0,0,0
16731,,1,1,0.982004,0,0,0,0,0,0,0.512226,0,0.882892,0.663485,0,0,0,0,0,1,1,0,0,0
16732,,1,1,0.979564,0,0,0,0,0,0,0.549552,0,0.781271,0,0.530694,0,0,0,0,1,1,0,0,0
16733,,1,1,0.980543,0,0,0,0,0,0,0.565945,0,0.954474,0,0.501328,0,0,0,0,1,1,0,0,0
16734,,1,1,0.9813,0,0,0,0,0,0,0.612627,0,0.979934,0,0,0,0,0,0,1,1,0,0,0
16735,,1,1,0.979383,0,0,0,0,0,0,0.648523,0,0.969252,0.520409,0,0,0,0,0,1,1,0,0,0
16736,,1,1,0.976549,0,0,0,0,0,0,0.586204,0,0.987224,0,0,0,0,0,0,1,1,0,0,0
16737,,1,1,0.975591,0,0,0,0,0,0,0.668697,0,1.14943,0,0,0,0,0,0,1,1,0,0,0
16738,,1,1,0.974998,0,0,0,0,0,0,0,0,1.02686,0,0,0,0,0,0,1,1,0,0,0
16739,,1,1,0.968074,0.595862,0,0,0,0,0,0.51203,0,1.00993,0,0,0,0,0,0,1,0,0,0,0
16740,,1,1,0.965488,0,0,0,0,0,0,0,0,1.08486,0,0,0,0,0,0,1,0,0,0,0
16741,,1,1,0.928751,0,0,0,0,0,0,0,0,0.854443,0,0,0,0,0,1,1,0,0,0,0
16743,SLEEP,1,1,0.979327,0,0,0,0,0,0,0.526127,0,0.825657,0,0,0,0,0,0,1,0,0,0,0
16744,SLEEP,1,1,0.948881,0,0,0,0,0,0,0,0,0.901425,0,0,0,0,0,1,1,0,0,0,0
