time_stamp,word,frame,success,confidence,AU01_r,AU02_r,AU04_r,AU05_r,AU06_r,AU09_r,AU10_r,AU12_r,AU14_r,AU15_r,AU17_r,AU20_r,AU25_r,AU26_r,AU04_c,AU12_c,AU15_c,AU23_c,AU28_c,AU45_c,speaker_gender,listener_gender
43375,NAILBRUSH,1,1,0.922082,1.9001,0,0,1.41616,0.669828,0.979803,0.795399,2.18584,0,0.835381,0,0,2.98939,0.656443,0,1,0,1,0,1,w,m
43376,NAILBRUSH,1,1,0.926388,1.78859,0,0,1.42362,0.612178,0.994794,0.72178,1.95676,0,0.755966,0,0,2.16403,0,0,1,0,1,0,1,w,m
43377,NAILBRUSH,1,1,0.918683,2.02023,0,0,1.69548,0.590753,1.24284,0.743573,2.08921,0,0.735721,0,0,1.49327,0.502455,0,1,0,1,0,1,w,m
43378,NAILBRUSH,1,1,0.948249,1.98703,0.547733,0,1.58521,0.628967,1.12694,0.773398,1.99911,0,0.800837,0,0,1.52753,0,0,1,0,1,0,1,w,m
43379,NAILBRUSH,1,1,0.939018,1.68672,0,0,1.46145,0.538082,0.761212,0.649106,2.03856,0,0.683868,0,0,1.77905,0.56483,0,1,0,1,0,1,w,m
43380,NAILBRUSH,1,1,0.946495,1.74143,0.528704,0,1.49082,0.542547,0.959514,0.559376,2.09874,0,0,0,0,1.97118,0.597145,0,1,0,1,0,1,w,m
43381,NAILBRUSH,1,1,0.950158,1.64509,0,0,1.55052,0.545569,0.82516,0.573911,1.99488,0,0,0,0,2.00164,0,0,1,0,1,0,1,w,m
43382,NAILBRUSH,1,1,0.938764,1.6583,0.55248,0,1.48312,0,0.711012,0,2.00744,0,0,0,0,2.19366,0,0,1,0,1,0,1,w,m
43383,NAILBRUSH,1,1,0.934199,1.52821,0,0,1.2275,0,0.8275,0.501044,2.04258,0,0,0,0,1.67146,0,0,1,0,1,0,1,w,m
43384,NAILBRUSH,1,1,0.92634,1.55189,0.577918,0,1.30173,0,0.778957,0,1.86674,0,0.576331,0,0,1.43198,0,0,1,0,1,0,1,w,m
43385,NAILBRUSH,1,1,0.916689,1.53867,0.509476,0,1.43602,0.560621,0.836113,0.594141,2.07265,0,0.57754,0,0,1.08385,0,0,1,0,1,0,1,w,m
43386,NAILBRUSH,1,1,0.921433,1.60885,0,0,1.65754,0.515644,0.98446,0.531791,2.06955,0,0.537841,0,0,1.05634,0,0,1,0,1,0,1,w,m
43387,NAILBRUSH,1,1,0.922728,1.71587,0,0,1.48004,0.587853,0.89604,0.661541,2.23477,0,0.601998,0,0,0.819316,0,0,1,0,1,0,1,w,m
43388,NAILBRUSH,1,1,0.920853,1.63126,0,0,1.57205,0.571318,1.06096,0.601935,2.04793,0,0.552838,0,0,0.91917,0,0,1,0,1,0,1,w,m
43389,NAILBRUSH,1,1,0.919904,1.5788,0,0,1.62103,0.577559,0.954091,0.620234,1.96438,0,0.606143,0,0,0.807452,0,0,1,1,1,0,1,w,m
43390,NAILBRUSH,1,1,0.920504,1.49878,0,0,1.71059,0.566301,0.790756,0.611908,2.09174,0,0.677777,0,0,0,0,0,1,0,1,0,1,w,m
43391,NAILBRUSH,1,1,0.921477,1.61845,0,0,1.64136,0.576664,0.648811,0.601735,2.19161,0,0.541485,0,0,0,0,0,1,0,1,0,1,w,m
43392,NAILBRUSH,1,1,0.927042,1.44846,0,0,1.501,0.587112,0.623015,0.595935,2.13273,0,0.633615,0,0,0,0,0,1,1,1,0,1,w,m
43393,NAILBRUSH,1,1,0.926155,1.26134,0,0,1.39265,0.55894,0.558213,0.570274,2.07659,0,0.650472,0,0,0,0,0,1,0,1,0,1,w,m
43394,NAILBRUSH,1,1,0.939316,1.21483,0,0,1.48423,0.578917,0.586185,0.545248,2.06623,0,0.666885,0,0,0,0,0,1,1,1,0,1,w,m
43395,NAILBRUSH,1,1,0.941981,0.978944,0,0,1.57407,0.586533,0.659854,0.603132,1.93602,0,0.692933,0,0,0,0,0,1,1,1,0,1,w,m
43396,NAILBRUSH,1,1,0.951308,1.00078,0,0,1.44357,0,0.963386,0,1.6379,0,0,0,0,0,0,0,1,1,1,0,1,w,m
43397,NAILBRUSH,1,1,0.922042,1.45166,0,0,0.758732,0,0.834743,0,1.19972,0,0.609235,0,0,0,0,0,1,1,1,0,1,w,m
43398,NAILBRUSH,1,1,0.896848,0.809565,0,0,0.691013,0,0.554524,0,0.813739,0,0.757259,0,0,0,0,0,1,1,0,0,1,w,m
43399,NAILBRUSH,1,1,0.778774,0,0,0,0,0,0,0,0.906374,0,0.874408,0,0,0,0,0,1,0,0,0,0,w,m
43400,NAILBRUSH,1,1,0.938194,0,0,0,1.33868,0,0,0.950875,1.05469,1.3497,1.11123,0,0.819039,0,0,0,1,1,0,0,0,w,m
43401,NAILBRUSH,1,1,0.947963,0,0,0,1.35933,0,0,0.703095,0.677795,1.2209,0.693213,0,0,0,0,1,1,0,0,0,0,w,m
43402,NAILBRUSH,1,1,0.966852,0,0,0,1.27977,0,0,0.769303,0.814934,1.27268,1.08455,0,0,0,0,1,1,1,0,0,0,w,m
43403,NAILBRUSH,1,1,0.950794,0.54994,0,0,1.124,0,0,0.864133,1.00949,0.778795,1.15525,0,0,0,0,0,1,1,0,0,0,w,m
43404,NAILBRUSH,1,1,0.958734,0.621162,0,0,0.943446,0,0.533111,0.612269,1.14668,0.523133,0.82071,0,0,0,0,0,1,1,0,0,1,w,m
43405,NAILBRUSH,1,1,0.959173,0.910852,0,0,0.867675,0,1.04564,0.640113,0.951819,0,0.623848,0,0,0,0,0,1,1,0,0,1,w,m
43406,NAILBRUSH,1,1,0.943609,1.0657,0,0,1.05599,0,0.632622,0.502637,1.41647,0,0,0,0,0,0,0,1,1,0,0,1,w,m
43407,NAILBRUSH,1,1,0.951125,0.816462,0,0,0.940848,0,0.514671,0.551417,1.4698,0,0.50232,0,0,0,0,0,1,1,0,0,1,w,m
43408,NAILBRUSH,1,1,0.944635,0.983644,0,0,1.2486,0,0.717887,0,1.59258,0,0,0,0,0,0,0,1,0,0,0,1,w,m
43409,NAILBRUSH,1,1,0.9554,1.36945,0,0,1.04451,0,0,0,1.51348,0,0,0,0,0,0,0,1,0,0,0,1,w,m
43410,NAILBRUSH,1,1,0.957905,1.38395,0,0,0.995689,0,0.580843,0,1.24021,0,0,0,0,0.837926,0,0,1,0,0,0,1,w,m
43411,NAILBRUSH,1,1,0.969935,1.23053,0,0,1.04959,0,0,0,1.22224,0,0,0,0,0.615117,0,0,1,0,0,0,1,w,m
43412,NAILBRUSH,1,1,0.975112,1.04378,0,0,1.11744,0,1.019,0,0.989591,0,0,0,0,0,0,0,1,0,0,0,1,w,m
43413,NAILBRUSH,1,1,0.971981,0.914363,0,0,0.956666,0,0.89056,0,0.927067,0,0.508024,0,0,0,0,0,1,0,0,0,1,w,m
43414,NAILBRUSH,1,1,0.943776,0.72832,0,0,0.870797,0,0.7788,0,0.902705,0,0.803106,0,0,0,0,0,1,1,1,0,1,w,m
43415,NAILBRUSH,1,1,0.961203,0.664778,0,0,0.831393,0,0.673462,0,0.956434,0,0.560834,0,0,0,0,0,1,1,1,0,1,w,m
43416,NAILBRUSH,1,1,0.954622,0.725507,0,0,0.843902,0,0.930922,0,0.658216,0,0,0,0,0,0,1,1,1,1,0,1,w,m
43417,NAILBRUSH,1,1,0.955719,0.762444,0,0,0.811708,0,0.647174,0,0.745491,0,0,0,0,0,0,1,1,0,1,0,1,w,m
43418,NAILBRUSH,1,1,0.959418,0.900042,0,0,0.999771,0,0,0,0,0,0,0,0,0,0,1,0,0,1,0,1,w,m
43419,NAILBRUSH,1,1,0.950306,1.08176,0,0,0.940226,0,0,0,0,0,0,0,0,0,0,1,0,0,1,0,1,w,m
43420,NAILBRUSH,1,1,0.927675,1.07379,0,0,1.23541,0,0,0,0,0,0,0,0,0,0,1,0,0,1,0,1,w,m
43421,NAILBRUSH,1,1,0.917382,0.837522,0,0,1.39082,0,0,0,0,0,0,0,0,0,0,0,0,0,1,0,1,w,m
43422,NAILBRUSH,1,1,0.927121,0.917073,0,0,1.20237,0,0,0,0,0,0,0,0,0,0,0,0,0,1,0,1,w,m
43423,NAILBRUSH,1,1,0.957364,0,0,0,1.1096,0,0.638195,0,0,0,0.704942,0,0,0.922366,0,0,1,1,1,0,1,w,m
43424,NAILBRUSH,1,1,0.957245,0.715005,0,0,1.10729,0,1.13301,0,0.764922,0,0.990637,0,0,0.525534,0,0,1,1,0,0,1,w,m
43425,NAILBRUSH,1,1,0.95522,0.720189,0,0,1.21221,0,0.836206,0,0.687888,0,0.822523,0,0,0,0,0,1,1,0,0,1,w,m
43426,NAILBRUSH,1,1,0.960734,0.839875,0,0,1.24081,0,0.894713,0,0.823056,0,0.84963,0,0,0,0,0,1,1,0,0,1,w,m
43427,NAILBRUSH,1,1,0.962568,1.18957,0,0,1.20248,0,0.938195,0,0.770374,0,0.771339,0,0.651875,0,0,0,1,1,0,0,1,w,m
43428,NAILBRUSH,1,1,0.969717,1.12758,0,0,1.19741,0,0.527723,0,0.891418,0,0.623547,0,0,0,0,0,1,0,0,0,1,w,m
43429,NAILBRUSH,1,1,0.962371,1.30893,0,0,1.09921,0,0.748401,0,0.760161,0,0,0,0,0.647982,0,0,1,0,0,0,1,w,m
43430,NAILBRUSH,1,1,0.954135,1.40052,0,0,1.02903,0,0,0,0,0,0,0,0,0,0,0,0,0,0,0,1,w,m
43431,NAILBRUSH,1,1,0.970419,1.53779,0,0,1.18316,0,0,0,0,0,0,0,0,0,0,0,0,1,1,0,1,w,m
43432,NAILBRUSH,1,1,0.975598,1.5543,0,0,1.35427,0,0,0,0.560963,0,0,0,0,0,0,0,0,1,1,0,1,w,m
44753,NAILBRUSH,1,1,0.909556,0,0,1.33376,0,0,0,0,0,0,0,0,1.12967,1.32472,1.0298,1,0,1,0,0,1,w,m
44754,NAILBRUSH,1,1,0.845133,0,0,1.18061,0,0,0,0,0,0,0,0,0.901186,1.29358,0.811329,1,0,1,0,0,1,w,m
44755,NAILBRUSH,1,1,0.769783,0,0,0.545765,0,0,0,0,0.821154,0,0,0,0,0,0.650001,1,0,1,0,0,0,w,m
44756,NAILBRUSH,1,1,0.981894,0,0,0,0,0,0,0,0,0,0,0,0,0,0,1,0,1,0,0,0,w,m
44757,NAILBRUSH,1,1,0.982416,0,0,0,0,0,0,0,0,0,0,0,0,0,0,1,0,1,0,0,0,w,m
44758,NAILBRUSH,1,1,0.986307,0,0,0,0,0,0,0,0,0,0,0,0,0,0,1,0,1,0,0,1,w,m
44759,NAILBRUSH,1,1,0.984339,0,0,0,0,0,0,0,0,0,0,0,0,0,0,1,0,1,0,0,1,w,m
44760,NAILBRUSH,1,1,0.982964,0,0,0,0,0,0,0,0,0,0,0,0,0,0,1,0,1,0,0,1,w,m
44761,NAILBRUSH,1,1,0.982822,0,0,0,0,0,0,0,0,0,0,0,0,0,0,1,0,1,0,0,1,w,m
44762,NAILBRUSH,1,1,0.980574,0,0,0,0,0,0,0,0,0,0,0,0,0,0,1,0,0,0,0,0,w,m
44763,NAILBRUSH,1,1,0.976792,0,0,0,0,0,0,0,0,0,0,0,0,0,0,1,0,1,0,0,0,w,m
44764,NAILBRUSH,1,1,0.971386,0,0,0,0,0,0,0,0,0,0,0,0.6362,0,0,1,0,0,0,0,0,w,m
44765,NAILBRUSH,1,1,0.964579,0,0,0,0,0,0.535898,0,0,0,0,0.531476,0.886316,0,0,1,0,1,0,0,0,w,m
44766,NAILBRUSH,1,1,0.947739,0,0,0,0,0,0,0,0,0,0,0.609148,0.898234,0,0,1,0,1,0,0,0,w,m
44767,NAILBRUSH,1,1,0.944513,0,0,0,0,0,0,0,0,0,0,0.63218,0.947237,0,0,1,0,0,0,0,0,w,m
44768,NAILBRUSH,1,1,0.921708,0,0,0,0,0,0.569882,0,0,0,0,0.653336,0.970249,0,0,1,0,0,0,0,0,w,m
44769,NAILBRUSH,1,1,0.970938,0,0,0,0,0,0,0,0,0,0,0.633048,1.48509,0,0,1,0,0,0,0,0,w,m
44770,NAILBRUSH,1,1,0.977952,0,0,0,0,0,0,0,0,0,0,0,1.24955,0,0,1,0,0,0,0,0,w,m
44771,NAILBRUSH,1,1,0.977128,0,0,0,0,0,0,0,0,0,0,0.564017,1.34377,0,0,1,0,0,0,0,0,w,m
44772,NAILBRUSH,1,1,0.971876,0,0,0,0,0,0,0,0,0,0,0,1.03909,0,0,1,0,0,0,0,1,w,m
44773,NAILBRUSH,1,1,0.953917,0,0,0,0,0,0,0,0,0,0.788814,0,0,0,0,1,0,0,0,0,1,w,m
44774,NAILBRUSH,1,1,0.942538,0,0,0,0,0,0,0,0,0,1.32321,0,0,0.525627,0,1,0,0,0,0,1,w,m
44775,NAILBRUSH,1,1,0.931694,1.05787,1.15405,0,0,0,0,0,0,0,1.084,0,0,0,0.671885,1,0,0,1,0,1,w,m
44776,NAILBRUSH,1,1,0.750495,0.876834,0,0,0,0,0.787476,0,0,0,1.38328,0,1.22886,1.11648,0.785384,0,0,1,0,1,0,w,m
44777,NAILBRUSH,1,1,0.870665,0,0,0,0.576328,0,0,0,1.02139,0,0.541843,0,2.3657,2.65179,0.540828,0,1,1,1,0,0,w,m
44778,NAILBRUSH,1,1,0.745756,0,2.73184,0,0.503615,0,0,0,0.621106,0,0.849787,0,0.859042,0,0,0,1,1,1,1,0,w,m
44982,NAILBRUSH,1,1,0.978052,0,0,0,0,0.531556,0.912538,0.84365,0.750776,1.64132,0,0.561976,0.921095,0,0,1,1,1,0,0,0,w,m
44983,NAILBRUSH,1,1,0.98311,0,0,0,0,0.595283,0.770331,0.92006,0.738101,1.59417,0,0,0.703411,0,0,1,1,1,0,0,0,w,m
44984,NAILBRUSH,1,1,0.983704,0,0,0,0,0,0.552566,0.813603,0.524393,1.43339,0,0,0.758621,0,0,1,1,0,0,0,0,w,m
44985,NAILBRUSH,1,1,0.977196,0,0,0,0,0,0,0.84605,0.542981,1.52867,0,0,0,0,0,1,1,0,0,0,0,w,m
44986,NAILBRUSH,1,1,0.978122,0,0,0,0,0,0,0.774737,0.670313,1.49786,0,0,0,0,0,1,1,0,0,0,0,w,m
44987,NAILBRUSH,1,1,0.983126,0,0,0,0,0,0.776277,0.882762,0.637523,1.7771,0,0,0.71188,0,0,0,1,1,0,0,0,w,m
44988,NAILBRUSH,1,1,0.982592,0,0,0,0,0,0.664177,0.818338,0.704336,1.66591,0,0,0,0,0,0,1,0,0,0,0,w,m
44989,NAILBRUSH,1,1,0.979882,0,0,0,0,0,1.00776,0.822932,0.737766,1.68108,0,0,0,0,0,1,1,0,0,0,0,w,m
44990,NAILBRUSH,1,1,0.982247,0,0,0,0,0,1.03511,0.830031,0.836839,1.86054,0,0,0,0,0,1,1,0,0,0,0,w,m
44991,NAILBRUSH,1,1,0.985633,0,0,0,0,0.505095,1.07722,0.882771,1.01543,1.76454,0,0,0.570148,0,0,1,1,0,0,0,0,w,m
44992,NAILBRUSH,1,1,0.977451,0,0,0,0,0,0,0.734091,0.909357,1.74757,0,0,1.48908,0,0,1,1,0,0,0,0,w,m
44993,NAILBRUSH,1,1,0.92433,0.722275,0.808308,0,0,0,0,0.697066,1.05153,1.2582,0,0,0.536056,0,0,1,1,0,0,0,0,w,m
44994,NAILBRUSH,1,1,0.791177,0.751165,0.631183,0,0,0,0,0,0,0,0.781699,0,0,0,0,0,0,0,0,0,0,w,m
44995,NAILBRUSH,1,1,0.974046,0,0,0,0,0,0,0,1.15753,1.4213,0,0.72593,1.87997,0,0,0,1,1,0,0,1,w,m
44996,NAILBRUSH,1,1,0.963568,0.69054,1.89244,0,0,0,0,0,1.37755,1.53702,0,0,0,0,0,1,1,0,0,0,0,w,m
