time_stamp,word,frame,success,confidence,AU01_r,AU02_r,AU04_r,AU05_r,AU06_r,AU09_r,AU10_r,AU12_r,AU14_r,AU15_r,AU17_r,AU20_r,AU25_r,AU26_r,AU04_c,AU12_c,AU15_c,AU23_c,AU28_c,AU45_c,speaker_gender,listener_gender
19054,PT:FBUOY,1,1,0.889926,0.542127,0,0,0,0,0,0,0.508742,0,1.20329,0.94569,2.08105,0,0.528314,0,0,1,0,0,0,m,m
19160,PT:FBUOY,1,1,0.832906,0.986484,1.26412,0.830569,0,0,0,0,0.532031,0,0,0,2.01982,0,0,1,0,0,1,0,0,m,m
19161,PT:FBUOY,1,1,0.876822,0.869954,0.966981,1.15865,0,0,0,0,0.716694,0,0.558547,0.704389,2.4267,0,0,0,0,0,1,0,1,m,m
2400,PT:FBUOY,1,1,0.984873,0,0,0,0,0,0.893291,0,0,0,0.561268,0,0.611977,0,0,0,0,0,0,0,0,m,m
2401,PT:FBUOY,1,1,0.982776,0,0,0,0,0,0.58806,0,0,0,1.02603,0,0.814878,0,0,0,0,1,0,0,0,m,m
2402,PT:FBUOY,1,1,0.983704,0.622297,0,0,0.707068,0,0.611644,0,0,0,1.02718,0,0.720553,0,0,0,0,1,0,0,0,m,m
2403,PT:FBUOY,1,1,0.983869,0,0,0,0.847314,0,0,0,0,0,0.993131,0,0.665732,0,0,0,0,1,0,0,0,m,m
2404,PT:FBUOY,1,1,0.981463,0,0,0,0.888778,0,0,0,0,0,0,0,0.612381,1.37885,0,0,0,0,0,0,0,m,m
2405,PT:FBUOY,1,1,0.97736,0.989602,0,0,0,0,0,0,0,0,0.629049,0,0,0,0,0,0,0,0,0,0,m,m
