time_stamp,word,frame,success,confidence,AU01_r,AU02_r,AU04_r,AU05_r,AU06_r,AU09_r,AU10_r,AU12_r,AU14_r,AU15_r,AU17_r,AU20_r,AU25_r,AU26_r,AU04_c,AU12_c,AU15_c,AU23_c,AU28_c,AU45_c,speaker_gender,listener_gender
20262,UNIT,1,1,0.817192,0.932458,0,0.641003,1.17657,0,1.29629,0,0,0,0,0,1.83067,1.2687,0,1,1,0,0,0,0,m,w
45376,UNIT,1,1,0.890636,0,0,1.35182,0,0,1.02333,0.81721,0.551794,1.28816,0,0.814999,0,0,0,1,1,1,0,0,0,m,w
45388,UNIT,1,1,0.949319,0,0,2.09912,0,0.625013,1.96325,1.10602,0.918846,1.74493,0,0.529053,0,1.17283,0,1,1,0,1,0,0,m,w
45389,UNIT,1,1,0.938867,0,0,2.26423,0,0.585901,1.36722,1.10613,0.975394,1.90088,0,0.879405,0,0.787827,0.526285,1,1,0,1,0,0,m,w
45390,UNIT,1,1,0.951851,0,0,1.47593,0,0,2.00595,0.655503,0,1.52082,0,0.745603,0,0,0,1,0,1,1,0,0,m,w
45391,UNIT,1,1,0.915942,0,0,1.41895,0,0,1.24005,0.934899,0,1.43821,0.92276,1.04312,0,0,0,1,0,1,0,0,0,m,w
45392,UNIT,1,1,0.920602,0,0,0.714631,0,0,1.28572,0.743744,0,1.16069,0,0.817072,0,0,0,1,0,1,0,0,0,m,w
45393,UNIT,1,1,0.921325,0,0,0,0,0,0,0.677188,0,1.3569,0.581272,0.956596,0,0.518664,0,1,1,1,0,0,0,m,w
45394,UNIT,1,1,0.937559,0,0,0,0,0,0,0,0,1.32913,0.613408,0.998071,0,1.61372,0,1,0,1,0,0,0,m,w
45395,UNIT,1,1,0.94131,0,0,0.675258,0,0,0,0,0,1.30704,0.681689,1.15011,0,0.815078,0,1,0,1,0,0,0,m,w
45396,UNIT,1,1,0.946771,0,0,0.647763,0,0,0,0,0,1.26826,0.779697,1.07494,0,1.42436,0,1,0,1,0,0,0,m,w
45397,UNIT,1,1,0.94819,0,0,0.758131,0,0,0.544621,0.563197,0,1.42644,0.654076,1.19885,0,1.80734,0,1,0,1,0,0,0,m,w
45398,UNIT,1,1,0.935892,0,0,0.776768,0,0,0.694605,0.533151,0,1.46997,0.510998,1.139,0,1.23422,0,1,0,1,1,0,0,m,w
45399,UNIT,1,1,0.925469,0,0,0.876822,0,0,0.554136,0.582065,0,1.649,0.769803,1.16639,0,1.68607,0,1,0,1,1,0,0,m,w
45400,UNIT,1,1,0.925599,0,0,0.883354,0,0,0.575173,0.529992,0,1.62386,0.621226,1.1827,0,1.48839,0,1,0,1,1,0,0,m,w
45401,UNIT,1,1,0.908032,0,0,0.705167,0,0,0,0.540909,0,1.57401,0.602576,1.13522,0,1.55554,0,1,0,1,1,0,0,m,w
45402,UNIT,1,1,0.912481,0,0,0.860724,0,0,0.828459,0,0,1.64953,0,1.09978,0,1.43786,0,1,0,1,1,0,0,m,w
45403,UNIT,1,1,0.912864,0,0,1.06524,0,0,0.773375,0.515088,0,1.4731,0.540814,1.06429,0,1.74607,0,1,0,0,1,0,0,m,w
45404,UNIT,1,1,0.916213,0,0,1.00138,0,0,0.723528,0.525807,0,1.57217,0,1.03744,0,1.27107,0,1,0,1,1,0,0,m,w
45405,UNIT,1,1,0.918917,0,0,0.919719,0,0,0.852416,0.54275,0,1.73342,0,1.07437,0,1.78619,0,1,0,1,1,0,0,m,w
45406,UNIT,1,1,0.917092,0,0,0.74454,0,0,0.698814,0.564063,0,1.59293,0,1.07056,0,1.39418,0,1,0,0,1,0,0,m,w
1934,UNIT,1,1,0.965606,0.771933,0,0.634548,0,0.931582,0.763967,1.06397,1.72463,1.66941,0,0,0,0,0,0,1,0,0,0,1,m,w
1935,UNIT,1,1,0.961142,0.774057,0,0,0,0.926245,0,0.964983,1.56329,1.4705,0,0,0,0,0,0,1,0,0,0,1,m,w
1936,UNIT,1,1,0.960784,0,0,0.519623,0.548084,0.946827,0.596309,0.813149,1.51503,1.66295,0,0,0.686687,0,0,0,1,0,1,0,1,m,w
1937,UNIT,1,1,0.959633,0,0.521465,0.688028,0,0.992285,0.611198,0.947805,1.4831,1.47201,0,0,0,0,0,0,1,0,0,0,0,m,w
1938,UNIT,1,1,0.946819,0,0,0.560728,0.802665,1.04711,0,0.920168,1.42758,1.36205,0,0,0,0,0,0,1,0,1,0,0,m,w
1939,UNIT,1,1,0.949574,0,0,0,0.813847,1.0994,0,1.14757,1.54403,1.28888,0,0,0,0,0,0,1,0,0,0,0,m,w
1940,UNIT,1,1,0.958919,0,0,0,0.79076,1.05831,0,1.05733,1.55029,1.63737,0,0.678629,0,0.82274,0,0,1,0,1,0,0,m,w
1941,UNIT,1,1,0.944518,0,0.676178,0,0.731148,1.29062,0,1.46023,1.39415,1.80015,0,1.2089,0,0,0,0,1,0,0,0,0,m,w
1942,UNIT,1,1,0.920575,0,0.964069,0,0.571216,1.19362,0,1.28035,1.34296,2.0064,0,1.181,0,0,0,0,1,1,0,0,0,m,w
1943,UNIT,1,1,0.925392,0,0,0,0.533942,1.16592,0,1.36759,1.42006,2.06392,0,1.1143,0.817174,0,0,0,1,1,0,0,0,m,w
1944,UNIT,1,1,0.937217,0,0.501658,0.546923,0,1.10744,0,1.28766,1.24039,2.03577,0.764101,0.962375,0.797575,0,0,0,1,1,0,0,0,m,w
1945,UNIT,1,1,0.946812,0,0.517332,0,0.86943,1.17374,0,1.40099,1.29005,1.89704,0.828262,1.04907,0.912052,0,0,0,1,1,0,0,0,m,w
1946,UNIT,1,1,0.943608,0,0.907339,0,0.546122,1.04601,0,1.23443,1.19516,1.66205,0.682708,0.863764,0.720286,0,0,0,1,1,0,0,0,m,w
1947,UNIT,1,1,0.943671,0,0.761224,0,0,1.07557,0,1.26735,1.30408,1.71633,0.773434,0.913296,0.710618,0,0,0,1,1,0,0,0,m,w
1948,UNIT,1,1,0.955605,0,0.598904,0,0.605218,0.922846,0,1.07696,1.05886,1.64363,0.79278,0.817942,0,0,0,0,1,1,0,0,0,m,w
1949,UNIT,1,1,0.93992,0,0,0,0,0.903458,0,1.08964,0.807967,1.48293,0.894804,0.87817,0,0,0,0,1,1,0,0,0,m,w
1950,UNIT,1,1,0.950377,0.709867,0.756324,0,0,0.834205,0,0.871045,0.800719,1.30035,0.820852,0.675933,0,0,0,0,1,1,0,0,0,m,w
1951,UNIT,1,1,0.960009,0,0,0,0,0.819353,0.652415,0.848032,0.719651,1.19911,0.919627,0.880577,0,0,0,0,1,1,1,0,0,m,w
1952,UNIT,1,1,0.971848,0,0,0,0,0.661749,0.552345,0.639506,0.757238,0.892648,0.538094,0,0,0,0,0,1,0,1,0,0,m,w
1953,UNIT,1,1,0.973313,0,0,0,0,0.619653,0.961808,0.693951,0.781111,0.869735,0.52743,0,0,0,0,0,1,0,1,0,0,m,w
1954,UNIT,1,1,0.960408,0.61758,0,0,0,0.519416,1.10289,0.628779,0.722194,0.84922,0,0,0,0.624807,0,0,1,0,1,0,0,m,w
1955,UNIT,1,1,0.965503,0.5722,0,0,0,0.58194,1.29484,0.700123,0.953197,0.71449,0,0,0,0,0,0,1,0,1,0,0,m,w
1956,UNIT,1,1,0.980238,0,0,0,0,0.575738,1.33234,0.60474,0.600731,0,0,0,0,0.702778,0,0,1,0,1,0,0,m,w
1957,UNIT,1,1,0.978073,0,0,0,0,0.746581,1.74748,0.820759,0.502548,0,0,0,0,1.59417,0,0,1,0,1,0,0,m,w
1958,UNIT,1,1,0.974666,0,0.511865,0,0,0.647288,1.19574,0.796614,0.578574,0,0,0,0.60314,2.44106,0,0,1,0,1,0,0,m,w
1959,UNIT,1,1,0.976661,0,0,0,0.594694,0.643379,0.849056,0.780456,0.644228,0,0,0,0.685699,2.59723,0,0,1,1,1,0,0,m,w
1960,UNIT,1,1,0.979428,0,0,0,0.518468,0.555155,0.720243,0.613669,0.55742,0,0,0.53722,0.621425,2.23857,0,0,1,0,1,0,0,m,w
1961,UNIT,1,1,0.98183,0,0,0,0,0.54949,1.07701,0.675249,0,0,0,0.632852,0,2.04221,0,0,1,0,1,0,0,m,w
1962,UNIT,1,1,0.974339,0,0,0,0.554018,0,1.26028,0.546035,0,0.722464,0,0.669378,0,1.49589,0,0,1,0,1,0,0,m,w
1963,UNIT,1,1,0.976167,0,0,0,0.583438,0,1.15954,0.647873,0,0.721903,0,0.649346,0,1.03029,0,0,1,0,1,0,0,m,w
1964,UNIT,1,1,0.976961,0,0,0,0,0,0.976499,0.629581,0,0.742126,0,0,0,1.06792,0,0,1,0,1,0,0,m,w
1965,UNIT,1,1,0.975331,0,0,0,0,0.577433,1.24926,0.776839,0,0.759799,0,0.645669,0.514527,0.948789,0,0,1,0,1,0,0,m,w
1966,UNIT,1,1,0.977278,0,0,0,0,0,1.21534,0.517707,0,0.912124,0,0.736235,0.521359,1.03917,0,0,1,0,1,0,0,m,w
1967,UNIT,1,1,0.960985,0,0,0,0,0,1.5017,0,0,1.13375,0,0.888707,0.525586,1.03504,0,0,1,0,1,0,0,m,w
1968,UNIT,1,1,0.957823,0,0,0,0,0,1.00256,0,0,0.823543,0,0.79785,0.509338,1.13388,0,0,1,0,1,0,0,m,w
1969,UNIT,1,1,0.95693,0,0,0,0,0,1.03871,0.579554,0.579929,0.675214,0,0.753445,0.59109,0,0,0,1,0,1,0,0,m,w
1970,UNIT,1,1,0.959389,0.764934,0,0,0,0,0.97543,0,0.521597,0.595164,0,0.78298,0.507857,0,0,0,1,1,1,0,0,m,w
1971,UNIT,1,1,0.955467,0.840641,0,0,0,0,1.23935,0.507858,0.988799,0.717179,0,0.872491,0,0,0,0,1,1,1,0,0,m,w
1972,UNIT,1,1,0.963078,1.02282,0,0,0,0,1.19456,0,0.750909,0.706122,0.535947,0.993799,0,0,0,0,0,1,1,0,0,m,w
1973,UNIT,1,1,0.958843,1.0961,0,0,0,0,1.37693,0,0.888943,0.604981,0,1.0122,0,0,0,0,0,1,1,0,0,m,w
1974,UNIT,1,1,0.954643,0.938866,0,0,0,0,1.14527,0,0.982117,0.683632,0.569626,0.892058,0,0,0,0,0,1,1,0,0,m,w
1975,UNIT,1,1,0.940976,1.21283,0.541173,0,0,0,1.25229,0,1.03712,0.686727,0.619606,0.968841,0,0,0,0,0,1,1,0,0,m,w
1976,UNIT,1,1,0.95438,1.28163,0,0,0,0,1.18576,0,0.858935,0,1.00934,0.920058,0,0,0,0,0,1,0,0,0,m,w
1977,UNIT,1,1,0.955027,1.45745,0.582765,0,0,0,0.699853,0,0,0.63306,1.63375,1.07037,0,0,0,0,0,1,0,0,0,m,w
1978,UNIT,1,1,0.938884,1.80748,0.888304,0,0,0,1.35251,0,0,0,1.93463,0.9281,0,0,0,0,0,1,0,0,0,m,w
1982,UNIT,1,1,0.917039,2.15334,0,0.709989,0,0,0,0,0,0,2.52106,0.765104,0,0,0,0,0,1,0,0,1,m,w
1983,UNIT,1,1,0.872027,2.05247,0,0,0.576548,0,0,0,0,0,2.52174,0.864113,0,0,0,0,0,1,0,0,1,m,w
1984,UNIT,1,1,0.89402,1.43846,0,0,0,0,0,0,0,0,2.39771,0,0,0,0,0,0,1,0,0,1,m,w
1985,UNIT,1,1,0.894201,1.91746,0,0,0,0,0,0,0,0,2.27877,0,0.583413,0,0,0,0,1,0,0,1,m,w
1986,UNIT,1,1,0.896877,1.68628,0,0,0,0,0,0,0,0,2.08211,0,0.606597,1.075,0,0,0,1,0,0,0,m,w
1987,UNIT,1,1,0.940821,1.62684,0.564771,0,0,0,0,0,0,0,2.32871,0,0.690588,1.17872,0,0,0,1,0,0,0,m,w
1988,UNIT,1,1,0.957919,1.47718,0.867568,0,0,0,0,0,0,0,2.61922,0,0,1.40291,0,0,0,1,0,0,0,m,w
1989,UNIT,1,1,0.965416,1.57213,1.31545,0,0,0,0,0,0,0,2.7444,0.504932,0,1.71444,0,0,0,1,1,0,0,m,w
1990,UNIT,1,1,0.973824,1.89272,1.39019,0,0,0,0,0,0,0,2.29102,0,0,1.94177,0,0,0,1,0,0,0,m,w
1991,UNIT,1,1,0.972811,2.03542,1.29107,0,0,0,0,0,0,0,2.48745,0,0,2.00389,0,0,0,1,0,0,0,m,w
1992,UNIT,1,1,0.922441,1.86807,1.44068,0,0,0,0,0,0,0,2.18416,0,0,1.90941,0.535853,1,0,1,0,0,0,m,w
1993,UNIT,1,1,0.912202,1.60613,1.37674,0,0,0,0,0,0,0,2.58392,0,0,1.66377,0.625102,1,0,1,0,0,0,m,w
1994,UNIT,1,1,0.921219,1.45095,1.28827,0,0,0,0,0,0,0,2.40896,0,0,1.55897,0.681519,1,0,1,0,0,0,m,w
1995,UNIT,1,1,0.913904,1.27662,1.16931,0,0,0,0,0,0,0,2.53466,0,0,1.29669,0.660976,1,0,1,0,0,0,m,w
1996,UNIT,1,1,0.914164,1.29223,1.38887,0,0,0,0,0,0,0,2.47673,0,0,1.61252,0.680661,0,0,1,0,0,0,m,w
1997,UNIT,1,1,0.914007,1.39433,1.39997,0.562783,0,0,0,0,0,0,2.64391,0.657657,0,1.97908,0.625955,0,0,1,0,0,0,m,w
1998,UNIT,1,1,0.951946,1.35661,1.48558,0,0,0,0,0,0,0,2.21572,0.64578,0,1.8177,0.551404,0,0,1,0,0,0,m,w
1999,UNIT,1,1,0.939287,1.45891,1.78838,0,0,0,0,0,0,0,2.32459,0.794365,0,2.15364,0.626462,0,0,1,0,0,0,m,w
2000,UNIT,1,1,0.952698,1.64761,1.54217,0,0,0,0,0,0,0,1.85652,0.50529,0,4.43554,0.933063,0,0,1,0,0,0,m,w
2001,UNIT,1,1,0.956741,1.96915,1.7686,0,0,0,0,0,0,0,1.57283,0.528565,0,4.50966,0.909808,0,0,1,0,0,0,m,w
2002,UNIT,1,1,0.955143,2.01628,1.87318,0.56782,0,0,0,0,0,0,1.45405,0.511485,0,4.83023,0.818358,0,0,0,0,0,0,m,w
2003,UNIT,1,1,0.967191,1.89338,1.95182,0.506515,0,0,0,0,0,0,1.57741,0.52316,0,4.51872,0.825399,0,0,1,0,0,0,m,w
2004,UNIT,1,1,0.972079,1.79802,1.73992,0.715164,0.578593,0,0,0,0,0,1.57304,0.596149,0,4.44626,0.87127,0,0,1,0,0,0,m,w
2005,UNIT,1,1,0.973058,1.50833,1.90607,0.740223,0.571977,0,0.515985,0,0,0,2.3063,0.685078,0,4.49711,0.831041,0,0,1,0,0,0,m,w
2006,UNIT,1,1,0.970713,1.46542,1.78619,0.556298,0.64428,0,0,0,0,0,1.92292,0.507531,0,3.92445,0.632531,0,0,1,0,0,0,m,w
2007,UNIT,1,1,0.980673,1.45129,1.7651,0,0,0,0.675229,0,0,0,1.41878,0.577109,0,3.17014,0,0,0,1,0,0,0,m,w
2008,UNIT,1,1,0.985873,1.45771,2.05648,0,0,0,0,0,0.508901,0,1.54973,0.543642,0,3.70081,0,0,0,1,0,0,0,m,w
2009,UNIT,1,1,0.985877,1.4302,1.50293,0,0.505139,0,0.616686,0,0,0,1.33146,0.749047,0,3.13537,0,0,0,1,0,0,0,m,w
2010,UNIT,1,1,0.985692,1.06679,1.40206,0.7158,0,0,0.628052,0,0,0,1.37337,0.522578,0,3.89698,0,0,0,1,0,0,0,m,w
2011,UNIT,1,1,0.982287,0.906295,1.6018,0.597547,0,0,0.828761,0,0,0,1.19111,0.544188,0,3.71172,0,0,0,1,0,0,0,m,w
2012,UNIT,1,1,0.984637,1.03595,1.52939,0.707421,0,0,0.756911,0,0,0,1.1331,0.530648,0,3.42868,0,0,0,1,0,0,0,m,w
2013,UNIT,1,1,0.982183,1.04313,1.60837,0.572633,0,0,0,0,0.597271,0,1.06682,0,0,3.10563,0,0,0,1,0,0,0,m,w
2014,UNIT,1,1,0.981009,1.04343,1.73868,0.625997,0,0,0,0,0.548432,0,1.20113,0.596333,0,3.30608,0,1,0,1,1,0,0,m,w
2015,UNIT,1,1,0.979396,1.276,1.86061,0,0,0,0,0,0,0,1.39066,0.695133,0,3.36776,0,0,0,1,1,0,0,m,w
2016,UNIT,1,1,0.981783,1.1928,1.69559,0,0,0,0,0,0,0,1.67773,0.887851,0,1.98875,0,0,0,1,1,0,0,m,w
2017,UNIT,1,1,0.978726,1.05988,1.52795,0,0,0,0,0,0,0,1.53498,0.961524,0,2.11661,0,0,0,1,1,0,0,m,w
2018,UNIT,1,1,0.969438,1.18664,1.78585,0,0,0,0,0,0,0,1.1965,1.01524,0,2.55992,0,0,0,1,1,0,0,m,w
2019,UNIT,1,1,0.966403,1.27696,1.59088,0,0,0,0,0,0,0,1.46718,1.14108,0,2.30366,0,0,0,1,1,0,0,m,w
2020,UNIT,1,1,0.976321,1.2572,1.63168,0,0,0,0,0,0,0,1.44567,1.10573,0,2.56167,0,0,0,1,1,0,0,m,w
2021,UNIT,1,1,0.976626,1.0035,1.46232,0,0,0,0.649038,0,0,0,1.31919,1.10019,0,2.85949,0,0,0,1,1,0,0,m,w
2022,UNIT,1,1,0.987545,0.685977,1.60032,0,0,0,0,0,0,0,1.18969,0.839951,0,3.84277,0,0,0,1,1,0,0,m,w
2023,UNIT,1,1,0.989487,0.722371,1.71119,0.5788,0,0,0.76768,0,0,0,0.911412,0.962317,0,4.13355,0,0,0,1,1,0,0,m,w
2024,UNIT,1,1,0.989278,0.56472,1.42628,0.948601,0.543923,0,1.01613,0,0,0,0.72026,0.729506,0,3.05197,0,0,0,1,0,0,0,m,w
2025,UNIT,1,1,0.987902,0,1.08368,0.913403,0,0,1.49812,0,0,0,0.524685,0.793545,0,2.31329,0,0,0,1,0,0,0,m,w
2026,UNIT,1,1,0.987254,0,0.521353,0.741621,0.632594,0,1.21827,0,0,0,0,0.524497,0,1.5221,0,0,0,0,0,0,0,m,w
2027,UNIT,1,1,0.985053,0,0.6264,0,0,0,0.892978,0,0,0.732115,0,0.54722,0,1.76294,0,0,0,0,0,0,0,m,w
2028,UNIT,1,1,0.985946,0,0.617551,0,0,0,0.823485,0,0,0.766854,0,0.607434,0,0.93888,0,0,0,0,0,0,0,m,w
2029,UNIT,1,1,0.988731,0.565695,0.898977,0,0,0,0.829224,0,0,0.751636,0,0.551113,0,0,0,0,0,0,0,0,0,m,w
2030,UNIT,1,1,0.988797,0.50956,0.667985,0,0,0,0,0,0,0.961979,0,0.647989,0.518938,0,0,0,0,0,0,0,0,m,w
2038,UNIT,1,1,0.991768,0.929833,0,0,0,0,1.4393,0,0,0,0,0,0,1.20853,0,0,1,1,0,0,0,m,w
2039,UNIT,1,1,0.990243,0.943707,0.544632,0,0,0,1.2578,0,0.532532,0,0.775649,0,0,1.0822,0,0,1,1,0,0,0,m,w
2040,UNIT,1,1,0.988049,0.745873,0.635455,0,0,0,1.24429,0,0.620493,0,0.672903,0,0,2.1406,0,0,1,0,0,0,0,m,w
2041,UNIT,1,1,0.983315,0,0.545814,0,0,0.61242,0.625447,0.739383,0.938418,1.05015,0.577175,0.702689,0.631397,1.58459,0,0,1,0,0,0,0,m,w
2042,UNIT,1,1,0.984351,0,0,0.615702,0,0.677608,0,0.802578,1.04146,1.08996,0.646178,0.577908,0.818316,2.31316,0,0,1,0,0,0,0,m,w
2043,UNIT,1,1,0.982608,0,0,0.639424,0,0.744321,0,0.939729,1.01444,1.2546,0.522974,0.652971,1.1114,2.40705,0,0,1,0,0,0,0,m,w
2044,UNIT,1,1,0.985035,0,0,0.724708,0,0.762765,0,0.882503,1.06108,1.26669,0,0.658907,0.914269,2.4959,0,0,1,0,0,0,0,m,w
2045,UNIT,1,1,0.983583,0,0,0.686101,0,0.752675,0.897949,0.871617,0.907786,1.55379,0,0.789345,0.871045,2.68207,0,0,1,0,1,0,0,m,w
2046,UNIT,1,1,0.984166,0,0,0.625562,0,0.613718,1.60798,0.667947,0.641453,1.4122,0,0.587386,0.521597,2.29853,0,0,1,0,1,0,0,m,w
2047,UNIT,1,1,0.980092,0,0,0,0,0.616979,1.67112,0.775673,0.521584,1.40332,0,0,0,3.35332,0,0,1,0,1,0,0,m,w
2048,UNIT,1,1,0.98657,0,0,0,0,0,2.10895,0.524908,0,0.930398,0,0,0,2.4806,0,0,1,0,1,0,0,m,w
2049,UNIT,1,1,0.98724,0.797156,0,0,0,0,1.48997,0,0,0.595756,0,0,0.558892,2.53262,0,0,1,0,1,0,0,m,w
2050,UNIT,1,1,0.987414,0.859145,0,0,0.703521,0,1.5712,0,0,0,0,0,0,1.95259,0,0,1,0,1,0,0,m,w
2051,UNIT,1,1,0.984577,0.967205,0,0,0,0,1.34668,0,0,0.52513,0,0,0,0.66611,0,0,1,0,1,0,0,m,w
2052,UNIT,1,1,0.976599,0.647056,0,0,0,0,1.11971,0,0,0,0,0.570735,0,1.65755,0,0,1,0,1,0,0,m,w
2053,UNIT,1,1,0.976513,0.999226,0,0,0,0,1.12963,0,0,0,0.667644,0.658567,0,1.58245,0,0,1,1,1,0,0,m,w
2054,UNIT,1,1,0.976267,0.853636,0,0,0,0,0.59315,0,0,0,0,0,0,1.4954,0,0,1,1,1,0,0,m,w
2055,UNIT,1,1,0.972176,0.888952,0,0,0,0,0,0,0,0,0,0,0,1.38419,0,0,1,1,1,0,0,m,w
2056,UNIT,1,1,0.955015,0.733527,0,0,0,0,0,0,0,0,0,0,0,1.64222,0,0,1,0,1,0,1,m,w
2057,UNIT,1,1,0.937894,0.913677,0,0,0,0,0.577006,0,0,0,0,0.551159,0,1.05323,0,0,0,0,1,0,1,m,w
2058,UNIT,1,1,0.942132,1.02922,0,0,0.512186,0,0.651132,0,0,0,0,0,0,1.05369,0,0,1,0,1,0,1,m,w
2059,UNIT,1,1,0.950562,0.844736,0,0,0.649417,0,0.543582,0,0,0,0,0,0.544767,1.47883,0,0,1,0,1,0,0,m,w
2060,UNIT,1,1,0.966744,0.991878,0,0,0.582172,0,0,0,0,0,0,0,0.578288,1.75996,0,0,1,0,1,0,0,m,w
2061,UNIT,1,1,0.960942,1.08521,0,0,0,0,0,0,0,0,0,0,1.0189,1.11883,0,0,1,0,1,0,0,m,w
2062,UNIT,1,1,0.967311,1.04861,0,0,0,0,0,0,0,0,0.570115,0,0.78239,1.89953,0,0,1,1,1,0,0,m,w
2063,UNIT,1,1,0.970098,1.04779,0.507771,0,0,0,0,0,0,0,0.585127,0,0.902068,1.68525,0,0,1,1,1,0,0,m,w
2064,UNIT,1,1,0.97255,1.01684,0,0,0,0,0,0,0,0,0.569242,0,1.0391,2.04502,0,0,1,1,1,0,0,m,w
2065,UNIT,1,1,0.972527,1.01736,0,0,0,0,0,0,0,0,0.535681,0,1.00319,2.09332,0,0,1,1,1,0,0,m,w
2066,UNIT,1,1,0.971246,0.988772,0,0,0,0,0,0,0,0,0,0,0.999355,2.32107,0,0,0,0,1,0,0,m,w
2067,UNIT,1,1,0.972295,0.969865,0,0,0,0,0,0,0,0,0,0,0.976676,2.4561,0,0,0,0,1,0,0,m,w
2068,UNIT,1,1,0.97254,0.801273,0,0,0,0,0,0,0,0,0.578746,0,1.06037,1.82975,0,0,0,1,1,0,0,m,w
2069,UNIT,1,1,0.966588,0.673735,0.534383,0,0,0,0,0,0,0,0.671721,0,0.834288,1.6651,0,0,0,0,1,0,0,m,w
2070,UNIT,1,1,0.933638,0.930434,0.697324,0,0,0,0,0,0,0,0.636436,0,0.865103,0,0,0,0,0,0,0,0,m,w
2071,UNIT,1,1,0.935101,0.749653,0.609918,0,0,0,0,0,0,0,0.860026,0,0.866322,0.663013,0,0,0,0,0,0,0,m,w
2072,UNIT,1,1,0.92325,0.565545,0,0,0,0,0,0,0,0,0.877024,0,1.03048,1.25688,0,0,0,0,0,0,1,m,w
2073,UNIT,1,1,0.861763,0.853793,0.705444,0,0.519381,0,0,0,0,0,1.1861,0,1.13895,1.49657,0,0,0,0,0,0,1,m,w
2074,UNIT,1,1,0.845237,0.688533,0.708817,0,0.630201,0,0,0,0,0,1.28545,0,1.12225,2.12537,0,0,0,0,1,0,0,m,w
2075,UNIT,1,1,0.837054,0.879673,0.75662,0,0.791617,0,0,0,0,0,1.33241,0,1.05688,2.57736,0,0,0,0,1,0,0,m,w
2076,UNIT,1,1,0.850335,0.673603,0.805615,0,0.741294,0,0,0,0,0,1.26552,0,1.03992,2.85567,0,0,0,0,1,0,1,m,w
2077,UNIT,1,1,0.889109,0,0.536153,0,0.70366,0,0,0,0,0,1.39234,0,0.978694,2.98055,0,0,0,0,1,0,1,m,w
2078,UNIT,1,1,0.94692,0,0,0,0.680837,0,0,0,0,0,1.23417,0.522125,1.16052,2.84203,0,0,0,1,0,0,1,m,w
2079,UNIT,1,1,0.968273,0,0.508282,0,0.921035,0,0,0,0,0,1.20539,0.762074,0.828552,2.88645,0,0,0,1,0,0,1,m,w
2080,UNIT,1,1,0.974801,0,0,0,0.637469,0,0,0,0,0,0.819284,0.628907,0,2.99098,0,0,0,0,0,0,0,m,w
2081,UNIT,1,1,0.970899,0.752567,0.727096,0,0.557491,0,0,0,0,0,0,0.704819,0,2.8957,0,0,0,0,0,0,0,m,w
2082,UNIT,1,1,0.980546,1.34109,0.529161,0,0,0,0,0,0,0,0,0,0,2.49224,0,0,0,0,0,0,0,m,w
2083,UNIT,1,1,0.9624,1.82985,0.872316,0,0,0,0,0,0,0,0.527517,0.613173,0,1.66795,0,0,0,0,1,0,0,m,w
2084,UNIT,1,1,0.94072,2.07258,0.877681,0,0,0,0,0,0,0,0,0.60727,0,1.18008,0.529284,0,0,0,1,0,0,m,w
2085,UNIT,1,1,0.936304,2.25341,0.705674,0,0,0,0,0,0,0,0,0.750879,0,0.521734,0.57797,0,0,0,1,0,0,m,w
2086,UNIT,1,1,0.925961,2.27622,0.59081,0,0,0,0,0,0,0,0,0.571454,0,1.18333,0.681506,0,0,0,1,0,0,m,w
2087,UNIT,1,1,0.918175,2.24612,0,0,0,0,0,0,0,0,0.5543,0.637624,0,0.699811,0.693416,0,0,0,1,0,0,m,w
2088,UNIT,1,1,0.922711,2.08504,0,0,0,0,0,0,0,0,0,0.620754,0,0,0.764368,0,0,0,1,0,0,m,w
2089,UNIT,1,1,0.938997,2.01814,0,0,0,0,0,0,0,0,0.586191,0.706983,0,0.524506,0.641262,0,0,0,1,0,0,m,w
2090,UNIT,1,1,0.949206,1.75002,0,0,0,0,0,0,0,0,0,0.65959,0.611039,0,0,0,0,0,0,0,0,m,w
2108,UNIT,1,1,0.953559,1.25884,0,0,0,0,0,0,0.715182,0,0,0,0.826412,0,0,0,0,0,0,0,0,m,w
2109,UNIT,1,1,0.942046,1.50506,0,0,0,0,0,0,0.68746,0,0,0,1.03744,0,0,0,0,0,0,0,0,m,w
2110,UNIT,1,1,0.966185,0.837245,0,0,0.624443,0,0,0,0,0,0,0,1.29254,0,0,0,1,0,0,0,0,m,w
2111,UNIT,1,1,0.990314,0.755092,0,0,0.736806,0,0.761847,0,0.577926,1.17322,0,0,1.69489,0,0,0,1,0,0,0,0,m,w
2118,UNIT,1,1,0.921839,1.76853,0,0,0,0,0,0,0,0,1.10367,0,1.42122,0,0,0,0,0,1,0,1,m,w
2119,UNIT,1,1,0.889573,1.63296,0,0,0,0,0,0,0,0,0.612921,0,1.42535,1.05886,0,0,0,0,1,0,0,m,w
2120,UNIT,1,1,0.868734,1.13193,0,0,0,0,0,0,0,0,0.760429,0,1.43048,1.34232,0,0,1,0,1,0,0,m,w
2121,UNIT,1,1,0.91828,0.903686,0.57738,0,0.559446,0,0,0,0,0,0.653126,0,1.87793,2.68415,0,0,1,0,1,0,0,m,w
2122,UNIT,1,1,0.945614,0.851933,0,0,0.710244,0,0.513382,0,0,0,0.887897,0.555432,1.59994,2.68301,0,0,1,1,1,0,0,m,w
2123,UNIT,1,1,0.956957,0.868792,0,0,0.623947,0,0,0,0,0,0.937947,0.569821,1.45182,2.96496,0,0,1,0,1,0,0,m,w
2124,UNIT,1,1,0.95864,0.918412,0,0,0.662172,0,0,0,0,0,0.681342,0,1.53303,2.48668,0,0,1,0,1,0,0,m,w
2125,UNIT,1,1,0.957012,0.870758,0,0,0.573623,0,0,0,0,0,0.677761,0.51398,1.59617,2.41023,0,0,1,1,1,0,0,m,w
2126,UNIT,1,1,0.956693,0.828714,0,0,0.764795,0,0,0,0,0,0.615565,0,1.10692,2.55939,0,0,1,0,1,0,0,m,w
2127,UNIT,1,1,0.95273,0.921221,0,0,0,0,0,0,0,0,0.724636,0,0.857748,1.39801,0,0,1,0,1,0,0,m,w
2128,UNIT,1,1,0.949533,0.650939,0.645377,0,0,0,0,0,0,0,0,0.552417,0,0.757392,0,0,1,0,1,0,0,m,w
2129,UNIT,1,1,0.942203,0.746776,0.575472,0,0.527093,0,0,0,0,0,0,0.540139,0,1.12983,0,0,0,0,1,0,0,m,w
2130,UNIT,1,1,0.941445,0.770855,0,0,0.958643,0,0,0,0,0,0,0,0,0.92153,0,0,0,0,1,0,0,m,w
2141,UNIT,1,1,0.970295,0,0,0,0.846766,1.00263,0,1.2598,1.4749,2.03254,0,0,1.11463,0,0,0,1,0,1,0,1,m,w
2142,UNIT,1,1,0.955917,0,0,0.513032,0.767567,1.05443,1.05712,1.0891,1.65866,1.82666,0,0,0.69401,0,0,0,1,0,1,0,1,m,w
2143,UNIT,1,1,0.959319,0,0,0,0.719683,1.1916,1.11284,1.31955,1.65824,1.90326,0,0,0.518544,0,0,0,1,0,1,0,0,m,w
2144,UNIT,1,1,0.973039,0,0,0.888806,0.919068,1.12455,0,1.08695,1.42659,1.79328,0,0,0.537332,0,0,0,1,0,1,0,1,m,w
2145,UNIT,1,1,0.960932,0,0,0.581037,0.915383,1.06346,0,0.955313,1.46765,1.08907,0,0,0,1.70332,0,0,1,0,1,0,1,m,w
2146,UNIT,1,1,0.97444,0,0,0.827525,0.801319,1.11473,0,0.886909,1.71119,1.11146,0,0,0,1.97213,0,0,1,0,0,0,1,m,w
2147,UNIT,1,1,0.975628,0,0,0.686642,0.670132,1.11351,0,0.881679,1.70762,0.756988,0,0,0,2.95918,0,0,1,0,1,0,1,m,w
2148,UNIT,1,1,0.976685,0,0,1.36629,0,1.0975,0,0.813393,1.63858,0.890283,0,0,0,3.23874,0,0,1,0,0,0,1,m,w
2149,UNIT,1,1,0.977196,0,0,1.23275,0,1.19587,0,1.03633,1.80712,0.975014,0,0,0,3.2818,0,0,1,0,0,0,1,m,w
2150,UNIT,1,1,0.979672,0,0,1.38879,0,1.26031,0,1.12844,1.88878,1.15639,0,0,0,3.48534,0,0,1,0,0,0,0,m,w
6109,UNIT,1,1,0.798558,0,0,0.532655,0,0,0,0.950174,0,2.42649,1.1058,1.23535,0,0,0,0,0,1,0,0,0,m,w
6125,UNIT,1,1,0.798744,0,0,0,0,0.683594,0,1.21408,0,2.41184,0,0.701984,0,0,0,0,1,1,0,0,0,m,w
6141,UNIT,1,1,0.79193,1.07967,1.30864,0,0,0,0,0,0,0,0.533489,0,0,0,0,0,0,0,0,0,0,m,w
6142,UNIT,1,1,0.729415,1.14659,0.940627,0.579816,0,0,0,0,0,0,0.566463,0,0,0,0,0,0,1,0,0,0,m,w
3173,UNIT,1,1,0.979024,0.510633,0,0.654459,0,0,1.75295,0.554329,0.51872,0,0,0,0.527049,0,0,0,0,0,0,0,0,m,m
3174,UNIT,1,1,0.975353,0,0,0,0,0,1.64736,0.549772,0.613867,0.669069,0,0,0.610735,0,0,0,0,0,0,0,0,m,m
3198,UNIT,1,1,0.969276,0.669454,0,0.75876,0,0,0,0,0,0,0.712128,0,0,1.55175,0.748623,0,0,0,0,0,0,m,m
3199,UNIT,1,1,0.981036,0.61477,0,0,0,0,0,0,0,0,0,0,0,0,0.557141,0,0,0,0,0,0,m,m
3203,UNIT,1,1,0.967301,1.33452,0,0,0,0,0,0,0,0,0,0,0,0,1.10537,0,0,0,1,0,0,m,m
3204,UNIT,1,1,0.909721,1.13902,0,0,0,0,0,0,0.746864,0,0,0,0,1.07802,1.25764,0,0,0,1,0,0,m,m
3205,UNIT,1,1,0.934186,1.41242,0,0,0,0,0,0,0,0,0,0,0,1.83631,1.04211,0,0,0,1,0,0,m,m
3206,UNIT,1,1,0.926467,1.632,0,0,0,0,0,0,0,0,0,0,0,2.92974,1.15485,0,0,0,1,0,0,m,m
3207,UNIT,1,1,0.93696,1.58895,0,0,0.518145,0,0,0,0,0,0,0,0,3.1282,0.932231,0,0,0,1,0,0,m,m
3208,UNIT,1,1,0.912342,1.44723,0,0,0.736702,0,0,0,1.32535,0,0,0,0.74432,2.02507,0.76068,0,1,0,1,0,0,m,m
3209,UNIT,1,1,0.794677,1.95055,0,0,1.22008,0.992294,0,0,1.26001,1.71931,0,0,0,1.96488,0,0,0,0,0,0,0,m,m
3210,UNIT,1,1,0.940243,0.747349,0.915996,0,0,0,0,0,0,0,0,0,0.610456,2.78602,0.524893,0,0,0,1,0,0,m,m
3211,UNIT,1,1,0.937882,0.926881,1.15567,0,0,0,0,0,0,0,0,0,1.38146,3.45027,0,0,0,0,1,0,0,m,m
3212,UNIT,1,1,0.914453,0.844419,1.59616,0,0,0.685178,0.564681,0.520589,0.810036,0.548963,0,0,1.36007,3.67703,0,0,0,0,1,0,0,m,m
3213,UNIT,1,1,0.92059,0.902284,1.52936,0,0,0.702013,0.832223,0.517939,0.701826,0.627811,0,0,1.50179,2.69905,0,0,0,0,1,0,0,m,m
3215,UNIT,1,1,0.973768,0.829915,0,0,0,0,0,0,0,0,0,0,0,1.02958,0.665856,0,0,0,1,0,0,m,m
3216,UNIT,1,1,0.953887,0.7663,0,0,0,0,0,0,0,0,0.543053,0,0,0.755891,0.649506,0,0,0,0,0,0,m,m
3217,UNIT,1,1,0.93375,0.759525,0,0,0.668131,0,0,0,0,0,0.875731,0,0,0,0.531167,0,0,0,0,0,0,m,m
3218,UNIT,1,1,0.901044,0.838599,0,0,0,0,0,0,0,0,0.75853,0,0,0.964437,0.617785,0,0,0,0,0,0,m,m
3219,UNIT,1,1,0.978827,0.521201,0,0,0,0,0,0,0,0,0,0,0,0.973138,0.586505,0,0,0,1,0,0,m,m
3220,UNIT,1,1,0.967783,0.509944,0,0,0,0,0.806224,0,0,0,0,0,0,0.861687,0.510668,0,0,0,1,0,0,m,m
3234,UNIT,1,1,0.943845,1.1001,0,0,0,0,0,0,0,0,0.514272,0,0,0,0.893532,0,0,0,1,0,0,m,m
3235,UNIT,1,1,0.937336,0.95469,0,0,0.591064,0,0,0,0,0,0.716194,0,0,0,0.959308,0,0,0,1,0,0,m,m
3236,UNIT,1,1,0.925697,0.634469,0.788582,0,0.84377,0,0,0,0,0,0.590117,0,0,0.777851,0.930227,0,0,0,1,0,0,m,m
3237,UNIT,1,1,0.941042,0.966399,1.1243,0,0.766002,0,0,0,0,0,0,0,0,1.20619,0.729958,0,0,0,1,0,0,m,m
3238,UNIT,1,1,0.96038,0.954679,0.916174,0,0.637541,0,0,0,0,0.515447,0,0,0,0.579449,0.582003,0,0,0,1,0,0,m,m
3239,UNIT,1,1,0.968437,0.612464,0.625009,0,0.622731,0,0,0.608132,0.932901,0.861823,0.547191,0,0,1.24584,0,0,1,0,0,0,0,m,m
3240,UNIT,1,1,0.973337,0.605759,0.656195,0,0.570758,0.544894,0,0.711338,1.29309,1.007,0,0,0,1.25154,0,0,1,0,0,0,0,m,m
3241,UNIT,1,1,0.937483,1.00156,0,0,0,0,0,0.573171,1.08652,0.903492,0.514005,0,0,0,0,0,0,0,0,0,0,m,m
3242,UNIT,1,1,0.960928,0.721397,0.666948,0,0.539508,0,0,0,1.15931,1.248,0,0,0,0,0,0,1,0,0,0,0,m,m
3243,UNIT,1,1,0.967309,0.660947,0,0,0,0,0,0,0.813093,1.36995,0,0,0,0,0,0,0,0,0,0,0,m,m
3244,UNIT,1,1,0.947613,0.716678,0,0,0,0,0,0,0,2.01108,0,0,0.836114,0,0,0,0,0,1,0,0,m,m
3245,UNIT,1,1,0.96252,0.643964,0.646625,0,0,0,0,0.665892,0.697706,1.62102,0,0,0,0,0,0,0,0,0,0,0,m,m
3246,UNIT,1,1,0.984922,0,0,0,0,0,0,0.725941,0.890295,1.52865,0,0,0,0,0,0,1,0,0,0,0,m,m
3247,UNIT,1,1,0.98627,0,0,0,0,0.775904,0,1.19643,1.14944,1.9448,0,0,0.719314,1.09811,0,0,1,0,0,0,0,m,m
3248,UNIT,1,1,0.985588,0,0,0,0,0.801015,0,1.13425,1.34482,1.73076,0,0,0.676817,1.35691,0,0,1,0,0,0,0,m,m
3249,UNIT,1,1,0.986293,0,0,0,0,1.09191,0,1.47006,1.60595,2.08858,0,0,0.746883,0,0,0,1,0,0,0,0,m,m
3250,UNIT,1,1,0.986768,0,0,0,0,1.02714,0,1.35496,1.45655,2.0617,0,0,0.707313,1.01266,0,0,1,0,0,0,0,m,m
3251,UNIT,1,1,0.986883,0,0,0,0,1.00286,0,1.38758,1.56712,2.19335,0,0,0.899735,1.09834,0,0,1,0,0,0,0,m,m
3252,UNIT,1,1,0.9725,0,0,0,0,0.61537,0,1.00825,0.98501,1.8922,0.696277,0,0,1.69851,0,0,1,1,0,0,0,m,m
3256,UNIT,1,1,0.980356,0,0,0,0,0.564972,0,0.886883,1.00603,2.10719,0,0,0,0,0,0,1,0,0,0,0,m,m
3257,UNIT,1,1,0.979742,0,0,0,0,0.589324,0,0.924276,1.15185,1.89702,0,0,0.853624,0,0,0,1,0,0,0,0,m,m
3258,UNIT,1,1,0.980937,0.528891,0,0,0,0,0,0.559127,0.949205,1.36288,0,0,0,0,0,0,1,0,1,0,0,m,m
3259,UNIT,1,1,0.97235,0.590555,0,0,0,0,0,0,0,1.21232,0,0,0,0,0,0,0,0,1,0,0,m,m
3260,UNIT,1,1,0.96424,0.740514,0,0,0,0,0,0,0,0,0,0,0,0,0,0,0,0,1,0,0,m,m
3261,UNIT,1,1,0.97879,0.658935,0,0,0,0,0.831153,0,0,0,0,0,0,0,0.589497,0,0,0,1,0,0,m,m
3262,UNIT,1,1,0.985687,0.894536,0,0.50983,0,0,1.08874,0,0,0.580501,0,0,1.01596,0,0,0,0,0,1,0,0,m,m
3263,UNIT,1,1,0.980177,0.711107,0,0,0,0,1.0334,0.619609,0.669438,0.846457,0,0,1.9015,0.99072,0,0,0,0,0,0,0,m,m
3264,UNIT,1,1,0.980975,0,0,0,0,0,1.37603,0.520629,0.971509,0.823214,0,0,1.94048,1.49575,0,0,0,0,0,0,0,m,m
3265,UNIT,1,1,0.983702,0,0,0,0,0,1.00475,0.706226,1.23358,0.901024,0,0,2.03119,1.65804,0,0,1,0,0,0,0,m,m
3266,UNIT,1,1,0.985514,0,0,0,0,0,0.882665,0.641061,1.30705,1.00152,0,0,1.96178,1.52532,0,0,1,0,0,0,0,m,m
3267,UNIT,1,1,0.984907,0,0,0,0,0.511528,0.701874,0.805976,1.31257,1.17786,0,0,1.83092,2.12993,0,0,1,0,0,0,0,m,m
3268,UNIT,1,1,0.984762,0,0,0,0,0,0,0.590972,1.21992,1.17781,0,0,1.7984,1.85167,0,0,1,0,0,0,0,m,m
3269,UNIT,1,1,0.982912,0,0,0,0,0,0,0.655361,1.28533,1.31752,0,0,1.49834,1.8494,0,0,1,0,0,0,0,m,m
3270,UNIT,1,1,0.983636,0,0,0,0,0,0,0.731697,1.31696,1.35689,0,0,1.7293,1.51934,0,0,1,0,0,0,0,m,m
3271,UNIT,1,1,0.98169,0,0,0,0,0,0.56855,0.811746,1.09776,1.15639,0,0,1.97354,0.858956,0,0,1,0,0,0,0,m,m
3504,UNIT,1,1,0.947553,0,0,0.746191,0,0,0.93433,0,0,0,0.718918,0,0.736183,3.60476,0.612367,0,0,0,1,0,0,m,m
3505,UNIT,1,1,0.949351,0,0,0.882351,0,0,1.06918,0,0,0,0.648426,0,0.727331,3.60134,0.623899,0,0,0,1,0,0,m,m
3506,UNIT,1,1,0.948959,0.514826,0,1.17738,0,0,1.3016,0,0,0,0.557572,0,0.770662,3.78371,0.619148,0,0,0,1,0,0,m,m
3507,UNIT,1,1,0.952989,0.571188,0,1.18307,0,0,1.31056,0,0,0,0.738181,0,0.818013,3.80151,0.609683,0,0,0,1,0,0,m,m
3508,UNIT,1,1,0.949191,0.541784,0,0.987389,0,0,1.09023,0,0,0,0.543287,0,0.847232,3.18552,0.671347,0,0,0,1,0,0,m,m
3509,UNIT,1,1,0.949632,0,0,0.829038,0,0,1.17177,0,0,0,0.64422,0,0.858461,3.03095,0.639293,0,0,0,1,0,0,m,m
3510,UNIT,1,1,0.945557,0.688831,0,1.11362,0,0,1.31338,0,0,0,0.543714,0,0.878753,3.58029,0.628857,0,0,0,1,0,0,m,m
3511,UNIT,1,1,0.94727,0.663755,0,1.25272,0,0,1.30857,0,0,0,0.673556,0,0.666693,3.37855,0.63523,0,0,0,1,0,0,m,m
3512,UNIT,1,1,0.955367,0.505064,0,1.17246,0,0,1.1853,0,0,0,0.544055,0,0.936376,4.33565,0.594561,0,0,0,1,0,0,m,m
3513,UNIT,1,1,0.954021,0.654688,0,1.24997,0,0,1.37007,0,0,0,0.667445,0,0.985549,3.89295,0.615164,0,0,0,1,0,0,m,m
3514,UNIT,1,1,0.957334,0.598919,0,1.24679,0,0,1.3503,0,0,0,0.697462,0,0.788699,3.62066,0.60185,0,0,0,1,0,0,m,m
3515,UNIT,1,1,0.96049,0.674312,0,1.10712,0,0,1.56022,0,0,0,0.862298,0,0.784517,3.68653,0.627775,0,0,0,1,0,0,m,m
3516,UNIT,1,1,0.967546,0,0,0.982601,0.582042,0,0.94933,0,0,0,0,0,0.866093,3.81904,0.579021,0,1,0,1,0,0,m,m
3517,UNIT,1,1,0.970986,0,0,1.08013,0.598208,0,0.973349,0,0,0,0,0,0.946921,3.49351,0,0,1,0,1,0,0,m,m
3518,UNIT,1,1,0.967061,0,0,0.782728,0.629683,0,0.781328,0,0.679517,0.882081,0,0,0.855064,3.24443,0,0,1,0,1,0,0,m,m
3519,UNIT,1,1,0.964141,0,0,0.821494,0.608738,0,0.82714,0.703252,0.579988,1.30543,0,0,0.910151,1.76714,0,0,0,0,1,0,0,m,m
3529,UNIT,1,1,0.944025,0.763318,0.50388,0,0.794094,0,0,0.696297,0.77527,0.593557,0,0,0.534615,0,0.659225,0,0,0,1,0,0,m,m
3530,UNIT,1,1,0.964889,0,0,0.579689,0.54562,0,0,0.555898,0.768846,0.707449,0,0,0.645013,1.57056,0,0,1,0,1,0,0,m,m
3531,UNIT,1,1,0.97493,0,0,0,0.5317,0,0,0,0.768266,0.909988,0,0,0.873187,1.58037,0,0,1,0,1,0,0,m,m
3532,UNIT,1,1,0.976232,0,0,0.681294,0.566408,0,0,0,0.831536,1.02988,0,0,0.908505,1.36655,0,0,1,0,1,0,0,m,m
3533,UNIT,1,1,0.974799,0,0,0,0.733413,0,0,0,0.976122,0.940212,0,0,0.881234,1.46337,0,0,1,0,1,0,0,m,m
3534,UNIT,1,1,0.97506,0,0,0,0,0,0,0,1.2012,1.10982,0,0,0.68791,1.36352,0,0,1,0,1,0,0,m,m
3535,UNIT,1,1,0.973052,0,0,0,0.834489,0.508503,0,0.569268,1.22196,1.12074,0,0,0.977014,1.03916,0,0,1,0,1,0,0,m,m
3536,UNIT,1,1,0.971038,0,0,0,0.587959,0,0,0,1.22174,1.11322,0,0,0.903234,2.00433,0,0,1,0,1,0,0,m,m
3537,UNIT,1,1,0.965881,0,0,0,0,0,0,0,1.24402,0.913768,0,0,0.775693,1.40755,0,0,1,0,1,0,0,m,m
3538,UNIT,1,1,0.947193,0,0,0,0,0,0,0,0.951687,0.754808,0,0,0,1.94908,0,0,1,0,1,0,0,m,m
3539,UNIT,1,1,0.945235,0,0,0,0.551024,0,0,0,0.644945,0.609421,0,0,0,0.579758,0,0,0,0,1,0,0,m,m
3540,UNIT,1,1,0.903867,0,0,0,0,0,0,0,0,0.754916,0,0,0.742396,1.23802,0,0,0,0,1,0,0,m,m
3541,UNIT,1,1,0.933051,0,0,0,0,0,0,0,0,0,0,0,0,0,0.595948,0,0,0,1,0,1,m,m
3542,UNIT,1,1,0.915856,0,0,0,0.586969,0,0,0,0,0.904226,0.537701,0,0,1.18531,0.506197,0,0,0,1,0,0,m,m
3543,UNIT,1,1,0.909817,0.554556,0,0,0,0,0,0,0,0.920861,0,0,0.583347,1.47828,0,0,0,0,1,0,0,m,m
3544,UNIT,1,1,0.91922,0,0,0,0,0,0,0,0,0.888577,0,0,0.562679,1.10338,0,0,0,0,1,0,0,m,m
3545,UNIT,1,1,0.917354,0.530546,0,0,0.514001,0,0.617745,0,0,0.904788,0,0,0,1.92008,0,0,0,0,1,0,0,m,m
3546,UNIT,1,1,0.912675,0.647503,0,0,0,0,0,0,0.502184,0.669602,0,0,0,2.06473,0,0,0,0,1,0,0,m,m
3547,UNIT,1,1,0.912151,0.813389,0,0,0.730594,0,0,0,0,0.994199,0,0,0.685862,2.01061,0,0,0,0,1,0,0,m,m
3548,UNIT,1,1,0.951036,0.768005,0,0.543344,1.038,0,0,0,0.836872,0.902797,0,0,0.827843,2.66317,0,0,1,0,1,0,0,m,m
3549,UNIT,1,1,0.954515,0.684012,0,0,0.872583,0.534682,0,0.667424,0.979398,1.00702,0,0,1.27638,2.44929,0,0,1,0,1,0,0,m,m
3550,UNIT,1,1,0.954565,0.667653,0,0.630151,0.823066,0,0,0.546533,0.887456,1.06763,0,0,1.60937,2.08418,0,0,0,0,1,0,0,m,m
3551,UNIT,1,1,0.958557,0.87068,0,0,0.813016,0,0.624536,0.761555,0.967056,1.16104,0,0,1.83686,1.2931,0,0,1,0,1,0,0,m,m
3552,UNIT,1,1,0.961877,0.701757,0,0,0.674727,0,0.576865,0.711349,1.03717,0.950567,0,0,1.39086,0,0,0,1,0,1,0,0,m,m
3553,UNIT,1,1,0.962895,0.669677,0,0,0,0,0,0.728533,1.02109,0.940135,0,0,1.06773,0,0,0,0,0,1,0,0,m,m
3554,UNIT,1,1,0.973316,0.596135,0,0,0.55917,0,0.617831,0.666697,1.03269,0.792822,0,0,1.19919,0,0,0,0,0,1,0,0,m,m
3555,UNIT,1,1,0.972821,0.551358,0,0,0,0,0.61057,0.731073,1.13532,0.890761,0,0,1.06966,0,0,0,1,0,1,0,0,m,m
3556,UNIT,1,1,0.975658,0,0,0,0,0,1.02206,0.654874,1.16517,0.76954,0,0,1.28831,0,0,0,1,0,0,0,0,m,m
3557,UNIT,1,1,0.973733,0,0,0,0,0,0.505535,0.719387,1.16341,0.94628,0,0,1.22983,0,0,0,1,0,1,0,0,m,m
3558,UNIT,1,1,0.974705,0,0,0,0,0,0.982262,0.678141,1.16241,0.845924,0,0,1.34473,0,0,0,1,0,0,0,0,m,m
3559,UNIT,1,1,0.972502,0,0,0,0.574532,0,0.872724,0.833117,1.24594,1.06213,0,0,1.56743,0,0,0,1,0,0,0,0,m,m
3560,UNIT,1,1,0.97252,0,0,0,0.683186,0,0.625725,0.793244,1.23577,1.09597,0,0,1.36419,0,0,0,1,0,0,0,0,m,m
3700,UNIT,1,1,0.928533,1.47313,1.11959,1.09767,0,0.870762,0.986448,1.01749,0.989041,1.42371,0,0.673805,0,0.891146,0,0,0,1,0,0,0,m,m
3701,UNIT,1,1,0.912261,1.01499,0,0.784027,0.839506,1.17355,0.787375,1.49356,0.941221,1.64383,0,0.693092,0,0.875306,0,0,0,1,0,0,0,m,m
3702,UNIT,1,1,0.915676,0.641098,0.986621,0.687153,1.26712,1.2676,0,1.52069,1.25674,2.5986,0,0.780841,0,1.98799,0,0,1,0,0,0,0,m,m
3703,UNIT,1,1,0.935742,0.686875,0.833087,0,1.21906,1.33688,0,1.68252,1.47114,2.61312,0,0.70728,0,2.68838,0,0,1,0,0,0,0,m,m
3704,UNIT,1,1,0.932322,0,0.645525,0,1.0018,1.37543,0,1.62784,1.61079,2.84469,0,0.752549,0.507689,3.57412,0,0,1,0,0,0,0,m,m
3705,UNIT,1,1,0.915915,0,0,0,0.845527,1.38069,0,1.63381,1.80827,2.79468,0,0.747443,0,3.17496,0,0,1,0,0,0,0,m,m
3706,UNIT,1,1,0.902041,0,0.731292,0.525134,0.511428,1.37669,0,1.53874,1.63326,2.92367,0,0.747851,0,3.11617,0,0,1,0,0,0,0,m,m
3707,UNIT,1,1,0.891313,0.673794,0.880236,0.678066,0,1.35995,0,1.57482,1.49515,2.88402,0,0.690309,0,2.51819,0,0,1,0,0,0,0,m,m
3708,UNIT,1,1,0.877002,0.903921,0.705996,0.67069,0.666933,1.15267,0,1.29053,1.3701,2.63424,0,0.520179,0,2.55373,0,0,1,0,1,0,0,m,m
3709,UNIT,1,1,0.888562,0.972459,0.756763,0.503418,0.800377,1.14347,0,1.34268,1.15125,2.5072,0,0,0,2.61367,0,0,1,0,1,0,0,m,m
3710,UNIT,1,1,0.89688,1.01264,0.932064,0.589517,0.685646,1.13531,0,1.29701,1.04156,2.24365,0,0,0,2.00622,0,0,1,0,1,0,0,m,m
3711,UNIT,1,1,0.909018,0.901508,0.679441,0,0.531697,1.18641,0,1.41765,1.22042,2.2795,0,0,0,2.22653,0,0,1,0,1,0,0,m,m
3712,UNIT,1,1,0.917949,0.915115,1.19272,0.827585,0,1.15374,0,1.39237,1.12567,2.56432,0,0,0,2.49266,0,0,1,0,1,0,0,m,m
3713,UNIT,1,1,0.933713,0.81026,0.989645,0.701069,0,1.09527,0,1.40584,1.02854,2.489,0,0.738625,0,2.52806,0,0,1,0,1,0,0,m,m
3714,UNIT,1,1,0.93023,0.679249,1.27812,0.811376,0,1.05456,0.63338,1.35638,0.887074,2.30963,0,0.692079,0,2.20518,0,0,1,0,1,0,0,m,m
3715,UNIT,1,1,0.92679,0.66789,0.793329,0.531389,0,1.07266,0.695127,1.54007,1.03881,2.24242,0,0.864755,0,0.991725,0,0,0,0,1,0,0,m,m
3716,UNIT,1,1,0.937858,0.568039,0.520004,0.782611,0,1.08867,0.961325,1.58946,0.894824,2.40122,0,0.699537,0.515983,0,0.542437,0,0,0,1,0,0,m,m
3717,UNIT,1,1,0.932613,0.661615,0.945815,0.664156,0,1.18703,0.679308,1.77629,0.689384,2.5163,0,0.654094,0.853824,0,0.568296,0,0,1,1,0,0,m,m
3718,UNIT,1,1,0.915388,0.681003,1.07836,0,0,1.18134,0,1.77654,0.655086,2.84181,0,0,1.16922,0,0,0,0,0,0,0,0,m,m
3719,UNIT,1,1,0.901511,0.782189,0.505279,0,0,1.23987,0,1.93185,0.552533,2.86322,0,0,1.39988,0,0.524419,0,0,0,0,0,0,m,m
3722,UNIT,1,1,0.949079,0,0,0,0,1.01165,0.662815,1.5999,0.923885,2.10782,0,0.563125,1.25346,0,0,0,0,0,0,0,0,m,m
3723,UNIT,1,1,0.96274,0,0.714443,0,0,0.675974,0.606306,1.02253,0.593304,1.73814,0,0,0,0,0,0,0,0,0,0,0,m,m
3724,UNIT,1,1,0.967298,0.561621,0.721481,0,0,0.536546,0.539267,0.767178,0.519134,1.5599,0,0,0,0,0,0,0,0,0,0,0,m,m
3725,UNIT,1,1,0.96558,0.551047,0.6405,0,0,0.574263,0.513648,0.882205,0,1.45187,0,0.580694,0,0,0,0,0,0,0,0,0,m,m
3726,UNIT,1,1,0.969735,0.571792,0.537323,0.527093,0,0,1.34081,0.701123,0,1.58809,0,0,0,0,0,0,0,0,0,0,0,m,m
3727,UNIT,1,1,0.969008,0.532588,0.839727,0.514682,0,0,1.67873,0.744215,0,1.45813,0,0.527126,0,0,0,0,0,0,0,0,0,m,m
3728,UNIT,1,1,0.966724,0.645463,0.811643,0.891394,0,0,1.95862,0.535071,0,1.32181,0,0,0,0,0,0,0,0,0,0,0,m,m
3729,UNIT,1,1,0.9703,0.505635,0.6302,0.920432,0,0,1.84117,0.670032,0,1.39785,0,0,0,0,0,0,0,0,0,0,0,m,m
3730,UNIT,1,1,0.971838,0.522663,0.630796,1.01187,0,0,1.93174,0.641541,0,1.4457,0,0,0,0.658163,0,0,0,0,0,0,0,m,m
3731,UNIT,1,1,0.971951,0.514619,0,0.881114,0,0,1.65345,0.650178,0,1.29401,0,0,0,0,0,0,0,0,0,0,0,m,m
3732,UNIT,1,1,0.972085,0,0,0.949585,0,0,1.93393,0.656085,0,1.37127,0,0,0,0,0,0,0,0,0,0,0,m,m
3733,UNIT,1,1,0.971994,0.544994,0.548675,0.911624,0,0,2.19311,0.686441,0,1.49252,0,0,0,0,0,0,0,0,0,0,0,m,m
3734,UNIT,1,1,0.971411,0.564909,0.63563,0.945044,0,0,1.87248,0.60137,0,1.45803,0,0,0,0,0,0,0,0,0,0,0,m,m
