time_stamp,word,frame,success,confidence,AU01_r,AU02_r,AU04_r,AU05_r,AU06_r,AU09_r,AU10_r,AU12_r,AU14_r,AU15_r,AU17_r,AU20_r,AU25_r,AU26_r,AU04_c,AU12_c,AU15_c,AU23_c,AU28_c,AU45_c,speaker_gender,listener_gender
9525,SHOULD,1,1,0.965416,0.90694,1.13627,1.72636,0,0.784627,1.15906,0.87983,1.15633,1.48993,0,0,1.01412,2.86586,0.568401,1,0,0,0,0,1,w,m
9526,SHOULD,1,1,0.970776,1.4899,1.53862,1.78766,0,0.773904,1.60174,0.982634,1.1004,1.30624,0,0,1.34188,2.97629,0.603794,1,0,0,0,0,1,w,m
9527,SHOULD,1,1,0.9749,1.18852,1.25283,1.76504,0,0.769752,1.87876,0.982134,1.08334,1.65593,0,0,1.4886,2.01424,0.520128,1,0,0,0,0,1,w,m
9528,SHOULD,1,1,0.977507,1.25748,1.69646,1.72983,0,0.894116,1.7507,1.07983,1.21379,1.62172,0,0,1.59275,1.93476,0,1,0,0,0,0,1,w,m
9529,SHOULD,1,1,0.97941,1.09939,1.37052,1.83178,0,0.811666,2.28571,1.01026,0.956354,1.56627,0,0,1.63282,1.52651,0,1,0,0,0,0,1,w,m
9530,SHOULD,1,1,0.980426,1.1824,1.49171,1.81478,0,0.884485,2.20066,1.13494,1.07497,1.74402,0,0,1.55924,1.67009,0,1,0,0,0,0,1,w,m
9531,SHOULD,1,1,0.982294,1.11983,1.57688,1.75552,0,0.949912,2.42328,1.18929,1.06158,1.52774,0,0,1.59967,1.94445,0,1,0,0,0,0,1,w,m
9532,SHOULD,1,1,0.98591,1.15374,1.66355,1.64235,0,1.04933,2.88715,1.3637,1.17893,1.7063,0,0.689159,1.47516,1.32342,0,1,0,1,0,0,1,w,m
9533,SHOULD,1,1,0.980178,1.07119,1.54615,1.94203,0,1.0452,2.87664,1.40731,1.05032,1.78215,0,0.694722,1.43944,1.53812,0,1,0,1,0,0,1,w,m
9534,SHOULD,1,1,0.975219,0.898461,1.52676,1.86346,0,0.958571,2.69246,1.25997,1.00867,2.08924,0,0.818686,1.76494,1.04298,0,1,0,1,0,0,1,w,m
9535,SHOULD,1,1,0.969749,0.818619,1.74866,1.92678,0,0.937181,2.89601,1.29018,1.03846,2.07573,0,0.981181,1.76961,0.711502,0,1,1,1,0,0,1,w,m
9536,SHOULD,1,1,0.969701,0,1.92508,2.04234,0,0.79697,2.84261,1.18898,1.01724,2.64574,0,1.05482,2.14101,1.57885,0,1,1,1,0,0,0,w,m
9537,SHOULD,1,1,0.967099,0,1.88915,1.71975,0,0.827625,2.53264,1.23958,1.05887,2.61512,0,1.17102,2.16158,1.21885,0,1,1,1,0,0,0,w,m
9538,SHOULD,1,1,0.959636,0,1.81636,1.5552,0,0.815485,2.23565,1.16986,1.11441,2.75506,0,1.2924,2.60008,0.979381,0,1,1,1,0,0,0,w,m
9539,SHOULD,1,1,0.961134,0,1.7941,1.35194,0,0.875427,1.93426,1.32925,1.25384,2.71793,0,1.36908,2.49849,0.678005,0,1,1,1,0,0,0,w,m
9540,SHOULD,1,1,0.960091,0,1.7694,1.49294,0,0.835961,1.90405,1.24185,1.32923,2.77018,0,1.24219,2.59574,0.894802,0,1,1,1,0,0,0,w,m
9542,SHOULD,1,1,0.959291,0,1.78656,1.29179,0,0.752695,1.86343,1.16261,1.17,2.72388,0.584823,1.31316,2.35703,1.07971,0,1,1,1,0,0,0,w,m
9543,SHOULD,1,1,0.961632,0,1.70781,1.35003,0,0.824807,1.6069,1.15721,1.27993,2.62043,0,1.28585,2.28795,0.858488,0,1,1,1,0,0,0,w,m
40162,SHOULD,1,1,0.914585,0,0,0,0,0.878116,1.77995,1.68624,1.36482,1.94482,0.981601,0.623769,0,0,0,1,1,1,0,0,0,w,m
40163,SHOULD,1,1,0.90856,0,0,0,0,0.879901,1.85655,1.67228,1.57212,2.02163,0.884274,0.656011,0,0,0,1,1,1,0,0,0,w,m
40164,SHOULD,1,1,0.900655,0,0,0,0,0.821583,1.81599,1.58154,1.3962,1.8441,0.951829,0.570441,0,0,0,1,1,1,0,0,0,w,m
40165,SHOULD,1,1,0.895111,0,0,0,0,0.803647,1.87712,1.55255,1.4782,1.8719,0.81522,0.565497,0,0,0,1,1,1,0,0,0,w,m
40166,SHOULD,1,1,0.890039,0,0,0,0,0.815657,1.59555,1.55694,1.46179,1.85129,0.85663,0.569861,0,0,0,1,1,1,0,0,0,w,m
40167,SHOULD,1,1,0.891449,0,0,0,0,0.802711,1.51769,1.56773,1.45727,1.88611,0.793602,0.591334,0,0,0,1,1,1,0,0,0,w,m
40168,SHOULD,1,1,0.895949,0,0,0,0,0.811587,1.40929,1.5842,1.49723,1.97483,0.819842,0.610112,0,0,0,1,1,1,0,0,0,w,m
40169,SHOULD,1,1,0.898823,0,0,0,0,0.806448,1.57337,1.57891,1.42101,1.94294,0.779547,0.618306,0,0,0,1,1,1,0,0,0,w,m
40170,SHOULD,1,1,0.903423,0,0,0,0,0.907029,1.58009,1.68494,1.60943,2.00679,0.785204,0.643655,0,0,0,1,1,1,0,0,0,w,m
40171,SHOULD,1,1,0.900326,0,0,0,0,0.88849,1.59849,1.66581,1.55265,1.96399,0.792392,0.611488,0,0,0,1,1,1,0,0,0,w,m
40172,SHOULD,1,1,0.90548,0,0,0,0,0.885127,1.59264,1.67368,1.56408,1.95928,0.74908,0.64558,0,0,0,1,1,1,0,0,0,w,m
40173,SHOULD,1,1,0.908101,0,0,0,0,0.895888,1.74616,1.66925,1.54765,2.00175,0.777489,0.585994,0,0,0,1,1,1,0,0,0,w,m
40174,SHOULD,1,1,0.910157,0,0,0,0,0.876995,1.68235,1.6451,1.60802,1.99883,0.866976,0.590845,0,0,0,1,1,1,0,0,0,w,m
40175,SHOULD,1,1,0.913841,0,0,0,0,0.905559,1.73321,1.71718,1.53188,1.96886,0.694818,0.634194,0,0,0,1,1,1,0,0,0,w,m
40176,SHOULD,1,1,0.917486,0,0,0,0,0.873437,1.66862,1.68167,1.51384,1.95981,0.701604,0.59555,0,0,0,1,1,1,0,0,0,w,m
40177,SHOULD,1,1,0.915482,0,0,0,0,0.896682,1.74666,1.68524,1.53718,2.01552,0.653976,0.612308,0,0,0,1,1,1,0,0,0,w,m
40178,SHOULD,1,1,0.913176,0,0,0,0,0.898816,1.74184,1.65934,1.61138,1.9864,0.688693,0.614881,0,0,0,1,1,1,0,0,0,w,m
40179,SHOULD,1,1,0.917855,0,0,0,0,0.900356,1.72007,1.69065,1.54909,1.87917,0.675282,0.658447,0,0,0,1,1,1,0,0,0,w,m
40180,SHOULD,1,1,0.916514,0,0,0,0,0.896597,1.66319,1.70731,1.5866,1.94527,0.601785,0.64537,0,0,0,1,1,1,0,0,0,w,m
40181,SHOULD,1,1,0.909762,0,0,0,0,0.854176,1.73573,1.6441,1.51436,1.90523,0.667974,0.616469,0,0,0,1,1,1,0,0,0,w,m
40182,SHOULD,1,1,0.921049,0,0,0,0,0.861409,1.71334,1.62717,1.38685,1.93803,0.627872,0.524574,0,0,0,1,1,1,0,0,0,w,m
40183,SHOULD,1,1,0.946153,0,0,0,0,0.916569,1.54193,1.68372,1.3169,1.94557,0.524717,0,0,0,0,1,1,1,0,0,0,w,m
40184,SHOULD,1,1,0.975286,0,0,0,0,0.949964,1.14125,1.71389,1.22499,1.87956,0,0,0,0,0,1,1,0,0,0,0,w,m
40185,SHOULD,1,1,0.980589,0,0,0,0,0.929464,1.06366,1.73272,1.32628,1.70909,0,0,0,0,0,1,1,0,0,0,0,w,m
40186,SHOULD,1,1,0.985838,0,0,0,0,0.936149,1.37688,1.72272,1.08996,1.54938,0.530805,0,0,0,0,1,1,0,0,0,0,w,m
40187,SHOULD,1,1,0.984792,0,0,0,0,0.955648,1.27306,1.73723,1.16416,1.46923,0.601481,0,0,0,0,1,1,0,0,0,0,w,m
40188,SHOULD,1,1,0.986468,0,0,0,0,0.949322,1.84787,1.74588,1.21353,1.41356,0.605979,0,0,0,0,1,1,0,0,0,0,w,m
40189,SHOULD,1,1,0.988096,0,0,0,0,0.950697,1.53671,1.70563,1.28983,1.51819,0,0,0,0,0,1,1,0,0,0,0,w,m
40190,SHOULD,1,1,0.985356,0,0,0,0,0.936273,1.52748,1.64995,1.22199,1.32779,0,0,0,0.577496,0,1,1,0,0,0,0,w,m
40191,SHOULD,1,1,0.986992,0,0,0,0,0.901896,1.56798,1.60434,1.20239,1.31492,0,0,0,0,0,1,1,0,0,0,0,w,m
40192,SHOULD,1,1,0.988356,0,0,0,0,0.875128,1.59743,1.55005,1.15153,1.37611,0.636047,0,0,0,0,1,1,0,0,0,0,w,m
40193,SHOULD,1,1,0.98786,0,0,0,0,0.909226,1.74203,1.6365,1.13998,1.36147,0,0,0,0,0,1,1,0,0,0,0,w,m
40194,SHOULD,1,1,0.986904,0,0,0.520814,0,0.898901,1.9718,1.64676,0.95348,1.35566,0.664696,0,0,0,0,1,1,0,0,0,0,w,m
40195,SHOULD,1,1,0.985683,0,0,0,0,0.938629,2.00965,1.67533,0.90555,1.3438,0,0,0,0.649665,0,1,1,0,0,0,0,w,m
40196,SHOULD,1,1,0.987506,0,0,0,0,0.893154,2.01445,1.56688,1.04049,1.3838,0,0,0,0.818788,0,1,1,0,0,0,0,w,m
40197,SHOULD,1,1,0.987168,0,0,0.531114,0,0.891326,1.70732,1.65087,1.03269,1.12558,0.5637,0,0,0.774675,0,1,1,0,0,0,0,w,m
40198,SHOULD,1,1,0.986948,0,0,0.673602,0,0.869944,1.97621,1.58905,0.836837,1.18398,0.526042,0,0,0,0,1,1,0,0,0,0,w,m
40199,SHOULD,1,1,0.987598,0,0,0.697486,0,0.886862,1.82206,1.60773,0.851143,1.14893,0,0,0,0.550357,0,1,1,0,0,0,0,w,m
40200,SHOULD,1,1,0.988333,0,0,0.708543,0,0.890027,2.33058,1.60552,0.745576,1.28112,0.538254,0,0,0,0,1,1,0,0,0,0,w,m
40201,SHOULD,1,1,0.981549,0,0,0.751107,0,0.974409,1.69105,1.64023,1.04713,1.2921,0,0,0,1.11832,0,1,1,0,0,0,0,w,m
40202,SHOULD,1,1,0.981022,0,0,0.920327,0,0.936297,1.96801,1.57099,0.983984,1.2486,0,0,0,1.40177,0,1,1,0,0,0,1,w,m
40203,SHOULD,1,1,0.980926,0,0,0.876336,0,0.894487,2.12301,1.52222,0.983803,1.05592,0,0,0,1.37958,0,1,1,0,0,0,1,w,m
40204,SHOULD,1,1,0.980924,0,0,1.26892,0,0.922146,2.08766,1.5461,0.989076,1.2063,0,0,0,1.22719,0,1,1,0,0,0,1,w,m
40205,SHOULD,1,1,0.981047,0,0,0.934124,0,0.959396,2.0385,1.61636,1.04848,1.21226,0,0,0,1.25407,0,1,1,0,0,0,0,w,m
40206,SHOULD,1,1,0.984576,0,0,1.01489,0,0.918785,2.04285,1.58282,1.00548,1.47242,0.541591,0,0,1.07006,0,1,1,0,0,0,1,w,m
40207,SHOULD,1,1,0.982698,0,0,0.885848,0,0.908992,2.10286,1.62006,0.995456,1.22836,0.612302,0,0,0.73772,0,1,1,0,0,0,1,w,m
40208,SHOULD,1,1,0.982244,0,0,0.915513,0,0.844203,1.93569,1.51159,0.932975,1.27423,0,0,0,0.771464,0,1,1,0,0,0,1,w,m
40209,SHOULD,1,1,0.980703,0,0,0.87331,0,0.790328,2.08814,1.46564,0.804745,1.34943,0.576371,0,0,0.874409,0,1,1,0,0,0,1,w,m
40210,SHOULD,1,1,0.978707,0,0,0.865747,0,0.645134,1.67652,1.37146,0.776864,1.08048,0.610642,0,0,0.931469,0,1,1,0,0,0,1,w,m
40211,SHOULD,1,1,0.977445,0,0,0.800008,0,0.649888,1.5711,1.34795,0.749254,1.26913,0.582899,0,0,0.701844,0,1,1,0,0,0,1,w,m
40212,SHOULD,1,1,0.979356,0,0,0.757054,0,0.627455,1.33568,1.35875,0.75159,1.13788,0.640102,0,0,1.03544,0,1,1,0,0,0,1,w,m
40213,SHOULD,1,1,0.980943,0,0,0.899916,0,0.724125,1.48168,1.46378,0.66485,1.18954,0.673969,0,0,1.32869,0,1,1,0,0,0,1,w,m
40214,SHOULD,1,1,0.980599,0,0,0.825432,0,0.799947,1.58066,1.54481,0.921134,1.32307,0.682799,0,0,0.839464,0,1,1,0,0,0,1,w,m
40215,SHOULD,1,1,0.981698,0,0,0.897995,0,0.871787,1.2909,1.63929,0.980746,1.29389,0.708345,0,0,1.00506,0,1,1,0,0,0,0,w,m
40216,SHOULD,1,1,0.983458,0,0,1.05879,0,0.932326,1.4049,1.67918,1.16688,1.49843,0.566979,0,0,0.970041,0,1,1,0,0,0,0,w,m
40217,SHOULD,1,1,0.98161,0,0,0.92056,0,0.936857,1.60302,1.70681,1.04771,1.49573,0.549335,0,0,1.1062,0,1,1,0,0,0,0,w,m
40218,SHOULD,1,1,0.981079,0,0,0.661923,0,0.881254,1.83709,1.62588,0.867642,1.60084,0,0,0,1.00564,0,1,1,0,0,0,0,w,m
40219,SHOULD,1,1,0.982737,0,0,0.750569,0,0.928116,1.36322,1.65148,1.04996,1.47687,0.589527,0,0,0.925011,0,1,1,0,0,0,0,w,m
44651,SHOULD,1,1,0.972002,0.605592,1.3944,0.911306,0,0,1.48166,0.521556,0,1.2823,0.579543,0.520336,1.12309,1.3522,0,1,0,1,0,0,1,w,m
44652,SHOULD,1,1,0.944506,0,0,0.784504,0,0,1.10247,0,0,0.784034,0.962715,0,1.30992,1.26083,0,1,0,1,0,0,1,w,m
44653,SHOULD,1,1,0.837106,0,0,0.632678,0,0,0,0,0,0,0.971979,0,0.532061,1.97868,0,1,0,1,0,0,1,w,m
44654,SHOULD,1,1,0.838239,0,0,0.81653,0,0,0,0,0,0,0.680661,0,0,2.78635,0,1,0,1,0,0,1,w,m
44655,SHOULD,1,1,0.842978,0,0,0.731118,0,0,0.513459,0,0,0,0,0,0,2.35614,0,1,0,1,0,0,1,w,m
44656,SHOULD,1,1,0.959025,0,0,0.648147,0,0,0.678551,0,0,0,0,0,0,1.95773,0,1,0,1,0,0,1,w,m
44657,SHOULD,1,1,0.973706,0,0,0.657072,0,0,0.637753,0,0,0,0,0,0,1.11657,0,1,0,0,0,0,1,w,m
44658,SHOULD,1,1,0.979777,0,0,0.531547,0,0,1.10759,0,0,0,0,0,0.525272,1.15412,0,1,0,0,0,0,1,w,m
44659,SHOULD,1,1,0.973591,0,0,0.562144,0,0,0.854585,0,0,0,0,0,1.19698,0,0,1,0,0,0,0,1,w,m
44660,SHOULD,1,1,0.965296,0,0,0.674036,0,0,0.966515,0,0,0.529557,0,0,2.05505,0,0,1,0,1,1,0,1,w,m
44661,SHOULD,1,1,0.974147,0,0,0.558037,0,0,1.3163,0,0,0,0,0,1.0899,1.90278,0,1,0,1,0,0,1,w,m
44662,SHOULD,1,1,0.935882,0,0,1.02463,0,0,0.730483,0,0,0,0,0,1.21728,0,0,1,0,1,0,0,1,w,m
44663,SHOULD,1,1,0.959547,0,0,0.94547,0,0,0.54958,0,0,0,0.87144,0,1.19059,0,0,1,0,1,0,0,1,w,m
44664,SHOULD,1,1,0.959467,0.876157,0.920489,0.956347,0,0,0.697179,0,0,0,1.00001,0,1.48103,0,0,1,0,1,0,0,1,w,m
44665,SHOULD,1,1,0.925014,0.69106,0.789248,0,0,0,0,0,0,0,1.04361,0.520004,2.27801,0,0,1,0,1,0,0,1,w,m
44666,SHOULD,1,1,0.904665,0,0,0,0,0,0,0,0,0,1.04827,0.715563,1.8198,0,0,1,0,1,1,0,1,w,m
44667,SHOULD,1,1,0.913709,0,0.594039,0.53212,0,0,1.19937,0,0,0,0,0,2.20743,0,0,1,0,1,1,0,1,w,m
44668,SHOULD,1,1,0.931554,0.902426,0,0,0.830045,0,1.12499,0,0,0,0.740008,0,1.69181,0,0,0,0,1,1,0,1,w,m
44669,SHOULD,1,1,0.956603,1.23692,0,0.846696,0.60013,0,1.78632,0,0,0,0,0,0,1.56035,0,1,0,0,0,0,1,w,m
44670,SHOULD,1,1,0.968507,1.23023,0,0.899755,0,0,1.74522,0,0,0,0.59982,0,0,2.06121,0.515394,1,0,0,0,0,1,w,m
44671,SHOULD,1,1,0.967597,1.4838,0,1.08072,0,0,1.90496,0,0,0,0.740699,0,0,2.45186,0.566497,1,0,0,1,0,1,w,m
44672,SHOULD,1,1,0.952594,1.488,0,0.986504,0,0,2.03341,0,0,0,0.600964,0,0,2.85312,0.683873,1,0,0,0,0,1,w,m
44673,SHOULD,1,1,0.951468,1.6894,0,1.0039,0,0,2.18349,0,0,0,0.778177,0,0,2.27856,0.648078,1,0,0,0,0,1,w,m
44674,SHOULD,1,1,0.949156,1.28669,0,0,0,0,1.60429,0,0,0,0,0,0.515457,2.4317,0.734307,1,0,0,0,0,1,w,m
44675,SHOULD,1,1,0.946393,1.4762,0,0.843287,0,0,1.73959,0,0,0,0,0,0.578234,1.82038,0.644537,1,0,0,0,0,1,w,m
44676,SHOULD,1,1,0.958455,1.44876,0,0.563354,0.676707,0,1.9358,0,0,0,0.504302,0,0,1.13573,0.702189,1,0,0,0,0,1,w,m
44677,SHOULD,1,1,0.957102,1.44065,0,0,0.737525,0,1.87865,0,0,0,0,0,0,1.32712,0.640637,1,0,0,0,0,1,w,m
44678,SHOULD,1,1,0.959145,1.41937,0,0,0.699489,0,1.6505,0,0,0,0,0,0,1.18639,0.633209,1,0,0,0,0,1,w,m
44679,SHOULD,1,1,0.960458,1.40336,0,0,0.826247,0,1.39656,0,0,0,0,0,0.624344,1.15662,0.617692,1,0,0,0,0,1,w,m
44680,SHOULD,1,1,0.961574,1.18019,0,0,0.787215,0,0.909235,0,0,0,0,0,0,1.10862,0.600833,1,0,0,0,0,1,w,m
44681,SHOULD,1,1,0.963415,1.2188,0,0,0.802807,0,1.12518,0,0,0,0,0,0.651458,1.26741,0.563881,1,0,0,0,0,1,w,m
44682,SHOULD,1,1,0.965645,1.18828,0,0,0.921877,0,1.01437,0,0,0,0,0,0,1.46552,0.626453,1,0,0,0,0,1,w,m
44683,SHOULD,1,1,0.966914,1.2734,0,0,0.951143,0,0.994778,0,0,0,0,0,0,1.33217,0.654596,1,0,0,0,0,1,w,m
44684,SHOULD,1,1,0.965805,1.22832,0,0,0.937328,0,1.08399,0,0,0,0,0,0,1.18122,0.658789,1,0,0,0,0,1,w,m
44685,SHOULD,1,1,0.966824,1.23528,0.512891,0,0.862249,0,1.01446,0,0,0,0,0,0.501933,1.38569,0.669596,1,0,0,0,0,1,w,m
44686,SHOULD,1,1,0.96644,1.12023,0,0,0.792333,0,0.92667,0,0,0,0,0,0,1.35248,0.721953,1,0,0,0,0,1,w,m
44687,SHOULD,1,1,0.965683,1.15274,0,0,0.787431,0,0.746152,0,0,0,0,0,0,1.406,0.717341,1,0,0,0,0,1,w,m
44688,SHOULD,1,1,0.966495,1.13103,0,0,0.692117,0,0.560084,0,0,0,0,0,0,1.45734,0.780332,1,0,0,0,0,0,w,m
44689,SHOULD,1,1,0.967188,1.12667,0,0,0.688309,0,0,0,0,0,0,0,0.532478,1.39854,0.782536,1,0,0,0,0,0,w,m
44690,SHOULD,1,1,0.968137,0.894744,0,0,0.7452,0,0,0,0,0,0.669119,0,0,1.3153,0.721584,1,0,0,0,0,0,w,m
44691,SHOULD,1,1,0.976661,0.808836,0,0,0.533432,0,0,0,0,0,0.859988,0.795193,0.933081,0,0,1,0,1,0,0,0,w,m
44692,SHOULD,1,1,0.970626,0.785448,0,0,0,0,0,0,0,0,1.33082,0.969782,1.99097,0,0,1,0,1,1,0,0,w,m
44693,SHOULD,1,1,0.972324,0,0,0,0,0,0,0,0,0,1.6211,0.614135,1.23487,0,0,1,0,1,1,0,0,w,m
44694,SHOULD,1,1,0.964686,0.856322,0,0,0,0,1.0142,0,0,0,1.19657,0,1.23625,0,0,0,0,1,1,0,0,w,m
7255,SHOULD,1,1,0.844513,0,0.878278,0,0.789626,0,0,0,0,0.525884,0,0.599867,0,0,0,0,0,1,0,0,0,m,m
1340,SHOULD,1,1,0.896394,1.15106,1.16427,1.11494,0.53429,0,0.788041,0,0,0,0,0,1.5741,0,0,1,0,1,1,0,1,m,m
1341,SHOULD,1,1,0.911004,1.06953,0.65841,1.08499,0.569312,0,0,0,0,0,0,0,1.61588,0,0,1,0,1,0,0,1,m,m
1342,SHOULD,1,1,0.910065,1.05745,0,1.11703,0.615784,0,0,0,0,0,0,0,1.37106,0,0,1,0,1,1,0,1,m,m
1343,SHOULD,1,1,0.90847,1.1972,0,1.12724,0.537705,0,0,0,0,0,0,0.510004,1.60373,0,0,1,0,1,1,0,1,m,m
1344,SHOULD,1,1,0.913879,1.11382,0,1.0366,0.500922,0,0,0,0,0,0,0,1.47317,0,0,1,0,1,1,0,1,m,m
1345,SHOULD,1,1,0.916334,1.26981,0.55998,0.921613,0,0,0,0,0,0,0,0,1.65713,0,0,1,0,1,0,0,1,m,m
1346,SHOULD,1,1,0.91341,1.16147,0,1.04414,0.530323,0,0.590174,0,0,0,0,0,1.56094,0,0,1,0,1,1,0,1,m,m
1347,SHOULD,1,1,0.919745,1.36248,0.503411,1.03971,0.535446,0,0,0,0,0,0,0,1.74542,0,0,1,0,1,1,0,1,m,m
1348,SHOULD,1,1,0.922727,1.35435,0.751735,1.14766,0.633863,0,0,0,0,0,0,0,1.79926,0.50638,0,1,0,1,1,0,1,m,m
1349,SHOULD,1,1,0.923262,1.37184,0.717668,1.14645,0,0,0,0,0,0,0,0,1.69401,0,0,1,0,1,1,0,1,m,m
1350,SHOULD,1,1,0.920054,1.31846,0.925218,1.09326,0,0,0.596907,0,0,0,0,0,1.8696,0,0,1,0,1,1,0,1,m,m
1351,SHOULD,1,1,0.918007,1.27295,0.748685,1.1773,0,0,0.605314,0,0,0,0,0,1.5486,0,0,1,0,1,1,0,1,m,m
1352,SHOULD,1,1,0.917334,1.59217,0.704437,1.10336,0.61915,0,0.541188,0,0,0,0,0,1.54345,0,0,1,0,1,1,0,0,m,m
9490,SHOULD,1,1,0.979703,0,0,1.02794,0,0.535578,1.08331,0,0.676017,0.610584,0,0,0,0,0,0,1,0,0,0,0,m,m
9491,SHOULD,1,1,0.978624,0,0,1.08274,0,0.515609,1.09946,0,0.681652,0.535594,0,0,0,0,0,0,1,0,0,0,0,m,m
9492,SHOULD,1,1,0.978539,0,0,1.14603,0,0.501516,1.18828,0,0.628479,0.540837,0,0,0,0,0,0,1,0,0,0,0,m,m
9493,SHOULD,1,1,0.978602,0,0,1.10266,0,0.511081,1.12333,0,0.61284,0,0,0,0,0,0,0,1,0,0,0,0,m,m
9494,SHOULD,1,1,0.978828,0,0,1.06771,0,0,1.03321,0,0.698721,0.593351,0,0,0,0,0,0,1,0,0,0,0,m,m
9495,SHOULD,1,1,0.977775,0,0,1.0337,0,0.517401,1.04018,0,0.615101,0.529948,0,0,0,0,0,0,1,0,0,0,0,m,m
9496,SHOULD,1,1,0.978514,0,0,1.04381,0,0.513176,1.38613,0,0.731244,0.662531,0,0,0,0,0,0,1,0,0,0,0,m,m
9497,SHOULD,1,1,0.977693,0,0,1.23417,0,0.532281,1.44559,0,0.66047,0.646869,0,0,0,0,0,0,1,0,0,0,0,m,m
9498,SHOULD,1,1,0.977684,0,0,1.30441,0,0.524498,1.42708,0,0.686894,0.673841,0,0,0,0,0,0,1,0,0,0,0,m,m
9499,SHOULD,1,1,0.977672,0,0,1.22962,0,0.502421,1.20521,0,0.681742,0.631419,0,0,0,0,0,0,1,0,0,0,0,m,m
9500,SHOULD,1,1,0.978462,0,0,1.21444,0,0,1.40809,0,0.625937,0.615473,0,0,0,0,0,0,1,0,0,0,0,m,m
9501,SHOULD,1,1,0.978622,0,0,1.12148,0,0.515515,1.40336,0,0.64656,0.67071,0,0,0,0,0,0,1,0,0,0,0,m,m
9502,SHOULD,1,1,0.978667,0,0,1.20427,0,0,1.25775,0,0.586773,0.666543,0,0,0,0,0,0,1,0,0,0,0,m,m
9503,SHOULD,1,1,0.978425,0,0,1.11367,0,0,1.25924,0,0.615848,0.719173,0,0,0,0,0,0,1,0,0,0,0,m,m
9504,SHOULD,1,1,0.977203,0,0,1.12289,0,0,1.21081,0,0.581609,0.630281,0,0,0,0,0,0,1,0,0,0,0,m,m
9505,SHOULD,1,1,0.976057,0,0,1.1165,0,0,1.31214,0,0.581294,0.622462,0,0,0,0,0,0,1,0,0,0,0,m,m
9506,SHOULD,1,1,0.978076,0,0,1.26409,0,0,1.15552,0,0.559276,0.672179,0,0,0,0,0,0,1,0,0,0,0,m,m
9507,SHOULD,1,1,0.978722,0,0,1.32957,0,0.515913,1.10122,0,0,0.619105,0,0,0,0,0,0,1,0,0,0,0,m,m
9508,SHOULD,1,1,0.979441,0,0,1.32593,0,0,1.03822,0,0.50679,0.590286,0,0,0,0,0,0,1,0,0,0,0,m,m
9509,SHOULD,1,1,0.979478,0,0,1.28254,0,0,1.2616,0,0,0.58088,0,0,0,0,0,0,1,0,0,0,0,m,m
9510,SHOULD,1,1,0.979028,0,0,1.18426,0,0,1.19055,0,0.502103,0.57764,0,0,0,0,0,0,1,0,0,0,0,m,m
9511,SHOULD,1,1,0.978344,0,0,1.23415,0,0,1.12048,0,0.527659,0.542001,0,0,0,0,0,0,1,0,0,0,0,m,m
9512,SHOULD,1,1,0.978447,0,0,1.17456,0,0,1.05073,0,0.569209,0.62791,0,0,0,0,0,0,1,0,0,0,0,m,m
9513,SHOULD,1,1,0.978425,0,0,1.21458,0,0,1.0199,0,0.528665,0.633586,0,0,0,0,0,0,1,0,0,0,0,m,m
9514,SHOULD,1,1,0.978799,0,0,1.17581,0,0,1.05797,0,0,0.663886,0,0,0,0,0,0,1,0,0,0,0,m,m
9515,SHOULD,1,1,0.977598,0,0,1.15574,0,0,0.987993,0,0.503376,0.663844,0,0,0,0,0,0,1,0,0,0,0,m,m
9516,SHOULD,1,1,0.977154,0,0,1.23194,0,0,0.98894,0,0.541777,0.601334,0,0,0,0,0,0,1,0,0,0,0,m,m
9517,SHOULD,1,1,0.97681,0,0,1.23855,0,0,0.816636,0,0.623789,0.662935,0,0,0,0,0,0,0,0,0,0,0,m,m
9518,SHOULD,1,1,0.976447,0,0,1.23433,0,0,0.789785,0,0.53612,0.641965,0,0,0,0,0,0,0,0,0,0,0,m,m
9519,SHOULD,1,1,0.975633,0,0,1.16927,0,0,0.624782,0,0.603535,0.630656,0,0,0,0,0,0,1,0,0,0,0,m,m
9520,SHOULD,1,1,0.975752,0,0,1.21009,0,0,0.908283,0,0.526677,0.539526,0,0,0,0,0,0,0,0,0,0,0,m,m
9521,SHOULD,1,1,0.975618,0,0.503221,1.28055,0,0,1.10757,0,0.620742,0.658855,0,0,0,0,0,0,1,0,0,0,0,m,m
9522,SHOULD,1,1,0.977023,0,0,1.11281,0,0,1.28847,0,0.693193,0.752868,0,0,0,0,0,0,0,0,0,0,0,m,m
9523,SHOULD,1,1,0.977206,0,0,1.14084,0,0,1.40136,0,0.688875,0.80349,0,0,0,0,0,0,0,0,0,0,0,m,m
9524,SHOULD,1,1,0.973783,0,0,1.36122,0,0.526684,1.19542,0,0.622286,0.774296,0,0,0,0,0,0,1,0,0,0,0,m,m
9525,SHOULD,1,1,0.974018,0,0,1.32556,0,0.516943,1.24357,0,0.554085,0.791168,0,0,0,0,0,0,0,0,0,0,0,m,m
9708,SHOULD,1,1,0.965178,0,0.736844,2.00691,0,0,1.18982,0,0,0,0.58201,0,0,1.56485,0,0,0,0,0,0,0,m,m
9709,SHOULD,1,1,0.965004,0,0.83266,1.89154,0,0,1.2143,0,0,0,0,0,0,1.80864,0,0,1,0,0,0,0,m,m
9710,SHOULD,1,1,0.967098,0,0.912785,1.83262,0,0,1.4401,0,0,0,0,0,0,1.81161,0,0,1,0,0,0,0,m,m
9711,SHOULD,1,1,0.968735,0,0.853476,1.75428,0,0,1.33236,0,0,0,0,0,0,1.85292,0,1,0,0,0,0,0,m,m
9712,SHOULD,1,1,0.969554,0,0.970688,1.91193,0,0,1.46524,0,0,0,0,0,0,1.90125,0,1,0,0,0,0,0,m,m
9713,SHOULD,1,1,0.969197,0,0.962179,1.73959,0,0,1.4376,0,0,0,0,0,0,1.8513,0,1,1,0,0,0,0,m,m
9714,SHOULD,1,1,0.969388,0,0.823596,1.92751,0,0,1.41997,0,0,0,0,0,0,1.63042,0,1,0,0,0,0,0,m,m
9715,SHOULD,1,1,0.970637,0,0.873111,2.03522,0,0,1.43666,0,0,0,0.588302,0,0,1.60816,0,1,0,0,0,0,0,m,m
9716,SHOULD,1,1,0.971835,0,0.73187,1.88591,0,0,1.24145,0,0,0,0.599947,0,0,1.52523,0,1,1,0,0,0,0,m,m
9717,SHOULD,1,1,0.971141,0,1.01133,1.87998,0,0,1.4129,0,0,0,0,0,0,1.64336,0,1,1,0,0,0,0,m,m
9718,SHOULD,1,1,0.970332,0.567391,0.975425,2.17997,0,0,1.18252,0,0,0,0,0,0,1.46416,0,1,0,0,0,0,0,m,m
9719,SHOULD,1,1,0.968999,0.543651,0.96439,2.17489,0,0,1.24509,0,0,0,0,0,0,1.48105,0,1,1,0,0,0,0,m,m
9720,SHOULD,1,1,0.970918,0.528512,0.946739,2.13871,0,0,1.31106,0,0,0,0,0,0,1.44337,0,1,1,0,0,0,0,m,m
9721,SHOULD,1,1,0.963588,0.567084,0.528762,1.64727,0,0.506043,1.29811,0,0,0.676288,0,0,0,2.16788,0,0,1,0,0,0,1,m,m
9722,SHOULD,1,1,0.963191,0,0.586058,1.61147,0,0,1.48074,0,0,0.618476,0,0,0,2.13074,0,0,1,0,0,0,0,m,m
9723,SHOULD,1,1,0.961124,0,0,1.57909,0,0,1.21405,0,0,0.553417,0,0,0,1.86789,0,0,1,0,0,0,0,m,m
9724,SHOULD,1,1,0.962695,0,0,1.45322,0,0,1.13016,0,0,0.708953,0,0,0,2.00884,0,0,1,0,0,0,1,m,m
9725,SHOULD,1,1,0.961108,0,0,1.62542,0,0,1.10327,0,0,0.678131,0,0,0,1.96909,0,0,1,0,0,0,1,m,m
9726,SHOULD,1,1,0.963803,0,0.887549,1.51962,0,0,1.14901,0,0,0.775103,0,0,0,1.93921,0,0,1,0,0,0,0,m,m
9727,SHOULD,1,1,0.962962,0,0.763809,1.63245,0,0,0.945953,0,0,0.699705,0,0,0,1.84987,0,1,1,0,0,0,0,m,m
9728,SHOULD,1,1,0.961234,0,0.700496,1.61082,0,0,1.13702,0,0,0.663848,0,0,0,1.81087,0,1,1,0,0,0,0,m,m
9729,SHOULD,1,1,0.959511,0,0.627893,1.50025,0,0,1.2307,0,0,0.72359,0,0,0,2.21592,0,0,1,0,0,0,0,m,m
9730,SHOULD,1,1,0.961063,0,0.626972,1.46218,0,0,1.11858,0,0,0.550516,0,0,0,2.01091,0,0,1,0,0,0,1,m,m
9731,SHOULD,1,1,0.963628,0,0.581028,1.56089,0,0,0.992846,0,0,0.573311,0,0,0,1.97075,0,1,1,0,0,0,1,m,m
9732,SHOULD,1,1,0.96616,0,0.715386,1.691,0,0,1.44975,0,0,0.552239,0,0,0,1.83792,0,1,1,0,0,0,1,m,m
9733,SHOULD,1,1,0.96407,0,0.597917,1.66205,0,0,1.52993,0,0,0.618128,0,0,0,1.94916,0,0,1,0,0,0,1,m,m
9734,SHOULD,1,1,0.965381,0,0.56732,1.62338,0,0,1.39409,0,0,0.644025,0,0,0,1.57375,0,0,1,0,0,0,0,m,m
9735,SHOULD,1,1,0.963318,0,0.626706,1.51999,0,0,1.27518,0,0,0.625788,0,0,0,1.53726,0,0,1,0,0,0,1,m,m
9736,SHOULD,1,1,0.965444,0,0.953913,1.69546,0,0,1.28396,0,0,0.517138,0,0,0,1.83155,0,1,1,0,0,0,0,m,m
9737,SHOULD,1,1,0.964487,0,0.75183,1.66048,0,0,0.984386,0,0,0,0,0,0,1.55145,0,1,1,0,0,0,0,m,m
9738,SHOULD,1,1,0.965696,0,0.771586,1.60214,0,0,0.908322,0,0,0.532041,0,0,0,1.73597,0,0,1,0,0,0,0,m,m
9739,SHOULD,1,1,0.965811,0,0.626713,1.58864,0.501259,0,0.987186,0,0,0.5481,0,0,0,1.65634,0,1,1,0,0,0,0,m,m
9740,SHOULD,1,1,0.965429,0,0.506208,1.69432,0,0,1.08033,0,0,0.538705,0,0,0,1.52602,0,1,1,0,0,0,0,m,m
9741,SHOULD,1,1,0.965478,0,0,1.62356,0.523018,0,1.15898,0,0,0,0,0,0,1.46745,0,1,1,0,0,0,0,m,m
9742,SHOULD,1,1,0.964109,0,0.602905,1.58609,0.539472,0,1.19398,0,0,0.558568,0,0,0,1.5277,0,0,1,0,0,0,0,m,m
9743,SHOULD,1,1,0.964268,0,0.582844,1.63079,0.517392,0,1.02925,0,0,0.55647,0,0,0,1.73676,0,1,1,0,0,0,0,m,m
10142,SHOULD,1,1,0.989039,2.0556,0.715284,0.715577,0,0,0,0,0,0.661089,0.82173,0,0,0,0,1,0,0,0,0,1,m,m
10143,SHOULD,1,1,0.988596,2.11267,0.746202,0.802828,0,0,0.63417,0,0,0.75043,0.932214,0,0,0,0,1,0,0,0,0,1,m,m
10144,SHOULD,1,1,0.988139,2.03904,0.692432,0.812069,0,0,0.652376,0,0,0.676344,0.928586,0,0,0,0,1,0,0,0,0,1,m,m
10145,SHOULD,1,1,0.988624,2.03988,0.761735,0.794335,0,0,0.685066,0,0,0.687654,0.846466,0,0,0,0,1,0,0,0,0,1,m,m
10146,SHOULD,1,1,0.988403,2.0891,0.770935,0.724853,0,0,0.586161,0,0,0.611992,0.854159,0,0,0,0,1,0,0,0,0,1,m,m
10147,SHOULD,1,1,0.988409,2.15814,0.776221,0.687749,0,0,0.520725,0,0,0.66684,0.804231,0,0.556415,0,0,1,0,0,0,0,1,m,m
10148,SHOULD,1,1,0.989427,2.05827,0.72898,0.720041,0,0,0.625632,0,0,0.698025,0.733175,0,0.653987,0,0,1,0,0,0,0,1,m,m
10149,SHOULD,1,1,0.988948,1.97262,0.72986,0.846621,0,0,0.765617,0,0,0.696868,0.672896,0,0.677067,0,0,1,0,0,0,0,1,m,m
10150,SHOULD,1,1,0.988893,2.03097,0.758434,0.731834,0,0,0.745129,0,0,0.689113,0.75905,0,0.556425,0,0,1,0,0,0,0,1,m,m
10151,SHOULD,1,1,0.988962,2.00135,0.687093,0.728582,0,0,0.659332,0,0,0.694041,0.773178,0,0.537107,0,0,1,0,0,0,0,1,m,m
10152,SHOULD,1,1,0.988872,2.08847,0.66111,0.780154,0,0,0.747666,0,0,0.629151,0.783559,0,0.501683,0,0,1,0,0,0,0,1,m,m
10153,SHOULD,1,1,0.988421,2.06322,0.587447,0.775845,0,0,0.756024,0,0,0.60405,0.8311,0,0.52108,0,0,1,0,0,0,0,1,m,m
10154,SHOULD,1,1,0.9883,2.1136,0.541931,0.793578,0,0,0.709118,0,0,0.607723,0.875236,0,0.570757,0,0,1,0,0,0,0,1,m,m
10155,SHOULD,1,1,0.988342,2.14964,0.566198,0.730706,0,0,0.517299,0,0,0.586358,0.915825,0,0,0,0,1,0,0,0,0,1,m,m
10156,SHOULD,1,1,0.988087,2.08681,0.580883,0.758619,0,0,0.65253,0,0,0.583282,0.916592,0,0,0,0,1,0,0,0,0,1,m,m
10157,SHOULD,1,1,0.987387,1.97044,0.512926,0.76818,0,0,0.518966,0,0,0.568255,0.911255,0,0.697014,0,0,1,0,0,0,0,1,m,m
10158,SHOULD,1,1,0.987661,2.08864,0.539523,0.820345,0,0,0.674736,0,0,0.573625,0.837807,0,0.579146,0,0,1,0,0,0,0,1,m,m
10159,SHOULD,1,1,0.987664,2.12095,0,0.765051,0,0,0.555011,0,0,0.664282,0.900426,0,0,0,0,1,0,0,0,0,1,m,m
10160,SHOULD,1,1,0.987648,2.05679,0.552555,0.565843,0,0,0.547931,0,0,0.586165,0.822571,0,0.565919,0,0,1,0,0,0,0,1,m,m
10161,SHOULD,1,1,0.98761,1.96872,0.574162,0.779223,0,0,0.728798,0,0,0.502928,0.893742,0,0.58803,0,0,1,0,0,0,0,1,m,m
10162,SHOULD,1,1,0.98745,2.0266,0.618621,0.841662,0,0,0.725776,0,0,0,0.867424,0,0.533131,0,0,1,0,0,0,0,1,m,m
10163,SHOULD,1,1,0.987356,1.98112,0.55146,0.874539,0,0,0.809894,0,0,0,0.871432,0,0.591366,0,0,1,0,0,0,0,1,m,m
10164,SHOULD,1,1,0.987603,1.93417,0.614454,1.00468,0,0,0.944859,0,0,0,0.756531,0,0.534887,0,0,1,0,0,0,0,1,m,m
10165,SHOULD,1,1,0.988957,1.83605,0.539415,0.972257,0,0,0.894023,0,0,0,0.880836,0,0,0,0,1,0,0,0,0,1,m,m
10166,SHOULD,1,1,0.988727,1.80908,0,0.998763,0,0,0.84317,0,0,0,0.936873,0,0.561676,0,0,1,0,0,0,0,1,m,m
10167,SHOULD,1,1,0.988869,1.84881,0,0.945875,0,0,0.756704,0,0,0,0.917697,0,0.63738,0,0,1,0,0,0,0,1,m,m
10168,SHOULD,1,1,0.988611,1.95049,0,0.951017,0,0,0.912689,0,0,0,0.875714,0,0.564059,0,0,1,0,0,0,0,1,m,m
10169,SHOULD,1,1,0.988638,2.02041,0,0.928192,0,0,0.943525,0,0,0,0.863921,0,0,0,0,1,0,0,0,0,1,m,m
10170,SHOULD,1,1,0.988083,2.03408,0.537804,0.888891,0,0,0.80398,0,0,0,0.925673,0,0.676243,0,0,1,0,0,0,0,1,m,m
10171,SHOULD,1,1,0.988193,1.81769,0,0.676627,0,0,0.693582,0,0,0,0.712883,0,0.583658,0,0,1,0,0,0,0,1,m,m
10172,SHOULD,1,1,0.988704,1.77897,0,0.815508,0,0,0.867581,0,0,0,0.924665,0,0.630005,0,0,1,0,0,0,0,1,m,m
10173,SHOULD,1,1,0.989165,1.73825,0,0.888061,0,0,1.05394,0,0,0,0.841153,0,0.732699,0,0,1,0,0,0,0,1,m,m
10174,SHOULD,1,1,0.988965,1.76758,0,0.74496,0,0,0.940799,0,0,0.50111,0.858737,0,0.712395,0,0,1,0,0,0,0,1,m,m
10175,SHOULD,1,1,0.988454,1.73909,0,0.991619,0,0,0.984177,0,0,0.567139,0.83748,0,0.796926,0,0,1,0,0,0,0,1,m,m
10176,SHOULD,1,1,0.988437,1.75876,0,0.897516,0,0,0.940526,0,0,0,0.784942,0,0.841345,0,0,1,0,0,0,0,1,m,m
10177,SHOULD,1,1,0.988128,1.80695,0,0.848902,0,0,1.00364,0,0,0,0.742867,0,0.782983,0,0,1,0,0,0,0,1,m,m
5642,SHOULD,1,1,0.968718,0,0,0,0,0,0,0,0,0,0.683123,0,0,0,0.536771,0,0,0,0,0,0,w,m
5643,SHOULD,1,1,0.968187,0,0,0.544055,0,0,0.840154,0,0,0.539432,0.851151,0,0,0,0,0,0,0,0,0,0,w,m
1711,SHOULD,1,1,0.969593,1.24101,1.18412,1.08958,0,0.712003,0.700561,0.807694,0.877974,0.744669,0,0,0,0,0,1,1,0,0,0,1,m,w
1712,SHOULD,1,1,0.96742,1.31702,1.48197,1.70328,0,0.574137,0.807005,0.609631,0.836475,0.634141,0,0,0,0,0,1,1,0,0,0,1,m,w
1713,SHOULD,1,1,0.963958,1.2013,0.996731,1.35365,0,0,0,0.530329,0.708629,0,0.575986,0,0,0,0,1,1,0,0,0,1,m,w
1714,SHOULD,1,1,0.949137,0.656511,0.654594,1.01556,0,0,0,0,0.651971,0,0,0,0,0,0,1,1,0,0,0,0,m,w
1715,SHOULD,1,1,0.927656,0.514954,0,0.66198,0,0,0,0,0.521107,0,0.733044,0,0,0,0,1,1,0,0,0,1,m,w
1716,SHOULD,1,1,0.921181,0,0,0,0,0,0,0,0.548088,0,0.874283,0,0,0,0,1,1,0,0,0,1,m,w
1717,SHOULD,1,1,0.937667,0,0,0,0,0,0,0,0,0,1.15111,0,0,0,0,1,1,0,0,0,1,m,w
1718,SHOULD,1,1,0.942538,0,0,0,0,0,0,0,0,0,1.12323,0,0,0,0,1,1,0,0,0,1,m,w
1719,SHOULD,1,1,0.943403,0,0,0,0,0,0.77777,0,0,0,1.38263,0,0,0.584382,0,1,1,0,0,0,1,m,w
1720,SHOULD,1,1,0.939158,1.04277,0,0.983039,0,0,1.06106,0,0,0,1.20762,0,0,0,0,1,1,0,1,0,1,m,w
1721,SHOULD,1,1,0.93056,1.4517,0,0.940978,0.602089,0,1.34379,0,0,0,0.824127,0,0,0,0,1,1,0,1,0,1,m,w
1722,SHOULD,1,1,0.928405,2.35024,0.674908,1.36799,0,0,1.20096,0,0,0,0.995268,0,0,0,0.614244,1,1,1,1,0,0,m,w
1723,SHOULD,1,1,0.939204,2.31641,0.721145,1.72451,0,0,0,0,0,0,0,0,0,0,0.602964,0,0,0,1,0,0,m,w
1724,SHOULD,1,1,0.927858,2.5109,0.739455,2.01948,0,0,0,0,0,0,0.7404,0,0.593756,0,0.576149,1,0,0,1,0,1,m,w
1725,SHOULD,1,1,0.934331,2.43222,0.943171,2.1728,0,0,0,0,0,0,0.68042,0,0.525131,0,0.563264,0,0,1,1,0,0,m,w
1726,SHOULD,1,1,0.948292,2.21711,1.13279,2.0957,0,0,1.27379,0,0,0,0.626755,0,0.603733,0,0,0,0,1,1,0,1,m,w
1727,SHOULD,1,1,0.949531,2.11809,0.930191,2.08635,0,0,1.21888,0,0,0,1.03914,0,0.543608,0,0.50837,0,0,1,1,0,1,m,w
1728,SHOULD,1,1,0.952014,1.78204,0.801708,2.12318,0,0,1.42556,0,0,0,1.04889,0,0.945041,1.98751,0,1,0,1,1,0,1,m,w
1729,SHOULD,1,1,0.955001,1.72038,0.825636,2.04767,0,0,1.46817,0,0,0,1.04276,0,1.02093,1.6529,0,1,0,1,1,0,1,m,w
1730,SHOULD,1,1,0.959672,1.74515,0.759278,2.13091,0,0,1.36998,0,0,0,1.2131,0,0.810777,1.8125,0.504582,1,0,1,1,0,1,m,w
1731,SHOULD,1,1,0.961871,1.81371,0.854944,2.20596,0,0,1.3843,0,0,0,1.16844,0,0.765883,1.31451,0.513045,1,0,1,1,0,1,m,w
1732,SHOULD,1,1,0.964296,1.633,0,2.36118,0,0,1.28857,0,0,0,1.45003,0,0.796056,2.59817,0,1,0,0,0,0,1,m,w
1733,SHOULD,1,1,0.962789,1.41485,0,2.2496,0,0,1.0953,0,0,0,1.4939,0,0.753028,2.53645,0,1,0,0,0,0,1,m,w
1734,SHOULD,1,1,0.931524,1.28415,0,1.85824,0,0,0.97758,0,0,0,1.23522,0,0,0.611937,0.528002,1,0,1,0,0,1,m,w
2832,SHOULD,1,1,0.9209,0.618147,0,1.35652,0,0,0.516471,0,0,0,0.716053,0,0,0.868827,0,1,0,1,1,0,1,m,w
2833,SHOULD,1,1,0.904232,0.551975,0,1.0509,0,0,0.504952,0,0,0,0.725919,0,0,0.609214,0,1,0,1,1,0,1,m,w
2839,SHOULD,1,1,0.97669,1.34116,0,1.11056,0,0.5136,1.13911,0,0,0,0.702233,0,0,1.26373,0,0,1,0,0,0,1,m,w
2840,SHOULD,1,1,0.976621,1.41334,0,0.972581,0,0.527351,1.11513,0,0.571893,0,0,0,0,0.706174,0,1,1,0,1,0,1,m,w
2841,SHOULD,1,1,0.967701,1.43023,0,0.973857,0,0.500698,1.3062,0,0.569977,0,0,0,0,0,0,1,1,0,0,0,1,m,w
2842,SHOULD,1,1,0.951907,1.27475,0.57462,0.580076,0,0,0,0,0.526183,0,0.605707,0,0,0,0,0,1,1,0,0,1,m,w
2843,SHOULD,1,1,0.930543,1.25642,0.745636,0,0,0.520869,0,0,0,0,0.713748,0,0,0,0,0,1,0,0,0,1,m,w
2844,SHOULD,1,1,0.867129,1.41766,1.2477,0.659971,0,0.504346,0,0,0,0,0.761484,0,0,0,0,0,1,0,0,0,1,m,w
2845,SHOULD,1,1,0.755699,1.54696,1.47733,1.05291,0.662409,0.537528,0,0.555675,0.601186,0,0.867284,0,0,0,0,0,1,1,0,0,0,m,w
2846,SHOULD,1,1,0.943226,2.03562,0.684532,1.68445,0,0,0,0,0,0,1.14181,0,0,2.61982,0.573006,1,1,0,1,0,1,m,w
2847,SHOULD,1,1,0.908681,1.78289,1.03472,1.81606,0,0,0,0.512054,0.540625,0,1.33793,0,0,3.28364,0.72441,0,1,1,0,0,1,m,w
2848,SHOULD,1,1,0.923464,1.58111,0.689589,1.92031,0,0,0,0.640513,0.652271,0,0.65795,0,0,3.30313,0.871709,0,1,0,1,0,1,m,w
2849,SHOULD,1,1,0.907305,1.47838,0.646116,1.81339,0,0.568581,0.821978,0.740423,0.627511,0,0,0,0,3.0927,0.855719,0,1,0,0,0,1,m,w
2850,SHOULD,1,1,0.940864,1.50364,0.80718,1.55495,0,0.629277,1.14473,0.837446,0,0,0,0,0,1.8958,0.804823,1,1,0,0,0,1,m,w
2851,SHOULD,1,1,0.939015,1.51382,0.603339,1.22796,0,0.612683,0.998953,0.863675,0.673436,0,0,0,0.826931,1.2845,0.66481,0,1,0,0,0,1,m,w
2852,SHOULD,1,1,0.970818,1.27886,0,1.24848,0,0,1.0189,0.700957,0,0,0,0,0.661086,1.47959,0.509822,1,1,0,0,0,1,m,w
2853,SHOULD,1,1,0.960016,1.38683,0,1.14698,0,0,1.32457,0.592147,0,0,0,0,0.942411,0.844462,0,1,1,0,0,0,1,m,w
2854,SHOULD,1,1,0.9566,1.50023,0,1.31433,0,0,1.60069,0,0,0,0,0,0.859738,1.03175,0,0,0,0,1,0,1,m,w
2855,SHOULD,1,1,0.962207,1.57153,0,0.943692,0.67,0,2.21272,0,0,0,0,0,0.737311,1.49773,0,1,1,0,1,0,1,m,w
2856,SHOULD,1,1,0.938415,2.1232,1.00894,0.723794,0.678289,0,1.35146,0,0,0,0,0,0,1.25793,0,1,1,0,1,0,1,m,w
2857,SHOULD,1,1,0.940742,2.80052,0.528974,0.851908,0.776394,0,1.22033,0,0,0,0,0,0,0.521333,0,1,0,0,1,0,1,m,w
2858,SHOULD,1,1,0.939344,1.83863,0,0,0.563237,0,2.00092,0,0,0,0.923786,0,0.646542,0.938769,0,1,0,0,1,0,1,m,w
2859,SHOULD,1,1,0.940497,1.78109,0,0,2.05629,0,0,0,0,0,0.755357,0,0.939897,1.82623,0,0,0,0,1,0,1,m,w
2860,SHOULD,1,1,0.922846,2.10419,0,0,1.99267,0,0,0,0,0,0.637703,0,0,0,0,0,1,0,1,0,1,m,w
2861,SHOULD,1,1,0.897473,2.21682,0,0,2.56398,0,0,0,0,0,0,0,0,0,0,0,0,0,1,0,1,m,w
10341,SHOULD,1,1,0.94569,0,0,0,0,0,0,0,0,0,0,0,0,0.530607,0,1,0,0,1,0,1,m,m
10342,SHOULD,1,1,0.953342,0,0,0,0,0,0,0,0,0,0,0,0,0.728716,0,1,0,0,1,0,1,m,m
10343,SHOULD,1,1,0.9524,0,0,0,0,0,0,0,0,0,0,0,0,0.837376,0,1,0,1,1,0,1,m,m
10344,SHOULD,1,1,0.940378,0,0,0,0,0,0,0,0,0,0,0,0,1.40686,0,1,0,0,1,0,1,m,m
10345,SHOULD,1,1,0.931557,0,0,0,0,0,0,0,0,0,0,0,0,1.25468,0,1,0,0,1,0,0,m,m
10346,SHOULD,1,1,0.928304,0,0,0,0.696758,0,0,0,0,0,0,0,0,1.9903,0,1,0,0,1,0,0,m,m
10347,SHOULD,1,1,0.911979,0,0,0,0,0,0,0,0,0,0,0,0,2.46142,0,1,0,0,1,0,0,m,m
10348,SHOULD,1,1,0.892705,0,0,0,0.551334,0,0,0,0,0,0,0,0,3.03843,0,1,0,0,1,0,0,m,m
10349,SHOULD,1,1,0.874422,1.02862,1.03289,0,0.566313,0,0,0,0,0,0,0,0,1.06217,0,1,0,0,0,0,0,m,m
10350,SHOULD,1,1,0.879979,0.863451,0.881223,0,0.746509,0,0,0,0,0,0,0,0,1.07463,0,1,0,0,0,0,0,m,m
10351,SHOULD,1,1,0.949386,0.995927,0,0,0.923202,0,0,0,0,0.631749,0,0,0,0,0,1,0,0,1,0,0,m,m
10352,SHOULD,1,1,0.982172,0,0,0,0.508455,0,0,0.540473,0.790473,1.25687,0.567491,0,0,0,0,1,0,0,1,0,0,m,m
10353,SHOULD,1,1,0.981146,0,0,0,0.518737,0.591283,0,0.883421,1.07982,1.59726,0,0.543206,0,0.639243,0,1,1,0,1,0,0,m,m
10354,SHOULD,1,1,0.984455,0,0,0,0,0.500628,0,0.760735,1.06462,1.20267,0,0.531189,0,0,0,1,0,0,1,0,0,m,m
10355,SHOULD,1,1,0.986477,0,0.586963,0,0,0.546962,0,0.806064,1.14457,0.875281,0.625039,0,0,0.707187,0,1,0,0,1,0,0,m,m
10356,SHOULD,1,1,0.981876,1.29017,0.758367,0,0.701106,0.580592,0,0.674225,1.22104,0,0.578057,0,0,1.93456,0,0,1,0,0,0,0,m,m
10357,SHOULD,1,1,0.963806,2.20273,1.71634,0,0.675118,0,0,0.64407,1.18786,0,0,0,0,1.45081,0.755973,1,1,0,0,0,0,m,m
10358,SHOULD,1,1,0.963631,0.664908,0,0,0,0,0,0,1.1002,1.28759,0,0.553461,1.1859,1.1284,0,1,1,1,1,0,0,m,m
10359,SHOULD,1,1,0.97711,0.609587,0,0,0,0,0,0,1.07104,1.13455,0,0,0.508069,0,0,1,0,0,0,0,0,m,m
10360,SHOULD,1,1,0.975836,0,0,0,0,0,0,0,0.828602,1.40009,0,0,0.992339,0,0,1,0,0,0,0,0,m,m
10361,SHOULD,1,1,0.974109,0,0,0,0,0,0,0,0.662192,1.19207,0.708332,0.579827,1.44143,0,0,1,1,1,1,0,0,m,m
10362,SHOULD,1,1,0.958184,0,0,0,0,0,0,0,1.01463,1.20379,0.537715,0.664349,1.43235,0.506945,0,1,1,1,1,0,0,m,m
10363,SHOULD,1,1,0.972485,0,0,0,0.58988,0,0.506156,0.6159,1.26094,0.650457,0,0.736386,0.621267,0,0,1,1,0,1,0,0,m,m
10364,SHOULD,1,1,0.982401,0,0,0,0.511131,0,0,0,1.14162,0.811608,0,0,0.78266,0,0,0,1,0,1,0,0,m,m
10365,SHOULD,1,1,0.984945,0,0,0,0,0.527416,0,0.662419,1.34146,0.841584,0,0,0.692,0.745584,0,0,1,0,1,0,0,m,m
10366,SHOULD,1,1,0.984954,0,0,0,0,0,0,0.514383,1.13333,1.22934,0,0,0.739344,0,0,0,1,0,1,0,0,m,m
10367,SHOULD,1,1,0.984656,0,0,0,0,0,0,0.623717,1.08265,1.36223,0,0,0.666015,0,0,0,1,0,1,0,0,m,m
10368,SHOULD,1,1,0.987545,0,0,0,0,0,0,0.513209,1.01966,1.35001,0,0,0.761979,0,0,0,1,0,1,0,0,m,m
10369,SHOULD,1,1,0.988122,0,0,0,0,0,0,0,0.950985,1.0897,0,0,1.01457,0.585224,0,0,1,0,1,0,0,m,m
10370,SHOULD,1,1,0.988863,0,0.602437,0,0,0,0,0,0.925415,1.12574,0,0,1.11812,1.08736,0,0,1,0,1,0,0,m,m
10371,SHOULD,1,1,0.988138,0,0,0,0,0,0,0,0.711332,0.732597,0,0,1.09967,0.997397,0,0,0,0,1,0,0,m,m
10372,SHOULD,1,1,0.988283,0,0,0,0.612507,0,0,0,0,0,0,0,0.616427,0,0,0,0,0,1,0,0,m,m
10373,SHOULD,1,1,0.980102,0,0,0,0.765659,0,0,0,0,0,0,0,0.530444,0,0,1,0,0,1,0,0,m,m
12022,SHOULD,1,1,0.925107,1.29268,1.28436,1.8905,0.843844,0,0,0,0,0.774906,0,0.527195,0,2.49132,0,1,0,1,1,0,0,w,w
12023,SHOULD,1,1,0.917593,1.50291,1.72165,1.83903,0.851367,0,0,0,0,0.571881,0.588726,0.560715,0,1.18851,0,1,0,1,1,0,0,w,w
12024,SHOULD,1,1,0.897075,1.70349,1.83882,2.21118,0.582875,0,0,0,0,0.556991,0,0,0,0.930139,0,1,0,1,1,0,0,w,w
12025,SHOULD,1,1,0.828721,1.78472,2.09245,2.11988,0.949685,0,0,0,0,0,0,0.530592,0,0,0,0,0,1,0,0,0,w,w
12026,SHOULD,1,1,0.827768,1.70522,1.74894,1.87893,1.0191,0,0.58483,0.530964,0,0,0,0,0,1.3979,0,1,0,1,1,0,0,w,w
12027,SHOULD,1,1,0.803905,1.56546,1.31202,1.984,1.12954,0,1.2084,0.626141,0,0.632005,0,0,0,0.670844,0,1,0,1,1,0,0,w,w
12028,SHOULD,1,1,0.810706,1.20213,1.17816,2.11413,1.18708,0,1.54523,0.559003,0,0.706289,0,0,0,1.18974,0,1,0,1,1,0,0,w,w
12029,SHOULD,1,1,0.828945,0.973964,1.13877,2.21065,1.35043,0,1.62427,0.550214,0,0.760856,0,0,0,1.82654,0,1,0,1,1,0,0,w,w
12030,SHOULD,1,1,0.87232,0.871364,1.51868,2.2735,1.05257,0,1.99595,0,0,0.797832,0,0,0,2.4181,0,1,0,0,1,0,0,w,w
12031,SHOULD,1,1,0.906731,0.700998,1.90326,2.18157,1.1203,0,1.84103,0.586822,0,0.577387,0,0,0,1.86586,0,1,0,0,1,0,0,w,w
12032,SHOULD,1,1,0.950101,1.19096,2.32092,2.53118,0.967699,0,1.52669,0.581613,0,0.876833,0,0,0,3.38711,0,1,1,0,1,0,0,w,w
12033,SHOULD,1,1,0.952579,1.72665,2.88691,2.68222,0.674819,0,0.873225,0.771036,0,0.722523,0,0,0,2.82215,0,1,1,1,1,0,0,w,w
12034,SHOULD,1,1,0.960175,1.39702,2.5592,2.77738,0.512615,0,0,0.514921,0,1.11054,0,0,0,3.5436,0,1,1,1,1,0,0,w,w
12035,SHOULD,1,1,0.965196,0.909759,1.62391,2.36962,0,0,0,0,0,1.2136,0,0,0,3.55212,0,1,1,1,1,0,0,w,w
12036,SHOULD,1,1,0.97245,0,1.09377,2.42024,0,0,0,0,0,1.16342,0,0,0.676369,2.80831,0,1,0,1,1,0,0,w,w
12037,SHOULD,1,1,0.979085,0.562422,0.532459,2.16984,0,0,0,0,0,0.875209,0,0,0.853629,2.82509,0,1,0,1,0,0,0,w,w
12038,SHOULD,1,1,0.985208,0.831543,0,2.16093,0,0,1.66911,0,0,0.801619,0,0,1.19816,2.56479,0,1,0,1,1,0,1,w,w
12048,SHOULD,1,1,0.962444,0,1.28944,1.93525,1.02716,0.558259,0.73997,0.582793,0,0.607248,0,0,0,3.89845,0,1,1,0,0,0,0,w,w
12049,SHOULD,1,1,0.802605,0,0.615095,2.00949,0.509987,0,0.649153,0,0,0.504797,0,0,0,2.61202,0,1,0,0,0,0,0,w,w
12050,SHOULD,1,1,0.974197,0,1.32449,2.16458,1.0049,0.599031,1.35205,0.652585,0,0.53755,0,0,0,3.90188,0,1,1,0,1,0,0,w,w
12051,SHOULD,1,1,0.944039,0,1.02556,2.46867,0.506128,0.545395,0,0,0,0.748504,0,0,0,2.30532,0,1,1,0,0,0,0,w,w
12052,SHOULD,1,1,0.976385,0,0,1.47575,0.878866,0,0.548039,0,0,0.629798,0,0,0,0.977677,0,1,0,1,0,0,0,w,w
12055,SHOULD,1,1,0.960045,0.918023,0,1.67248,0,0,2.66599,0.645804,0,0.997585,0,0,0.577831,2.50356,0.677918,1,0,1,1,0,1,w,w
12056,SHOULD,1,1,0.951924,0.888835,0,1.76336,0,0,2.08572,0.576929,0.575466,0.984002,0,0,0.51959,2.24628,0.710513,1,0,1,0,0,1,w,w
12058,SHOULD,1,1,0.959221,0.528842,0,0.556783,0,0,1.32082,0,0,0.70601,0,0.565364,0.589741,1.31504,0,1,0,1,0,0,1,w,w
12059,SHOULD,1,1,0.946497,0.92608,0,0.701664,0,0,0.950432,0,0,0.566256,0,0,0,1.75727,0,1,0,1,0,0,0,w,w
12060,SHOULD,1,1,0.939373,0.944743,0,0.903968,0,0,0.962756,0,0.853601,0.84201,0,0.762925,0,3.05317,0.594367,1,0,1,1,0,0,w,w
12061,SHOULD,1,1,0.933676,0.924378,0,0.5812,0,0,1.04562,0,0.911514,0.522088,0,1.332,0,3.32426,0.703011,1,1,1,1,0,0,w,w
12062,SHOULD,1,1,0.932554,0.962754,0,0.577052,0,0,0.96714,0,0.881972,0.714523,0,1.28362,0,3.02719,0.751932,1,1,1,1,0,0,w,w
12063,SHOULD,1,1,0.919725,1.03252,0,0.779151,0,0,0.762535,0,0.913244,0.675094,0,1.14625,0,3.02374,0.689396,1,1,1,1,0,0,w,w
12064,SHOULD,1,1,0.91483,0.800486,0,0.872991,0,0,1.02541,0,0.774656,0,0,0,0.61121,0.943908,0.77478,1,1,1,1,0,0,w,w
12065,SHOULD,1,1,0.904191,1.15642,0.516749,1.4329,0,0,1.52218,0,0.887374,0,0,0,0,3.11968,0.684261,1,1,1,1,0,0,w,w
12066,SHOULD,1,1,0.834808,1.16192,1.62406,0.874207,0,0,0,0,0,0,0,0,1.25436,1.92036,0.504913,1,0,1,1,0,0,w,w
12067,SHOULD,1,1,0.847805,1.06877,1.12279,1.09757,0.7171,0,0,0,0.657253,0,0,0,0.547513,4.32663,0.607377,1,1,0,1,0,0,w,w
12068,SHOULD,1,1,0.922465,0.525714,1.13626,1.74843,0.551453,0,1.11069,0,0.95364,0,0,0,0,4.63867,0.724261,1,1,1,1,0,0,w,w
12069,SHOULD,1,1,0.906018,0,1.29539,1.98148,0,0,1.97685,0,0.616567,0,0,0,0,5,0.78232,1,1,0,1,0,0,w,w
12070,SHOULD,1,1,0.914463,0,1.58151,2.22373,0,0,1.96559,0,0,0,0,0,0,5,0.850925,1,1,1,1,0,0,w,w
12071,SHOULD,1,1,0.919853,0,1.62116,2.72644,0,0,1.74436,0,0,0,0,0,0.528336,5,0.799257,1,0,1,1,0,0,w,w
12072,SHOULD,1,1,0.929424,0,1.83698,2.98167,0,0,1.82791,0,0,0.503492,0,0,0.528927,5,0.804507,1,0,1,1,0,0,w,w
12073,SHOULD,1,1,0.934,0,1.77501,2.96015,0,0,2.10565,0,0,0,0,0,0,5,0.76058,1,0,1,1,0,0,w,w
12074,SHOULD,1,1,0.933854,0,1.52551,2.80556,0,0,1.87573,0,0,0,0,0,0,5,0.686332,1,0,1,1,0,0,w,w
12075,SHOULD,1,1,0.944953,0,1.31596,2.44223,0,0,1.92618,0,0,0,0,0,0,5,0.610464,1,0,1,1,0,0,w,w
12076,SHOULD,1,1,0.962677,0,0.927793,2.44443,0,0,1.71647,0,0,0.664153,0,0.512349,0.625537,5,0,1,0,1,1,0,1,w,w
12077,SHOULD,1,1,0.962689,0,0,1.96432,0,0,1.44425,0,0,0.692675,0,0,0.533452,5,0,1,0,1,0,0,1,w,w
8630,SHOULD,1,1,0.860468,1.54608,1.40297,1.60619,0,0,0,0,0,0,0,0.990824,0.977643,0.501369,0,1,0,0,0,0,0,m,m
8631,SHOULD,1,1,0.891643,1.71887,2.65304,1.49304,0,0,0,0,0,0,0,0.841912,3.00735,0,0.567717,1,0,1,1,0,0,m,m
8632,SHOULD,1,1,0.96684,1.66697,0.716381,0.865011,0,0,0,0,0,0,0,0.845736,2.33238,0,1.032,1,0,1,0,0,0,m,m
8633,SHOULD,1,1,0.959126,1.04621,1.03667,0.921958,0,0,0,0,0,0,0,0.919268,3.90345,2.4879,1.04739,1,0,1,1,0,0,m,m
8105,SHOULD,1,1,0.905715,0,0,0,0,0,1.30218,0,0,0.547289,0.774327,0,0,0,0,0,0,1,1,0,0,w,w
8106,SHOULD,1,1,0.920224,0,0,0,0,0,0,0,0,0.962287,0.744258,0.814438,0,0.848157,0,0,0,1,1,0,0,w,w
8107,SHOULD,1,1,0.936255,0,0.59964,0,0,0,0,0,0.827816,0.901783,0,1.16379,0,0,0,0,0,1,1,0,0,w,w
8108,SHOULD,1,1,0.933595,0,0,0,0,0,0,0,0.734361,0.996867,0.733993,0.964629,0,0,0,0,0,0,1,0,0,w,w
8109,SHOULD,1,1,0.913607,0,0.619376,0,0,0,0,0,0.89869,1.09336,0,1.12735,0.626829,0,0,0,0,1,1,0,0,w,w
8110,SHOULD,1,1,0.903004,0,0,0,0,0,0,0,0.71785,1.13187,0.58153,0.731713,0,0,0,0,0,0,1,0,0,w,w
8111,SHOULD,1,1,0.833777,0,0,0,0,0,0,0,0.915875,1.09072,0,0.578529,0.558201,1.20596,0,0,1,1,1,0,0,w,w
8112,SHOULD,1,1,0.796866,0,0.572091,0,0,0,0.52771,0,0.732909,0.615895,0.518117,0,0,1.40557,0,0,0,0,1,0,0,w,w
8113,SHOULD,1,1,0.864159,0.641414,1.24321,0.73867,0,0,0,0,0,0.579393,0.753681,0,0,2.05937,0,0,0,1,1,0,0,w,w
8114,SHOULD,1,1,0.911896,0.826206,1.3328,1.10927,0,0,0,0,0,0,0.872517,0,0.54871,1.80347,0,0,0,1,1,0,0,w,w
8115,SHOULD,1,1,0.910532,0.643166,1.52038,0,0,0,0,0,0,0.546937,0.929308,0,0.633134,0.869446,0,0,0,0,1,0,0,w,w
8116,SHOULD,1,1,0.953268,0,0.962231,0,0,0,0,0,0,0.664874,0.52384,0,0.977902,0.732155,0,0,0,0,1,0,0,w,w
8117,SHOULD,1,1,0.941805,0,0.818124,0,0,0,0,0,0,0,0,0.550156,0,0,0,0,0,0,1,0,0,w,w
8118,SHOULD,1,1,0.945278,0,0.534357,0,0,0,0,0,0,0,0.755365,0,0.611079,1.37558,0,0,0,0,1,0,0,w,w
8119,SHOULD,1,1,0.950638,0,0,0,0,0,0.532116,0,0,0,0.945218,0.585482,0,0.649779,0,1,0,0,1,0,0,w,w
8120,SHOULD,1,1,0.943303,0,0,0,0,0,0,0,0,0,0.976557,0,0,0,0,0,0,0,1,0,0,w,w
8121,SHOULD,1,1,0.915373,0,0.577099,0.560751,0,0,0,0,0,0,0.806554,0,0,0,0,0,0,0,1,0,0,w,w
8122,SHOULD,1,1,0.911139,0,0.926098,0.769562,0,0,0,0,0,0,0.989097,0,0,0,0,0,0,0,0,0,0,w,w
