time_stamp,word,frame,success,confidence,AU01_r,AU02_r,AU04_r,AU05_r,AU06_r,AU09_r,AU10_r,AU12_r,AU14_r,AU15_r,AU17_r,AU20_r,AU25_r,AU26_r,AU04_c,AU12_c,AU15_c,AU23_c,AU28_c,AU45_c,speaker_gender,listener_gender
36519,SN:WAYNEFS:W-WAYNE,1,1,0.855728,0,0,0,0,0,0,0.676959,0,0,0.82578,0,0,0,0,0,0,1,0,0,1,m,m
36520,SN:WAYNEFS:W-WAYNE,1,1,0.810889,0,1.36702,0.947032,0,0,0,0.724957,0,0,0,0,0,0,0,0,1,0,0,0,1,m,m
36521,SN:WAYNEFS:W-WAYNE,1,1,0.86654,0,0.962238,0.867814,0,0.574256,0,0.857173,1.09405,0,0,0,0,0,0,0,1,1,0,0,1,m,m
36522,SN:WAYNEFS:W-WAYNE,1,1,0.927465,0,0.583509,1.50429,0,0,0,0.718231,0,1.59164,1.35385,0.787661,0,0,0,0,0,1,1,0,1,m,m
36523,SN:WAYNEFS:W-WAYNE,1,1,0.928703,0,1.10047,0.980214,0,0,0,0.721622,0,1.90709,1.06975,0.553508,0.837224,0,0,0,0,1,1,0,1,m,m
36524,SN:WAYNEFS:W-WAYNE,1,1,0.915664,0,0.819606,1.19238,0,0,0,0.757211,0,1.60647,1.04046,0,0,0,0,0,0,1,1,0,1,m,m
36525,SN:WAYNEFS:W-WAYNE,1,1,0.912738,0,0.830877,1.34075,0,0.709325,0.635487,1.14258,0,2.35417,1.09204,0,0.85595,0,0,0,0,1,1,0,1,m,m
36526,SN:WAYNEFS:W-WAYNE,1,1,0.940488,0,0,1.24386,0,0.683415,0.92347,1.11458,0,2.46388,1.04131,0,1.53461,0,0,0,0,1,1,0,1,m,m
36527,SN:WAYNEFS:W-WAYNE,1,1,0.955529,0,0,0.8047,0,0.766533,0,1.22031,0,2.29605,1.18836,0,1.47114,0,0,0,1,1,1,0,1,m,m
