time_stamp,word,frame,success,confidence,AU01_r,AU02_r,AU04_r,AU05_r,AU06_r,AU09_r,AU10_r,AU12_r,AU14_r,AU15_r,AU17_r,AU20_r,AU25_r,AU26_r,AU04_c,AU12_c,AU15_c,AU23_c,AU28_c,AU45_c,speaker_gender,listener_gender
6362,NO,1,1,0.843546,1.15039,0,1.85228,0,0,0,0,0,0,0.745483,0,0,2.51351,0.509595,1,0,1,0,0,0,w,m
6404,NO,1,1,0.956702,0.545792,0,1.99538,0.504358,0,0,0,0,0,0,0,0,1.43067,0,1,0,1,0,0,0,w,m
6405,NO,1,1,0.95529,0,0,2.24022,0.532297,0,0.515186,0,0,0,0,0,0,1.45251,0,1,0,1,0,0,1,w,m
4280,NO,1,1,0.726,0,0.676177,0,0,0,0,0,0,0,1.29094,0,0.79086,0,0,0,0,0,0,0,0,m,w
4281,NO,1,1,0.79579,0,1.12621,0,0,0,0,0,0,0,1.40603,0,0,0,0,0,0,0,0,0,1,m,w
4282,NO,1,1,0.838818,0,0.783244,0,0.522801,0,0,0,0,0,1.03318,0,0,0,0,0,0,0,0,0,1,m,w
4283,NO,1,1,0.816395,0,0.672226,0,0.748056,0,0,0,0,0,1.05237,0,0.537275,0,0,0,0,0,0,0,1,m,w
4284,NO,1,1,0.84138,0.596085,0.972619,0,0,0,0,0,0,0,0.974175,0,0,0,0,0,0,0,0,0,1,m,w
4285,NO,1,1,0.842721,0.666486,0.888967,0,0.771432,0,0,0,0,0,1.05778,0,0,0,0,0,0,0,0,0,1,m,w
4286,NO,1,1,0.847597,0,0.66561,0,0.618203,0,0,0,0,0,1.21041,0,0,0,0,0,0,0,0,0,1,m,w
4287,NO,1,1,0.8464,0.658113,1.06178,0,0.56033,0,0,0,0,0,1.27893,0,0,0,0,0,0,0,0,0,1,m,w
4288,NO,1,1,0.853227,0,1.0251,0,0.577717,0,0,0,0,0,1.01788,0,0.860249,0,0,0,0,0,0,0,0,m,w
4289,NO,1,1,0.868126,0,1.25612,0,0.666171,0,0,0,0,0,1.15636,0,0.968882,0,0,0,0,0,0,1,0,m,w
4290,NO,1,1,0.865444,0,0.722144,0,0.553825,0,0,0,0,0,1.3898,0,1.07212,0,0,0,0,0,0,1,0,m,w
4291,NO,1,1,0.863315,0,0.835368,0,0.682845,0,0,0,0,0,1.35637,0,1.08575,0,0,0,0,0,0,0,0,m,w
4292,NO,1,1,0.870316,0,0.907687,0,0.588722,0,0,0,0,0,1.27956,0,1.12336,0,0,0,0,0,0,0,0,m,w
4293,NO,1,1,0.870869,0,1.08167,0,0.508679,0,0,0,0,0,1.2381,0,1.21872,0,0,0,0,0,0,0,0,m,w
4294,NO,1,1,0.869932,0,0.966668,0,0.664821,0,0,0,0,0,1.34468,0,1.09626,0,0,0,0,0,0,0,0,m,w
4295,NO,1,1,0.851833,0,0.899904,0,0.732003,0,0,0,0,0,1.27479,0,1.33621,0,0,0,0,0,0,0,0,m,w
4296,NO,1,1,0.848739,0,0.84461,0,0,0,0,0,0,0,1.22577,0,1.3557,0,0,0,0,0,0,0,0,m,w
4297,NO,1,1,0.844704,0,1.08034,0,0,0,0,0,0,0,1.10193,0,1.13409,0,0,0,0,0,0,0,0,m,w
4298,NO,1,1,0.858619,0,1.51073,0,0.648994,0,0,0,0,0,1.26537,0,0.803811,0,0,0,0,0,0,0,0,m,w
4299,NO,1,1,0.89736,0,1.29015,0,0.90778,0,0,0,0,0,1.26433,0,0.874865,0,0,0,0,0,0,1,0,m,w
4300,NO,1,1,0.880689,0,1.01229,0,1.05393,0,0,0,0,0,1.275,0,1.04814,0,0,0,0,0,0,0,0,m,w
4301,NO,1,1,0.863946,0.806582,1.3412,0,1.11839,0,0,0,0,0,1.37497,0,0.889817,0,0,0,0,0,0,0,0,m,w
4302,NO,1,1,0.856364,0.874373,1.19131,0.635426,1.25502,0,0,0,0,0,1.27254,0,1.26411,0,0,0,0,0,0,1,0,m,w
4303,NO,1,1,0.821044,1.22781,1.36714,0.849782,1.21879,0,0,0,0,0,1.147,0,1.05764,0,0,0,0,1,0,1,0,m,w
4304,NO,1,1,0.810172,0.999802,1.08516,0.87756,0.948607,0,0,0,0,0,1.26946,0,1.00194,0,0,0,0,1,0,0,0,m,w
4305,NO,1,1,0.77763,0.70475,1.13516,0.572126,0.771913,0,0,0,0,0,1.18486,0,0.543395,0,0,0,0,0,0,1,0,m,w
4306,NO,1,1,0.782089,0.942309,1.42454,0.713494,0.78986,0,0,0,0,0,1.24292,0.549495,0,0,0,0,0,0,0,1,0,m,w
4307,NO,1,1,0.778533,1.27767,1.29216,0.669901,0.895431,0,0,0,0,0,1.23035,0,0,0,0,0,0,0,0,1,0,m,w
4308,NO,1,1,0.761849,0.981618,1.17463,0,0.927754,0,0,0,0,0,1.16461,0,0,0,0,0,0,0,0,0,0,m,w
4309,NO,1,1,0.740038,0.922446,1.04332,0.827176,0.930063,0,0,0,0,0,1.15684,0,0,0,0,0,0,0,0,1,0,m,w
4310,NO,1,1,0.739198,0.884129,0.814771,1.23222,0.617954,0,0,0,0,0,1.17859,0.52019,0,0,0,0,0,0,0,0,0,m,w
4311,NO,1,1,0.725703,1.33564,1.13353,1.43985,0.519851,0,0,0,0,0,0.741166,0,0.56684,0,0,0,0,0,1,1,0,m,w
4312,NO,1,1,0.730539,1.45589,1.28548,1.21546,0.814609,0,0,0,0,0,0.836462,0,0,1.12878,0,0,0,0,0,0,0,m,w
4313,NO,1,1,0.773895,1.17454,1.14612,0.648482,1.10493,0,0,0,0,0,1.17427,0,0.957662,0.873698,0,0,0,0,0,0,0,m,w
4314,NO,1,1,0.785166,1.11083,0.977205,0.530023,1.30036,0,0,0,0,0,1.27369,0,1.05137,0.98068,0,0,0,0,0,0,0,m,w
4315,NO,1,1,0.779444,0.929492,0.842805,0.650628,1.59497,0,0,0,0,0,1.74734,0,1.66475,1.30457,0,0,0,0,0,0,0,m,w
4316,NO,1,1,0.795039,0,0,0,1.46411,0,0,0,0,0,1.83267,0,1.5115,1.09773,0,0,0,0,0,0,0,m,w
4317,NO,1,1,0.830086,0,0.64303,0.831948,1.32129,0,0,0,0,0,1.70942,0,1.32992,0.71069,0,0,0,1,0,0,0,m,w
4318,NO,1,1,0.801399,0.76122,0.878071,1.13369,1.26013,0,0,0,0,0,1.20381,0.723474,1.81752,0.583488,0,0,0,1,0,0,0,m,w
4324,NO,1,1,0.732129,0,1.55044,0,0,0,0,0,0.58354,0,0,0,0.759626,3.41556,0,0,1,0,1,0,0,m,w
4328,NO,1,1,0.743054,0.979787,1.76138,0,1.07957,0,0,0,0.974279,1.41045,0,0,0,3.12814,0,0,1,0,1,0,0,m,w
4332,NO,1,1,0.764109,0,0.847966,0,0.96739,0.509847,0,0,1.4887,2.21893,0,0,0,3.71268,0,0,1,0,1,0,0,m,w
4333,NO,1,1,0.72832,0,0,0,0.918083,0,0,0,0,0.527692,0,0.675641,0.565071,2.57555,0,0,1,0,1,1,0,m,w
4334,NO,1,1,0.818337,0,0,0,0,0,0,0,0,0.93642,0.600356,0.638004,1.38074,3.14116,0,0,1,0,1,1,0,m,w
4335,NO,1,1,0.808499,0,0,0,0.617551,0.515977,0,0.522393,0,1.20527,0,0.745313,1.34039,3.14414,0,0,1,0,1,1,0,m,w
4336,NO,1,1,0.830982,0,0,0,0,0.623585,0,0.577206,0.772523,0.908769,0,0.869457,1.04083,4.19316,0,0,1,0,1,1,0,m,w
4337,NO,1,1,0.832789,0,0,0,0,0.660233,0,0.617985,0.827818,1.0615,0,0.984997,1.27164,4.08301,0,0,1,0,1,1,0,m,w
4338,NO,1,1,0.844796,0,0,0,0,0.617137,0,0.593105,0.75969,1.21614,0,1.0318,1.85669,4.14992,0,0,1,0,1,1,0,m,w
4339,NO,1,1,0.845685,0,0,0,0.910317,0.567989,0,0.586372,0.685013,1.03479,0,0.925071,1.81349,4.28237,0,0,1,0,1,1,0,m,w
4340,NO,1,1,0.838005,0,0,0,0.900612,0.587257,0,0.618139,0.636921,1.01123,0,0.897997,1.72382,4.16669,0,0,1,0,1,1,0,m,w
4341,NO,1,1,0.838951,0,0,0,0.907736,0.628412,0,0.682088,0.810485,0.978597,0,0.850633,1.68827,4.5529,0,0,1,0,1,1,0,m,w
4342,NO,1,1,0.841509,0,0,0,0.84073,0.568951,0,0.649064,0.844566,0.892247,0,0.704838,1.68247,4.43158,0,0,1,0,1,1,0,m,w
4343,NO,1,1,0.849071,0,0,0,0.768547,0.527129,0,0.642096,0.909728,0.716337,0,0.724463,1.76483,4.23623,0,0,1,0,1,1,0,m,w
4344,NO,1,1,0.853825,0,0,0,0.961965,0.510996,0,0.600676,0.889471,0.760531,0,0.758584,1.86919,3.97173,0,0,1,0,1,1,0,m,w
4345,NO,1,1,0.840409,0,0,0,1.17118,0,0,0,0.827151,0.612915,0,0.612625,1.71993,4.2556,0,0,1,0,1,1,0,m,w
4346,NO,1,1,0.825617,0,0,0,0.828873,0,0,0,0.70315,0,0,0,1.49316,4.3092,0,0,1,0,1,1,0,m,w
4348,NO,1,1,0.755526,0,0.865953,0,0.881842,0,0,0,0,0,0.84275,0,2.078,2.92005,0,0,1,0,1,1,0,m,w
4349,NO,1,1,0.762254,0,0,0,0,0,0,0,0,0,0.937883,0,2.74114,1.64603,0,0,0,0,1,1,0,m,w
9922,NO,1,1,0.890596,0,1.22464,0,0,0,1.24616,0,0,0,0,0,2.90957,3.02705,1.30694,0,0,0,0,1,0,w,m
9923,NO,1,1,0.900827,0.715598,0.788464,0.986904,0,0,1.31902,0,0,0,0,0,2.04467,2.78071,1.02951,0,0,0,0,0,1,w,m
9924,NO,1,1,0.924471,0.545715,0.731545,1.12396,0,0,1.22897,0,0.626628,0,0,0,2.01652,3.53985,0.807298,0,0,0,0,0,1,w,m
9925,NO,1,1,0.876559,0,0,0.773618,0,0.5687,1.04624,0,0.683077,0,0.639231,0,1.26567,3.82742,0,0,0,0,1,0,1,w,m
9926,NO,1,1,0.917508,0,0.799246,1.08626,0,0,0.765899,0,0.731425,1.03893,0.766055,0,2.14594,4.1066,0,1,1,0,1,0,1,w,m
9927,NO,1,1,0.913866,0,0,1.10776,0,0.604405,0,0.687223,0.839052,0.887004,0.789947,0,2.051,3.45926,0,1,1,0,0,0,1,w,m
1631,NO,1,1,0.985831,0.641148,1.08797,0,1.62872,0,0,0.526818,0,0,0,0.820115,0.949331,0,0,0,0,0,0,0,1,m,w
1632,NO,1,1,0.990592,0,0,0,1.63175,0,0,0.530686,0,0,0,0.591233,0.609323,0,0,0,0,0,0,0,0,m,w
1633,NO,1,1,0.989816,0.748938,0.623185,0,1.41259,0,0,0.734001,0,0,0,0.797864,1.00662,0,0,0,0,0,0,0,1,m,w
1636,NO,1,1,0.99206,0.731219,0.926936,0,0.879373,0,0.530613,0.542846,0,0,0,1.04597,0,1.23067,0,0,0,0,0,0,1,m,w
1637,NO,1,1,0.988732,0.762854,0.806135,0,1.0742,0,0,0.536054,0,0,0,1.00221,0,1.80429,0,0,0,0,0,0,1,m,w
1638,NO,1,1,0.987057,0.518251,0,0,1.13413,0,0,0,0,0,0,0.985652,0,0,0,0,0,0,0,0,0,m,w
1639,NO,1,1,0.987606,0,0.522947,0,1.23572,0,0,0,0,0,0,1.15203,0,0,0,0,0,0,0,0,0,m,w
1640,NO,1,1,0.988676,0,0.686959,0,1.15471,0,0,0,0,0,0,0.928869,0,0.735649,0,0,0,0,0,0,0,m,w
1641,NO,1,1,0.988346,0,0.89156,0,1.1078,0,0,0,0,0,0,0.925079,0,1.13647,0,0,0,0,0,0,0,m,w
1642,NO,1,1,0.987749,0.543747,1.14042,0,0.782014,0,0,0,0,0,0,0.776987,0,1.34794,0,0,0,0,0,0,0,m,w
1643,NO,1,1,0.984753,0.908077,0.753003,0,0.950525,0,0,0,0,0,0.928856,0.83091,0,0,0,0,1,1,1,0,0,m,w
1644,NO,1,1,0.976295,0.643863,0.950136,0,0,0,0,0,0,0,0.664775,0.784708,0,2.21978,0,0,1,1,1,0,1,m,w
1645,NO,1,1,0.975785,1.10758,0,0,0,0,0.632318,0,0,0,0.648006,0.610225,0,2.07389,0,0,1,0,1,0,1,m,w
1649,NO,1,1,0.987291,1.04321,0.789946,0,0,0,0,0,0,0,0,0.811365,0.698235,2.8374,0,0,1,1,0,0,1,m,w
1650,NO,1,1,0.984794,1.17558,1.11785,0,0.519634,0,0,0,0.594703,0,0,0.771519,0.674918,4.09722,0,0,1,1,1,0,1,m,w
1651,NO,1,1,0.981918,1.32221,1.44555,0.818968,0,0,1.08017,0,0,0,0.570489,1.01904,0.627526,4.12832,0,0,1,1,1,0,1,m,w
1652,NO,1,1,0.963624,0.816642,1.52305,0.505165,0,0,0.606197,0,0,0,0.70086,0.736375,1.03355,2.79247,0,0,1,0,1,0,1,m,w
1653,NO,1,1,0.970776,0.982416,1.68851,0,0,0,1.16543,0,0,0,0,0.974406,1.09021,3.52449,0,0,1,0,1,0,1,m,w
1654,NO,1,1,0.958017,0.663639,1.35695,0,0,0,1.02327,0,0,0,0,1.03552,0,3.26199,0,0,1,0,1,0,1,m,w
1655,NO,1,1,0.966079,0,1.0436,1.06346,0.629947,0,0.850638,0,0,0,0,0.929726,0,2.76187,0,1,1,0,1,0,1,m,w
1656,NO,1,1,0.971246,0,1.06746,1.31148,0.583744,0,1.01012,0,0,0,0,0.773529,0.611829,2.87494,0,1,1,0,1,0,1,m,w
1657,NO,1,1,0.97139,0,1.14206,0.912641,0,0,1.75019,0,0,0,0,1.03209,0,2.42054,0,0,1,1,1,0,1,m,w
1658,NO,1,1,0.958037,0,0,1.06535,0,0,1.48638,0.556204,0,0,0.8579,0.877284,0.655157,3.23183,0,1,1,1,1,0,0,m,w
1659,NO,1,1,0.974255,0,0.936679,1.54867,0,0,1.55709,0.782475,0,0,0,0.750529,0,2.88613,0,1,1,0,1,0,1,m,w
1660,NO,1,1,0.984317,0,0.935649,1.62599,0,0.54195,0.896812,0.778229,0,0,0.626729,0.891367,0,3.1049,0,1,1,0,1,0,1,m,w
1661,NO,1,1,0.984421,0,1.27015,1.8534,0.571577,0.52064,0.793308,0.710528,0,0,0,0.792638,0,2.89644,0,1,1,0,1,0,1,m,w
1662,NO,1,1,0.986552,0,1.03476,2.01316,0.536529,0.542874,0.685883,0.577152,0,0,0.815903,0.772861,0,2.5093,0,1,1,0,1,0,0,m,w
1663,NO,1,1,0.981977,0,1.07394,1.72286,0,0.643971,0,0.660641,0,0,1.07002,0.83225,0,2.23772,0,0,1,1,0,0,0,m,w
1664,NO,1,1,0.979015,0,1.23194,2.20916,0,0.889529,0.756352,0.891937,0.510172,0.621343,1.12411,0.96042,0,1.75302,0,1,1,1,1,0,0,m,w
1665,NO,1,1,0.983363,0,1.31704,2.45793,0,0.920133,0.59192,0.95883,0.588256,0.614115,1.22879,1.16204,0,2.19599,0,1,1,1,1,0,0,m,w
1666,NO,1,1,0.985526,0,1.11533,2.19602,0.56675,1.11796,0.667137,1.17451,0.963075,1.07914,1.13358,1.40215,0,2.24407,0,0,1,1,1,0,0,m,w
1667,NO,1,1,0.983161,0,1.02427,2.02582,0.609111,1.27264,0.794782,1.36092,1.23191,1.36666,0.740917,1.44098,0,1.88612,0,0,1,1,1,0,0,m,w
1668,NO,1,1,0.97838,0,0.695153,1.80806,0,1.21009,0.575364,1.3206,1.39143,2.01493,0.735218,1.51467,0,2.42959,0,0,1,1,1,0,0,m,w
1669,NO,1,1,0.962267,0,0.647699,2.38638,0.687413,1.00084,1.25936,1.29682,0,1.13688,0,1.02175,0,2.08584,0,1,1,0,1,0,0,m,w
1670,NO,1,1,0.893191,0,0,2.31508,0.871308,0.91233,0.671407,1.00891,0,1.18138,0,0.817123,0,1.52796,0,1,1,0,0,0,0,m,w
1671,NO,1,1,0.86012,0,0,2.2029,0,0.834844,1.26633,0.92168,0,0.776725,0,1.00867,0,0,0,1,1,0,0,0,0,m,w
2408,NO,1,1,0.985299,1.00376,1.40785,0,0,0,0,0,0,0.976766,0,0,0,1.00621,0,0,0,0,0,0,0,m,w
2409,NO,1,1,0.984957,1.00709,1.2814,0,0.575983,0,0,0,0,1.14516,0,0,0,0.958889,0,0,0,0,1,0,0,m,w
2410,NO,1,1,0.986779,0.96598,1.60616,0,0.835758,0,0,0,0,1.12044,0,0,0,0,0,0,0,0,1,0,0,m,w
2411,NO,1,1,0.986589,1.59854,1.73971,0.691835,0.930028,0,0,0,0,0.90121,0,0.777445,0,0,0,0,1,0,1,0,0,m,w
2412,NO,1,1,0.98609,1.14911,1.17306,0.894761,1.32439,0,0,0,0.54043,0.634794,0,0.81803,0,0,0,0,0,0,1,0,0,m,w
2413,NO,1,1,0.987457,1.03547,1.3069,1.27466,0.831697,0,0,0,0,0.785169,0,0.806128,0,0,0,0,1,0,1,0,1,m,w
2414,NO,1,1,0.989183,0.597201,1.20928,0.883734,0.514567,0,0,0,0,0.655666,0,0.626225,0,0.996586,0,0,1,0,1,0,1,m,w
2415,NO,1,1,0.98747,0,1.02968,0.837318,0.577145,0,0,0,0,0,0,0,0,1.18071,0,0,1,0,1,0,1,m,w
2416,NO,1,1,0.989336,0,1.05847,0,0,0,0,0,0,0,0,0,0,1.80114,0,0,0,0,1,0,0,m,w
2417,NO,1,1,0.988996,0,0.922256,0,0,0,0,0,0,0,0,0,0.596971,1.82024,0,0,0,0,1,0,0,m,w
2418,NO,1,1,0.991916,0.55914,0.95583,0,0,0,0,0,0,0,0,0,0.584416,1.35121,0,0,0,0,1,0,0,m,w
2419,NO,1,1,0.992914,0,0.771897,0,0,0,0,0,0,0,0,0,0.544246,1.1292,0,0,0,0,0,0,1,m,w
2420,NO,1,1,0.992587,0,0.799033,0,0,0,0,0,0,0,0,0,0,1.21384,0,0,0,0,0,0,1,m,w
2421,NO,1,1,0.992881,0.773294,1.02111,0,0,0,0,0,0,0,0,0,0,1.12034,0,0,0,0,0,0,1,m,w
2422,NO,1,1,0.990847,0.702058,1.28752,0,0,0,0,0,0,0,0,0,0,0.862259,0,0,0,0,1,0,1,m,w
2423,NO,1,1,0.989646,0.843066,1.3118,0,0.703875,0,0,0,0,0,0,0,0,1.29712,0,0,0,0,0,0,0,m,w
2424,NO,1,1,0.981793,0.78794,1.5742,0,0,0,0.605004,0,0,0,0.54774,0.737571,0.829281,0,0,0,0,1,0,0,0,m,w
2425,NO,1,1,0.978545,0.795715,1.70515,0,0.54758,0,0,0,0,0,0.686967,0.923892,1.02373,0.818686,0,0,0,1,0,0,0,m,w
2426,NO,1,1,0.97352,0.883992,1.42368,0,0.613262,0,0,0,0,0,0,0.965444,0.978633,1.02694,0,0,0,1,0,0,0,m,w
2427,NO,1,1,0.983363,1.20345,1.02632,0,0.620437,0,0,0,0,0,0,0,0,0,0,0,0,0,0,0,0,m,w
2428,NO,1,1,0.985699,1.51542,1.20553,0,0.628349,0,0.577858,0,0,0,0,0,0,0,0,0,0,0,0,0,0,m,w
2432,NO,1,1,0.982661,0.902827,0.904401,0.776753,0,0,0.609448,0,0,0,0,0,0,0,0,0,0,0,0,0,0,m,w
2433,NO,1,1,0.976356,0.788007,0.799289,0.925522,0,0,0.654263,0,0,0,0,0,0,0,0,1,0,0,0,0,0,m,w
2434,NO,1,1,0.963101,0,0.905312,1.1201,0,0,0.927363,0,0,0,0.608714,0,0,0,0,1,0,0,0,0,0,m,w
2435,NO,1,1,0.958531,0,0.658413,1.07234,0,0,0,0,0,0,1.0379,0.600418,0,0.592361,0,1,0,1,0,0,0,m,w
2436,NO,1,1,0.953807,0,1.25527,0.993496,0,0,0.756031,0,0,0,0,0.629617,0,0.972296,0,1,0,0,0,0,0,m,w
2437,NO,1,1,0.939501,0.691102,1.42017,0.605758,0,0,0,0,0,0,1.23262,0.816831,0,0.723957,0,1,0,1,1,0,0,m,w
2438,NO,1,1,0.915038,0.700444,0.82183,0,0,0,0.684858,0,0,0,1.07073,0.614125,0,1.59274,0,1,0,0,0,0,0,m,w
2439,NO,1,1,0.902455,0.702741,0.692134,0,0,0,0,0,0,0,2.09294,0.841105,0,2.42903,0,0,0,1,1,0,0,m,w
2440,NO,1,1,0.902418,0.946417,0,0,0,0,0.717279,0,0,0,2.41036,1.05048,0.838807,3.59865,0.614065,0,0,1,1,0,0,m,w
2441,NO,1,1,0.916535,1.15201,1.49692,0,0,0,1.13763,0,0,0,2.74183,0.93166,1.14414,4.12747,0.778978,0,0,1,1,0,0,m,w
2442,NO,1,1,0.942864,1.91511,2.04454,0,0,0,1.49642,0,0,0,1.28733,0.720079,0.633085,4.45271,0.735617,0,0,1,1,0,0,m,w
2443,NO,1,1,0.95187,1.49071,2.73598,0.663537,0,0,0,0,0,0,1.864,0,0,3.64315,0.881786,0,0,1,1,0,0,m,w
4973,NO,1,1,0.982196,0,0.597113,0.716558,0,1.12482,0.88086,1.08935,1.51205,0.702541,0,0,0.504864,2.5298,0,0,1,0,0,0,0,m,w
4974,NO,1,1,0.980338,0,0.614497,0.538889,0,0.952528,1.02143,0.880651,1.41025,0.692691,0,0,0.561038,2.719,0,0,1,0,0,0,0,m,w
4975,NO,1,1,0.981115,0,0.594372,0.685514,0,0.954801,0.938569,0.882273,1.36683,0.648886,0.64609,0,0.521635,2.50543,0,0,1,0,0,0,0,m,w
4976,NO,1,1,0.980214,0,0.696458,0.624972,0,0.888056,0.678267,0.751034,1.2961,0.578247,0,0,0,2.5396,0,0,1,0,0,0,0,m,w
4977,NO,1,1,0.979555,0,0.777645,0.612369,0,0.903049,0.579732,0.784633,1.29657,0.751921,0.534933,0,0,2.49554,0,0,1,0,0,0,0,m,w
4978,NO,1,1,0.981351,0,0.695047,0.621929,0,0.888299,0.696899,0.785455,1.24219,0.901055,0.600707,0,0,2.61851,0,0,1,0,0,0,0,m,w
4979,NO,1,1,0.978574,0,0.75975,0,0,0.864249,0.713953,0.794913,1.21717,0.891537,0,0,0.544419,2.64714,0,0,1,0,0,0,0,m,w
4980,NO,1,1,0.979411,0,0,0,0,0.853505,0.779919,0.754102,1.20387,0.822917,0,0,0.682045,2.83216,0,0,1,0,0,0,0,m,w
4981,NO,1,1,0.978546,0,0.58308,0,0,0.883006,0.81782,0.79945,1.2001,0.87122,0.533954,0,0.67946,2.83131,0,0,1,0,0,0,0,m,w
4982,NO,1,1,0.98039,0,0.620167,0,0,0.864211,0.604328,0.761015,1.14585,0.783697,0.656332,0,0.511344,2.8251,0,0,1,0,0,0,0,m,w
4983,NO,1,1,0.981408,0,0.592049,0,0,0.872072,0.638677,0.784356,1.20339,0.69631,0.612367,0,0.582427,2.95797,0,0,1,0,0,0,0,m,w
4984,NO,1,1,0.980987,0,0.616363,0,0,0.872005,0.65659,0.77365,1.26189,0.794158,0.644243,0,0,2.90251,0,0,1,0,1,0,0,m,w
4985,NO,1,1,0.980306,0,0.647701,0,0,0.893766,0.571943,0.784523,1.27985,0.868128,0.768295,0,0.639169,2.8443,0,0,1,0,1,0,0,m,w
4986,NO,1,1,0.980265,0,0.801946,0,0,0.859942,0.530094,0.755037,1.277,0.813893,0.711691,0,0.635359,2.87786,0,0,1,0,1,0,0,m,w
4987,NO,1,1,0.980161,0,0.82121,0,0,0.850083,0.662046,0.773223,1.258,0.780102,0.653058,0,0.570231,2.90154,0,0,1,0,1,0,0,m,w
4988,NO,1,1,0.978897,0,0.75372,0,0,0.823428,0.726117,0.780218,1.19534,0.875257,0.632998,0,0.521844,2.56243,0,0,1,0,1,0,0,m,w
4989,NO,1,1,0.976945,0,0.855958,0,0,0.814964,0.9993,0.756957,1.07642,0.764562,0.628694,0,0.667361,2.81429,0,0,1,0,1,0,0,m,w
4990,NO,1,1,0.966205,0,0.676304,0,0,0.861016,0.699765,0.800885,1.24342,0.566779,0.610359,0.519865,0.588269,2.66394,0,0,1,0,1,0,1,m,w
4991,NO,1,1,0.969632,0,0.661723,0,0,0.883387,0.60754,0.862251,1.2988,0,0.599552,0.578293,0.62262,1.87103,0,0,1,0,1,0,1,m,w
4992,NO,1,1,0.972936,0,0.601175,0.548006,0,0.916927,1.07339,0.949022,1.19101,0.751023,0,0.584535,0.579555,1.61225,0,0,1,0,1,0,0,m,w
4993,NO,1,1,0.973403,0,0.510682,0.508606,0,0.857919,1.07978,0.935534,1.28319,0.840388,0,0,1.04654,0.672248,0,0,1,0,1,0,0,m,w
4994,NO,1,1,0.971613,0,0.682331,0,0.615899,0.878723,1.10434,0.992984,1.24728,1.42967,0,0,0.783587,0,0,0,1,0,1,0,0,m,w
4995,NO,1,1,0.987738,0,0.838736,0,0,0.892731,1.17366,1.09038,1.04366,1.54225,0,0,0.76515,0,0,0,1,0,1,0,0,m,w
4996,NO,1,1,0.990158,0,0.760687,0,0.510166,0.892283,0.958379,1.1253,1.34449,1.38881,0,0,0.9613,0,0,0,1,0,0,0,0,m,w
4997,NO,1,1,0.990045,0,0.71921,0,0.649463,0.913078,1.0278,1.12926,1.35872,1.49458,0,0,1.01045,0,0,0,1,0,0,0,0,m,w
4998,NO,1,1,0.989403,0,0.86023,0,0.544226,0.793709,1.16482,1.03788,1.23853,1.44103,0,0,0.719142,0,0,0,1,0,1,0,0,m,w
4999,NO,1,1,0.989751,0,0.761079,0,0.506781,0.791205,1.42036,1.0437,1.17839,1.5376,0,0,0.6515,0,0,0,1,0,1,0,0,m,w
5000,NO,1,1,0.988772,0,0.866636,0,0,0.817597,1.25054,1.05021,1.31125,1.62507,0,0,0.582614,0,0,0,1,0,1,0,0,m,w
5001,NO,1,1,0.988378,0,0.760327,0,0,0.819809,0.977731,1.04925,1.35019,1.57218,0,0,0.879067,0,0,0,1,0,1,0,0,m,w
5002,NO,1,1,0.987316,0,0.534632,0,0,0.805712,0.904274,1.05275,1.40284,1.6861,0,0,0.594429,0,0,0,1,0,1,0,0,m,w
5003,NO,1,1,0.987795,0,0.702207,0,0,0.773189,0.834965,0.927988,1.30081,1.52387,0,0,0.893514,0,0,0,1,0,1,0,0,m,w
5004,NO,1,1,0.985617,0,0.858196,0,0.566806,0.744443,0.946853,0.985618,1.28011,1.4362,0,0,0.615987,0,0,0,1,0,1,0,0,m,w
5005,NO,1,1,0.985538,0,0.61483,0,0.672506,0.780213,0.697746,1.00629,1.43178,1.39088,0,0,0.602737,0,0,0,1,0,1,0,0,m,w
5006,NO,1,1,0.988812,0,0.707655,0,0,0.753022,0.889768,0.972853,1.26602,1.50054,0,0,0,0,0,0,1,0,1,0,0,m,w
5007,NO,1,1,0.988179,0,0.62684,0,0,0.795103,0.70475,0.995185,1.36713,1.474,0,0,0.624321,0,0,0,1,0,1,0,0,m,w
5008,NO,1,1,0.98969,0,0.683968,0,0,0.789916,0.989496,1.03671,1.21706,1.73073,0,0,0,0,0,0,1,0,1,0,0,m,w
5009,NO,1,1,0.988859,0,0.747538,0,0,0.909425,0.750358,1.1628,1.30883,1.89446,0,0,0.58404,0,0,0,1,0,1,0,0,m,w
5010,NO,1,1,0.988124,0,0.642251,0,0,0.798232,0.582373,1.01997,1.08366,1.611,0,0,0.508078,0,0,0,1,0,1,0,0,m,w
5011,NO,1,1,0.989171,0,0.672419,0,0,0.85144,0,1.11147,1.24195,1.6991,0,0,0,0,0,0,1,0,1,0,0,m,w
5012,NO,1,1,0.988988,0,0.663159,0.605523,0,0.827379,0,1.06047,1.30454,1.62259,0,0,0,0,0,0,1,0,1,0,0,m,w
5013,NO,1,1,0.98864,0,0.731588,0.825496,0,0.834905,0,1.07399,1.15906,1.72467,0,0,0.517782,0,0,0,1,0,1,0,0,m,w
5014,NO,1,1,0.980764,0,1.29502,0.980654,0,0.739304,1.22698,0.76857,0.599822,1.28722,0,0,0.611602,0.578103,0,0,1,1,1,0,0,m,w
2181,NO,1,1,0.912482,0,0,0,0,0,0.773456,0,0,0,0,0,0,0.851052,0,0,0,0,0,0,0,w,m
2182,NO,1,1,0.933598,0,0,0,0,0,0.622045,0,0,0,0,0,0,1.23009,0,0,0,0,0,0,0,w,m
2183,NO,1,1,0.902012,0,0,0,0.555942,0,0.817254,0,0,0,0,0,0,0.687919,0,0,0,0,0,0,0,w,m
2184,NO,1,1,0.897192,0,0,0,0,0,0.783434,0,0,0,0,0,0,0,0,0,0,0,0,0,0,w,m
2185,NO,1,1,0.871812,0,0,0,0,0,0.572292,0,0,0,0.575292,0,0,0,0,0,0,0,0,0,0,w,m
2186,NO,1,1,0.862471,0,0,0,0,0,0.833155,0,0,0,0,0,0,0.517251,0,0,0,0,0,0,0,w,m
2187,NO,1,1,0.854722,0,0,0,0,0,0.50258,0,0,0,0.810788,0,0,1.05219,0,0,0,0,0,0,0,w,m
2188,NO,1,1,0.861658,0.529843,0,0,0.581526,0,0,0,0,0,0.910059,0,0,2.03631,0.517132,0,0,0,0,0,0,w,m
2189,NO,1,1,0.836824,0.818788,0,0,0,0,0,0,0,0,0.813033,0,0,1.9551,0,0,0,0,0,0,0,w,m
2190,NO,1,1,0.812137,0.655809,0,0,0,0,0,0,0,0,0.564724,0,0,0.84096,0,0,0,0,0,0,0,w,m
2191,NO,1,1,0.7481,0.943836,0,0,0,0,0,0,0,0,0.670799,0,0,1.34628,0.626694,0,0,0,0,0,0,w,m
2192,NO,1,1,0.735136,0.756418,0,0,0,0,0,0,0,0,0,0,0,1.28499,0.578111,0,0,0,0,0,0,w,m
2193,NO,1,1,0.786724,0.749676,0,0,0,0,0,0,0.51806,0,0.625499,0,0,0,0.545579,0,0,0,0,0,0,w,m
2194,NO,1,1,0.801551,0.708017,0,0,0,0,0,0,0,0,0,0,0,2.6818,0.506076,0,0,0,0,0,0,w,m
2195,NO,1,1,0.870557,0.555912,0,0,0.660114,0,0,0,0,0,0,0,0,0.776615,0,0,0,0,0,0,0,w,m
2196,NO,1,1,0.878061,0,0,0,0,0,0,0,0,0,0,0.536284,0,0,0,0,0,0,0,0,0,w,m
2197,NO,1,1,0.851258,0,0,0,0,0,0,0,0,0,0,0.530762,0,0,0,0,0,0,0,0,0,w,m
2198,NO,1,1,0.764796,0,0,0,0.510944,0,0,0,0,0,0,0,0,1.00506,0,0,0,0,0,0,0,w,m
2199,NO,1,1,0.806563,0.616042,0,0,0.699714,0,0,0,0,0,0,0,0,0,0,0,0,0,1,0,0,w,m
2200,NO,1,1,0.904155,0,0,0,0.907676,0,0,0,0,0,0,0,0,1.98524,0,0,0,0,0,0,0,w,m
2201,NO,1,1,0.892962,0,0,0,0.588889,0,0.771547,0,0,0.722402,0,0.818445,1.00004,1.97961,0,0,0,0,0,0,0,w,m
2202,NO,1,1,0.932716,0,0,0,0.54697,0,0.810988,0,0,0.653105,0,0.933171,1.22865,0,0,0,0,0,0,0,0,w,m
2203,NO,1,1,0.916826,0,0,0,0.541513,0,1.09212,0,0,0,0,0.886578,1.1277,0.579917,0,0,0,0,0,0,0,w,m
2204,NO,1,1,0.917705,0,0,0,0,0,1.01135,0,0,0.524933,0.606939,0.843725,0.952177,0,0,0,0,0,0,0,0,w,m
2205,NO,1,1,0.91025,0,0,0,0.55467,0,0.752519,0,0,0,0,0.680172,0.875119,0.983224,0,0,0,0,0,0,0,w,m
2206,NO,1,1,0.756142,0,0,0,0.511264,0,0.686758,0,0,0,0,0,0,2.41784,0,0,0,0,0,0,0,w,m
2207,NO,1,1,0.831816,0.711268,0,0,0,0,0,0,0,0,0.658258,0,0,2.55249,0.544691,0,0,0,0,0,0,w,m
2208,NO,1,1,0.824605,0.81773,0,0,0,0,0.863993,0,0,0,0.692678,0,0,1.28794,0.607981,0,0,0,0,0,0,w,m
2209,NO,1,1,0.859098,0,0,0,0.623929,0,1.03937,0,0,0,0,0,0,0,0,0,0,0,0,0,0,w,m
2210,NO,1,1,0.868902,0,0,0,0,0,0.644095,0,0,0,0,0.898638,1.16442,0,0,0,0,0,0,0,0,w,m
2211,NO,1,1,0.822814,0,0,0,0,0,0,0,0,0,0,0.768891,1.16708,0,0,0,0,0,0,0,0,w,m
2212,NO,1,1,0.742467,0.765129,0,0,0,0,0.944839,0,0,0.504861,0,0,1.14949,0,0,1,0,0,0,0,1,w,m
2240,NO,1,1,0.751022,1.28422,0,1.04692,0,0.647491,0.519978,0,0,0.658083,0,1.07365,2.85539,2.63123,0,0,0,0,0,0,0,w,m
2241,NO,1,1,0.730415,1.55667,0.714799,1.08222,0,0.865188,1.36414,0.742538,0,1.39101,0,1.07834,2.33648,1.26823,0,0,0,1,1,0,0,w,m
2245,NO,1,1,0.934767,0,0,0,0,0.738736,1.04047,1.10033,0.892085,0,0,0,1.62551,1.64594,0,1,0,0,0,0,1,w,m
2246,NO,1,1,0.953239,0,0,0.606208,0,0.78116,1.34053,0.971748,0.922973,0.507117,0,0,1.20047,1.94106,0,1,0,1,0,0,0,w,m
2247,NO,1,1,0.947286,0,0,0.80465,0,0.828144,1.50475,1.06426,0.878095,0,0,0,1.07601,2.11627,0,1,0,1,0,0,0,w,m
2248,NO,1,1,0.936767,0,0,0.852128,0,0.817076,1.64172,0.985457,0.852861,0.506134,0,0,1.00328,2.50181,0,1,0,0,0,0,0,w,m
2249,NO,1,1,0.934137,0,0,0.678265,0,0.819793,1.56348,0.979006,0.814966,0.626252,0,0,1.19709,2.29472,0,1,0,1,0,0,0,w,m
2250,NO,1,1,0.928052,0,0,0.853629,0,0.808452,1.68971,0.989383,0.722724,0.71825,0,0,1.0585,2.38183,0,1,0,1,0,0,0,w,m
2251,NO,1,1,0.91114,0,0,0.901742,0,0.977279,1.30138,1.12237,1.03203,0.747202,0.542986,0,1.36538,2.67384,0,1,0,0,0,0,1,w,m
2252,NO,1,1,0.828858,0,0,0.551724,0,0.745835,0.53318,0.995684,1.02061,0.644871,0,0,0.937002,2.02595,0,1,0,0,0,0,1,w,m
2264,NO,1,1,0.866433,0.664172,1.10916,0,0,0.559025,1.36987,0,0.72559,0.804751,0.652649,0,0,0.88072,0,1,1,0,0,0,1,w,m
2265,NO,1,1,0.880184,0.535754,0.762517,0,0,0.634106,1.82003,0.599657,0.764993,1.40018,0.781409,0.796639,0.759112,0,0,1,1,0,0,0,0,w,m
2266,NO,1,1,0.881215,0,0,0.591491,0,0.577364,2.03211,0.503264,0.667751,0.97495,1.01836,0.960409,1.14354,0,0,1,0,1,0,0,1,w,m
2267,NO,1,1,0.895337,0,0,0,0,0.610204,1.89499,0.570396,0.676537,1.1645,1.52767,1.09354,1.16187,0,0,1,0,1,0,0,0,w,m
2268,NO,1,1,0.911742,0.71446,0,0,0,0.52797,2.02625,0,0,1.11781,1.14033,1.09491,0.608685,0,0,1,0,1,1,0,0,w,m
3521,NO,1,1,0.967004,0,0,1.46192,0,0,0,0,0,0.638808,0,0.588251,0,0.523894,0,0,0,1,0,0,0,w,w
3669,NO,1,1,0.971068,0,0,1.2559,0,0,0,0,0,0.785236,0,0,0.85817,0.97112,0,0,0,0,0,0,0,w,w
3670,NO,1,1,0.964912,0,0,1.36253,0,0,0,0,0,0.661628,0,0.512702,0.776398,0.906294,0,0,0,0,0,0,0,w,w
3671,NO,1,1,0.968479,0,0,1.41729,0,0,0,0,0,0.727862,0,0.562424,0.69663,0.90383,0,0,0,0,0,0,0,w,w
3672,NO,1,1,0.963787,0,0,1.52303,0,0,0.577935,0,0,0.580591,0,0.583948,0.788956,1.03317,0,0,0,0,0,0,1,w,w
3676,NO,1,1,0.973243,0,0,1.06806,0,0,0,0,0,0.591369,0,0.678707,1.37946,0.672477,0,0,0,0,0,0,0,w,w
3677,NO,1,1,0.968214,0,0,1.37122,0,0,0,0,0,0.573486,0,0.632748,1.0146,0.674245,0,1,0,0,0,0,0,w,w
3678,NO,1,1,0.966524,0,0,1.40694,0,0,0.727604,0,0,0.617859,0,0.614392,0.903758,0.590716,0,1,0,0,0,0,0,w,w
3679,NO,1,1,0.967365,0,0,1.30084,0,0,0.683648,0,0,0.524292,0,0,0.864575,0.91697,0,0,0,0,0,0,0,w,w
3680,NO,1,1,0.971351,0,0,1.15294,0,0,0.630398,0,0,0.689568,0,0.564068,1.09391,0.660965,0,1,0,0,0,0,0,w,w
3686,NO,1,1,0.96959,0,0,1.20289,0,0,0,0,0,0.748603,0,0.778162,1.15886,0.841011,0,0,0,0,0,0,0,w,w
3690,NO,1,1,0.972832,0,0,1.19275,0,0,0,0,0,0.640281,0,0.633572,0.785324,0.732991,0,0,0,0,0,0,0,w,w
3691,NO,1,1,0.972776,0,0,1.16538,0,0,0,0,0,0.722513,0,0.662955,0.78215,0.80772,0,0,0,0,0,0,0,w,w
3692,NO,1,1,0.972976,0,0,1.28149,0,0,0,0,0,0.667636,0,0.654251,0.822473,0.944775,0,0,0,0,0,0,0,w,w
3693,NO,1,1,0.971465,0,0,1.41784,0,0,0,0,0,0.712471,0,0.60321,0.894979,0,0,0,0,0,0,0,0,w,w
3694,NO,1,1,0.970594,0,0,1.1029,0,0,0,0,0,0.790796,0,0.575897,1.06917,0.716093,0,0,0,0,0,0,0,w,w
3695,NO,1,1,0.969846,0,0,1.21958,0,0,0,0,0,0.800608,0,0.587999,0.940787,0.64554,0,0,0,0,0,0,0,w,w
3696,NO,1,1,0.972212,0,0,1.21575,0,0,0,0,0,0.806554,0,0,0.795487,0.539242,0,0,0,0,0,0,0,w,w
3697,NO,1,1,0.973139,0,0,1.22217,0,0,0,0,0,0.848634,0,0,0.876284,0.806875,0,0,0,0,0,0,0,w,w
5274,NO,1,1,0.791598,0,0,0,1.90365,0,0,0,0,0,0,0,1.15729,2.52771,0,0,0,0,0,0,0,w,m
5275,NO,1,1,0.844281,0,0,0,1.7619,0,0,0,0,0,0,0.560713,0.534868,1.08988,0,1,0,0,0,0,0,w,m
5276,NO,1,1,0.874682,0,0,0.607994,1.14673,0,0,0,0,0,0.776089,0,0.594616,1.17293,0,1,0,0,0,0,0,w,m
5277,NO,1,1,0.939949,0,0,0,1.18589,0,0,0,0,0,0.66739,0,0.626646,0,0,1,0,0,0,0,0,w,m
5285,NO,1,1,0.812787,0.565744,0,0.933909,0,0,0,0,0,0,1.13967,0,0,0.921327,0,1,0,1,0,0,0,w,m
5286,NO,1,1,0.900167,0,0,1.29206,0,0,0.578135,0,0,0,1.26449,0,0.996706,1.24198,0,1,0,1,0,0,0,w,m
5287,NO,1,1,0.943361,0,0,0.905659,0,0,0,0,0,0,0.726059,0,0.884881,0,0,1,0,1,0,0,0,w,m
5288,NO,1,1,0.939395,0.551026,0,1.35785,0,0,0,0,0,0.743552,0,0,1.40077,1.75273,0,1,0,0,0,0,0,w,m
5293,NO,1,1,0.9285,0,0.538582,0,0.54061,0,0,0,0,0.665456,0.762596,0,0,0,0,0,0,0,0,0,0,w,m
5294,NO,1,1,0.935333,0,0,0,0,0,0,0,0,0.982425,0.879332,0,0.766994,0,0,0,0,1,0,0,0,w,m
5295,NO,1,1,0.948161,0,0,0,0,0,0,0.560847,0,1.08814,0.546491,0,1.07502,0,0,0,0,1,0,0,0,w,m
5296,NO,1,1,0.955652,0,0,0,0.877674,0,0,0,0,1.35026,0,0,1.21421,0,0,0,0,0,0,0,0,w,m
5514,NO,1,1,0.805782,2.51459,0,0,2.07942,0.83094,0.56373,0,2.29836,0,0,0,0,4.43952,0,0,1,0,0,0,0,w,m
5515,NO,1,1,0.771063,2.42071,0,0,1.78415,0.973638,0.558263,0,2.26611,0,0,0,0,4.20583,0,0,1,0,0,0,0,w,m
5516,NO,1,1,0.781187,2.21998,0,0,1.71537,0.95493,0,0,2.26387,0,0,0,0,4.40059,0,0,1,0,0,0,0,w,m
5517,NO,1,1,0.810799,2.17292,0,0,1.91152,1.04948,0,0.603597,2.37962,0,0,0,0,4.43525,0,0,1,0,0,0,0,w,m
5518,NO,1,1,0.858831,2.16252,0,0,1.72833,0.990491,0,0.574077,2.2053,0,0,0,0,3.69783,0,0,1,0,0,0,0,w,m
5519,NO,1,1,0.834786,2.44797,0,0,1.56732,1.03213,0,0.680263,2.23205,0,0,0,0,3.65372,0,0,1,0,0,0,0,w,m
5520,NO,1,1,0.827697,2.55155,0,0,1.60654,1.00416,0,0.648836,2.30192,0,0,0,0,3.66993,0,0,1,0,0,0,0,w,m
5521,NO,1,1,0.760332,3.22262,0,0,1.09492,0.923092,0,0,2.18398,0,0,0,0,2.45785,0,0,1,0,0,0,0,w,m
5522,NO,1,1,0.733095,3.06175,0,0,1.17745,0.835371,0,0,2.2383,0,0,0,0,2.45176,0,0,1,0,0,0,0,w,m
5523,NO,1,1,0.877876,0,0,0,1.44335,0.751128,0,0.983046,1.47959,0,0,0,2.23753,0.687785,0,0,1,0,0,0,0,w,m
5524,NO,1,1,0.893136,0.704046,0,0,1.29062,0.697934,0,0.743511,1.43459,0,0,0,1.93244,1.93943,0,0,1,0,0,0,0,w,m
5525,NO,1,1,0.906456,1.07869,0.545218,0,0.95872,0.702294,0,0.77565,1.54082,0.856865,0,0,1.99981,1.59377,0,0,1,0,0,0,0,w,m
5526,NO,1,1,0.834671,1.15943,0.500972,0,1.07238,0,0,0,1.86124,0.813676,0,0,1.45441,2.19871,0,0,1,0,0,0,0,w,m
5527,NO,1,1,0.816647,0,0.566927,0,1.33607,1.09011,0,1.53668,2.05915,1.47967,0,0,1.15447,0.513621,0,0,1,0,0,0,0,w,m
5528,NO,1,1,0.904442,0,0.730285,0,0,1.01409,0,1.02827,1.84621,2.52805,0,0,1.66068,0,0,0,1,0,0,0,0,w,m
688,NO,1,1,0.797282,1.48643,0.918544,0,0.68531,0,0,0,0,0,1.96795,0.589547,0,0,0,1,0,1,1,0,0,m,w
689,NO,1,1,0.761257,1.23301,0.61459,0,0,0,0,0,0,0,1.45054,0.530296,0,0,0.672887,1,0,1,1,0,0,m,w
690,NO,1,1,0.83169,1.1009,0,0,0,0,0,0,0.707273,0,1.28494,1.10282,0,0,0.601745,1,0,1,1,0,0,m,w
907,NO,1,1,0.811975,2.15753,1.43072,0,0,0,0.556613,0,0,1.61617,0,0.935521,1.06843,0.879612,0,1,0,1,0,1,0,m,w
908,NO,1,1,0.858851,2.16786,1.42023,0,0,0,0,0,0,1.42347,0,0.963072,1.0899,0.831176,0,0,0,1,0,1,0,m,w
909,NO,1,1,0.880428,2.00947,1.54009,0.671443,0,0,1.06632,0,0,0.956656,0,0.952643,1.19418,1.02309,0,0,0,1,0,1,0,m,w
2008,NO,1,1,0.85716,1.69711,0,1.22724,1.06626,0,0,0,0,0,0,0,0.551449,0,0,1,0,0,0,0,0,w,w
2009,NO,1,1,0.892699,1.14199,0,0.507146,0,0,0.545813,0.525866,0,0,0,0,0.97803,0.525121,0,0,1,0,0,0,0,w,w
2010,NO,1,1,0.91977,1.00661,0,0.607294,0.657245,0,0.635851,0.509511,0.503322,0,0.52081,0,0.957208,0,0,1,1,1,0,0,0,w,w
2011,NO,1,1,0.909709,0.902101,0,0,0.66283,0,0.588482,0.659837,0.685983,0,0,0,1.37927,0,0,0,1,1,0,0,0,w,w
2012,NO,1,1,0.925596,0.874491,0,0.645313,0,0,1.16449,0,0,0.560645,0,0,1.80387,0,0,1,1,1,0,0,0,w,w
2013,NO,1,1,0.935421,1.14329,0,0.855139,0,0,1.30156,0,0,0.649685,0,0,1.6077,0,0,1,0,1,0,0,0,w,w
2649,NO,1,1,0.945987,0,0.561368,0,0.687439,0,1.91885,0,0,0.7132,0,0,1.54906,0,0,0,1,0,0,0,0,w,w
2650,NO,1,1,0.943248,0,0.6991,0.923138,0.675047,0,1.94759,0,0,1.06454,0,0,1.55456,0,0,0,1,0,0,0,0,w,w
50914,NO,1,1,0.98459,0,0,0.768684,0,0,0.607457,0.650952,0.578823,0.614608,1.23385,0,0,0,0,1,1,1,1,0,0,m,w
50915,NO,1,1,0.975821,0,0,0.583448,0,0,0,0.626495,0,0.551482,2.02042,0.775013,0,0,0,1,1,1,1,0,0,m,w
2427,NO,1,1,0.858608,2.20224,1.86797,1.41418,0.548381,0,0,0,1.31404,0,0,0.686648,1.9063,0,0.773416,1,0,1,1,0,0,w,m
2428,NO,1,1,0.88247,1.15003,2.36531,1.35443,0,0,0,0,0,0,0,0.618429,2.81482,1.26185,0.590932,1,0,1,1,0,0,w,m
2429,NO,1,1,0.775501,1.81377,1.64814,0,0,0,0,0,1.13712,0,0.754938,0.739948,0.542043,1.2491,0.60365,1,0,1,1,0,0,w,m
2457,NO,1,1,0.919102,1.06885,1.70997,1.51255,0,0,0.700567,0,0.794756,0.777186,0,0,0.887987,2.44958,0.979445,1,0,0,1,0,1,w,m
2458,NO,1,1,0.960501,0,0.543774,1.61698,0,0,0.692964,0.59572,0.566039,0.860492,0,0,0.655933,2.25155,0.84015,1,0,1,1,0,1,w,m
2459,NO,1,1,0.965016,0,0,2.0379,0,0,0.544302,0,0,1.05573,0,0,0.644845,1.34011,0.529056,1,0,0,0,0,1,w,m
2460,NO,1,1,0.962082,0,0,2.65871,0,0,1.80532,0.655016,0,1.14038,0,0,0,1.93286,0,1,0,1,0,0,1,w,m
2461,NO,1,1,0.96748,0.525004,0,2.52907,0,0.601482,1.57308,0.823445,0,1.24341,0,0,0,1.75997,0,1,0,1,0,0,1,w,m
2462,NO,1,1,0.974404,1.12821,0.802206,3.24464,0,0.685404,2.33614,0.854861,0,1.18841,0,0,0.644323,1.43781,0,1,0,1,0,0,1,w,m
2463,NO,1,1,0.976175,1.30527,0.899818,3.08114,0,0.658647,2.5981,0.901034,0,1.24617,0,0,0.580696,1.25102,0,1,0,1,0,0,1,w,m
2464,NO,1,1,0.975255,1.50048,0.930915,3.05716,0,0.55864,2.88023,0.839048,0,1.20934,0,0.565589,0.959773,1.29683,0,1,0,1,0,0,1,w,m
2465,NO,1,1,0.976002,1.41583,0.840646,3.14989,0,0.586978,2.69092,0.867549,0,1.31576,0,0.568975,0.991817,1.4404,0,1,0,1,0,0,1,w,m
2466,NO,1,1,0.977771,1.38443,0.994057,2.936,0,0.546167,3.0281,0.794798,0,1.03718,0,0,0.897444,1.48065,0,1,0,1,0,0,1,w,m
2467,NO,1,1,0.96878,1.33487,1.01208,2.8697,0,0.527347,2.8956,0.847178,0,1.01219,0,0.528112,1.01778,1.6299,0,1,0,1,0,0,1,w,m
4476,NO,1,1,0.974729,0.780547,1.11256,2.29452,0,0.518579,2.42737,0.665071,0,1.12503,0,0,1.0643,0.813761,0,1,0,1,0,0,1,w,m
4477,NO,1,1,0.975852,0.880134,1.39529,2.51067,0,0,2.26648,0.589564,0,1.15674,0,0,0.917658,0,0,1,0,1,0,0,1,w,m
4478,NO,1,1,0.966614,0.631584,0.903343,2.03006,0,0,1.29138,0,0,1.12466,0,0.75931,1.06426,0,0,1,0,1,0,0,1,w,m
4479,NO,1,1,0.971565,0.596229,0.679873,2.15567,0,0,1.50779,0,0,1.12931,0,0.658079,1.01037,0.504878,0,1,0,1,0,0,1,w,m
4480,NO,1,1,0.976179,0,0,2.5604,0,0,2.23901,0,0,1.03734,0,0,0.863892,1.17682,0,1,0,1,0,0,1,w,m
4481,NO,1,1,0.967754,0,0.752122,2.25236,0,0,2.24492,0.518331,0,0.905339,0,0,0,2.05029,0,1,0,1,0,0,1,w,m
4482,NO,1,1,0.969383,0.86215,0.871506,1.97402,0,0,2.24422,0.674826,0,0.962804,0,0,0,2.50086,0,1,0,0,1,0,1,w,m
4483,NO,1,1,0.972107,0.746513,0,1.59946,0,0.529448,1.84614,0.770042,0,0.763161,0,0.509667,0,2.1661,0,1,0,0,1,0,1,w,m
4484,NO,1,1,0.96786,0.775632,0,1.7379,0,0.520352,1.93807,0.884529,0,0.904078,0,0,0,2.08414,0,1,0,0,0,0,1,w,m
4485,NO,1,1,0.965625,0.943374,0,1.54487,0,0,1.95297,0.784582,0,0.787729,0,0.568753,0,2.74825,0,1,0,0,1,0,1,w,m
4486,NO,1,1,0.957033,1.09826,0.688716,1.5053,0,0,1.74745,0.808396,0,0.739526,0,0,0,3.35267,0,1,0,0,1,0,1,w,m
4487,NO,1,1,0.959151,1.24224,1.01126,1.66265,0,0.552154,1.92312,0.810868,0,0.860156,0,0,0,3.43713,0,1,0,0,1,0,1,w,m
4488,NO,1,1,0.962912,1.41334,1.16261,1.83488,0,0.584547,2.28733,0.83712,0,1.00001,0,0,0,3.11734,0,1,0,0,1,0,1,w,m
4489,NO,1,1,0.957234,1.44062,1.31416,1.89918,0,0.524943,2.10419,0.72951,0,1.14535,0,0,0,2.74346,0,1,0,0,0,0,1,w,m
4490,NO,1,1,0.960104,1.50267,1.37522,2.35229,0,0,2.28011,0.54446,0,1.2205,0,0,0.610811,2.22522,0,1,0,1,0,0,1,w,m
4491,NO,1,1,0.977121,1.27191,1.63282,2.52345,0,0.583955,2.1307,0.639616,0,1.47715,0,0,0.761132,2.02161,0,1,0,1,0,0,1,w,m
4492,NO,1,1,0.980573,0.673323,1.41615,2.27097,0,0.530607,2.29212,0.554963,0,1.52414,0,0,1.08327,1.44566,0,1,0,1,0,0,1,w,m
4493,NO,1,1,0.981071,0.644486,1.76318,2.27447,0,0.547078,2.31935,0.655998,0,1.24729,0,0,1.16799,1.44058,0,1,0,1,0,0,1,w,m
4494,NO,1,1,0.972756,0.662348,2.05821,1.89555,0,0,1.53281,0,0,1.20253,0,0.537224,1.02561,1.52934,0,1,0,1,0,0,1,w,m
4495,NO,1,1,0.947803,0.812932,2.1351,1.04022,0,0,0,0,0,0.680648,0,0,0,1.58569,0,1,0,0,0,0,0,w,m
4517,NO,1,1,0.908016,0,0,1.66197,0,0.613247,0.662328,0.767555,0,1.75823,0,0.731156,1.09596,2.0369,0,1,0,1,0,0,1,w,m
4518,NO,1,1,0.938555,0,0,1.79594,0,0.631924,1.2053,0.748172,0,1.64916,0,0.689579,1.13839,1.72733,0,1,0,1,0,0,1,w,m
4519,NO,1,1,0.957322,0,0,2.25007,0,0.649772,1.6171,0.811298,0,1.80613,0,0.6081,1.14993,1.40633,0,1,0,1,0,0,1,w,m
4520,NO,1,1,0.973255,0,1.00542,2.25792,0,0.748915,2.0472,0.856545,0,1.62874,0,0,1.23518,1.53261,0,1,0,1,0,0,1,w,m
4521,NO,1,1,0.977022,0.637905,0.714164,2.30529,0,0.789869,2.19724,0.948017,0,1.56073,0,0,1.19692,2.0068,0,1,1,0,0,0,1,w,m
4522,NO,1,1,0.969628,0,0,2.18185,0,0.75363,2.48031,0.900759,0.501235,1.52513,0,0,0.815736,2.75622,0,1,1,0,0,0,1,w,m
4523,NO,1,1,0.973486,0.60515,0.552016,2.11195,0,0.878239,1.99224,1.21446,0,1.45433,0,0,0,3.23406,0,1,1,0,0,0,1,w,m
4524,NO,1,1,0.969652,0,0,2.05436,0,0.903339,0.950476,1.22288,0.91337,1.25222,0,0,0,2.64969,0,1,1,0,0,0,1,w,m
4525,NO,1,1,0.97169,0,0,1.85764,0,0.877054,0.973468,1.2982,0.79123,1.62163,0,0,0,3.02503,0,1,1,0,0,0,1,w,m
4526,NO,1,1,0.978858,0,0,1.65751,0,0.940361,1.65515,1.35839,0.895653,2.25877,0,0,0.631281,2.13582,0,1,1,0,0,0,1,w,m
4527,NO,1,1,0.970118,0,0,1.73986,0,1.04597,1.69892,1.4701,1.11704,1.99184,0,0.538537,1.21457,2.61602,0,1,1,0,0,0,1,w,m
4528,NO,1,1,0.842105,1.0355,0.801655,1.19804,0,0.690474,0,0.823714,1.10292,1.54093,0.735157,0.553997,0.831179,1.1842,0,1,1,0,0,0,0,w,m
4529,NO,1,1,0.738868,0,0.771882,0,0,0,0,0,1.00623,1.12852,1.57693,0,0,2.38021,0,1,1,0,0,0,0,w,m
4530,NO,1,1,0.768836,0,0,0,0,0,0,0,0.662736,0.614723,1.40581,0,0,0,0,1,1,0,0,0,0,w,m
4531,NO,1,1,0.794206,0.685645,0.999343,0.604987,0,0,0,0,0.68774,0.757864,1.20068,0,0,1.19162,0,1,0,0,0,0,0,w,m
4532,NO,1,1,0.966877,0,0.976136,1.97502,0,0.54086,1.19943,0.528339,0.783695,1.60194,0.520415,0,0.547546,0.644104,0,1,0,1,0,0,1,w,m
5394,NO,1,1,0.971266,0.760152,1.49509,0,0,0,0,0,1.37732,0,1.17061,0,1.55811,2.26482,0.643665,0,0,1,0,0,0,w,m
5395,NO,1,1,0.973633,0.877685,1.86859,0,0,0,0,0,1.47414,0,0.9159,0,1.72502,1.9367,0.687167,0,0,1,0,0,0,w,m
5396,NO,1,1,0.97462,1.08875,1.94912,0,0,0,0,0,1.42967,0,0.729589,0,1.82167,2.0444,0.688742,0,0,1,0,0,0,w,m
5397,NO,1,1,0.972089,0.811364,2.15274,0,0,0,0,0,1.48885,0,0,0,2.17304,2.17709,0.642323,0,0,0,0,0,0,w,m
5425,NO,1,1,0.983231,0,0,0,0.586636,0,0,0,0,0.832523,0.682924,0.601459,1.74572,1.0303,0,1,0,0,0,0,0,w,m
5426,NO,1,1,0.978219,0,0,0.734539,0.734497,0,0,0,0,0,0,0,0,0.738705,0,1,0,0,0,0,0,w,m
5427,NO,1,1,0.982973,0,0,0.655083,0.673946,0,0,0,0,0.633454,0,0,0.766211,0,0,1,0,0,0,0,0,w,m
5428,NO,1,1,0.987427,0,0,0.765596,0.630507,0,0,0.520723,0,0.826239,0,0,1.28571,0,0,1,0,0,0,0,0,w,m
5429,NO,1,1,0.982534,0,0.740026,0.606707,0,0.505309,0,0.779725,0,1.36884,0,0,1.53899,0,0,1,0,0,0,0,0,w,m
5430,NO,1,1,0.926624,0.574338,1.77532,0.555787,0,0.587374,0,0.834539,0.668014,1.73181,0,0.669683,0.675593,1.31226,0,1,0,0,0,0,0,w,m
5431,NO,1,1,0.940292,0.639391,1.46222,0,0,0,0,0.561693,0,1.49127,0,0.710725,0.745858,1.04583,0,1,0,0,0,0,0,w,m
5432,NO,1,1,0.97143,0,0.838397,0,0,0,0,0.552247,0.589542,1.38056,0,0.725229,1.87751,0.683077,0,1,0,1,0,0,0,w,m
5433,NO,1,1,0.977599,0,0.828612,0.579074,0,0,0,0.536548,0.564518,1.38873,0,0.711765,1.86821,0.524553,0,1,0,1,0,0,0,w,m
5434,NO,1,1,0.980703,0,0.516774,0.798758,0,0,0.571819,0,0,0.850407,0.752696,0.573609,2.00161,0.602349,0,1,0,1,0,0,1,w,m
5435,NO,1,1,0.980978,0,0.56325,0.526652,0,0,0,0,0,0.775882,0.818462,0,1.48211,0.640379,0,1,0,1,0,0,0,w,m
5436,NO,1,1,0.983462,0,0,0.570445,0,0,0.789791,0,0,0.777848,0.520678,0,0.977411,0.956608,0,1,0,1,0,0,0,w,m
5437,NO,1,1,0.982869,0,0,0.524525,0,0,0.92996,0,0,0,0.535212,0,0.850535,0.931265,0,1,0,0,0,0,0,w,m
5438,NO,1,1,0.983445,0,0,0,0,0,0.648556,0,0,0.618796,0,0,0.853411,0.804752,0,1,0,0,0,0,0,w,m
5439,NO,1,1,0.983464,0,0,0,0,0,0,0,0,0.893527,0,0,0.738672,0,0,1,0,0,0,0,0,w,m
5440,NO,1,1,0.981623,0,0,0,0.556987,0,0,0,0,0.759773,0,0,0.721352,0,0,1,0,0,0,0,0,w,m
5441,NO,1,1,0.982921,0,0,0,0,0,0,0,0,0.732402,0,0,0.715124,0,0,1,0,0,0,0,0,w,m
5442,NO,1,1,0.97931,0,0,0,0,0,0,0,0,0.710224,0,0,0.767281,0,0,1,0,0,0,0,0,w,m
5443,NO,1,1,0.975995,0,0,0,0,0,0,0,0,0.9757,0,0,0,0,0,1,0,0,0,0,0,w,m
5444,NO,1,1,0.982161,0,0,0,0,0,0,0,0,0.799514,0,0,0,0,0,1,0,0,0,0,0,w,m
5445,NO,1,1,0.984292,0,0,0,0,0,0,0.501778,0,0.792766,0,0,0.601599,0,0,1,0,0,0,0,0,w,m
5446,NO,1,1,0.971049,0,0,0.545723,0,0,0,0.583694,0,1.65263,0,0,1.36304,0.508525,0,1,0,0,0,0,0,w,m
5447,NO,1,1,0.851389,0.727074,0.964984,0,0,0,0,0.625021,0.805118,1.93385,0,0,0.677188,0.718111,0,1,0,0,0,0,0,w,m
5448,NO,1,1,0.951191,0,1.38459,0.616021,0,0,0,0.5616,0,1.20807,0,0.502719,1.60347,0.632692,0,1,0,1,0,0,0,w,m
5449,NO,1,1,0.984385,0.5578,1.22533,0.859179,0,0,0,0,0.705737,1.1733,0,0.60491,1.69757,0.539473,0,1,0,0,0,0,0,w,m
5450,NO,1,1,0.988236,0,1.05007,0,0,0,0,0,0.612545,1.10187,0,0,2.03022,0,0,1,0,0,0,0,0,w,m
12212,NO,1,1,0.963635,1.29836,1.31294,0.659455,0.691811,0,1.89557,0,0,0,0,0,0,1.08655,0,0,0,1,1,0,1,m,m
12213,NO,1,1,0.955964,0.992783,1.68755,0,0.50832,0,0.809124,0,0,0,0,0,0,1.38396,0,0,0,1,1,0,1,m,m
12214,NO,1,1,0.949529,0.997644,1.90988,0,0.605721,0,0.654258,0,0,0,0,0,0,2.76962,0,0,0,0,1,0,1,m,m
12215,NO,1,1,0.934269,0.663495,1.58814,0,0.809215,0,0,0,0,0,0,0,0,3.7125,0,0,0,0,1,0,1,m,m
12216,NO,1,1,0.928258,1.48347,1.88826,0,0,0,0,0,0,0,0,0,0,3.45052,0.81366,0,0,0,1,0,1,m,m
12217,NO,1,1,0.934511,2.25903,2.39782,0,0.529176,0,0,0,0,0,0,0,0.63326,4.28131,0.911923,0,0,0,1,0,1,m,m
12218,NO,1,1,0.962995,1.33608,1.84788,0,0,0,0,0,0,0,0,0,0,4.43949,0.743627,0,0,1,1,0,1,m,m
12219,NO,1,1,0.947241,0.848256,1.97014,0,0.727149,0,0,0,0,0,0,0,0,4.88715,0.620053,0,0,1,0,0,1,m,m
12220,NO,1,1,0.956952,1.1038,1.54872,0,0.971626,0,0,0,0,0,0,0,0.679575,4.98526,0.598692,0,0,1,0,0,0,m,m
12221,NO,1,1,0.955272,1.40945,1.70316,0,0,0,0,0,0,0,0.913482,0.585741,0,4.35855,0.764866,0,1,1,0,0,1,m,m
12222,NO,1,1,0.951853,2.42484,2.19908,0,0.668754,0,1.16738,0,0,0,1.50426,0.501152,1.15245,4.91088,1.13281,0,0,1,1,0,1,m,m
12223,NO,1,1,0.950925,2.09624,1.60356,0,0.626431,0,0.975378,0,0,0,1.08398,0,1.15587,4.60377,1.1386,0,0,1,1,0,0,m,m
12224,NO,1,1,0.973264,1.94993,1.45722,0.633346,0.823782,0,0.999201,0,0,0,1.05191,0,0.779789,5,0.888293,0,0,1,1,0,1,m,m
12225,NO,1,1,0.986787,1.57728,1.01985,0,0,0,1.18175,0,0,0,0.990248,0,0.793939,5,0.741827,0,0,1,0,0,1,m,m
12226,NO,1,1,0.985966,1.30584,1.15429,0.770325,0.502392,0,1.29673,0,0,0,1.03132,0,0.891264,4.93234,0.522428,0,0,1,1,0,1,m,m
12227,NO,1,1,0.983801,1.27161,1.13759,0.620086,0.774446,0,1.61866,0,0,0,0,0,0.975429,5,0,0,0,1,0,0,1,m,m
12228,NO,1,1,0.974463,1.06169,1.28784,0.598231,0.995728,0,1.84371,0,0,0,0,0,0.659374,5,0,0,0,1,1,0,0,m,m
12229,NO,1,1,0.975304,0.619612,1.09016,0,0.819346,0,1.477,0,0,0,0,0,0,5,0,0,0,1,0,0,0,m,m
12230,NO,1,1,0.978796,0.651437,1.00385,0,1.14753,0,1.44689,0,0,0,0,0,0,4.59332,0,0,0,1,1,0,0,m,m
12231,NO,1,1,0.975312,0.803047,1.12782,0,1.20962,0,1.12921,0,0.555272,0.704833,0,0,0,2.77524,0,0,0,1,1,0,0,m,m
12232,NO,1,1,0.980272,1.11009,1.61265,0,0.568543,0,1.34748,0,0,0.647125,0,0,0,2.03226,0,0,0,1,1,0,0,m,m
12233,NO,1,1,0.969884,0.638421,1.59403,0,0.688442,0,0.827665,0,0,0.535138,0,0,0,1.44569,0,0,0,1,1,0,0,m,m
12234,NO,1,1,0.943058,0.659991,2.01787,0,0.678726,0,0.762659,0,0,0,0,0,0,0.88745,0,0,0,1,0,0,0,m,m
12235,NO,1,1,0.884367,0,2.36871,0,0.531549,0,0.661373,0.510319,0,0.633214,0,0,0,0.533813,0,0,0,0,1,0,0,m,m
12236,NO,1,1,0.850638,0,1.94576,0,0,0,0.53291,0,0,0,0,0,0,0,0,0,0,1,1,0,0,m,m
12237,NO,1,1,0.779638,0,0.989664,0,1.13713,0,0,0,0,0,0,0,1.13076,1.8346,0,0,1,1,1,0,0,m,m
12242,NO,1,1,0.861216,1.39844,1.47789,0,0.892612,0.543922,0,0.784038,0.639498,1.24994,1.19368,0.667861,1.59682,1.70188,0,0,1,1,1,0,0,m,m
12243,NO,1,1,0.928066,1.19998,2.1655,0,0.55828,0,0,0,0.703952,1.67202,0.662974,0.536236,0.656028,0,0,0,1,1,1,0,0,m,m
12244,NO,1,1,0.95058,0.820593,1.73862,0,0.864182,0,0,0,0,1.50591,0.874323,0,1.746,0,0,0,0,1,1,0,0,m,m
12245,NO,1,1,0.951238,1.01582,1.49664,0,0.958903,0,0,0.504713,0,1.30079,0.862135,0.516655,1.67668,0,0,0,0,1,1,0,0,m,m
12246,NO,1,1,0.957826,1.08472,1.26447,0,0.991302,0,0,0.517052,0.835833,0.974642,0.812446,0,1.65435,0,0,0,0,1,1,0,0,m,m
12247,NO,1,1,0.926786,1.22636,1.29956,0,0.648299,0,0,0,0.567668,0.949596,1.07839,0,0.745753,0,0,0,1,1,1,0,0,m,m
12248,NO,1,1,0.851056,1.69843,1.48619,0,0.978215,0,0,0,0,0,1.25868,0,0,2.19611,0,0,0,1,0,0,0,m,m
12249,NO,1,1,0.895786,1.53819,1.50257,0,1.03631,0,1.02562,0,0,0.618539,1.24777,0,0,1.15225,0,0,0,1,1,0,0,m,m
12250,NO,1,1,0.949489,1.48923,1.28161,0,0.680293,0,0,0,0.770703,0.624124,0.597337,0,0.780248,1.59572,0,0,0,1,1,0,0,m,m
12251,NO,1,1,0.954449,1.44515,0.881693,0,0.509297,0,0,0,0.941641,0,0,0,0,1.31057,0,0,0,1,1,0,0,m,m
12252,NO,1,1,0.935561,1.27297,0,0,0.523472,0,0,0,0.538626,0,0,0,0,1.0441,0,0,0,0,1,0,0,m,m
12253,NO,1,1,0.926356,1.28951,0,0,0.585211,0,0,0,0,0,0,0,0,1.24363,0,0,0,0,1,0,0,m,m
12254,NO,1,1,0.960228,1.07265,0,0,0.892839,0,0,0,0.928776,0,0,0,0,1.10622,0,0,1,0,1,0,0,m,m
12255,NO,1,1,0.877781,0.744659,1.48886,0,0,0,0.957711,0,0.668174,0.817468,0,0.701773,0,0.701389,0,0,1,0,1,1,0,m,m
12256,NO,1,1,0.917585,0,2.01911,0,0,0,0,0.593154,0.661718,0.975143,0,0.838301,1.93894,0,0,0,1,1,1,1,0,m,m
12257,NO,1,1,0.918751,0,2.05852,0,0.618215,0.597124,0,0,0,0,0,0,1.65718,3.71201,0,0,0,1,1,0,0,m,m
12258,NO,1,1,0.919253,0,1.26539,0,0,0,0,0,0.654402,0,0.815769,0.834242,1.04494,0,0,0,1,1,1,0,0,m,m
12259,NO,1,1,0.91896,0,0.782132,0,0.915132,0,0,0,0,0,0,0.728473,1.89549,3.33518,0,0,1,1,1,0,1,m,m
12260,NO,1,1,0.902396,0,0,0,1.46288,0.520557,0,0,0.539584,0,0.77115,0.70328,1.69016,4.42187,0,0,1,1,1,0,1,m,m
12261,NO,1,1,0.894036,0,0.809087,0,1.44305,0.675221,0,0.642553,0.660275,0,0.600907,0.653457,1.45779,4.5335,0,0,1,1,1,0,0,m,m
12262,NO,1,1,0.879056,0,1.20888,0,1.51547,0,0,0,0.989022,0,0.952041,0.825792,1.13469,2.64222,0,0,1,1,1,0,1,m,m
12263,NO,1,1,0.888354,0,0.806491,0,1.48994,0.605863,0,0,1.20093,0,0.888634,0.727534,0.897232,1.89108,0,0,1,1,1,1,1,m,m
12264,NO,1,1,0.809841,0,1.13948,0,1.37778,0.54057,0,0,1.25907,0,1.40702,0.5148,0.900601,2.46347,0,0,1,1,1,1,1,m,m
12265,NO,1,1,0.783544,0.791187,1.55161,0,1.38083,0.631493,0,0,1.19128,0.519852,1.19424,0.584684,1.0478,3.2496,0,0,1,1,1,1,1,m,m
12266,NO,1,1,0.787706,0.726889,1.66366,0,1.28346,0.585258,0,0,1.04225,0,1.21464,0,0.814545,3.06391,0,0,0,1,1,1,1,m,m
12267,NO,1,1,0.758137,0.871984,2.09088,0,1.43626,0,0,0,0.662905,0,1.27536,0,0.883517,1.87195,0,0,0,1,1,0,1,m,m
12268,NO,1,1,0.730642,1.00572,2.25508,0,1.09497,0,0,0,0,0,1.56138,0,1.67263,0,0,0,0,1,1,1,1,m,m
46228,NO,1,1,0.937141,0.948672,0,0,0.938944,0,0.711452,0,0,0,0,0,1.0087,0,0,0,0,1,0,0,1,m,m
46229,NO,1,1,0.937883,0.661246,0,0,1.05281,0,0.541488,0,0,0,0,0,0.953071,0,0,0,0,1,0,0,1,m,m
46230,NO,1,1,0.954368,0,0,0,1.15121,0,0.657525,0,0,0,0,0,1.16589,0.600592,0,0,0,1,0,0,1,m,m
46231,NO,1,1,0.961738,0,0,0,0.857759,0,0.739208,0,0,0,0,0,1.29909,0,0,0,0,1,0,0,1,m,m
46232,NO,1,1,0.963558,0,0,0,0.613595,0,1.13344,0,0,0,0,0,1.31817,0,0,0,0,0,0,0,1,m,m
46233,NO,1,1,0.962269,0.520003,0,0,0,0,1.52528,0,0.549197,0,0,0,1.52152,0,0,0,0,0,0,0,1,m,m
46234,NO,1,1,0.955303,0.508599,0,0,0,0,1.69106,0,0.661936,0,0,0,1.72897,0,0,0,0,0,0,0,1,m,m
46235,NO,1,1,0.961735,0,0,0,0.767747,0,1.68041,0,0.637736,0.765348,0,0,1.15946,0,0,0,0,0,0,0,1,m,m
33614,NO,1,1,0.831063,2.11156,1.31826,0,0.976222,0.634847,0,0.801295,1.71783,0.534456,0,0.560823,0,1.69804,0,1,1,0,1,0,0,m,m
45729,NO,1,1,0.791698,1.24915,1.47424,0.700274,0.60636,0,0,0,0,0,0,0,0,2.14484,0,1,1,0,1,1,0,m,m
45730,NO,1,1,0.8823,1.15578,1.7338,0.551581,0.648087,0,0.973597,0,0.546115,0,0.588186,0,0,2.25607,0,1,0,0,1,0,0,m,m
45808,NO,1,1,0.968962,0.516097,0.791179,0,0,0,0.806214,0,0.574565,1.34772,0,0,0.557287,2.78887,0,0,0,1,0,0,0,m,m
45809,NO,1,1,0.964819,0.576133,0.967485,0,0,0,0,0,0,0.924182,0,0,0,3.34183,0,0,0,1,0,0,0,m,m
45810,NO,1,1,0.952404,0,0.545313,0,0,0,0,0,0.602696,0,0.584326,0,0,3.55346,0,0,0,1,0,0,0,m,m
45811,NO,1,1,0.945363,0,0,0,0,0,0,0.529307,0.568272,0.547991,0.502725,0,0,3.81985,0,1,0,1,0,0,0,m,m
45812,NO,1,1,0.949606,0,0,0,0,0.571972,0,0.673902,0.543879,0.627625,0,0,0,3.33544,0,0,0,1,0,0,0,m,m
45813,NO,1,1,0.948754,0,0,0,0,0,0,0.561423,0.505719,0,0,0,0,2.80887,0,0,0,1,0,0,0,m,m
45814,NO,1,1,0.924617,0,0,1.1701,0,0,0,0.529297,0,0.751661,0.651381,0.538256,0,2.8997,0,1,0,1,0,0,0,m,m
45817,NO,1,1,0.813038,1.09364,0.562267,1.44585,0,1.06545,0.850354,1.514,2.08771,0,0.543,0.535061,0,1.43453,0,1,1,1,1,0,0,m,m
47951,NO,1,1,0.980896,0,1.76658,0,0,0,1.78847,0.648311,0.667958,0,0,0,0,0.61856,0,0,0,1,0,0,0,w,w
47952,NO,1,1,0.982012,0,1.67744,0,0,0,1.61242,0.576585,0.576388,0,0,0,0,0.904042,0,0,0,1,0,0,0,w,w
47955,NO,1,1,0.983495,0,1.72268,0,0,0,1.57365,0,0.585762,0,0.714429,0,0,1.41385,0,0,0,1,1,0,0,w,w
47956,NO,1,1,0.981855,0,1.81287,0,0,0,1.3929,0,0.548136,0,0,0,0,1.0254,0,0,0,1,1,0,0,w,w
47957,NO,1,1,0.978749,0.555303,1.94842,0,0,0,1.05795,0,0.556696,0,0.518083,0,0.539376,1.01263,0,0,0,1,0,0,0,w,w
47964,NO,1,1,0.958801,0,1.08794,0,0,0,1.13526,0,0.587049,0.535912,0,0,0,0,0,0,0,1,0,0,0,w,w
47965,NO,1,1,0.969658,0.501869,1.34833,0,0,0,0.793556,0,0.50827,0,0.524537,0,0.525468,0,0,0,0,0,0,0,0,w,w
47966,NO,1,1,0.972068,0,1.4148,0,0,0,0.595365,0,0,0.616644,0.817201,0,0,0,0,0,0,0,0,0,0,w,w
47967,NO,1,1,0.968081,0.515507,1.33188,0,0,0,0.627565,0,0.563596,0.571956,0,0,0,0,0,0,0,0,1,0,0,w,w
47968,NO,1,1,0.959877,0,1.10874,0,0,0,0.533517,0,0,0,0,0,0,0,0,0,0,0,0,0,0,w,w
48148,NO,1,1,0.875476,1.48632,0,0.970853,0,0,0,0,0,0,0,0,0,0,0,1,0,1,0,0,0,w,w
48149,NO,1,1,0.897314,1.18165,0,0.931185,0,0,0,0,0,0,0,0,0.636444,0,0,1,0,1,0,0,0,w,w
48150,NO,1,1,0.888741,1.2846,0,0.957633,0,0,0,0,0,0,0,0,0.938837,0,0,1,0,1,0,0,0,w,w
48151,NO,1,1,0.877676,1.06584,0,0.812617,0,0,0,0,0,0,0,0,0.959683,0,0,1,0,1,0,0,0,w,w
48152,NO,1,1,0.905402,0.880732,0,0.829615,0,0,0,0,0,0,0,0,1.07231,0,0,0,0,1,0,0,0,w,w
48153,NO,1,1,0.915668,1.37217,0,0.732125,0,0,0,0,0,0,0,0,0.934589,0,0,0,0,1,0,0,0,w,w
48154,NO,1,1,0.907036,1.00381,0,0.565084,0.588353,0,0,0,0,0,0.515663,0,1.30143,0,0,0,0,1,0,0,0,w,w
48155,NO,1,1,0.875331,1.06171,0,0.545771,0.706552,0,0,0,0,0,0,0,0.93318,0,0,0,0,1,0,0,0,w,w
48156,NO,1,1,0.837554,1.18694,0,0.911134,0.667892,0,0,0,0,0.602272,0,0,1.06899,0,0,1,0,1,0,0,0,w,w
48157,NO,1,1,0.823362,1.23514,0,1.00907,0,0,0,0,0,0.511049,0,0,1.18684,0,0,1,0,1,0,0,0,w,w
48158,NO,1,1,0.866592,0.989638,0,0,0.599718,0,0,0,0,0.549201,0,0,1.30903,0,0,1,0,1,0,1,0,w,w
48159,NO,1,1,0.88573,1.02401,0,0.907364,0.644848,0,0,0,0,0,0.762145,0,1.15882,0,0,1,0,1,0,0,0,w,w
48160,NO,1,1,0.915107,1.14731,0,0.773421,0,0,0.545146,0,0,0,0.689981,0,1.16289,0,0,1,0,1,0,0,0,w,w
31667,NO,1,1,0.988335,0,0,1.1795,0,0.57482,1.34801,0.528906,0,0.672803,0,0,1.28435,0.973894,0,0,0,1,0,0,1,w,w
31668,NO,1,1,0.986693,0,0,0.927384,0,0.591115,1.4917,0,0,0.577608,0,0,1.11852,0.864697,0,1,0,1,0,0,1,w,w
31669,NO,1,1,0.985008,0.506369,0.597758,0.827457,0,0.52837,1.53749,0,0,0.602192,0,0,1.19706,0.749249,0,1,0,1,0,0,1,w,w
31670,NO,1,1,0.984296,0,0.723584,0.987957,0,0,1.84921,0,0,0,0,0,1.30205,0.685937,0,1,0,1,0,0,1,w,w
31671,NO,1,1,0.982861,0.511166,0,0.566614,0,0.504578,1.21541,0,0.539781,0,0,0,0.979782,0,0,1,0,1,0,0,1,w,w
32930,NO,1,1,0.983776,0,0,0,0,0,0,0,0,0.572741,0.774661,0,1.41648,1.22471,0,0,0,1,0,0,1,w,w
32931,NO,1,1,0.967117,0,0,0,0,0,0,0,0.565025,0,0.880523,0,1.20272,1.24646,0,0,0,1,0,0,1,w,w
32932,NO,1,1,0.950878,0,0,0,0,0,0,0,0.530184,0,0.735169,0,0.553705,1.09223,0,0,0,1,0,0,1,w,w
32933,NO,1,1,0.951295,0,0,0,0,0,0,0,0.556274,0,0.670595,0,0,1.21,0,0,0,1,0,0,1,w,w
32934,NO,1,1,0.940428,0,0,0,0,0,0,0,0,0,0.546782,0,0,0.626393,0,0,0,0,0,0,1,w,w
32935,NO,1,1,0.978391,0,0,0,0,0,0,0,0,0,0.618601,0,0,1.54749,0,0,0,0,0,0,1,w,w
32936,NO,1,1,0.983174,0,0.776448,0,0,0,0,0,0,0,0.800415,0,0,1.86781,0,0,0,0,0,0,1,w,w
32937,NO,1,1,0.983857,0,0.695018,0,0,0,0,0,0,0,0.804656,0,0,1.99833,0,0,0,1,1,0,1,w,w
32938,NO,1,1,0.984677,0,0.624811,0,0,0,0,0,0,0,0.888033,0,0,1.76538,0,0,0,1,1,0,1,w,w
32939,NO,1,1,0.983038,0,0,0,0,0,0,0,0,0,1.01741,0,0,1.95305,0,0,0,1,1,0,1,w,w
32940,NO,1,1,0.986565,0,0.580909,0,0,0,0,0,0,0,0.860873,0,0,1.67471,0,0,0,1,1,0,0,w,w
32941,NO,1,1,0.983075,0,0,0,0.535913,0,0,0,0,0,1.11128,0,0,1.608,0,0,0,1,1,0,0,w,w
32942,NO,1,1,0.989103,0,0,0,1.12157,0,0,0,0,0,0.853498,0,0.710581,1.66137,0,0,0,1,1,0,0,w,w
32943,NO,1,1,0.990877,0,0,0,0.968578,0,0,0,0,0,0.56136,0,0,1.69856,0,0,0,1,0,0,0,w,w
32944,NO,1,1,0.991773,0,0,0,1.15727,0,0,0,0,0,0.578465,0,0.578525,1.56876,0,0,0,1,0,0,0,w,w
32945,NO,1,1,0.991122,0,0,0,0.993317,0,0,0,0,0,0,0,0.560107,1.42156,0,0,0,1,0,0,0,w,w
45361,NO,1,1,0.948511,0,0,0,0,0,0,0,0,0.753974,0.947381,0,2.07357,1.63596,0,0,1,1,0,0,0,w,w
45362,NO,1,1,0.973335,0,0,0.748592,0,0,0.55558,0,0,0,0.697227,0,2.01412,2.53495,0,0,1,0,1,0,0,w,w
45363,NO,1,1,0.968026,0,0,0.789589,0,0,0,0,0,0,0.946788,0,2.16263,2.55037,0,0,0,1,1,0,0,w,w
45364,NO,1,1,0.966101,0,0,1.06492,0,0,0,0,0,0,0.976824,0,1.52579,3.24111,0,0,1,1,1,0,0,w,w
45365,NO,1,1,0.96466,0,0,1.31565,0,0,0,0,0,0.567072,0.844895,0.56839,1.38899,3.40662,0,0,1,1,1,0,0,w,w
45366,NO,1,1,0.980004,0,0,1.28691,0,0,0.700833,0,0,0.645537,0.719518,0,1.12251,3.39629,0,1,1,1,0,0,0,w,w
45367,NO,1,1,0.982188,0,0.559101,1.23632,0,0,1.02678,0,0,0.720147,0.596616,0,1.56226,3.62917,0,1,1,1,0,0,0,w,w
45368,NO,1,1,0.978446,0,0.810997,1.45169,0,0,1.18841,0,0,0,0.625178,0,0.927055,2.79932,0,1,1,1,1,0,0,w,w
45369,NO,1,1,0.945366,0,1.12371,1.53104,0,0,0.979432,0,0,0,0.882666,0,1.03961,2.62129,0,1,0,1,1,0,0,w,w
45370,NO,1,1,0.950188,0,0.645148,1.39486,0,0,0.83989,0,0,0,0.906543,0,1.2905,2.78071,0,1,0,1,1,0,0,w,w
45371,NO,1,1,0.954987,0,0.75524,1.27487,0,0,0.995098,0,0,0,0.965066,0,1.01898,2.39912,0,1,0,1,1,0,0,w,w
45372,NO,1,1,0.959758,0,0,1.47157,0,0,0.839672,0,0,0,1.24236,0,0.573059,2.14902,0,1,0,1,1,0,0,w,w
45373,NO,1,1,0.955095,0,0.86101,1.3902,0,0,1.57342,0,0,0,1.07111,0,0,2.00038,0,1,0,1,1,0,0,w,w
45374,NO,1,1,0.965536,0,0.820946,1.19882,0,0,1.27412,0,0,0,1.22908,0,0,2.43006,0.565816,1,0,1,1,0,0,w,w
45375,NO,1,1,0.969906,0.627081,1.42737,1.44645,0,0,1.53108,0,0,0,1.04866,0,0,2.97938,0.672267,1,0,1,1,0,0,w,w
45376,NO,1,1,0.975403,0.630988,1.34406,1.70246,0,0,1.66165,0,0,0,0.821557,0,0,3.49075,0.775459,1,0,1,1,0,0,w,w
45377,NO,1,1,0.972684,0.586493,1.19988,1.02122,0,0,1.64326,0,0,0,0.772161,0,0,3.25454,0.669798,0,0,1,1,0,0,w,w
45378,NO,1,1,0.980651,0,0,0.907447,0,0,1.24882,0,0,0,0.890664,0,0.614183,3.34808,0.655646,0,0,1,1,0,0,w,w
45379,NO,1,1,0.981688,0,0.707953,0.514735,0,0,1.34218,0,0,0,0.81618,0,1.07907,2.91126,0,0,0,1,1,0,0,w,w
45380,NO,1,1,0.97952,0,0.73567,0,0,0,1.1747,0,0,0,0.92541,0,0.855392,2.77347,0,0,0,1,0,0,0,w,w
45381,NO,1,1,0.974706,0,0.755383,0.500642,0,0,0.695276,0,0,0,1.35723,0,0.63207,2.23238,0,0,0,1,0,0,0,w,w
45382,NO,1,1,0.974361,0.542555,1.01579,0.630288,0,0,0,0,0,0,1.25983,0,0.542114,2.77629,0,0,0,1,0,0,0,w,w
45383,NO,1,1,0.963128,0.705965,0.803542,0.836793,0,0,0,0,0,0,1.51874,0.587475,0,2.36394,0,0,0,1,0,0,0,w,w
45384,NO,1,1,0.962061,0.680769,0.877133,0.665896,0,0,0,0,0,0,1.45857,0.505309,0,2.62468,0,0,0,1,0,0,0,w,w
45385,NO,1,1,0.961091,0.54952,1.068,0.787516,0,0,0.511987,0,0,0,1.48206,0,0,2.37516,0,0,0,1,1,0,0,w,w
45386,NO,1,1,0.968599,0.877106,1.15549,1.09645,0,0,0.632316,0,0,0,1.31614,0,0,2.75823,0,0,0,1,0,0,0,w,w
45387,NO,1,1,0.96359,1.58399,1.86356,1.19662,0,0,0.848873,0,0,0,1.1585,0,0,3.98194,0.77481,0,0,1,1,0,0,w,w
45388,NO,1,1,0.922312,1.87693,1.73912,1.16273,0.728528,0,0.687165,0,0,0,0.979822,0,0,5,0.918555,0,0,0,0,0,0,w,w
45389,NO,1,1,0.923181,2.12638,2.32437,1.21084,0,0,1.17998,0,0,0,0.562635,0,0,5,0.855505,0,0,0,1,0,0,w,w
45390,NO,1,1,0.947688,1.14586,1.59701,1.69381,0.637,0,1.3137,0,0,0,0.636658,0,0,4.63495,0.822163,0,1,0,1,0,0,w,w
45391,NO,1,1,0.956979,0.693803,1.44783,1.29495,0.533564,0,0.984584,0,0,0,0,0,0,3.99758,0.810907,0,1,1,1,0,0,w,w
45392,NO,1,1,0.970161,0,1.01924,1.20037,0,0,1.35547,0,0,0,0,0,0,3.07087,0.670527,0,1,1,1,0,0,w,w
45393,NO,1,1,0.974089,0,1.00195,1.11967,0,0,1.16732,0,0,0,0.773187,0,0,2.46293,0.63777,0,1,1,1,0,0,w,w
45394,NO,1,1,0.97584,0,0.558311,1.53393,0,0,1.44095,0,0,0,1.16446,0,0,2.8778,0.673981,0,1,1,0,0,0,w,w
45395,NO,1,1,0.971198,0,1.06566,1.19309,0,0,0.724433,0,0,0,1.3269,0,0,2.19754,0.641143,0,0,1,0,0,0,w,w
45396,NO,1,1,0.97195,0,0.965719,1.15884,0,0,1.36524,0,0,0,1.18646,0,0,2.88657,0.588341,0,1,1,0,0,0,w,w
45397,NO,1,1,0.939403,0,1.38036,0.514311,0,0,1.26902,0,0,0,0,0,1.10461,2.96763,0,0,0,1,0,0,0,w,w
45398,NO,1,1,0.795564,0,1.10103,0,0,0,0,0,0,0.798123,0.779355,1.04344,1.21733,0.72722,0,0,1,1,0,0,0,w,w
45399,NO,1,1,0.958544,0,1.52743,0,0,0,0,0,0,0.526136,1.00116,1.07812,0,3.99614,0,0,1,1,0,1,0,w,w
45400,NO,1,1,0.979668,0,0.869453,0,0,0,0,0,0,0.684494,1.09605,1.02184,0.820317,5,0,0,1,1,0,1,0,w,w
45401,NO,1,1,0.984371,0,0.909569,1.15116,0,0,0.559093,0,0,0,0.981283,0.588286,1.09857,3.84694,0,0,1,1,1,0,0,w,w
45402,NO,1,1,0.987432,0,0.887181,0.671473,0,0,0,0,0,0,0.738739,0,1.23094,3.62246,0,0,1,1,1,0,0,w,w
45403,NO,1,1,0.98683,0,0.718989,0.903352,0,0,1.01218,0,0,0,0.953519,0,0.875291,3.30942,0,0,0,1,1,0,0,w,w
45404,NO,1,1,0.983942,0,0.611704,0.705833,0,0,0.776972,0,0,0,1.06126,0,1.23402,2.68473,0,0,0,1,1,0,0,w,w
45405,NO,1,1,0.978271,0,0,0,0,0,0.748906,0,0,0,1.14414,0.530611,1.93576,2.48789,0,0,0,1,0,0,0,w,w
45406,NO,1,1,0.977314,0,0,0.622894,0,0,0.755825,0,0,0,0.980578,0,1.78914,1.59812,0,0,0,1,1,0,0,w,w
45407,NO,1,1,0.962319,0,0,0,0,0,0,0,0,0,0.972252,0.524425,1.64827,1.10829,0,0,0,1,1,0,0,w,w
2182,NO,1,1,0.800713,0,0,0,1.14643,0.884929,1.76033,1.48587,0.906355,0.878728,0,0,0,0,0,0,1,0,1,0,1,m,w
2193,NO,1,1,0.80528,0.717788,0,0,0,0,0,0,0,0,0,0,0,0,0.567694,0,0,1,0,0,1,m,w
2194,NO,1,1,0.794855,0,0,0,0,0,0,0,0,0,0,0.600583,0,1.06997,0.57377,0,0,1,0,0,0,m,w
2195,NO,1,1,0.757787,0,0,0,0,0,0,0,0,0,0.685065,0.595874,0,2.70126,0.552676,1,0,1,1,0,0,m,w
2196,NO,1,1,0.90781,0,0,0.863616,0,0,0,0,0,0,0.963522,0.765816,0,2.81924,0.607057,1,0,1,1,0,0,m,w
2197,NO,1,1,0.926427,0,0,0.921932,0,0,0,0,0,0,0.982616,0.559641,0,3.31205,0.502856,1,0,1,1,0,0,m,w
2198,NO,1,1,0.908156,0,0.964082,1.09991,0,0,0,0,0,0,0.518103,0.625964,0,3.13384,0.544685,1,0,1,1,0,0,m,w
2199,NO,1,1,0.87521,0,0.808485,1.55321,0,0,0.714514,0,0,0,0.568508,0,0,3.07814,0.617005,1,0,0,0,0,0,m,w
2200,NO,1,1,0.91726,0,0.939397,1.19529,0,0,0,0,0,0,0.816955,0,0,3.23496,0.561527,1,0,1,1,0,0,m,w
2201,NO,1,1,0.893853,0,0,0,0,0,0,0,0,0,0.720774,0,0,3.68092,0.519229,1,0,1,1,0,0,m,w
2202,NO,1,1,0.889164,0,1.0482,0,0,0,0,0,0,0,0,0,0,4.32944,0.563457,1,0,1,1,0,0,m,w
2203,NO,1,1,0.896748,0,0,0,0,0,0,0,0,0,0,0,0,4.34137,0,1,0,1,1,0,0,m,w
2204,NO,1,1,0.919082,0,0,0.950407,0,0,0,0,0,0,0,0,0,3.53903,0,1,0,1,1,0,0,m,w
2205,NO,1,1,0.93477,0,0,1.56297,0,0,0,0,0,0,0,0,0,2.96592,0,1,0,1,1,0,0,m,w
2206,NO,1,1,0.944143,0,0,1.87028,0,0,0.624929,0.61007,0,0,0,0,0,2.95413,0,1,0,0,1,0,0,m,w
2207,NO,1,1,0.947783,0,0,1.81227,0,0.657688,0.97961,0.858394,0,0.806715,0,0,0,2.88608,0,1,0,0,1,0,0,m,w
2208,NO,1,1,0.922488,0,0,2.06453,0,0.551174,1.79495,0.789605,0,0,0.702178,0,0,3.3039,0,1,0,1,1,0,0,m,w
2209,NO,1,1,0.924792,0,0,2.39376,0,0.557208,1.42343,0.69005,0,0.569766,0.791101,0,0,3.2677,0,1,0,1,1,0,0,m,w
2210,NO,1,1,0.93706,0,0,2.04972,0,0.515857,1.85884,0.602094,0,0.516703,0.794835,0,0.631861,3.72874,0,1,0,1,1,0,0,m,w
2211,NO,1,1,0.932386,0,0,2.19349,0,0.576332,1.91344,0.590734,0,0.556441,0.621521,0,0,4.07592,0,1,0,1,1,0,0,m,w
2212,NO,1,1,0.932978,0,0,2.55346,0,0.532528,1.58978,0.545064,0,0.763451,0.728476,0,0,3.8853,0,1,0,1,1,0,0,m,w
2213,NO,1,1,0.933517,0,0,2.57092,0,0.591154,2.13742,0.529566,0,1.14882,0.561744,0,0,4.09409,0,1,0,1,1,0,0,m,w
2214,NO,1,1,0.912577,0,0,2.57033,0,0.600833,1.72453,0.638004,0,1.04377,0.508447,0.626631,0,4.01336,0,1,0,1,1,0,0,m,w
2215,NO,1,1,0.907203,0,0.708132,2.59622,0,0.681186,1.46583,0.748062,0,0.952743,1.06248,0,0,3.79186,0,1,0,1,1,0,0,m,w
2216,NO,1,1,0.921331,0,0.566156,2.58447,0,0.638309,1.14466,0.632597,0,1.02606,0.705484,0,0,4.69703,0,1,0,1,1,0,0,m,w
2217,NO,1,1,0.925201,0,0.681966,2.81804,0,0.708109,1.76749,0.651835,0,0.940486,0.705426,0,0,4.29159,0,1,0,1,1,0,0,m,w
2218,NO,1,1,0.920848,0,0.563328,2.71229,0,0.737131,1.75803,0.702297,0,0.97686,0.570011,0,0,4.4101,0,1,0,1,1,0,0,m,w
2219,NO,1,1,0.93308,0,0.689318,2.85381,0,0.698328,1.79889,0.678274,0,0.927772,0.711727,0.547413,0,4.04417,0,1,0,1,1,0,0,m,w
2220,NO,1,1,0.927925,0,0,2.05428,0,0.603133,0.86196,0.683808,0,0,0.765227,0,0,3.80518,0,1,0,1,1,0,0,m,w
2221,NO,1,1,0.946799,0,0,2.40419,0,0,1.11529,0.516368,0,0,0,0,0,2.85747,0,1,0,1,1,0,0,m,w
2222,NO,1,1,0.947462,0,0,2.30522,0,0,0.607121,0.611514,0,0.542175,0,0,0,2.31406,0,1,0,0,1,0,0,m,w
2223,NO,1,1,0.890245,0,0,1.97221,0,0.511513,0.927739,0.737051,0,0.801395,0,0,0,1.97086,0,1,0,0,1,0,0,m,w
2224,NO,1,1,0.895968,0,0,1.75892,0,0,0,0.947649,0,0.896603,0,0,0,1.5612,0,1,0,0,0,0,0,m,w
2225,NO,1,1,0.892667,0,0,1.24681,0,0,0,0.83533,0,0.936299,0,0,0,0,0,1,0,0,0,0,0,m,w
2242,NO,1,1,0.953424,0,0,0,0.645277,0,0,0.613264,0,0.984544,0,0.500254,2.60115,0,0,0,0,0,0,0,1,m,w
2243,NO,1,1,0.952641,0,0.541181,0,0.789977,0,0,0.630761,0.591493,0.980456,0,0.626835,1.97713,0,0,0,0,0,1,0,1,m,w
2244,NO,1,1,0.93754,0,0.524277,0,1.01672,0,0,0.519598,0.657648,1.10043,0,0.666104,1.79589,0.527923,0,0,0,0,1,0,0,m,w
2245,NO,1,1,0.943007,0,0,0,0.975748,0,0,0,0.544575,1.13935,0,0.649536,1.52594,0.989417,0,0,0,0,1,0,1,m,w
2246,NO,1,1,0.918801,0,0,0,0.941411,0,0,0,0,0.71818,0,0.669194,1.13775,0.941805,0,1,0,0,1,0,1,m,w
2247,NO,1,1,0.916751,0,0,0,1.00813,0,0,0,0,0.517997,0,0.603309,1.00545,1.15717,0,1,0,1,1,0,1,m,w
2248,NO,1,1,0.954164,0.809588,0,0,0.801426,0,0,0,0,0,0.565876,0.526298,0.734706,0.877786,0,1,0,1,1,0,1,m,w
2249,NO,1,1,0.956188,0.58424,0,0,0.637531,0,0,0,0,0,0.713337,0,0.723954,0.756681,0,1,0,1,1,0,1,m,w
2250,NO,1,1,0.953642,0.712521,0,0,0.907858,0,0,0,0,0,0.545538,0,0.831114,0,0,0,0,1,1,0,1,m,w
21606,NO,1,1,0.860347,0,0,0,0,1.18464,0,1.81497,2.0236,2.17469,0,0,1.27734,1.12204,0,1,1,0,1,0,0,m,w
21607,NO,1,1,0.900273,0,0.674854,0.720328,0.631526,1.2432,0.890908,1.84494,1.97512,2.02053,0,0,1.44943,1.01938,0,0,1,0,0,0,0,m,w
21608,NO,1,1,0.871513,0,0,0.761089,0,1.32831,0,1.85322,1.9626,2.24651,0,0,1.35908,1.89946,0,0,1,0,1,0,0,m,w
21609,NO,1,1,0.89001,0,0,0,0,1.41822,0.599318,1.95551,2.08846,1.93979,0,0,1.33209,1.47131,0,0,1,0,1,0,0,m,w
21610,NO,1,1,0.877448,0,0.616323,0.681347,0,1.56605,0.793624,2.15574,2.37233,2.16567,0,0,1.05219,1.7523,0,0,1,0,1,0,0,m,w
21611,NO,1,1,0.88099,0,0.813244,0.641314,0,1.52669,0.832745,2.01303,2.24953,2.10096,0,0,1.44838,1.47905,0,0,1,0,1,0,0,m,w
21612,NO,1,1,0.833541,0,0,0.747499,0,1.53602,0,2.00157,2.36759,2.26123,0,0,1.47351,1.24288,0,0,1,0,1,0,0,m,w
21613,NO,1,1,0.864533,0,0,0,0,1.58389,0,2.09076,2.48945,2.54774,0,0,1.33944,1.08569,0,0,1,0,1,0,0,m,w
21614,NO,1,1,0.830021,0,0,0,0.574237,1.63553,0,2.16991,2.43398,2.80418,0,0,1.17508,0,0,0,1,0,1,0,0,m,w
21615,NO,1,1,0.872142,0,0,0.536436,0,1.52759,0.67889,2.04938,2.33715,2.90533,0,0,1.40809,0,0,0,1,0,1,0,0,m,w
2399,NO,1,1,0.850333,1.32296,2.31619,0,2.20828,0,1.14719,0,1.09676,0.939683,0,0.823446,1.00228,0.801415,0,0,1,0,1,0,0,w,w
2400,NO,1,1,0.880394,0.855798,1.95667,0,1.83229,0,0.893134,0,0.631141,0.766427,0,0.760102,1.07362,0,0,0,1,0,1,0,0,w,w
2401,NO,1,1,0.890677,0.792669,1.72338,0,1.23451,0,0.781831,0,0,0.623439,0,0.734942,1.20272,1.16954,0,0,1,0,1,0,0,w,w
2402,NO,1,1,0.899835,0.886984,1.54762,0,1.2409,0,0.866212,0,0.547192,0,0,0,0.774365,1.07909,0,0,1,0,1,0,0,w,w
2403,NO,1,1,0.909447,1.01837,1.92802,0,1.2191,0,0.886182,0,0,0,0.888332,0,0,1.7319,0,0,1,0,1,0,0,w,w
2404,NO,1,1,0.907184,0.806848,2.14096,0,0.981459,0,1.14767,0,0,0,1.28349,0,0,1.74461,0,0,1,0,1,0,0,w,w
2405,NO,1,1,0.911737,0.969564,2.2749,0,1.00669,0,1.22296,0,0.594139,0,1.24138,0,0,1.78825,0,0,1,0,1,0,0,w,w
2406,NO,1,1,0.917163,1.00411,2.22572,0,0.808159,0,1.14388,0,0.60759,0,1.44275,0,0,1.42469,0,0,1,0,1,0,0,w,w
2407,NO,1,1,0.916614,0.924199,2.4453,0,0.874826,0,1.24862,0,0,0,1.35773,0,0,1.62616,0,0,1,0,1,0,0,w,w
2408,NO,1,1,0.91475,0.992499,2.62458,0,0.796012,0,1.2203,0,0,0,1.35053,0,0,1.47487,0,0,1,0,1,0,0,w,w
2409,NO,1,1,0.920468,1.04028,2.69028,0,1.02362,0,1.04152,0,0,0,1.40379,0,0,1.64353,0,0,1,0,1,0,0,w,w
2410,NO,1,1,0.924239,1.02467,2.71676,0,1.02617,0,1.14159,0,0,0,1.35683,0,0,1.64659,0,0,1,0,1,0,0,w,w
2411,NO,1,1,0.919172,0.978392,2.80091,0,1.13539,0,1.38418,0,0,0,1.44279,0,0,1.77404,0,0,1,0,1,0,0,w,w
2412,NO,1,1,0.917948,1.03345,2.82114,0,1.11697,0,1.28689,0,0,0,1.36495,0,0,1.70076,0,0,1,0,1,0,0,w,w
2413,NO,1,1,0.919047,1.21644,2.74487,0,1.25642,0,1.26239,0,0,0,1.25572,0,0,1.71551,0,0,1,0,1,0,0,w,w
2414,NO,1,1,0.909996,1.31743,2.66901,0,1.37714,0,1.25752,0,0.509005,0,1.07413,0,0,1.64317,0,0,1,0,1,0,0,w,w
2415,NO,1,1,0.907673,1.26032,2.72599,0,1.33213,0,1.27145,0,0.50914,0,1.18256,0,0,1.76364,0,0,1,0,1,0,0,w,w
2416,NO,1,1,0.907685,1.2758,2.44143,0,1.25223,0,1.24771,0,0.521617,0,1.16388,0,0,1.49287,0,0,1,0,1,0,0,w,w
2417,NO,1,1,0.911138,1.32977,2.56868,0,1.30504,0,1.24828,0,0.514386,0,1.18344,0,0,1.57236,0,0,1,0,1,0,0,w,w
2418,NO,1,1,0.91312,1.30201,2.61695,0,1.0757,0,1.51579,0,0,0.565924,1.26514,0,0,1.43399,0,1,1,0,1,0,0,w,w
2419,NO,1,1,0.911519,1.1538,2.34206,0,0.771258,0,1.06202,0,0.514991,0,1.21602,0,0,1.28511,0,0,1,0,1,0,0,w,w
2420,NO,1,1,0.907537,1.17315,2.42806,0,0.873254,0,1.08158,0,0,0,1.2075,0,0,1.20525,0,0,1,0,1,0,0,w,w
2421,NO,1,1,0.905676,1.26385,2.45839,0,0.848106,0,0.869887,0,0.516832,0.5921,1.19957,0,0,1.30821,0,0,1,0,1,0,0,w,w
2422,NO,1,1,0.905779,1.21986,2.59071,0,0.737633,0,1.21292,0,0,0.599753,1.13218,0,0,1.65161,0,1,1,0,1,0,0,w,w
2423,NO,1,1,0.902223,1.08697,2.6035,0.509219,0.608171,0,0.98749,0,0,0,1.09097,0,0,1.465,0,1,1,0,1,0,0,w,w
2424,NO,1,1,0.904676,1.00888,2.55466,0.65714,0.649167,0,1.13307,0,0,0,1.14732,0,0,0.959505,0,1,1,0,1,0,0,w,w
2425,NO,1,1,0.899696,1.07282,2.45463,0.601335,0.532113,0,1.06235,0,0,0.544806,1.21458,0,0,1.1976,0,1,1,1,1,0,0,w,w
2426,NO,1,1,0.894277,0.977235,2.19225,0.768821,0,0,1.18488,0,0,0.537877,1.13511,0,0,1.38142,0,1,1,0,1,0,0,w,w
2427,NO,1,1,0.883131,0.828142,2.13558,0.714184,0,0,1.11835,0,0,0,1.03802,0,0,1.40796,0,1,1,0,1,0,0,w,w
2428,NO,1,1,0.878797,0.855907,2.06847,0.66662,0,0,1.30928,0,0,0,0.822966,0,0,1.5136,0,1,1,0,1,0,0,w,w
2429,NO,1,1,0.874423,0.672109,1.971,0.714173,0,0,1.511,0,0,0,0.926506,0,0,1.64196,0,1,1,0,1,0,0,w,w
2430,NO,1,1,0.874263,0.610133,1.80558,0.753445,0,0,1.30046,0,0,0,0.929469,0,0,1.73646,0,1,1,0,1,0,0,w,w
2431,NO,1,1,0.86921,0.912213,2.4259,0.765091,0,0,1.44815,0,0,0,0.746808,0,0,1.86612,0,1,1,0,1,0,0,w,w
2432,NO,1,1,0.856729,1.14441,2.50342,0.605799,0,0,1.64485,0,0,0,0.584433,0,0,1.74594,0,1,1,0,1,0,0,w,w
2433,NO,1,1,0.831902,1.09031,2.71833,0.596032,0,0,2.1035,0,0,0,0.838802,0,0,1.05441,0,1,1,0,1,0,0,w,w
2434,NO,1,1,0.866302,0.924431,2.42428,0,0,0,1.22709,0,0,0,0.783154,0,0,1.46164,0,1,1,0,1,0,0,w,w
2435,NO,1,1,0.83203,0.967768,2.14644,0,0.609624,0,0,0,0,0,1.28041,0,0,1.426,0,1,1,1,1,0,0,w,w
2436,NO,1,1,0.805144,0.770723,1.66379,0,1.17254,0,0,0,0,0,1.30941,0,0,1.85979,0,0,1,1,1,0,0,w,w
2437,NO,1,1,0.768235,0.805837,2.58401,0,1.72003,0,0,0,0.608537,0,1.09894,0,0,1.72154,0,0,1,1,1,0,0,w,w
2438,NO,1,1,0.806288,1.57292,3.1785,0,2.22218,0,0.610825,0,0,0,0,0,0,2.19217,0,0,1,0,1,0,0,w,w
2439,NO,1,1,0.841501,1.76901,3.2615,0,2.11603,0,1.16561,0,0,0,0,0,0,0.880875,0,1,1,0,1,0,0,w,w
2440,NO,1,1,0.848901,1.65231,2.80556,0,2.85493,0,1.14485,0,0,0,0,0,0,0.742285,0,1,1,0,1,0,0,w,w
2441,NO,1,1,0.772127,1.28723,1.97752,0,1.80109,0,0.640008,0,0,0.600803,0,0,0,0,0,1,1,0,1,0,0,w,w
2442,NO,1,1,0.772868,1.36482,1.77489,0,1.02454,0,0.811261,0,0.715934,0.98743,0,1.16873,0.858575,0,0,0,1,0,0,0,0,w,w
2443,NO,1,1,0.851198,1.72938,1.53701,0,1.18778,0,0.573504,0,1.05133,0.56131,0,0.972149,1.08992,0,0,0,1,0,1,0,0,w,w
2444,NO,1,1,0.857527,1.66441,1.6525,0,1.37838,0,0,0,1.12816,0.591496,0,0.807476,1.3541,0,0,0,1,0,0,0,0,w,w
5057,NO,1,1,0.874066,0,0,0,0,0.593178,1.0301,0,1.30572,1.06332,0.867965,0,0.824633,0,0,0,1,1,0,0,0,w,w
5058,NO,1,1,0.877344,0,0,0,0,0.539203,0.62584,0,1.20079,1.00946,0.614253,0,1.00299,0,0,0,1,1,0,0,0,w,w
5059,NO,1,1,0.890076,0,0,0,0,0.598969,0.785388,0.546964,1.21028,0.980237,0.670506,0,0.864404,0.55737,0,0,1,1,0,0,0,w,w
5060,NO,1,1,0.902809,0,0,0,0,0.578253,0.830221,0.544333,1.17952,1.26794,0.616773,0,0.83636,0.609915,0,0,1,1,0,0,0,w,w
5061,NO,1,1,0.901302,0,0,0,0,0.590542,0.956115,0.5773,1.16838,1.2451,0.568099,0,0.804441,0.655467,0,0,1,1,0,0,0,w,w
5062,NO,1,1,0.902996,0,0,0,0,0.60296,0.90793,0.587867,1.25406,1.26553,0.600088,0,0.856721,0,0,0,1,1,0,0,0,w,w
5063,NO,1,1,0.90158,0,0,0,0,0.629762,1.00843,0.590179,1.26657,1.22106,0.564412,0,0.825367,0,0,0,1,1,0,0,0,w,w
5064,NO,1,1,0.894299,0,0,0,0,0.663126,1.20071,0.602666,1.31608,1.25919,0.669392,0,0.748821,0,0,0,1,1,0,0,0,w,w
5065,NO,1,1,0.896491,0,0,0,0,0.632552,1.0105,0.564933,1.22591,1.27728,0.583972,0,0.721879,0,0,0,1,1,0,0,0,w,w
5066,NO,1,1,0.898036,0,0,0,0,0.553903,0.885063,0,1.0643,0.935005,0,0,0.718281,0,0,0,1,1,0,0,0,w,w
5067,NO,1,1,0.896517,0,0,0,0,0.550725,0.684264,0,1.10284,1.01334,0.634388,0,0.780343,0,0,0,1,1,0,0,0,w,w
5068,NO,1,1,0.88706,0,0,0,0,0.557095,0.95306,0,1.05623,1.0311,0.712798,0,0.781678,0.55491,0,0,1,1,0,0,0,w,w
5069,NO,1,1,0.878863,0,0,0,0,0.526245,0.935037,0,1.00508,0.874716,0.739304,0,0.933054,0,0,0,1,1,0,0,0,w,w
5070,NO,1,1,0.863461,0,0,0,0,0.559148,0.923126,0,1.06621,0.98105,0.791768,0,1.03402,0,0,0,1,1,0,0,0,w,w
5071,NO,1,1,0.863434,0,0,0,0,0.576936,0.840374,0,1.08314,0.947209,0.86722,0,0.888427,0,0,0,1,1,0,0,0,w,w
5072,NO,1,1,0.863468,0,0,0,0,0.575857,0.83638,0,1.09223,0.939385,0.934594,0,0.933504,0.583145,0,0,1,1,0,0,0,w,w
5073,NO,1,1,0.897928,0,0,0,0,0.527527,0.840957,0,0.9972,0.84368,0,0,0.759386,0.852025,0,0,1,1,0,0,0,w,w
5074,NO,1,1,0.929873,0,0,0,0,0,0.820085,0,0.550318,0.526181,0,0,0.875848,0,0,0,1,0,1,0,0,w,w
5075,NO,1,1,0.939073,0,0,0,0,0,0.764294,0,0.808627,0.559648,0,0,0.98222,0,0,0,1,0,1,0,0,w,w
5076,NO,1,1,0.934009,0.603679,0.634135,0,0,0,1.15541,0,0,0.775206,0,0,1.38781,0,0,0,1,0,1,0,1,w,w
5077,NO,1,1,0.935387,0,0.502016,0,0,0,0.912748,0,0.594425,0.677084,0,0,0.812247,0,0,0,1,0,1,0,0,w,w
5078,NO,1,1,0.890908,0,0,0,0,0,0.730093,0,0.812924,0.622274,0,0,0.720123,0,0,0,1,0,1,0,0,w,w
5079,NO,1,1,0.913562,0,0,0,0,0,0,0,0.616803,0.85206,0,0,1.11218,0,0,0,1,1,0,0,0,w,w
5080,NO,1,1,0.945436,0.733108,0,0,0,0,0,0,0.602235,0.859976,0,0,1.1075,0,0,0,1,0,0,0,0,w,w
5081,NO,1,1,0.960504,0,0,0,0,0,0.503553,0,0.833752,0.754368,0,0,0.971711,0,0,0,1,0,0,0,0,w,w
5543,NO,1,1,0.983402,1.3055,0.803879,0,0.605756,0,1.16904,0,0,0,0.768911,0.643501,1.2183,0,0,0,0,0,1,0,1,w,m
5544,NO,1,1,0.983769,0.97107,0.825313,0,0.524717,0,0.650078,0,0,0,1.02719,0.556201,1.10195,0,0,0,0,1,1,0,1,w,m
5545,NO,1,1,0.985844,0.798023,0,0,0.636068,0,0.511284,0,0,0,1.32414,0,0.968973,0,0,0,0,1,0,0,1,w,m
5546,NO,1,1,0.983409,0.662419,0.886,0,0.600334,0,0,0,0,0,1.30283,0,1.02611,0,0,0,0,1,0,0,1,w,m
5547,NO,1,1,0.978923,0.795247,0.88712,0,0.627781,0,1.06954,0,0,0,1.06432,0.60669,0.998978,0,0,0,0,1,1,0,1,w,m
5570,NO,1,1,0.957156,0.717421,0,0.728072,0,0,0,0.817758,0,0.549239,1.23353,0.527095,0,0,0,0,0,1,0,0,0,w,m
5571,NO,1,1,0.96253,0,0,0.644546,0,0,0,0.903817,0,0.946531,0.939556,0.567933,0,0,0,0,1,0,1,0,0,w,m
5572,NO,1,1,0.965044,0,0,0.841524,0,0,0,0.882532,0.687938,0.967005,0.595976,0,0,0,0,0,1,0,0,0,0,w,m
5573,NO,1,1,0.965086,0,0,0.868465,0,0.513774,0.568175,0.966762,0.701884,1.02244,0,0,0,0,0,0,1,0,1,0,0,w,m
6376,NO,1,1,0.951074,1.15288,1.26977,0,0,0,1.74599,0,0,1.1306,0,0.725304,0,0.518453,0,0,0,1,1,0,0,w,m
6377,NO,1,1,0.947449,1.32476,1.61876,0,0,0.618148,2.20954,0.657388,0,1.09397,0,0.686332,0,3.18994,0,0,0,0,1,0,0,w,m
6378,NO,1,1,0.947401,1.17833,1.73054,0,0,0.637362,2.01279,0.67306,0,1.2664,0,0.78355,0,3.60594,0,0,0,1,1,0,0,w,m
6379,NO,1,1,0.907127,1.01683,1.52788,0,0,0.645277,1.4036,0.73563,0,1.11144,0,0.865415,0,2.79344,0,0,0,1,1,0,0,w,m
6380,NO,1,1,0.912657,0.958563,1.1325,0,0,0.623091,1.16909,0.756549,0,1.13709,0,0.980502,0,3.08618,0,0,0,1,1,0,0,w,m
6381,NO,1,1,0.91291,1.22119,1.37945,0,0,0.628808,1.6089,0.738597,0,1.05278,0,1.01689,0,3.0065,0,0,0,1,1,0,0,w,m
6382,NO,1,1,0.947095,1.31482,1.66933,0,0,0.551213,2.06332,0.650576,0,1.17865,0,0.775003,0,3.30723,0,0,0,1,1,0,0,w,m
6383,NO,1,1,0.891231,1.27484,1.83275,0,0,0.519503,1.70675,0.600653,0,1.17482,0,0.924637,0,2.85201,0,0,0,0,1,0,0,w,m
6384,NO,1,1,0.921647,1.24594,1.83177,0,0,0,2.14866,0,0,0.900778,0,0.935491,0,0.789114,0,0,0,0,0,0,0,w,m
6385,NO,1,1,0.925708,0.529486,0.841428,0,0,0,0.924522,0,0,0.616873,0,0.940217,0,0,0,0,0,1,0,0,0,w,m
6386,NO,1,1,0.979695,0,0.58491,0,0,0,1.36727,0,0,1.29775,0,0.574951,0,0,0,0,0,0,1,0,0,w,m
6387,NO,1,1,0.986889,0,0.623501,0.618682,0,0,1.45166,0.583407,0,1.57539,0,0.735438,0,0,0,0,1,0,1,0,0,w,m
6388,NO,1,1,0.988237,0,0,0.763147,0,0,1.43714,0.523134,0,1.49757,0,0.610877,0.547664,0,0,0,1,0,1,0,0,w,m
6389,NO,1,1,0.986684,0,0,0.948006,0,0,1.73316,0.548065,0,1.42122,0,0.531387,0,0,0,0,0,0,1,0,0,w,m
6449,NO,1,1,0.962657,0,0,0,1.03167,0,1.30457,0,0,1.05366,0,0,0.708856,0,0,0,0,0,0,0,0,w,m
6450,NO,1,1,0.962272,0,0,0,1.15523,0,1.32876,0,0,1.24091,0,0,0.573943,0,0,0,0,0,0,0,0,w,m
5003,NO,1,1,0.97333,0,0,0.574803,0,0.694762,0,0.514277,0.929618,1.18065,0,0,0,0,0,0,1,0,0,0,0,m,w
5004,NO,1,1,0.977983,0,0,0.618792,0,0.746622,0,0.55397,1.05542,1.24728,0,0,0,0.698521,0,0,1,0,0,0,0,m,w
5005,NO,1,1,0.976918,0,0,0,0,0.805017,0,0.695411,1.16794,1.29354,0,0,0.516052,0.917609,0,0,1,0,0,0,0,m,w
5006,NO,1,1,0.980037,0,0,0.607695,0,0.769595,0,0.596455,1.17049,1.10956,0,0,0,0.838497,0,0,1,0,0,0,0,m,w
5007,NO,1,1,0.980074,0,0,0.596728,0,0.745332,0,0.582786,0.892209,1.20716,0,0,0,0.645157,0,0,1,0,0,0,0,m,w
5008,NO,1,1,0.982669,0,0,0.537962,0,0.759971,0,0.612095,0.95344,1.44804,0,0,0,0,0,0,1,0,0,0,0,m,w
5009,NO,1,1,0.981625,0,0,0.547403,0,0.680042,0,0.532076,0.924081,1.38525,0,0,0.655769,0,0,0,1,0,0,0,0,m,w
5010,NO,1,1,0.977975,0,0,0.641143,0,0.669796,0.746706,0.565344,0.75687,1.48255,0,0,0.602351,0,0,0,1,0,0,0,0,m,w
5011,NO,1,1,0.976938,0,0,0.770482,0,0.590251,0.638267,0.538701,0.728436,1.52755,0,0,0.524436,0,0,0,1,0,0,0,0,m,w
5012,NO,1,1,0.975668,0,0,0.983324,0,0.623461,0.866885,0.541108,0.714507,1.5732,0,0.541955,0.552077,0,0,0,1,0,0,0,0,m,w
5013,NO,1,1,0.976153,0,0,0.697074,0,0.566823,0.506728,0.524611,0.634423,1.70943,0,0.60403,0.789639,0,0,0,1,0,0,0,0,m,w
5014,NO,1,1,0.977298,0,0,1.00739,0,0,0.585731,0,0.572751,1.57363,0,0.628746,0.760124,0,0,0,1,0,0,0,0,m,w
5015,NO,1,1,0.977367,0,0,0.709634,0,0,0,0,0.599615,1.52346,0,0.546803,0.537282,0,0,0,1,0,0,0,0,m,w
5016,NO,1,1,0.978358,0,0,0.922543,0,0.504064,0.534739,0,0.542302,1.39508,0,0.63686,0.553037,0,0,0,1,0,0,0,0,m,w
5017,NO,1,1,0.978976,0,0,0.570698,0,0,0,0,0,1.26059,0,0.597613,0.517955,0,0,0,1,0,0,0,0,m,w
5018,NO,1,1,0.979375,0,0,0.651087,0,0.507683,0,0,0,1.32096,0,0.521488,0,0,0,0,1,0,0,0,0,m,w
5019,NO,1,1,0.980808,0,0,0,0,0.561485,0.63137,0,0.515083,1.32607,0,0.586808,0.727276,0,0,0,1,0,0,0,0,m,w
5020,NO,1,1,0.981461,0,0,0.865078,0,0.559438,0.995101,0,0,1.35312,0,0.554926,0.661646,0,0,0,1,0,0,0,0,m,w
5021,NO,1,1,0.983464,0,0,0.752735,0,0.603573,0.775654,0,0.635572,1.40326,0,0.621085,0.657471,0,0,0,1,0,0,0,0,m,w
5022,NO,1,1,0.984792,0,0,0.646847,0,0.603616,0.81552,0,0.628679,1.40177,0,0.71073,0,0,0,0,1,0,0,0,0,m,w
5023,NO,1,1,0.98282,0,0,0.769129,0,0.597509,0.547247,0,0.607164,1.45804,0,0.835603,0.666583,0,0,0,1,0,0,0,0,m,w
5024,NO,1,1,0.983564,0,0,0.795009,0,0.529666,0,0,0.577322,1.63096,0,0.737367,0.606093,0,0,0,1,0,0,0,0,m,w
5025,NO,1,1,0.985482,0,0,0.745241,0,0,0.625795,0,0.515943,1.52375,0,0.705729,0.745678,0,0,0,1,0,0,0,0,m,w
5026,NO,1,1,0.984101,0,0,0.948347,0,0,0.609471,0,0.528687,1.62476,0,0.746327,0.728185,0,0,0,1,0,0,0,0,m,w
5027,NO,1,1,0.983023,0,0,0.785197,0,0,0.527569,0,0.548288,1.52931,0,0.649683,0.72878,0,0,0,1,0,0,0,0,m,w
5028,NO,1,1,0.984417,0,0,0.849365,0,0,0.518792,0,0.611943,1.6303,0,0.522085,0.637783,0,0,0,1,0,0,0,0,m,w
5029,NO,1,1,0.985917,0,0,0.678128,0,0,0.717519,0,0.539355,1.60525,0,0.533991,0.647537,0,0,0,1,0,0,0,0,m,w
5030,NO,1,1,0.984409,0,0,0.843195,0,0,0.657876,0,0,1.43479,0,0,0.67101,0,0,0,1,0,0,0,0,m,w
5031,NO,1,1,0.983767,0,0,0.903078,0,0,0.620456,0,0,1.34584,0,0.518344,0.665172,0,0,0,1,0,0,0,0,m,w
5032,NO,1,1,0.986521,0,0,0.830136,0,0,0.500992,0,0,1.42895,0,0.546029,0.705922,0,0,0,1,0,0,0,0,m,w
5033,NO,1,1,0.985947,0,0,0.855884,0,0,0.528399,0,0,1.29858,0,0.502687,0.563726,0,0,0,1,0,0,0,0,m,w
5034,NO,1,1,0.985808,0,0,0.742719,0,0,0.646869,0,0,1.18867,0,0,0.532902,0,0,0,1,0,0,0,0,m,w
5035,NO,1,1,0.986628,0,0,0.659509,0,0,0.817212,0,0,1.12335,0,0,0.528197,0,0,0,1,0,0,0,0,m,w
5036,NO,1,1,0.984609,0,0,0.718475,0,0,0.992208,0,0,1.1174,0,0,0.557562,0,0,0,1,0,0,0,0,m,w
5037,NO,1,1,0.983292,0,0,0.599141,0,0,1.03861,0,0,1.18268,0,0,0.510857,0,0,0,1,0,0,0,0,m,w
5038,NO,1,1,0.983608,0,0,0.586413,0,0,0.978376,0,0,1.11831,0,0,0.588702,0,0,0,1,0,0,0,0,m,w
5039,NO,1,1,0.98534,0,0,0.866006,0,0,0.92425,0,0,1.18145,0,0,0,0,0,0,1,0,0,0,0,m,w
5040,NO,1,1,0.984631,0,0,0,0,0,0.536829,0,0,0.962538,0,0,0,0,0,0,1,0,0,0,0,m,w
5041,NO,1,1,0.983588,0,0,0.6844,0,0,0.545692,0,0,0.752375,0,0,0,0.615037,0,0,0,0,0,0,0,m,w
5042,NO,1,1,0.981966,0,0,0.752394,0,0,0.728908,0,0,0.655732,0,0,0.552224,0.658957,0,0,0,0,0,0,0,m,w
5043,NO,1,1,0.981389,0,0,0.599903,0,0,0.690097,0,0,0.608406,0,0,0,0.565823,0,0,0,0,0,0,0,m,w
6372,NO,1,1,0.983258,0,0,0,0,0.839538,0,0.780649,0.861037,1.55792,0,0,0,0,0,0,1,0,0,0,0,m,w
6373,NO,1,1,0.983162,0,0,0,0,0.822094,0,0.770354,0.964288,1.44856,0,0,0,0,0,0,1,0,0,0,0,m,w
6374,NO,1,1,0.983015,0,0,0,0,0.835277,0,0.771113,0.948582,1.38189,0,0,0,0,0,0,1,0,0,0,0,m,w
6375,NO,1,1,0.982655,0,0,0,0,0.8547,0.629174,0.83525,0.917097,1.41023,0,0,0,0,0,0,1,0,0,0,0,m,w
6376,NO,1,1,0.982864,0,0,0,0,0.828259,0,0.829183,0.941594,1.47279,0,0,0,0,0,0,1,0,0,0,0,m,w
6377,NO,1,1,0.982984,0,0,0,0,0.833805,0,0.831218,0.95915,1.35718,0,0,0,0,0,0,1,0,0,0,0,m,w
6378,NO,1,1,0.983937,0,0,0,0,0.814225,0,0.809259,1.01121,1.40218,0,0,0,0,0,0,1,0,0,0,0,m,w
6379,NO,1,1,0.984709,0,0,0,0,0.802908,0,0.805523,0.963467,1.34875,0,0,0,0,0,0,1,0,0,0,0,m,w
6380,NO,1,1,0.985659,0,0,0,0,0.797913,0,0.797767,0.902575,1.45174,0,0,0,0,0,0,1,0,0,0,0,m,w
6381,NO,1,1,0.985619,0,0,0,0,0.809453,0,0.785969,0.875577,1.47662,0,0,0,0,0,0,1,0,0,0,0,m,w
6382,NO,1,1,0.986602,0,0,0,0,0.776326,0,0.758676,0.97188,1.41237,0,0,0,0,0,0,1,0,0,0,0,m,w
6383,NO,1,1,0.986187,0,0,0,0,0.788734,0,0.782838,1.00783,1.39493,0,0,0,0,0,0,1,0,0,0,0,m,w
6384,NO,1,1,0.986723,0,0,0,0,0.761958,0,0.769122,0.950052,1.45758,0,0,0,0,0,0,1,0,0,0,0,m,w
6385,NO,1,1,0.986401,0,0,0,0,0.767414,0,0.776605,0.999486,1.41166,0,0,0,0,0,0,1,0,0,0,0,m,w
6386,NO,1,1,0.986633,0,0,0,0,0.728545,0,0.723365,0.933381,1.32136,0,0,0,0,0,0,1,0,0,0,0,m,w
6387,NO,1,1,0.987425,0,0,0,0,0.716698,0,0.714684,1.06684,1.52879,0,0,0,0,0,0,1,0,0,0,0,m,w
6388,NO,1,1,0.987068,0,0,0,0,0.717291,0,0.753814,1.16688,1.51785,0,0,0,0,0,0,1,0,0,0,0,m,w
6389,NO,1,1,0.986809,0,0,0,0,0.683928,0,0.703832,1.10837,1.48543,0,0,0,0,0,0,1,0,0,0,0,m,w
6390,NO,1,1,0.986593,0,0,0,0,0.685207,0,0.687912,1.1147,1.45107,0,0,0,0,0,0,1,0,0,0,0,m,w
6391,NO,1,1,0.987037,0,0,0,0,0.730864,0,0.718958,1.08459,1.48212,0,0,0,0,0,0,1,0,0,0,0,m,w
6392,NO,1,1,0.986304,0,0,0,0,0.715699,0,0.683233,1.15788,1.50527,0,0,0,0,0,0,1,0,0,0,0,m,w
6393,NO,1,1,0.986459,0,0,0,0,0.688802,0,0.650069,1.12648,1.38671,0,0,0,0,0,0,1,0,0,0,0,m,w
6394,NO,1,1,0.986227,0,0,0,0,0.705136,0,0.709732,1.1303,1.39063,0,0,0,0,0,0,1,0,0,0,0,m,w
6395,NO,1,1,0.986228,0,0,0,0,0.703808,0,0.684051,1.11109,1.3143,0,0,0,0,0,0,1,0,0,0,0,m,w
6396,NO,1,1,0.986437,0,0,0,0,0.708245,0,0.669769,0.995126,1.34903,0,0,0,0,0,0,1,0,0,0,0,m,w
6397,NO,1,1,0.986309,0,0,0,0,0.701184,0.533503,0.685195,0.968001,1.39087,0,0,0,0,0,0,1,0,0,0,0,m,w
6398,NO,1,1,0.986312,0,0,0,0,0.707773,0.574831,0.666911,0.977605,1.43418,0,0,0,0,0,0,1,0,0,0,0,m,w
6399,NO,1,1,0.985667,0,0,0,0,0.738343,0.629699,0.743775,1.05761,1.40067,0,0,0,0,0,0,1,0,0,0,0,m,w
6400,NO,1,1,0.985284,0,0,0,0,0.744222,0,0.730627,1.05012,1.38749,0,0,0,0,0,0,1,0,0,0,0,m,w
10662,NO,1,1,0.952622,0,0,1.49122,0,0,1.29764,0,0.565081,0,0.523698,0,0,0,0,1,1,0,1,0,1,m,m
10663,NO,1,1,0.904608,0,0,1.33109,0,0.578518,0.950158,0.536755,0.580009,0,0,0.619161,0,0.644436,0,1,1,0,1,0,1,m,m
10664,NO,1,1,0.849778,0,0,1.36828,0,0.542204,0,0,0,0,0,0.757476,0,0,0,1,1,0,1,0,1,m,m
10665,NO,1,1,0.846555,0,0,1.38409,0,0,0,0,0,0,0,0.85935,0,0,0,1,1,0,1,0,1,m,m
10666,NO,1,1,0.898913,0,0,0.942051,0.523222,0,1.1412,0,0,0,0,0,0,0,0,1,1,0,1,0,1,m,m
10667,NO,1,1,0.885767,0,0.775492,0,1.11439,0,0.605807,0,0.897283,0,0,0.749729,0,0,0,1,1,0,1,0,1,m,m
10668,NO,1,1,0.901032,0,0.598914,0,1.04583,0,1.40521,0,0,0.698697,0,0.64019,0,0.558005,0,1,1,0,1,0,1,m,m
10669,NO,1,1,0.896239,0,0,0,1.10188,0,0.984115,0,0,0.69969,0,0.520262,0,0,0,1,0,0,1,0,1,m,m
10670,NO,1,1,0.887861,0.643112,0.683651,0.750086,0.699935,0,0.694373,0,0.651467,0.97255,0,0,0,0,0,1,1,0,1,0,1,m,m
10671,NO,1,1,0.854322,1.02732,1.29788,0.96847,0,0,0,0,0.839016,0.979597,0,0,0,0,0,1,1,0,0,0,1,m,m
10672,NO,1,1,0.789185,1.01273,1.4009,1.81481,0,0,0,0,0.800196,0.921731,0,0.61475,0,0.649635,0,1,1,0,1,0,1,m,m
10673,NO,1,1,0.831191,1.04365,1.47376,1.1124,0,0,0,0,0.93049,0.983809,0,0.663919,0,0,0,1,0,0,1,0,1,m,m
10674,NO,1,1,0.958873,1.11331,1.0478,1.08405,0,0,0,0,0.912765,0.909115,0.926716,0.621093,0,0,0,1,0,0,1,0,0,m,m
10675,NO,1,1,0.936882,0,0,0.913122,0,0,0,0,0.866533,0.719915,1.39919,0.592561,0,0,0,1,0,0,1,0,0,m,m
10676,NO,1,1,0.921221,0,0,1.08655,0,0,0,0,0.810515,0.68136,0.877157,0,0,0,0,1,0,0,1,0,0,m,m
10677,NO,1,1,0.954503,0,0,1.15435,0,0.574682,0.556324,0,1.23569,0,0.614064,0,0,0,0,1,1,0,1,0,0,m,m
10678,NO,1,1,0.964412,0,0.549911,1.1212,0.554173,0.649374,1.17919,0,0.897821,0.757669,0.65909,0,0,0,0,1,1,0,1,0,0,m,m
10679,NO,1,1,0.972536,0,0.699559,1.03575,0.808788,0.721806,1.55061,0.645501,0.989075,0.92759,0,0,0,0,0,1,1,0,1,0,0,m,m
10680,NO,1,1,0.977568,0,0.768368,0.828111,0.633833,0.688072,1.61294,0.733188,0.899293,1.29827,0.722114,0,0,0,0,1,1,0,1,0,0,m,m
10681,NO,1,1,0.983178,0,0,1.35623,0.698867,0.714876,1.48487,0.760792,0.890449,1.10261,0,0,0,0,0,1,1,0,1,0,0,m,m
10682,NO,1,1,0.984234,0,0.511158,1.14623,0.576637,0.666206,1.32623,0.596766,1.09722,1.54942,0.507071,0,0,0.595251,0,1,1,0,1,0,0,m,m
10683,NO,1,1,0.989781,0.572819,0.610038,0.81187,0,0.699989,1.1149,0.689898,1.32305,1.39769,0.686322,0,0,0,0,1,1,0,1,0,0,m,m
10684,NO,1,1,0.989078,0,0,1.16031,0,0.630748,0.90871,0.538207,1.38581,1.61336,0.579935,0,0,0,0,1,1,0,1,0,0,m,m
10685,NO,1,1,0.988585,0.721177,0,1.04152,0,0.659705,0.88516,0.627797,1.37017,1.76468,0.59003,0,0,0,0,1,1,0,1,0,0,m,m
10686,NO,1,1,0.989088,0,0,0.975496,0,0.630255,0.601382,0,1.44692,1.83695,0,0,0,0,0,1,1,0,1,0,0,m,m
10687,NO,1,1,0.987672,0,0,0.697217,0,0.630279,0.798725,0.609032,1.43149,1.89516,0,0,0,0,0,1,1,0,1,0,0,m,m
10688,NO,1,1,0.985348,0,0,0.570938,0,0.671335,0.564142,0.642886,1.34797,1.69967,0.55551,0,0,0,0,1,1,0,1,0,0,m,m
10689,NO,1,1,0.982611,0,0,0.727227,0,0.742514,0,0.689988,1.18725,1.5567,0.577701,0,0.719539,0,0,1,1,0,1,0,0,m,m
10690,NO,1,1,0.98223,0,0,0.58204,0,0.683287,0,0.63558,1.2029,1.44609,0,0,0.605564,0,0,1,1,0,1,0,0,m,m
10691,NO,1,1,0.982344,0,0,0,0,0.64629,0,0.651469,1.18062,1.5048,0,0,0.679722,0,0,1,1,0,1,0,0,m,m
10692,NO,1,1,0.983975,0,0,0.730734,0,0.659594,0,0.703372,1.14045,1.52566,0,0,0.571375,0,0,1,1,0,1,0,0,m,m
10693,NO,1,1,0.98555,0,0,0.905563,0,0.602681,0,0.664894,1.12665,1.42255,0.508611,0,0.620877,0,0,1,1,0,1,0,0,m,m
10694,NO,1,1,0.986478,0,0,0.71867,0,0.584099,0,0.536132,1.14044,1.53221,0,0,0.774258,0,0,1,1,0,1,0,0,m,m
10695,NO,1,1,0.986421,0,0,0.731573,0,0.619689,0,0.643589,1.18173,1.56578,0,0,0.734862,0,0,1,1,0,1,0,0,m,m
10696,NO,1,1,0.985617,0,0,0.683251,0,0.577271,0,0.54571,1.12836,1.56515,0,0,0.679326,0,0,1,1,0,1,0,0,m,m
10697,NO,1,1,0.986053,0,0,0.769566,0,0.627257,0,0.60164,1.23032,1.49712,0,0,0.802563,0,0,1,1,0,1,0,0,m,m
10698,NO,1,1,0.985709,0,0,0.856335,0,0.559377,0,0,1.07463,1.35483,0,0,0.863054,0,0,1,1,0,1,0,0,m,m
10699,NO,1,1,0.985314,0,0,0.767377,0,0,0,0,1.03575,1.42037,0,0,0.937786,0,0,1,1,0,1,0,0,m,m
10700,NO,1,1,0.983971,0.616334,0,1.02505,0,0,0,0,0.914166,0.890273,0.589628,0,0,0,0,1,0,0,1,0,0,m,m
10701,NO,1,1,0.97973,0.716391,1.22275,0.717211,0,0,0.711783,0,0,0,0.517224,0,0,0.93735,0,1,0,0,1,0,1,m,m
10702,NO,1,1,0.962614,0.951348,1.21923,0.734428,0,0,1.34061,0.50181,0,0,0,0,0,2.25432,0,1,0,0,1,0,1,m,m
10703,NO,1,1,0.958434,1.13568,1.55424,0.696466,0,0,1.2143,0.737565,0,0,0,0,0,2.95251,0,1,0,0,1,0,1,m,m
10704,NO,1,1,0.951518,1.0145,1.54149,0.706728,0,0,1.45219,0.664503,0,0,0,0.51024,0,3.42032,0.536864,1,0,0,1,0,1,m,m
10705,NO,1,1,0.95383,1.24296,1.663,0,0,0,1.62691,0.548295,0,0,0,0,0,3.15515,0,1,0,0,1,0,1,m,m
10706,NO,1,1,0.953604,1.44431,1.73335,0,0,0,1.9265,0,0,0,0,0,0,2.07203,0,1,0,0,1,0,1,m,m
10707,NO,1,1,0.948366,1.3426,2.03265,0,1.12144,0,2.2915,0,0,0,0,0,0,1.62044,0,0,0,0,1,0,1,m,m
10708,NO,1,1,0.963523,1.4159,1.77416,0.619703,1.03958,0,2.22375,0,0.555777,0.502126,0,0.680662,0,0.777253,0,0,0,0,1,0,1,m,m
10709,NO,1,1,0.96594,1.61024,2.0187,0.547045,0,0.53656,1.6483,0.747444,0.947023,1.12227,0,0.970749,0,0,0,0,0,0,1,0,0,m,m
10710,NO,1,1,0.967392,1.89224,1.63757,1.02633,0.525132,0,1.72022,0.643803,1.20049,1.08829,0,0.815132,0,0,0,0,0,0,0,0,0,m,m
10711,NO,1,1,0.964856,1.80235,1.41038,0.674238,0,0,1.4616,0.617688,1.01366,1.29747,0,1.12306,0.591789,0,0,0,0,0,0,0,0,m,m
10712,NO,1,1,0.959839,1.55665,1.18228,0.67739,0,0,1.11544,0,0.973599,1.24998,0,1.0314,0.661767,0,0,0,0,0,0,0,0,m,m
10713,NO,1,1,0.956282,1.82072,1.16489,0.808636,0,0,1.57483,0.528664,0.804883,1.26252,0,0.962539,1.03155,0,0,0,0,0,0,0,0,m,m
10714,NO,1,1,0.959092,1.80556,1.19666,0.552517,0,0,1.72383,0.533148,0.96585,1.20903,0,0.818253,1.10058,0,0,0,0,0,0,0,0,m,m
10715,NO,1,1,0.961276,1.666,1.22617,0.662502,0,0.500236,1.48451,0.696969,1.24384,1.43205,0,0.83103,0.85598,0,0,0,1,0,0,0,0,m,m
10716,NO,1,1,0.963662,1.74412,1.18653,0.767485,0.500441,0.570859,1.87839,0.81999,1.31206,1.36441,0,0.680058,0.695175,0,0,0,1,0,0,0,0,m,m
10717,NO,1,1,0.963565,1.6488,1.22908,0,0,0,1.46043,0.774094,1.17575,1.1434,0,0.762391,0.563112,0,0,0,0,0,1,0,0,m,m
10718,NO,1,1,0.963456,1.63111,1.30881,0.613235,0,0,1.58157,0.651843,1.04135,1.60766,0,0.731993,0.850017,0,0,0,0,0,1,0,0,m,m
10719,NO,1,1,0.962862,1.67232,1.13856,0.605395,0,0,1.88365,0.660315,0.968468,1.59635,0.527037,0.699097,0.99312,0,0,0,0,0,1,0,0,m,m
10720,NO,1,1,0.959375,1.57644,0.896797,0.887816,0,0,1.98879,0.708052,1.12469,1.48763,0,0.593649,0.977337,0,0,0,0,0,1,0,0,m,m
10721,NO,1,1,0.963301,1.46273,1.28438,0.797891,0,0.532314,2.32254,0.767072,1.18552,1.4602,0,0.597205,1.12708,0,0,0,1,0,1,0,0,m,m
10722,NO,1,1,0.960925,1.65379,1.33908,0.826848,0,0.594651,2.35868,0.87526,1.28707,1.48367,0,0.580056,0.778951,0,0,0,1,0,1,0,0,m,m
10723,NO,1,1,0.963339,1.61093,1.25988,0.851474,0,0.643203,2.05602,0.915178,1.46452,1.24462,0,0.586657,0.921642,0,0,0,1,0,1,0,0,m,m
10724,NO,1,1,0.967905,1.8371,1.52325,0.90076,0.50149,0,2.45603,0.665828,1.24012,1.05571,0,0,0.842854,0,0,0,1,0,1,0,0,m,m
10725,NO,1,1,0.974611,1.83077,1.38794,0.591895,0.571834,0,2.40285,0.504139,0.856145,0,0,0,0.636494,0.788277,0,0,0,0,1,0,0,m,m
10726,NO,1,1,0.974106,1.95249,1.09217,0,0.627233,0,1.70386,0,0.644555,0.559067,0,0,0,0,0,0,0,0,1,0,0,m,m
10732,NO,1,1,0.978788,0,0,0,0,0,0,0,0,0,0.508458,0,0.509517,0,0,1,0,0,1,0,1,m,m
10733,NO,1,1,0.977771,0,0,0,0,0,0,0,0.556647,1.11972,0.753172,0,0.99766,0,0,1,0,0,1,0,1,m,m
10734,NO,1,1,0.974175,0,0,1.0777,0,0,0,0,0.607802,0.724779,0.924113,0,0.959172,0,0,1,0,0,1,0,1,m,m
10735,NO,1,1,0.967134,0,0,0.799531,0,0,0,0,0.696759,0.593317,0.993276,0,0.730602,0,0,1,0,0,1,0,0,m,m
10736,NO,1,1,0.961303,0,0,0.547492,0,0,0,0,0.83447,0,0.670044,0,0,0,0,1,0,0,1,0,0,m,m
10737,NO,1,1,0.945033,0,0,0.797994,0,0.507179,0,0,0.761854,0,0.871013,0,0,0,0,1,1,0,1,0,1,m,m
10738,NO,1,1,0.940255,0,0,0.588598,0.584723,0,0,0,0.801836,0,0.558006,0,0,0,0,1,1,0,1,0,1,m,m
10739,NO,1,1,0.94653,0,0,0.775659,0,0.612057,0.544804,0.552258,1.08657,0,0,0,0,0,0,1,1,0,1,0,0,m,m
10740,NO,1,1,0.954745,0,0,0.845859,0.635272,0.543142,1.04362,0,1.12856,0.515655,0,0,0,0,0,1,1,0,1,0,0,m,m
10741,NO,1,1,0.957962,0,0,1.00305,0.574661,0.617574,0.983211,0.513647,1.28299,0.699067,0,0,0,0,0,1,1,0,1,0,0,m,m
10742,NO,1,1,0.96266,0,0,1.02389,0,0.627845,1.0385,0.546504,1.28024,0.826706,0,0,0,0,0,1,1,0,0,0,0,m,m
10743,NO,1,1,0.967839,0,0.681069,1.242,0.554711,0.651513,1.42552,0.692352,1.29845,1.01516,0,0,0.610097,0,0,1,1,0,1,0,0,m,m
10744,NO,1,1,0.973379,0,0.703651,1.43414,0.500279,0.585351,1.41062,0.584178,1.1727,1.31879,0,0,0.804439,0,0,1,1,0,0,0,0,m,m
10745,NO,1,1,0.971327,0,0.664618,1.30526,0.521917,0.54294,1.62627,0.606937,1.18582,1.39195,0,0,0.639066,0,0,1,0,0,0,0,0,m,m
10746,NO,1,1,0.97557,0,0.851905,1.25361,0,0,1.74359,0,1.2548,1.40214,0,0,0,0,0,1,1,0,1,0,0,m,m
10747,NO,1,1,0.977054,0,0.606646,1.35418,0.645614,0,1.4333,0.502605,1.1088,1.34498,0,0.635092,0.878247,0,0,1,0,0,0,0,0,m,m
10748,NO,1,1,0.980863,0,0.574507,1.40848,0,0,1.52436,0,1.20804,1.32223,0,0.66191,0,0,0,1,0,0,0,0,0,m,m
10749,NO,1,1,0.980055,0,0,1.48434,0,0,1.26337,0,1.26337,1.36688,0,0.705554,0.7427,0,0,1,1,0,0,0,0,m,m
10750,NO,1,1,0.980608,0,0,1.33807,0,0,1.45054,0,1.24018,1.68458,0,0.741801,0.663788,0,0,1,1,0,0,0,0,m,m
10751,NO,1,1,0.980106,0,0,1.40124,0,0,1.29714,0.543423,1.36597,1.54023,0,0.912543,0,0,0,1,1,0,0,0,0,m,m
10752,NO,1,1,0.981724,0.572572,0.669397,1.26234,0,0,1.20325,0.506804,1.42207,1.67764,0,0.900046,0.54708,0,0,1,0,0,0,0,0,m,m
10753,NO,1,1,0.982112,0.550452,0.769265,1.23181,0,0,1.39804,0,1.26605,1.45874,0,0.783888,0.579836,0,0,1,0,0,0,0,0,m,m
10754,NO,1,1,0.983897,0.713006,0.959524,1.25192,0,0,1.22674,0,1.06145,1.60695,0.505846,0.767297,0.899405,0,0,1,0,0,0,0,0,m,m
10755,NO,1,1,0.984983,0.678382,0.709018,0.965799,0,0,1.06626,0,1.19553,1.68493,0,0.89167,0.656751,0,0,0,1,0,1,0,0,m,m
10756,NO,1,1,0.984965,0.577994,0.503125,0.725002,0,0,0.84335,0,1.07479,1.68952,0.536084,0.72643,0.791862,0,0,1,0,0,0,0,0,m,m
10757,NO,1,1,0.982959,0.533068,0,0.741911,0,0,0.817088,0,1.26995,1.54575,0,0.721311,0,0,0,1,1,0,0,0,0,m,m
10758,NO,1,1,0.984959,0,0,0.782774,0,0,0.782001,0,1.30339,1.55443,0,0.590856,0,0,0,1,1,0,1,0,0,m,m
10759,NO,1,1,0.98304,0,0,0.636718,0,0,0.735178,0,1.12812,1.54235,0,0.710126,0.730174,0,0,0,1,0,1,0,0,m,m
10760,NO,1,1,0.982066,0,0,0.62969,0,0,0.76784,0,1.27356,1.45506,0,0.620745,0,0,0,0,1,0,1,0,0,m,m
10761,NO,1,1,0.982434,0,0,0,0,0,0.693763,0.553413,1.41393,1.56817,0,0.584644,0,0,0,0,1,0,1,0,0,m,m
10762,NO,1,1,0.98343,0,0,0.74421,0,0,0.806966,0,1.49691,1.53518,0,0,0.740028,0,0,0,1,0,1,0,0,m,m
10763,NO,1,1,0.980957,0,0,0.667463,0,0,0,0.638934,1.4469,1.38631,0,0.506701,0.562098,0,0,0,1,0,1,0,0,m,m
10764,NO,1,1,0.978722,0,0,1.00881,0,0,0,0,0.902639,1.22308,0,0,0.59174,0,0,1,0,0,1,0,0,m,m
10765,NO,1,1,0.982484,0,0,0,0,0,0,0,0,0.838743,0,0,0.851174,0,0,1,0,0,1,0,0,m,m
10766,NO,1,1,0.983906,0,0,0.89682,0,0,0.517533,0,0,0.949112,0,0,0.801259,0,0,1,0,0,1,0,1,m,m
10767,NO,1,1,0.984557,0,0,0.922933,0,0,0.54137,0,0,0.904957,0,0.554777,0.98872,0,0,1,0,1,1,0,1,m,m
10768,NO,1,1,0.983899,0,0,0.98553,0,0,0.543697,0,0,0.775795,0,0,0.922657,0.542531,0,1,0,1,1,0,1,m,m
10769,NO,1,1,0.982106,0,0,0.723134,0,0,0,0,0,0,0.560213,0,1.28088,0,0,1,0,1,1,0,1,m,m
10770,NO,1,1,0.982022,0,0,1.17699,0,0,0.663701,0,0,0.555845,0.606234,0,0.758537,0.796534,0,1,0,1,1,0,1,m,m
10771,NO,1,1,0.981406,0,0,1.2253,0,0,0.757621,0,0,0.592733,0.585827,0,1.12909,0.756899,0,1,0,1,1,0,1,m,m
10772,NO,1,1,0.976866,0,0.724513,0.791314,0,0,1.15647,0,0,0,0,0,1.6861,0.737381,0.501506,1,0,1,1,0,1,m,m
10773,NO,1,1,0.952052,0,0.754632,1.23792,0,0,1.87047,0.501382,0,0,0,0,1.45968,1.49766,0,1,0,1,1,0,1,m,m
10774,NO,1,1,0.973899,0.817431,0,1.54167,0,0,1.67957,0,0,0,0,0,1.11911,1.10196,0,1,0,0,1,0,0,m,m
10775,NO,1,1,0.976834,0,0,1.59779,0,0.522234,1.88262,0.589855,0,0.608721,0,0,0.631986,2.59631,0,1,0,0,1,0,1,m,m
10776,NO,1,1,0.979275,0,0,1.67693,0,0.521108,1.4588,0.6571,0,0.88693,0,0,0.77232,2.00556,0,1,0,0,1,0,1,m,m
10777,NO,1,1,0.976541,1.54367,0,1.6698,0,0,3.04208,0,0,0,0,0,0,0,0.549951,1,0,1,1,0,1,m,m
10778,NO,1,1,0.934015,1.69909,0,0.910946,0,0,1.86799,0,0.551671,0,0,0.609063,0.910184,2.56074,0.728434,0,0,1,0,0,1,m,m
10779,NO,1,1,0.905734,0,0,1.46894,0,0,2.00434,0,0,0,0,0,1.70007,1.83291,0.814889,1,0,0,0,0,1,m,m
10780,NO,1,1,0.936846,0,0,1.27326,0.616472,0,1.78362,0,0,0,1.4353,0,0,2.6206,0.84024,1,0,1,0,0,1,m,m
10781,NO,1,1,0.929294,0,0,1.22221,0,0,1.13965,0,0,0,0.786091,0,1.01871,0.802806,0.538168,1,0,1,1,0,1,m,m
14479,NO,1,1,0.951537,0,0,0,0,0,0,0,0,0,0,0,0,0,0,1,0,1,0,0,1,w,w
14481,NO,1,1,0.901723,0,0,0.91853,0,0,0,0,0,0,0.629449,0,0,1.69098,0,0,0,1,1,0,0,w,w
14482,NO,1,1,0.876563,0,0,1.20222,0,0,0,0,0,0,0.898346,0,0,1.1013,0,1,0,1,0,0,1,w,w
14483,NO,1,1,0.792955,0,0,1.42737,0,0,0,0,0,0.531357,0.756083,0,0,1.71699,0,1,0,1,0,0,1,w,w
14492,NO,1,1,0.813428,0.539161,1.00987,1.02877,0.821536,0,0,0,0,0,0,0,0,0,0,0,0,1,0,0,0,w,w
14494,NO,1,1,0.950949,0,0,0.821668,0.743266,0,0.879383,0,0,1.03721,0.794511,0,0.645917,0,0,0,0,1,0,0,0,w,w
14495,NO,1,1,0.923242,0,0,1.03247,0.572157,0,0.89711,0,0,1.17598,0.633424,0,0.85828,0,0,0,0,1,1,0,1,w,w
14496,NO,1,1,0.933457,0,0,1.05036,0,0,0,0,0,1.07839,0.64717,0,0.609107,0,0,0,0,1,1,0,1,w,w
14497,NO,1,1,0.951652,0,0,1.09683,0,0,0.790915,0,0,1.21701,0.809055,0,0,0.919551,0,0,1,1,1,0,0,w,w
14498,NO,1,1,0.955359,0,0,1.40345,0,0,0.748758,0,0,1.63573,0.875709,0,0,0.64879,0,1,0,1,1,0,0,w,w
14499,NO,1,1,0.950685,0,0,1.24741,0,0,0.510966,0.51812,0,1.68758,1.236,0,0,0.688835,0,0,0,1,1,0,0,w,w
14500,NO,1,1,0.935703,0,0.59293,1.64379,0,0,0.597285,0,0,1.70083,1.23199,0,0,1.57004,0,1,0,1,1,0,0,w,w
14501,NO,1,1,0.93981,0,0,1.90559,0,0,0.634054,0,0,1.61552,0.94499,0,0,1.94867,0,1,0,1,1,0,0,w,w
14502,NO,1,1,0.946655,0,0,2.39677,0,0,1.45321,0,0,1.62867,0.799144,0,0,1.33115,0,1,0,1,1,0,0,w,w
14503,NO,1,1,0.949958,0,0,2.42144,0,0,1.4554,0,0,1.29242,0.851684,0.541859,0,0.648403,0,1,0,1,1,0,0,w,w
14504,NO,1,1,0.960868,0,0,2.54007,0,0,1.45843,0,0,1.49833,0.726058,0,0,1.40865,0,1,0,1,1,0,0,w,w
14505,NO,1,1,0.963734,0,0,2.1165,0,0,1.30546,0,0,1.62157,0,0,0,0,0,1,0,1,1,0,0,w,w
14513,NO,1,1,0.937296,0,0.879211,1.86634,0.983193,0,1.2471,0.765466,0,1.3666,0,0,0.807564,0.618185,0,0,1,1,0,0,0,w,w
14514,NO,1,1,0.958733,0,0.685175,1.73339,0.859994,0,1.6459,0.768668,0.653051,1.91706,0,0,0.774097,0,0,0,1,1,0,0,0,w,w
14515,NO,1,1,0.931599,0,0,1.17495,0,0,1.10176,0.73966,0.596082,2.13139,0,0,1.43359,0,0,0,1,1,0,0,1,w,w
14516,NO,1,1,0.959655,0,0.536342,1.03827,0,0,0.684087,0.695854,0,1.69842,0.557821,0,1.44542,0,0,0,1,1,0,0,1,w,w
14517,NO,1,1,0.957377,0,1.04848,1.37937,0.6748,0,0,0.80087,0,1.15153,0,0.943751,0.861144,0,0,1,1,1,0,0,0,w,w
14518,NO,1,1,0.938707,0,1.33001,1.5567,1.04722,0,0.564469,0.565387,0,0.859044,0,0.913839,0.894433,0,0,1,0,1,0,0,0,w,w
14519,NO,1,1,0.909859,0,1.6972,1.31293,1.02906,0,1.11895,0.673988,0,0.746274,0,1.22572,0.541801,0,0,1,0,1,1,0,0,w,w
14520,NO,1,1,0.932912,0,1.88673,1.67442,1.16542,0,0.94306,0.615965,0,0.524626,0,1.18722,0.747287,0,0,1,0,1,1,0,0,w,w
14521,NO,1,1,0.932878,0.512952,1.54586,1.56459,0.960265,0,0,0.677534,0,0.83815,0,1.12754,1.04442,0,0,1,0,1,1,0,0,w,w
14522,NO,1,1,0.938869,0,1.46829,1.48447,0.611774,0,0,0.540349,0,0.652261,0,0.671107,0.909866,0,0,0,0,0,0,0,0,w,w
14523,NO,1,1,0.924459,0,1.09767,1.28496,0,0,0,0.513165,0,0.60241,0,0.807587,1.18084,0,0,1,1,0,0,0,0,w,w
14524,NO,1,1,0.905246,0,0.625693,1.40809,0,0,0,0,0,0.799436,0,0,0.628295,0,0,1,1,0,0,0,0,w,w
14525,NO,1,1,0.92968,0,0,0.824947,0,0,0,0.64267,0,1.42837,0.52901,0.54214,0,0,0,0,1,0,0,0,0,w,w
14526,NO,1,1,0.952789,0,0,0.845586,0,0,0,0.578783,0,1.56319,0.566468,0,0,0,0,0,1,1,0,0,0,w,w
14527,NO,1,1,0.881364,0,0,0,0,0,0,0.60864,0,1.82923,0.698816,0,0.608017,0,0,0,0,1,1,0,0,w,w
14540,NO,1,1,0.917443,1.4992,0,0,1.94302,0,0,0,1.16725,0,1.58689,0.669389,0,0.813497,0,0,1,0,0,0,1,w,w
14541,NO,1,1,0.950803,1.6523,0,0.53535,1.50441,0,0,0,0.997527,0,1.66544,0.89723,0,0,0,0,0,1,0,0,1,w,w
14542,NO,1,1,0.960301,1.54209,0.604832,0,1.45767,0,0,0,1.02621,0,1.27517,0.793021,0.549077,0,0,0,0,1,0,0,1,w,w
14543,NO,1,1,0.978448,1.68004,0.980978,0,1.03489,0,0,0,1.00668,0,0.804604,0.878179,1.0219,0.547116,0,0,0,1,0,0,1,w,w
14544,NO,1,1,0.982396,1.84165,1.01975,0,1.47336,0,0,0,0.971402,0,0.994313,0.631136,0.715572,0.565414,0,0,0,1,0,0,1,w,w
14545,NO,1,1,0.981047,2.03029,1.31078,0,1.30779,0,0,0,0.808551,0,1.0885,0.558428,0.751784,0,0,0,0,1,0,0,1,w,w
14546,NO,1,1,0.97701,2.011,1.74278,0,1.27919,0,0,0,0.827265,0,1.04927,0,0.596993,0.842058,0,0,0,1,0,0,1,w,w
14547,NO,1,1,0.970312,1.99606,1.80722,0,1.25497,0,0.521312,0,0.74237,0,1.14335,0,0.652804,0.639754,0,0,0,1,0,0,1,w,w
14548,NO,1,1,0.965799,1.99803,1.76028,0.615426,0.936978,0,0.672275,0,0.563836,0,1.17368,0,0.577214,0.936308,0,0,0,1,0,0,1,w,w
14549,NO,1,1,0.958719,2.0872,1.807,0.740967,0.835499,0,0.959791,0,0,0,1.29179,0,0.581238,0.707073,0,0,0,1,0,0,1,w,w
14550,NO,1,1,0.971304,1.79772,1.24653,0.678555,0.781952,0,0.866307,0,0,0,1.62213,0.750267,0,0.825365,0,0,0,1,1,0,1,w,w
14551,NO,1,1,0.965687,1.62049,0.974718,0.641828,0,0,0.908664,0,0,0,2.01606,1.13645,0.517735,0.646209,0,0,0,1,1,0,1,w,w
14552,NO,1,1,0.973123,1.225,0.940011,0.600562,0,0,0.996231,0,0,0,1.5697,1.04235,0.712897,1.16238,0,0,0,1,1,0,1,w,w
14553,NO,1,1,0.969802,1.14348,1.01152,0,0,0,1.06267,0,0,0,1.52669,0.814718,0,1.26446,0,0,0,1,0,0,1,w,w
14554,NO,1,1,0.964832,0.76824,0.568459,0.828824,0,0,0.84721,0,0,0,1.58437,0,0,1.33272,0,0,0,1,1,0,1,w,w
14555,NO,1,1,0.950383,0.584897,0.620537,0.597664,0,0,0.640017,0,0,0,1.70396,0,0,2.10618,0,0,0,1,0,0,0,w,w
14556,NO,1,1,0.945806,0.822675,0.921337,0,0,0,0.883737,0,0,0,1.81242,0,0,2.21245,0,0,0,1,0,0,0,w,w
14557,NO,1,1,0.93676,0.928511,1.07198,0.628686,0,0,0,0,0,0,1.92625,0,0,2.128,0,0,0,1,0,0,0,w,w
14558,NO,1,1,0.959125,0.947156,0.878351,0,0,0,0.626141,0,0,0,1.6423,0,0,2.92963,0,0,0,1,1,0,0,w,w
14559,NO,1,1,0.938794,1.05516,0.948674,0,0,0,0,0,0,0,1.58683,0,0.630097,2.23184,0,0,0,1,1,0,0,w,w
14560,NO,1,1,0.91669,0.765827,0,0,0.954661,0,0,0,0,0,1.9761,0,0.648141,0.954045,0,0,0,1,1,0,0,w,w
14561,NO,1,1,0.892694,0.978076,0,0,1.27311,0,0,0,0,0,2.50071,0.685868,0,0,0,0,0,1,1,0,0,w,w
14562,NO,1,1,0.888768,0.931109,0,0,1.33325,0,0,0,0,0,2.56767,1.33039,0.997288,0,0,0,0,1,1,0,0,w,w
14563,NO,1,1,0.875163,1.1228,0,0,1.40165,0,0,0,0,0,2.41644,1.55694,1.16146,0.817012,0,0,0,1,1,0,0,w,w
14564,NO,1,1,0.86187,1.3877,0,0,1.25886,0,0,0,0.713552,0,2.25687,1.44262,0.748759,0,0,0,1,1,1,0,0,w,w
14565,NO,1,1,0.867526,1.34093,0,0,1.26628,0,0,0,0.800509,0,2.08276,1.51661,0.712832,0,0,0,0,1,1,0,0,w,w
14566,NO,1,1,0.839068,1.2445,0,0,1.06502,0,0.559708,0,0.85148,0,1.99828,1.35066,0,0,0,0,0,1,1,0,0,w,w
14567,NO,1,1,0.880507,1.11462,0,0,1.30748,0,0.660761,0,0.957831,0,2.12734,1.35634,0,0,0,0,0,1,1,0,0,w,w
14621,NO,1,1,0.969204,0,0.523507,0,0.815387,0.867845,1.47872,1.28291,1.25996,0.983184,0.668847,0,1.00457,0,0,0,1,1,0,0,0,w,w
14622,NO,1,1,0.972015,0,0.589578,0,0.77221,0.819768,1.57586,1.2948,1.29892,0.926611,0.580856,0,0.935982,1.6089,0,0,1,1,0,0,0,w,w
14623,NO,1,1,0.978598,0,1.02171,0,0.776504,0.875133,1.65443,1.40855,1.26447,0,0,0,0.844916,2.07248,0,0,1,1,1,0,0,w,w
14638,NO,1,1,0.975084,0,0.566826,0,0,0.608048,0.588436,0.851907,0.961968,0.931299,0.679138,0.870189,1.26514,2.65639,0,0,1,1,0,0,0,w,w
14639,NO,1,1,0.974684,0,0.675196,0,0.616402,0.783952,0,0.996689,1.06828,1.18043,0,0.938957,1.02355,1.99927,0,0,1,1,1,0,0,w,w
14640,NO,1,1,0.970241,0,0,0,0,0.94689,0.766693,1.01764,1.0162,1.87965,0.526617,0.992428,0.828559,2.54539,0,0,1,1,1,1,0,w,w
14641,NO,1,1,0.966603,0,0,0,0,0.706355,0,0,0.722726,1.3773,0.744989,1.05284,0,3.56055,0,0,1,1,1,1,0,w,w
14642,NO,1,1,0.953056,0.708135,0,0,0,0.665107,0,0,0,0.924727,0.89906,1.07442,0,3.70941,0,0,1,1,1,0,0,w,w
14643,NO,1,1,0.974182,0.679568,0,0,0,0.762401,0.689311,0,0.787132,1.24236,0.503355,1.18646,0,3.41272,0,0,1,0,1,1,0,w,w
14644,NO,1,1,0.981063,0,0,0,0,0.92795,0,0.74074,1.03983,1.56255,0.694283,1.29664,0.957176,5,0,0,1,1,1,1,0,w,w
14645,NO,1,1,0.982207,0,0,0,0,1.00563,0.899117,0.796572,0.714049,1.87932,0,1.48579,0.665804,5,0,1,1,1,1,1,0,w,w
14646,NO,1,1,0.974176,0,0.606556,0,0,0.808409,1.1445,0.672752,0,1.59851,0,1.03849,0,5,0,1,1,0,0,1,0,w,w
14647,NO,1,1,0.958485,0.546573,0.964838,0,0.673527,0.648241,1.32809,0.737125,0,1.18855,0,0.976094,0,3.1545,0,1,1,0,0,0,0,w,w
14648,NO,1,1,0.947916,0,0,0,0.658546,0,1.28001,0,0,0.615269,0,0.831079,0.541678,1.67109,0,1,1,0,0,0,0,w,w
14649,NO,1,1,0.945404,0,0.586146,0,0.572592,0,1.09912,0,0,0.526598,0,1.05892,0.631048,0.992753,0,1,0,1,1,0,0,w,w
14650,NO,1,1,0.944807,0,0.672859,0,0,0,0.743664,0,0,0,0,0.709917,0.945119,0.877436,0,1,0,1,1,0,0,w,w
14661,NO,1,1,0.957633,0,0,0,0.875967,0,0,0,0,0,1.14253,0.960908,1.27527,0.651379,0,0,0,1,1,0,0,w,w
