time_stamp,word,frame,success,confidence,AU01_r,AU02_r,AU04_r,AU05_r,AU06_r,AU09_r,AU10_r,AU12_r,AU14_r,AU15_r,AU17_r,AU20_r,AU25_r,AU26_r,AU04_c,AU12_c,AU15_c,AU23_c,AU28_c,AU45_c,speaker_gender,listener_gender
42,G:HEY,1,1,0.816704,0,0,1.27958,0.652821,0.594199,0,0.514726,0.78656,0.900023,0.80448,0,0,0,0.618981,1,1,1,0,0,1,m,w
43,G:HEY,1,1,0.794928,0,0,1.29792,0.815955,0.587877,0,0.555168,0,0.563265,0.664478,0.514636,0,0,0.666944,1,1,1,0,0,1,m,w
44,G:HEY,1,1,0.799225,0,0.551527,1.3492,0.813043,0.518452,0,0,0.814952,0.596163,0,0,0,0,0.68898,1,1,0,0,0,1,m,w
84,G:HEY,1,1,0.970845,0,0,0,0,0.55175,0.83164,0.602349,1.60722,0.656563,0,0,0,0,0,0,1,0,0,0,0,m,w
85,G:HEY,1,1,0.968477,0,0.534558,0,0,0,0.619884,0.620652,1.55877,0.648163,0,0,0,0,0,0,1,0,0,0,0,m,w
86,G:HEY,1,1,0.972153,0,0,0,0.735073,0,0.587403,0,1.42315,0.556287,0,0,0,0,0.511335,0,1,0,0,0,0,m,w
87,G:HEY,1,1,0.976496,0,0,0,0.651477,0,0.552959,0.676565,1.44509,0.517229,0,0,0,0,0,0,1,0,0,0,0,m,w
88,G:HEY,1,1,0.980491,0,0,0,0.945114,0,0.614254,0.58226,1.34267,0.807276,0,0,0,0,0,0,1,0,0,0,0,m,w
89,G:HEY,1,1,0.977713,0,0,0,0.820808,0,0,0.62065,1.32709,0.661251,0,0,0,0,0,0,1,0,0,0,0,m,w
90,G:HEY,1,1,0.976096,0,0,0,0.85051,0,1.09378,0.595394,1.27377,0.757066,0,0,0,0,0,0,1,0,0,0,0,m,w
91,G:HEY,1,1,0.97702,0,0,0,0.918224,0,1.12282,0,1.29312,0.675117,0,0,0,0,0,0,1,0,0,0,0,m,w
92,G:HEY,1,1,0.974725,0,0,0,0.818718,0,0.956055,0,1.3564,0.735541,0,0,0,0,0,0,1,0,0,0,0,m,w
93,G:HEY,1,1,0.974866,0,0,0,0.648977,0,0.959916,0,1.23021,0,0,0,0,0,0,0,1,0,0,0,0,m,w
94,G:HEY,1,1,0.947662,0,0,0,0,0,0.707482,0,1.2925,0,0,0,0,0,0,0,1,0,0,0,0,m,w
95,G:HEY,1,1,0.952124,0,0,0,0,0,0.561702,0,1.3358,0,0,0,0,0,0,0,1,0,0,0,0,m,w
96,G:HEY,1,1,0.968521,0,0,0,0,0.550138,0.768496,0,1.29415,0,0,0,0,0,0,0,1,0,0,0,0,m,w
97,G:HEY,1,1,0.970936,0,0,0,0,0.649971,1.31656,0,1.4152,0.556164,0,0,0,0,0,1,1,0,0,0,0,m,w
98,G:HEY,1,1,0.975719,0,0,0,0,0.664818,1.00734,0,1.39069,0.530197,0,0,0,0.577435,0,0,1,0,0,0,0,m,w
99,G:HEY,1,1,0.976119,0,0,0,0,0.734564,1.06619,0.58288,1.64504,0,0,0,0,0.767742,0,0,1,0,0,0,0,m,w
100,G:HEY,1,1,0.977855,0,0,0,0.515359,0.692833,1.02694,0.534888,1.57899,0,0,0,0,0.650254,0,0,1,0,0,0,0,m,w
101,G:HEY,1,1,0.978521,0,0,0,0,0.719608,0.892025,0.565354,1.6158,0.525746,0,0,0,1.23603,0,0,1,0,0,0,0,m,w
102,G:HEY,1,1,0.979233,0,0,0,0,0.761419,0.902537,0.598456,1.64715,0,0,0,0,1.08378,0,0,1,0,0,0,0,m,w
103,G:HEY,1,1,0.979534,0,0,0,0,0.752053,1.05424,0.605719,1.55855,0.628102,0,0,0,1.63198,0,0,1,0,0,0,0,m,w
104,G:HEY,1,1,0.980536,0,0,0,0,0.684908,0.798875,0,1.48414,0,0,0,0,1.81446,0,0,1,0,0,0,0,m,w
210,G:HEY,1,1,0.953563,0,0,0,0,0,0.565826,0,0,0.759775,1.08303,1.24579,0,0,0,1,0,1,1,0,0,m,w
211,G:HEY,1,1,0.964961,0,0,0,0,0,1.18167,0,0,0.569948,1.17383,0.96636,0,0,0,1,0,1,1,0,1,m,w
212,G:HEY,1,1,0.948573,0,0,0,0,0,0,0,0,0.742801,1.30061,0.801852,0,0,0.646668,1,1,1,1,0,1,m,w
213,G:HEY,1,1,0.942962,0,0,0,0,0,0,0,0,1.10192,1.32556,0.970395,0,0,0.648731,1,1,1,1,0,1,m,w
214,G:HEY,1,1,0.941132,0,0,0,0,0,0,0,0,1.10225,1.24092,0.824749,0,0,0.666999,1,1,1,1,0,1,m,w
215,G:HEY,1,1,0.944619,0.577203,0,0,0,0,0,0,0,1.215,1.03336,0.806558,0,0,0.667945,1,1,1,1,0,1,m,w
216,G:HEY,1,1,0.946087,0,0,0,0,0,0,0,0,1.23605,1.09327,0.822414,0,0,0.629828,1,1,1,1,0,1,m,w
217,G:HEY,1,1,0.941931,0,0,0,0,0,0,0,0.512786,0.951855,1.10207,0.812855,0,0,0.686006,1,1,1,1,0,1,m,w
218,G:HEY,1,1,0.948567,0,0,0,0,0,0,0.581968,0.55561,1.19028,1.41745,0.906594,0,0,0.677268,1,1,1,1,0,1,m,w
219,G:HEY,1,1,0.949572,0,0,0,0,0,0.557249,0.527245,0.506743,1.10316,1.11892,0.869386,0,0,0.722189,1,1,1,1,0,1,m,w
220,G:HEY,1,1,0.948284,0,0,0,0,0,0,0,0,0.953258,1.01008,0.777694,0,0.825872,0.75454,1,1,1,1,0,1,m,w
221,G:HEY,1,1,0.951064,0.923788,0,0,0,0,0,0,0,0,0.965255,0.850261,0,0,0.805157,1,1,1,1,0,1,m,w
222,G:HEY,1,1,0.965773,1.05575,0,0,0,0,0,0,0,0.626968,0.589043,0.925049,0,0.956209,0.962997,1,0,0,1,0,1,m,w
223,G:HEY,1,1,0.966751,0.844683,0,0,0,0,0,0,0,1.24766,0,0.622523,0,0,0.605786,0,1,0,1,0,0,m,w
224,G:HEY,1,1,0.971394,0.657348,0.50522,0,0,0,0.78092,0,0,1.11619,0,0.564222,0,0,0,0,1,0,1,0,0,m,w
225,G:HEY,1,1,0.971679,0.502979,0,0,0,0,0,0,0,1.12914,0,0.676327,0.543814,0,0,0,1,0,1,0,0,m,w
226,G:HEY,1,1,0.984378,0.595722,0,0,0,0,1.08944,0,0,0,0,0,0,0,0,0,1,0,1,0,1,m,w
227,G:HEY,1,1,0.969436,0.624836,0,0,0,0,0.722352,0,0,0,0,0,0,0,0,0,1,1,1,0,1,m,w
228,G:HEY,1,1,0.970976,0,0,0,0,0,0.769735,0,0.573565,0.85857,0,0.511244,0,0,0,0,1,1,1,0,1,m,w
1488,G:HEY,1,1,0.919796,0,0,1.03436,0,0.501476,0.755687,0.602562,0,1.07232,0,0,0.884262,2.2944,0,0,1,0,0,0,0,w,m
1489,G:HEY,1,1,0.920735,0,0,0.885896,0,0,1.02744,0.647412,0,1.15067,0,0,1.22962,2.37975,0,0,1,0,0,0,0,w,m
1490,G:HEY,1,1,0.911766,0,0,0.905122,0,0.530827,0.6109,0.640857,0,1.14811,0,0,1.21726,2.53032,0,0,1,0,0,0,0,w,m
1491,G:HEY,1,1,0.891595,0,0,0.614703,0,0.510108,0,0.637494,0,1.15546,0,0,1.44908,2.26655,0,0,1,0,1,0,0,w,m
1492,G:HEY,1,1,0.888739,0,0,0.832445,0,0.541065,0.700733,0.660653,0,1.31635,0,0,1.62787,2.31187,0,0,1,0,1,0,0,w,m
1493,G:HEY,1,1,0.869425,0,0,0.840821,0,0.630985,0,0.782396,0,1.43592,0,0,1.32579,2.29497,0,0,1,0,1,0,0,w,m
1494,G:HEY,1,1,0.869467,0,0,1.10877,0,0.584617,0,0.71031,0,1.49731,0.565147,0.501496,1.35689,2.57367,0,0,1,1,1,0,0,w,m
1495,G:HEY,1,1,0.84244,0,0,1.21711,0,0.578107,0,0.680729,0,1.37558,0.54006,0,1.18724,2.13848,0,0,1,1,1,0,0,w,m
1496,G:HEY,1,1,0.855494,0,0,0.990407,0,0.618037,0,0.631442,0.504212,1.40632,0,0.536839,0.909464,2.40247,0,0,1,0,1,0,0,w,m
1497,G:HEY,1,1,0.874339,0,0,1.34581,0,0.51905,0,0.525404,0,1.21814,0,0,0.741957,1.92739,0,0,1,0,0,0,1,w,m
1498,G:HEY,1,1,0.892903,0,0,1.48915,0,0.554067,0.542569,0.564027,0,1.23606,0,0,0.823821,2.35348,0,0,1,0,1,0,1,w,m
1499,G:HEY,1,1,0.916202,0,0,1.32794,0,0.609848,0.846869,0.690381,0,1.29802,0,0,1.40987,2.23478,0,0,1,0,1,0,1,w,m
1500,G:HEY,1,1,0.918273,0,0,1.54793,0,0.545655,0.918329,0.614214,0,1.39131,0,0,1.08976,2.12125,0,0,1,0,1,0,1,w,m
1501,G:HEY,1,1,0.895951,0,0,1.01592,0,0,0.722019,0.566121,0,1.38535,0,0,1.06146,1.80981,0,0,1,0,1,0,0,w,m
1502,G:HEY,1,1,0.861351,0,0,1.35263,0,0,0,0,0,1.09749,0,0,1.0143,2.08841,0,0,1,0,1,0,1,w,m
1503,G:HEY,1,1,0.855473,0,0,1.04291,0,0,0,0,0,1.12533,0,0.73772,1.02409,1.73667,0,0,1,0,1,0,0,w,m
1504,G:HEY,1,1,0.891344,0,0,1.11552,0,0,0.661422,0,0,1.10115,0,0,1.07199,2.1593,0,0,1,0,1,0,0,w,m
1505,G:HEY,1,1,0.868825,0,0,1.31346,0,0,0,0,0,1.33258,0,0,0.967285,2.25842,0,0,1,0,1,0,0,w,m
1506,G:HEY,1,1,0.899482,0,0,1.48677,0,0,0.87376,0,0,1.59728,0,0,0.926254,1.99646,0,0,1,0,1,0,0,w,m
1507,G:HEY,1,1,0.886264,0,0,1.26397,0,0,0.74616,0,0,1.60977,0,0,0.879411,2.00816,0,0,1,0,1,0,0,w,m
1508,G:HEY,1,1,0.848994,0,0,1.12384,0,0.575314,0.850568,0.595971,0,1.35623,0,0,1.73107,3.37332,0,0,1,0,0,0,0,w,m
1509,G:HEY,1,1,0.806749,0,0,1.17634,0,0,1.0169,0.568312,0.600463,1.09761,0.931053,0,1.22837,2.97337,0,0,1,0,0,0,0,w,m
1510,G:HEY,1,1,0.821111,0,0,1.16625,0,0,0.994318,0.631227,0.795285,0.982389,0.783815,0,1.11558,3.06088,0,0,1,0,0,0,0,w,m
1511,G:HEY,1,1,0.825923,0,0,1.22419,0,0.728702,1.09675,0.83123,0.971257,1.5104,0,0,0.878549,3.44602,0,0,1,0,0,0,0,w,m
1512,G:HEY,1,1,0.858751,0,0,1.32317,0.732936,0.683105,0.603986,0.750221,0.922308,1.10765,0.506383,0,1.19899,2.9731,0,1,1,0,0,0,0,w,m
1513,G:HEY,1,1,0.833345,0,0,1.21908,0.596177,0.73821,0,0.86175,1.00392,1.32035,0,0,1.27962,2.55471,0,0,1,0,1,0,0,w,m
1514,G:HEY,1,1,0.876952,0,0,0.995576,0,0.719607,0,0.806047,0.966191,1.58062,0,0,1.07285,2.14762,0,0,1,0,1,0,0,w,m
1515,G:HEY,1,1,0.893261,0,0,1.12591,0,0.741596,0,0.805355,0.82153,1.62048,0,0,1.25076,1.69701,0,0,1,0,1,0,0,w,m
1516,G:HEY,1,1,0.888135,0,0,1.09166,0,0.751751,0,0.805513,0.903492,1.8428,0,0,1.20537,1.77171,0,0,1,0,1,0,0,w,m
1517,G:HEY,1,1,0.879473,0,0,1.13521,0,0.711197,0,0.746062,0.907244,1.66687,0,0,1.26459,2.04552,0,0,1,0,1,0,0,w,m
1518,G:HEY,1,1,0.879331,0,0,0.779705,0,0.698871,0,0.731237,0.886668,1.59115,0,0,1.24375,2.47729,0,0,1,0,1,0,0,w,m
1519,G:HEY,1,1,0.875148,0,0,0.74599,0,0.643121,0,0.682998,0.974325,1.4289,0,0,1.11452,2.11342,0,0,1,0,1,0,0,w,m
1520,G:HEY,1,1,0.839692,0,0,0.796997,0,0.726929,0.575547,0.831675,0.870079,1.53336,0,0,1.32593,2.3241,0,0,1,0,0,0,0,w,m
1521,G:HEY,1,1,0.878205,0,0,1.04702,0,0.781395,0,0.856477,0.730903,1.46009,0.593084,0,0.845361,2.62078,0,0,1,0,0,0,0,w,m
1522,G:HEY,1,1,0.838923,0,0,0.549588,0,0.693544,0,0.695026,0.887601,1.13829,0,0.602309,1.48631,3.13775,0,0,1,0,0,0,0,w,m
1523,G:HEY,1,1,0.822774,0,0,0.548994,0,0.651478,0,0.691149,1.00036,1.12665,0,0.733347,1.60732,3.01392,0,0,1,0,0,0,0,w,m
1524,G:HEY,1,1,0.78429,0,0,0.674318,0,0.649268,0,0.622508,0.879708,1.7338,0,0.701131,1.74552,2.0995,0,0,1,0,0,0,0,w,m
1525,G:HEY,1,1,0.810409,0,0,0.710296,0,0.687335,0,0.674146,0.822121,1.36292,0,0,1.56605,2.39995,0,0,1,0,1,0,0,w,m
1526,G:HEY,1,1,0.850953,0,0,0.739126,0,0.667831,0,0.653519,0.948299,1.12559,0,0,1.11661,2.49955,0,0,1,0,0,0,0,w,m
1527,G:HEY,1,1,0.868786,0,0,0.606533,0,0.655299,0,0.624847,1.15026,1.33647,0,0,1.03671,2.43897,0,0,1,0,0,0,0,w,m
1528,G:HEY,1,1,0.884271,0,0,0.930221,0,0.801715,0,0.751109,1.09599,1.50363,0,0,0.610816,2.44957,0,0,1,0,0,0,0,w,m
1529,G:HEY,1,1,0.898173,0,0,0.876433,0,0.823488,0,0.776021,1.11584,1.41529,0,0,0.814392,2.68703,0,0,1,0,0,0,0,w,m
1530,G:HEY,1,1,0.895342,0,0,0.994436,0,0.786189,0,0.691784,1.1184,1.20656,0,0,0.828151,3.10858,0,0,1,0,0,0,0,w,m
1531,G:HEY,1,1,0.903876,0,0,0.847208,0,0.770052,0.615675,0.690253,1.05694,1.30266,0,0,0.555693,3.18707,0,0,1,0,0,0,0,w,m
1532,G:HEY,1,1,0.893824,0,0,0.876815,0,0.722252,0.851321,0.644881,0.801199,1.31374,0,0,0.780796,3.26781,0,0,1,0,0,0,0,w,m
1533,G:HEY,1,1,0.897827,0,0,0.966435,0,0.614433,0.854491,0.572579,0.672974,1.34888,0,0,0.79658,2.75455,0,0,1,0,0,0,0,w,m
1534,G:HEY,1,1,0.894931,0,0,1.14692,0,0.545108,1.29566,0,0.6216,1.50431,0,0,0.57426,3.32088,0,0,1,0,0,0,0,w,m
1535,G:HEY,1,1,0.874987,0,0,0.965044,0,0.518768,1.34332,0,0.588315,1.69155,0,0,0,2.94606,0,0,1,0,0,0,0,w,m
1,G:HEY,1,1,0.971297,0.794038,0,0,0,0,0,0.575101,0.5563,0,0,0,0.680209,0,0,0,0,0,1,0,0,w,w
2,G:HEY,1,1,0.978291,0.585386,0,0,0,0,0,0,0,0,0,0,1.31071,0,0,1,0,0,0,0,0,w,w
3,G:HEY,1,1,0.980682,0,0,0,0,0,0.535538,0,0,0,0,0,0.861978,0,0,0,0,0,0,0,0,w,w
4,G:HEY,1,1,0.978293,0,0,0,0,0,0,0,0,0,0,0,0,0,0,0,0,0,0,0,0,w,w
5,G:HEY,1,1,0.979904,0,0,0,0,0,0,0,0,0,0,0,0.603612,0,0,0,0,0,0,0,0,w,w
6,G:HEY,1,1,0.975899,0,0,0,0,0,0,0,0,0,0,0,0,0,0,0,0,0,0,0,0,w,w
7,G:HEY,1,1,0.97687,0,0,0,0,0,0,0,0,0,0,0,0,0,0,0,0,0,0,0,0,w,w
8,G:HEY,1,1,0.978386,0,0,0,0,0,0,0,0,0,0,0,0.684402,0,0,0,0,0,0,0,0,w,w
9,G:HEY,1,1,0.980982,0,0,0,0,0,0,0,0,0.519696,0,0,1.2445,0,0,0,0,0,0,0,0,w,w
10,G:HEY,1,1,0.980914,0,0,0,0.623418,0,0.570645,0,0,0,0.572365,0,0.556217,0,0,0,0,0,0,0,0,w,w
11,G:HEY,1,1,0.983143,0,0,0,0,0,0,0,0,0.544834,0,0,0.978347,0,0,0,0,0,0,0,0,w,w
12,G:HEY,1,1,0.982447,0,0,0,0,0,0,0,0,0.674263,0,0,0,0,0,0,0,0,0,0,0,w,w
13,G:HEY,1,1,0.982938,0.631534,0,0,0,0,0,0.533108,0,0.699671,0,0,1.039,0,0,0,0,0,0,0,0,w,w
14,G:HEY,1,1,0.980238,0.598927,0,0,0,0,0,0,0,0.701477,0.515108,0,0,0,0,0,0,0,0,0,0,w,w
15,G:HEY,1,1,0.977718,0,0,0,0,0,0,0,0,0.624588,0.566372,0,1.104,0,0,0,0,0,0,0,0,w,w
16,G:HEY,1,1,0.969699,0.581908,0,0,0.791539,0,0,0,0,0.505382,0.845635,0,0,0,0,0,0,0,0,0,0,w,w
17,G:HEY,1,1,0.983027,0.58716,0,0,0,0,0,0,0,0.689729,0,0,0.770336,0,0,0,0,0,0,0,0,w,w
18,G:HEY,1,1,0.979605,0.562471,0,0,0.57035,0,0,0,0,0.520706,0,0,0,0,0,0,0,0,0,0,0,w,w
19,G:HEY,1,1,0.982021,0.678706,0,0,0,0,0,0,0,0.558323,0,0,0,0,0,0,0,0,0,0,0,w,w
20,G:HEY,1,1,0.974247,0.745792,0,0,0,0,0,0,0,0.871262,0,0,0.776415,0,0,0,0,0,0,0,0,w,w
21,G:HEY,1,1,0.973958,0.740052,0,0,0,0,0,0,0,0.687059,0.516687,0,0.566475,0,0,0,0,0,0,0,0,w,w
22,G:HEY,1,1,0.979098,0.744006,0,0,0,0,0,0,0,0.892263,0,0,0.73103,0,0,0,0,0,0,0,0,w,w
23,G:HEY,1,1,0.984575,0.782622,0,0,0.997112,0,0,0,0,0.709461,0,0,0,0,0,0,0,0,0,0,0,w,w
24,G:HEY,1,1,0.983544,1.10522,0,0,1.29889,0,0,0,0.544281,1.00357,0,0,0,0,0,0,0,0,0,0,0,w,w
25,G:HEY,1,1,0.983698,1.07684,0,0,1.11569,0,0,0,0,0.953349,0,0,0.661248,0,0,0,0,0,0,0,0,w,w
26,G:HEY,1,1,0.985703,0.640475,0,0,0.755231,0,0,0,0,0.64488,0,0,0.874617,0,0,0,0,0,0,0,0,w,w
27,G:HEY,1,1,0.982032,0,0,0,0.974166,0,0,0,0,0,0,0,0.814441,0,0,0,0,0,0,0,1,w,w
28,G:HEY,1,1,0.974439,0,0,0,0.847647,0,0,0,0,0.586131,0,0,0.747104,0,0,0,0,0,0,0,0,w,w
29,G:HEY,1,1,0.986746,0,0,0,0.646079,0,0,0,0,0.516207,0,0,0.835579,0,0,0,0,0,0,0,1,w,w
30,G:HEY,1,1,0.98582,0,0,0,0.671746,0,0.687515,0,0,0,0,0,1.28607,0,0,0,0,0,0,0,0,w,w
31,G:HEY,1,1,0.986182,0,0,0,0.674195,0,0,0,0,0,0,0,1.10817,0,0,0,0,0,0,0,0,w,w
32,G:HEY,1,1,0.985967,0,0,0,0,0,1.13756,0,0,0.513213,0.527208,0,1.08485,0,0,0,0,0,0,0,0,w,w
33,G:HEY,1,1,0.985378,0,0,0,0.587049,0,0.596749,0,0,0,0,0,0.606059,0,0,0,0,0,0,0,0,w,w
34,G:HEY,1,1,0.985551,0,0,0,0,0,0.983392,0,0,0,0,0,0.610014,0,0,0,0,0,0,0,0,w,w
35,G:HEY,1,1,0.988048,0,0,0,0,0,0,0,0,0.620195,0,0,1.00187,0,0,0,1,0,0,0,0,w,w
36,G:HEY,1,1,0.987387,0,0,0,0.67477,0,0,0,0,0.673284,0,0,0.92542,0,0,0,1,0,0,0,0,w,w
37,G:HEY,1,1,0.987285,0,0,0,0,0,0.665481,0,0,0,0,0,1.11561,0,0,0,0,0,1,0,0,w,w
38,G:HEY,1,1,0.982984,0,0,0,0,0,0,0,0,0.673481,0,0,1.23639,0,0,0,0,0,0,0,0,w,w
39,G:HEY,1,1,0.982618,0,0,0,0,0,0,0,0,0.697676,0,0,1.06436,0,0,0,0,0,1,0,0,w,w
40,G:HEY,1,1,0.987903,0,0,0,0,0,0,0,0,0.739317,0,0,1.14558,0,0,0,0,0,0,0,0,w,w
41,G:HEY,1,1,0.985405,0,0,0,0,0,0,0,0.504895,0.652211,0,0,1.19118,0,0,0,1,0,0,0,0,w,w
42,G:HEY,1,1,0.986949,0,0,0,0,0,0,0,0,0.646922,0,0,1.1137,0,0,0,0,0,0,0,0,w,w
43,G:HEY,1,1,0.989084,0,0,0,0,0,0.615167,0,0,0,0,0,0.936131,0,0,0,0,0,0,0,0,w,w
44,G:HEY,1,1,0.98639,0,0,0,0,0,0.915883,0,0,0,0,0,1.09096,0,0,0,0,0,0,0,0,w,w
45,G:HEY,1,1,0.977992,0,0,0,0,0,0,0.607618,0,0.856928,0,0,0.868988,0,0,0,0,0,0,0,0,w,w
46,G:HEY,1,1,0.981998,0,0,0,0,0,0,0.592702,0,0.925889,0,0,1.00442,0,0,0,0,0,0,0,0,w,w
47,G:HEY,1,1,0.989651,0,0,0,0,0,0,0.514,0,1.06745,0,0,0.8854,0,0,0,0,0,0,0,1,w,w
48,G:HEY,1,1,0.987907,0,0,0,0,0,0,0,0.500483,0.754062,0,0,0.944326,0,0,0,1,0,1,0,1,w,w
49,G:HEY,1,1,0.987271,0.707173,0,0,0,0,0,0,0.761004,0,0,0,0.601152,0,0,0,1,0,0,0,1,w,w
50,G:HEY,1,1,0.987222,0,0,0,0,0,0,0.505058,0.54384,0.6669,0,0,1.26942,0,0,1,1,0,0,0,1,w,w
51,G:HEY,1,1,0.988089,0,0,0,0.508049,0,0,0,0,0,0,0,0.996185,0,0,0,1,0,0,0,1,w,w
52,G:HEY,1,1,0.987248,0,0,0,0,0,0,0,0,0,0,0,1.15474,0,0,0,1,0,0,0,0,w,w
53,G:HEY,1,1,0.981285,0,0,0,0,0,0,0,0,0,0,0,1.14492,0,0,0,1,0,0,0,0,w,w
4538,G:HEY,1,1,0.908075,0,0,0.606769,0,0,1.45114,0.615272,0.529145,0,0,0,1.18608,0,0,0,0,0,1,0,0,w,m
4539,G:HEY,1,1,0.86407,0,0,0.546204,0.788347,0,0.55595,0.762891,0.564,0,0,0,0.885485,0,0,0,1,0,1,0,0,w,m
4540,G:HEY,1,1,0.766253,0.667544,0,0,1.11137,0,0,0.712869,0.728425,0,0,0,1.02828,2.22913,0,0,1,0,1,0,0,w,m
4541,G:HEY,1,1,0.77134,0.861097,0,0,1.21519,0,0.671114,0.710915,0.562191,0.68912,0,0,1.57187,2.26036,0,0,1,0,1,0,0,w,m
4542,G:HEY,1,1,0.804692,1.09729,0,0,1.46386,0,0.951563,0,0.625397,0,0.545946,0,1.77951,2.22976,0,0,1,0,1,0,0,w,m
4543,G:HEY,1,1,0.860188,1.17822,0,0,1.43573,0,1.25157,0,0.735004,0,1.02878,0,1.51197,1.84201,0,0,1,0,1,0,1,w,m
4544,G:HEY,1,1,0.875594,1.00578,0,0.625237,1.51668,0,1.02391,0,0.682284,0,1.0421,0,1.61335,1.89769,0,0,1,0,1,0,0,w,m
4545,G:HEY,1,1,0.879108,1.1009,0,0,1.51505,0,0.764937,0,0.983176,0,1.03028,0,1.33218,0.999228,0,0,1,0,1,0,1,w,m
4546,G:HEY,1,1,0.871602,1.17762,0,0,1.2925,0,0,0,1.11407,0,0.961607,0,1.73209,1.39671,0,0,1,0,1,0,0,w,m
4547,G:HEY,1,1,0.880906,1.11299,0.556123,0,1.422,0,0.504756,0,0.944766,0,0.624779,0,1.76401,1.67666,0,0,1,0,1,0,0,w,m
4548,G:HEY,1,1,0.863083,1.12907,1.11031,0,1.33461,0,0.560679,0.508228,0.969363,0,0.515703,0,2.19189,2.4033,0,0,1,0,1,0,0,w,m
4549,G:HEY,1,1,0.843327,1.15926,0.926154,0,0.96516,0,0,0.560179,1.1083,0,0,0,1.61042,1.68121,0,0,0,0,1,0,0,w,m
4550,G:HEY,1,1,0.853161,0.820625,0.666998,0,1.27658,0,0.72059,0.61772,0.927989,0,0,0,1.21816,1.76687,0,0,0,0,1,0,0,w,m
4551,G:HEY,1,1,0.879565,0.551309,0.714758,0,0.665587,0,1.69494,0.554384,0,0,0,0,0.911403,2.92616,0.613007,0,0,0,1,0,0,w,m
4552,G:HEY,1,1,0.862069,0.559268,0.609697,0.928174,0,0,1.84135,0.542184,0,0,0,0,0.704582,2.41556,0.687767,0,0,0,1,0,1,w,m
4553,G:HEY,1,1,0.832621,0,0.583258,0.99565,0.626843,0,2.065,0.50673,0,0,0.500621,0,0.832202,2.02689,0.7742,0,0,0,1,0,1,w,m
4554,G:HEY,1,1,0.869462,0,0,1.39114,0.553735,0,2.10006,0,0,0,0,0,0,2.87732,0.740879,0,0,0,1,0,0,w,m
4555,G:HEY,1,1,0.870727,0,0,1.21467,0.822606,0,2.36051,0,0,0,0.516592,0,0,1.97435,0.774522,0,0,0,1,0,0,w,m
4556,G:HEY,1,1,0.877858,0.554606,0.751718,1.71372,0.616715,0,2.41979,0,0,0,0.607363,0,0,2.30591,0.843693,0,0,0,1,0,0,w,m
4557,G:HEY,1,1,0.881193,0,0,1.77505,0.524223,0,2.22535,0,0,0,0.682655,0,0,2.36456,0.910304,0,0,0,1,0,0,w,m
4558,G:HEY,1,1,0.880087,0,0.522438,1.21795,0.686835,0,1.66967,0,0.553068,0,0.529143,0,0,2.82743,0.90526,0,0,0,1,0,0,w,m
4560,G:HEY,1,1,0.811357,0.836482,1.84134,1.36749,0.721939,0,2.55923,0,0,0,0,0,0.736228,2.00197,0.697556,0,0,0,1,0,1,w,m
4562,G:HEY,1,1,0.862952,0,0,0,0.850467,1.32209,0,1.60452,1.59696,0,0,1.05755,0,0,0,0,1,0,1,1,0,w,m
2800,G:HEY,1,1,0.820589,0,0,0,0.682228,0.57425,0,0.947396,0,2.27842,0,0,1.78685,3.08185,0,1,0,0,0,0,0,m,w
2801,G:HEY,1,1,0.791714,0,0,0,0.78393,0.88383,0,1.25455,1.12486,2.61275,0,0,2.66656,5,0,1,0,0,1,1,0,m,w
2802,G:HEY,1,1,0.80825,0,0,0,0,0.816736,0,1.36046,0.660467,1.51477,1.06649,0,2.50164,5,0.556739,0,1,1,0,0,0,m,w
2803,G:HEY,1,1,0.815999,0,0,0,0,0.770397,0,1.30295,0.566829,1.12796,1.23796,0,2.45302,5,0.503627,0,1,1,0,1,0,m,w
2804,G:HEY,1,1,0.790259,0,0,0,0,0.790598,0,1.2889,0.77722,1.28349,0.979811,0,2.68512,5,0.611409,0,1,1,0,0,0,m,w
2805,G:HEY,1,1,0.759852,0,0,0,0,0.845296,0,1.30863,0.69608,1.46788,1.26033,0,2.47017,5,0.569454,0,1,1,0,0,0,m,w
2806,G:HEY,1,1,0.796108,0,0,0,0,0.793383,0,1.33786,0.678347,1.62304,1.17244,0,1.9193,5,0,0,1,0,0,0,0,m,w
2807,G:HEY,1,1,0.806974,0,0,0,0.814251,0.793205,0,1.42549,0.831335,1.78377,1.10467,0.608446,2.11907,5,0,0,1,0,0,0,0,m,w
2808,G:HEY,1,1,0.753821,0,0,0,1.33424,0.780988,0,1.28422,0.937563,1.5914,1.03532,0,2.22914,4.70867,0.501541,0,1,0,0,0,0,m,w
2809,G:HEY,1,1,0.897166,0.75633,0.684066,1.74818,0.569478,0,0,0,0,1.64871,0,0.585482,0,0,0,1,0,0,1,0,0,m,w
2810,G:HEY,1,1,0.920294,0.685516,0.726546,1.50684,0,0,0.742493,0,0,1.09839,0,0,0,0,0,1,0,1,1,0,1,m,w
208,G:HEY,1,1,0.981671,0,0,2.60126,0,0.560671,0,0.670611,0.624205,1.32658,0,0.810272,0.722993,3.07885,0,0,1,0,1,0,1,m,w
209,G:HEY,1,1,0.962356,0,0,2.61549,0,0.659207,0.860724,0.998473,0,1.5908,0.511355,0.821791,0,3.50413,0,1,1,0,1,0,1,m,w
210,G:HEY,1,1,0.982429,0,0,2.86336,0,0,0.924426,0.760081,0,1.38673,0,0.691642,0,1.55535,0,1,0,0,1,0,1,m,w
220,G:HEY,1,1,0.926522,1.24974,0,2.6696,0,0,0,0,0,1.26551,0,0,0,0,0,1,0,1,1,0,1,m,w
221,G:HEY,1,1,0.881015,1.14931,0,2.88401,0,0,0,0.519506,0,1.05321,0.539216,0.611114,0,0,0,1,0,1,0,0,0,m,w
222,G:HEY,1,1,0.878291,1.21314,0,2.95366,0,0,0,0.553269,0,0.91852,0,0.506766,0,0,0,1,0,1,0,0,0,m,w
223,G:HEY,1,1,0.862932,1.02872,0,2.96639,0,0,0,0.620445,0,1.00402,0,0.65347,0,0,0,1,0,1,0,0,0,m,w
224,G:HEY,1,1,0.834521,0.880487,0,2.35151,0,0,0,0.657669,0,1.02228,0.64949,0.550351,0,0,0,1,0,1,0,0,0,m,w
225,G:HEY,1,1,0.885916,0.88147,0,2.71122,0,0,0,0,0,0.715835,0.779853,0.581635,0,0,0,1,0,1,0,0,1,m,w
226,G:HEY,1,1,0.878004,0.878885,0,2.49377,0,0,0,0,0,0.906224,0,0,0,0.570434,0,1,0,1,0,0,1,m,w
230,G:HEY,1,1,0.963633,0.98147,0,1.45269,0,0,0,0,0,1.88867,0.550437,0.645239,0,0,0,0,0,1,0,0,1,m,w
231,G:HEY,1,1,0.959544,1.10054,0,1.33938,0,0,0,0.559994,0,2.33176,0.592729,0.832472,0,0,0,0,0,1,0,0,0,m,w
232,G:HEY,1,1,0.953283,1.09984,0,1.15069,0,0,0,0.54703,0,1.83365,0,0.542391,0,0,0,0,0,1,0,0,1,m,w
233,G:HEY,1,1,0.940533,0.987352,0,1.26354,0,0,0,0.583082,0,1.77277,0.628113,0.650818,0,0,0,0,0,1,1,0,1,m,w
13461,G:HEY,1,1,0.947313,0.867607,1.20947,0.817638,0,0.643841,0,0.891689,0,2.41293,0.8858,0,1.73043,0,0,0,0,1,0,0,0,w,w
13462,G:HEY,1,1,0.947682,0.555657,0.591724,0.64072,0,0.699895,1.14577,1.02499,0,1.47884,0.803142,0,2.11814,0,0,0,1,1,1,0,0,w,w
13463,G:HEY,1,1,0.936465,0,0,0,0,0.6331,0.871765,0.967287,0.734856,1.41019,0.681309,0,2.61566,0,0,0,1,1,1,0,0,w,w
13464,G:HEY,1,1,0.873237,0,0,0.566425,0.614577,0.719331,0.780483,1.1741,1.29683,2.0884,0.637599,0,2.14598,1.37632,0.558708,0,1,1,0,0,0,w,w
1782,G:HEY,1,1,0.951164,0,1.97925,0,0,0,0,0,0.871117,0.60855,0,0,1.40008,1.97513,0,0,0,1,1,0,0,w,w
1783,G:HEY,1,1,0.903693,0,1.32528,0,0,0,0.513092,0,0.545467,0.942873,0.504094,0.522096,2.19437,1.57601,0,0,0,1,0,0,0,w,w
1784,G:HEY,1,1,0.883659,0,1.20974,0,0,0,0,0.518641,0.851235,0.764911,0.710523,0,1.29223,2.49449,0,0,1,1,0,0,0,w,w
1785,G:HEY,1,1,0.827741,0,0.64488,0.560198,0,0.575983,0,0.863328,0.648418,1.14763,0.920642,0,0.844273,2.7286,0,1,1,1,0,0,0,w,w
1786,G:HEY,1,1,0.808149,0,0,1.02697,0,0.542472,1.02256,0.743848,0.556838,1.40625,1.12592,0,0,3.0047,0,1,0,1,0,0,0,w,w
1787,G:HEY,1,1,0.821694,0,0,0.898017,0,0.547205,1.17041,0.78873,0,1.55015,1.25039,0.729728,0,2.60949,0,1,1,1,0,0,0,w,w
1788,G:HEY,1,1,0.786506,0,0,1.00829,0,0,1.31928,0.559344,0,1.32679,1.41491,0.660326,0,2.0625,0,1,0,1,0,0,0,w,w
1789,G:HEY,1,1,0.865401,0,0,0.703054,0,0,1.238,0.507754,0,1.2996,1.25047,0.695299,0,2.44177,0,1,0,1,0,0,0,w,w
1790,G:HEY,1,1,0.923934,0,0,0.82287,0.742261,0,1.16119,0,0,1.0048,1.14366,0,0,1.78728,0,1,0,1,0,0,0,w,w
1791,G:HEY,1,1,0.964023,0,0.510025,0.852905,0.73522,0,0.879264,0,0,0.744995,0.952639,0,0,2.36059,0,1,0,1,0,0,1,w,w
1792,G:HEY,1,1,0.975475,0,0,0.696234,0.50675,0,0.775537,0,0,0,0.916942,0,0.819438,1.90473,0,1,0,1,1,0,1,w,w
1793,G:HEY,1,1,0.974731,0,0,0,0,0,0,0,0,0,0.730427,0,0.886287,1.62744,0,1,0,1,1,0,1,w,w
1794,G:HEY,1,1,0.973695,0,0,0,0,0,0,0,0,0,0.955696,0,0.932827,1.12765,0,1,0,1,1,0,1,w,w
1795,G:HEY,1,1,0.975422,0,0,0,0.630623,0,0.948424,0,0,0,0.508519,0,1.46154,0.992615,0,0,0,1,1,0,1,w,w
1796,G:HEY,1,1,0.983555,0,1.09682,1.47243,0.574375,0,1.13026,0,0,0,0,0.636654,0.858096,1.39182,0,1,0,1,1,0,1,w,w
1797,G:HEY,1,1,0.969901,0,0.842594,0,0.555722,0,0.922945,0,0,0,0,0,0.955347,0.809754,0,0,0,1,1,0,1,w,w
1798,G:HEY,1,1,0.975582,0,0.617689,0,0,0,1.17221,0,0,0,0,0,1.0343,0.731805,0,0,0,1,1,0,1,w,w
1799,G:HEY,1,1,0.949485,0,0.680649,0,0.635461,0,1.38398,0,0,0,0.853275,0.526066,0.748869,0,0,0,0,1,1,0,1,w,w
1800,G:HEY,1,1,0.958694,0,0.76729,0,0.677131,0,1.10538,0,0,0,0,0,0.735009,0,0,0,0,1,1,0,1,w,w
1801,G:HEY,1,1,0.968904,0,1.08539,0,1.00281,0,0.617819,0,0,0,0,0.565422,0.80316,0,0,0,0,1,1,0,1,w,w
1802,G:HEY,1,1,0.971718,0,0.909091,0,1.12578,0,0,0,0,0,0,0,0.74985,0,0,0,0,1,1,0,1,w,w
1803,G:HEY,1,1,0.970155,0,1.06992,0,1.1345,0,0.512596,0,0,0,0.553628,0.529211,0.547989,0,0,0,0,1,1,0,1,w,w
1804,G:HEY,1,1,0.975804,0,0.928849,0,1.11509,0,1.00736,0,0,0,0,0,0,0,0,0,0,1,1,0,1,w,w
1805,G:HEY,1,1,0.978785,0,1.04672,0,1.23195,0,1.23323,0,0,0,0.782113,0,0,0,0,0,0,1,1,0,1,w,w
1806,G:HEY,1,1,0.975972,0,1.21666,0.86405,1.01166,0,1.62024,0,0,0,0,0,0,0,0,0,0,1,1,0,1,w,w
1807,G:HEY,1,1,0.977711,0,1.08893,0.757189,1.05995,0,1.58695,0,0,0,0,0,0.551517,0,0,0,0,1,1,0,1,w,w
1808,G:HEY,1,1,0.97797,0,0.797431,0.770902,0.996343,0,1.30848,0,0,0,0.605705,0,0,0,0,0,0,1,1,0,1,w,w
1809,G:HEY,1,1,0.975321,0.572028,0.841974,0.715285,1.01246,0,1.28698,0,0,0,0.589178,0,0,0,0,0,0,1,1,0,1,w,w
1810,G:HEY,1,1,0.974964,0,0.689675,1.08878,0.763812,0,1.4081,0,0,0,0.920443,0,0,0,0,0,0,1,1,0,1,w,w
1811,G:HEY,1,1,0.969717,0.794979,1.12455,0.809031,0.622575,0,1.1685,0,0,0,1.0061,0.858473,0,0,0,0,0,1,1,0,1,w,w
1812,G:HEY,1,1,0.915045,0,1.27014,1.04532,0,0,0,0,0,0,1.20511,0.86771,0,0,0,0,0,1,1,0,1,w,w
1813,G:HEY,1,1,0.902793,0,1.25303,0.607323,0,0,0,0,0,0,0.919507,0.844311,1.38347,0,0,0,0,1,1,0,0,w,w
1814,G:HEY,1,1,0.931764,0,1.02806,0.65161,0,0,0,0,0,0,0,0.707615,1.06425,0,0,0,0,1,0,0,0,w,w
6058,G:HEY,1,1,0.948925,0,0,0.54127,0,0,0,0,0.913008,1.27653,0,0,1.14419,1.20515,0,0,1,1,0,0,1,w,w
6059,G:HEY,1,1,0.905972,0,1.22547,0,0,0,0,0,1.05865,0,0,0,0.605552,2.29714,0,0,0,0,1,0,1,w,w
6060,G:HEY,1,1,0.822202,0,1.36135,0,0.816317,0.606577,0,0.851036,1.1606,1.24068,0,0.606085,0.612592,4.01162,0,0,1,0,1,1,0,w,w
6061,G:HEY,1,1,0.810828,0,1.80617,0,0.578478,0,0,0,0,0.804344,0,0,1.76173,2.08963,0,0,0,0,1,0,0,w,w
6062,G:HEY,1,1,0.77825,0,2.3964,0,1.03015,0,0,0,0,1.39934,0,0,0.774993,1.46235,0,0,0,0,1,0,0,w,w
6063,G:HEY,1,1,0.853462,0,2.3755,0,0.856581,0,0,0,0.691552,1.42852,0,0,0,0,0,0,0,0,1,0,0,w,w
6064,G:HEY,1,1,0.864734,0,2.02554,0,1.10603,0,0,0,0.509722,1.27531,0,0,0,0,0,0,0,0,1,0,0,w,w
6065,G:HEY,1,1,0.757369,0,2.27712,0,1.66512,0,0,0,0,0.732621,0,0,0,0,0,0,0,0,1,0,0,w,w
6070,G:HEY,1,1,0.771161,0,0.999895,0,1.68157,0,0,0.770583,0.638363,1.02813,0,0,2.57434,1.15901,0,0,1,0,1,0,1,w,w
6071,G:HEY,1,1,0.81243,0.548332,2.4087,0,0.617673,0,0,0.635243,0,0.60484,0,0,3.12847,0,0,0,0,0,1,0,0,w,w
6073,G:HEY,1,1,0.797315,0,0.804722,0,0.97179,0,0,0,0.736965,1.9113,0.900683,0.629332,1.52313,0,0,0,0,1,1,0,0,w,w
6074,G:HEY,1,1,0.830657,0,0,0,0,0,0,0,0,1.95946,0,0,0.695897,0,0,0,0,0,1,0,0,w,w
6075,G:HEY,1,1,0.820291,0,0,0.516615,0.831743,0,0,0,0.504155,1.9276,0,0.715566,0,1.27501,0,0,0,0,1,0,0,w,w
6076,G:HEY,1,1,0.792075,0.678492,0,1.44683,0.904196,0,0,0.522289,0.730212,2.32362,0,1.04651,0,0,0,1,0,0,0,0,0,w,w
6077,G:HEY,1,1,0.843414,1.24409,0,0.969394,1.09814,0,0,0.627142,0.795173,2.35667,0,0.902941,0,0,0,1,0,0,0,0,0,w,w
6078,G:HEY,1,1,0.888498,0,0,1.13062,1.13172,0,0,0,0,1.62319,0,0,0,0,0,1,0,0,0,0,0,w,w
6079,G:HEY,1,1,0.941962,0,0,0,0.671819,0,0,0.821521,0,2.07434,0.804545,0,0.558213,0,0,0,1,0,1,0,0,w,w
6080,G:HEY,1,1,0.954442,0.594358,0.796371,0,0.769537,0,0,1.12114,0.658528,2.36768,0.934787,0,0.72416,0,0,0,1,1,1,0,0,w,w
6081,G:HEY,1,1,0.950593,0.90977,0.886534,0,0.776451,0.522617,0,1.27631,0.75712,2.40698,0.811512,0,0.631985,0,0,0,1,1,1,0,0,w,w
6082,G:HEY,1,1,0.961287,1.30025,1.58225,0.65859,1.03855,0,0.965642,0.810956,0.503909,1.98564,0.79753,0,0,0,0,0,0,1,1,0,0,w,w
6083,G:HEY,1,1,0.957011,1.32447,1.02566,0,0.86808,0,1.04428,0.639004,0,1.64412,0.932782,0.588377,0.851227,0,0,1,0,1,1,0,0,w,w
6084,G:HEY,1,1,0.94398,0.697438,1.45304,0,0.940548,0,0.560562,0,0,1.22898,1.087,0,1.32593,1.85139,0,1,0,1,1,0,0,w,w
6085,G:HEY,1,1,0.941716,0,1.41929,0,0.685688,0,0,0,0,0,1.47368,0,1.45079,2.74603,0.641818,1,0,1,1,0,1,w,w
19024,G:HEY,1,1,0.983008,0.688522,1.54917,0,0,1.08433,1.23687,1.20197,1.77068,2.44979,0,0,0,0.518867,0,0,1,1,0,0,0,w,w
19025,G:HEY,1,1,0.973296,0.635401,0.738046,0,0,1.0782,1.05866,1.24692,1.85717,2.30779,0,0,0,0.776782,0,0,1,1,0,0,0,w,w
19026,G:HEY,1,1,0.969733,0.888339,0.506157,0,0.6657,0.94366,0.728749,1.07204,1.7378,2.05147,0.789516,0,0,2.05122,0,0,1,1,0,0,0,w,w
19027,G:HEY,1,1,0.958583,1.13373,0,0,0.538303,0.701228,0,0.995274,1.50437,2.06646,1.10391,0,0,4.00109,0,0,1,1,0,0,0,w,w
19028,G:HEY,1,1,0.967524,1.09829,0,0,0.506366,0.601095,0,0.798451,1.36376,2.29587,0.804513,0,0,3.57985,0,0,1,1,0,0,0,w,w
19029,G:HEY,1,1,0.974634,0.822429,0,0,0,0.514945,0,0.637805,1.03814,1.84277,0,0,0.678014,2.75409,0,0,1,1,0,0,0,w,w
19030,G:HEY,1,1,0.978539,0,0,0,0,0.508863,0,0.601836,1.29625,2.19324,0,0.725479,0,1.00032,0,0,1,1,0,0,0,w,w
19031,G:HEY,1,1,0.977565,0.629969,0.951415,0,0.501015,0.730174,0,0.904661,1.08673,1.85592,0,0.772935,0,0.519007,0,0,1,1,0,0,0,w,w
19032,G:HEY,1,1,0.972787,0.653992,1.30952,0,0.525167,0.717817,0.96777,0.95967,1.20495,1.86174,0,0.604003,0,0.656238,0,0,1,1,0,0,0,w,w
19033,G:HEY,1,1,0.981928,0.582211,1.25389,0,1.13281,0.652193,0.786385,0.843008,0.882726,1.21783,0,0.527587,0,0,0,0,1,1,1,0,0,w,w
19034,G:HEY,1,1,0.96753,0,0.981738,0,1.09205,0,1.00717,0.501924,0.53849,0.833279,0.835708,0.563509,0,0,0,0,0,1,1,0,0,w,w
19035,G:HEY,1,1,0.930656,0,0,0,0.570637,0,0.65436,0,0,0.828774,1.63193,0.790351,0,1.30726,0,0,0,1,1,0,0,w,w
19036,G:HEY,1,1,0.953387,0.529115,0.560513,0,0.680634,0,0.754788,0,0,0.616959,1.69109,0.930922,0,1.36045,0,0,0,1,1,0,0,w,w
19037,G:HEY,1,1,0.957119,0.903944,0.924583,0,0.778481,0,0.730385,0,0,0.834813,1.66981,1.43172,0,1.26818,0,0,0,1,1,0,0,w,w
19038,G:HEY,1,1,0.977648,0.888033,1.40726,0,0.892803,0,0.804369,0,0,1.26971,1.59292,1.30492,0,0.955631,0,0,0,1,1,0,0,w,w
19039,G:HEY,1,1,0.982663,0.986805,1.5387,0,0.904262,0.504306,1.41251,0.725821,0.531316,1.51812,0.835203,1.11138,0,1.87285,0,0,0,1,1,0,1,w,w
19040,G:HEY,1,1,0.986274,1.20974,1.36104,0,0.955119,0.690816,2.10934,0.815627,0.636186,1.52173,0,0.502009,0,2.40831,0,0,0,1,1,0,1,w,w
19041,G:HEY,1,1,0.986523,1.0103,1.41757,0,0.865355,0.846139,1.88903,0.949265,0.621372,1.89011,0,0.582603,0,2.423,0,0,1,1,1,0,1,w,w
19042,G:HEY,1,1,0.987513,1.00512,1.62816,0,0.810381,0.805996,1.81882,0.869394,0.617499,1.82644,0,0.726061,0,2.37545,0,0,0,1,1,0,1,w,w
19043,G:HEY,1,1,0.986904,1.11708,1.63688,0,0.899918,0.808036,1.70956,0.87819,0.594145,1.91674,0,0.694454,0,2.54507,0,0,1,1,1,0,0,w,w
19044,G:HEY,1,1,0.988543,0.846505,1.37263,0,0.728383,0.759817,1.40342,0.832985,0.715642,1.66834,0,0.561539,0,2.71646,0,0,1,1,1,0,0,w,w
19045,G:HEY,1,1,0.987038,0.719472,1.2058,0,0.621418,0.846573,1.38277,0.97678,0.858217,1.66872,0,0.577053,0,2.19811,0,0,1,0,1,0,0,w,w
19046,G:HEY,1,1,0.98308,0.839608,1.48538,0,0.653297,0.760336,0.96951,0.856415,0.706884,1.90724,0,0.577602,0,2.18142,0,0,1,1,1,0,0,w,w
19047,G:HEY,1,1,0.980992,0,1.45126,0,0,0.742211,0.851327,0.999366,0.822942,2.0495,0,0.575321,0,1.99062,0,0,1,1,1,0,0,w,w
19048,G:HEY,1,1,0.97955,0,1.57044,0,0,0.642204,0.594565,0.940707,0.504607,1.89913,0,0.79118,0,1.27631,0,0,1,1,1,0,0,w,w
19296,G:HEY,1,1,0.939669,0,1.27497,0.749221,0.768923,1.02485,0,1.29307,2.12239,2.61244,0,0,0,3.65984,0,0,1,0,1,0,0,w,w
19297,G:HEY,1,1,0.92859,0,1.11182,1.10306,0.961087,1.20823,0,1.48649,2.29289,2.70776,0,0,0,3.565,0,0,1,0,1,0,0,w,w
19298,G:HEY,1,1,0.947096,0,1.44031,1.22329,0.822654,0.97584,0,1.14894,2.05578,2.51907,0,0,0,2.93222,0,0,1,0,1,0,0,w,w
19299,G:HEY,1,1,0.961802,0,1.19035,0,1.2142,0.885618,0,0.984927,2.09134,2.20915,0,0,0,2.30033,0,0,1,0,1,0,0,w,w
19300,G:HEY,1,1,0.918762,0,0.904112,0.691058,1.19024,0.623834,0,0.665609,1.7311,1.6316,0.683831,0,0,2.65806,0,0,1,0,1,0,0,w,w
19301,G:HEY,1,1,0.940821,0.606963,0.759947,0,1.3459,0,0,0,1.40837,1.26935,0.748962,0,0,3.82344,0,0,1,0,1,0,0,w,w
19302,G:HEY,1,1,0.940855,0.806232,1.10947,0,1.05289,0,0,0.565126,1.26245,1.48167,0.719029,0,0,3.13354,0,0,0,0,1,0,0,w,w
19303,G:HEY,1,1,0.746848,0.963719,0.959108,0,0.625325,0,0,0,0.907802,0.627191,1.62206,0,0,3.29862,0,1,0,1,1,0,0,w,w
19304,G:HEY,1,1,0.801778,0,0.583398,0,0,0,0,0,0.724017,1.6825,0.582544,0.9273,0,2.9885,0,0,0,0,1,0,0,w,w
19305,G:HEY,1,1,0.850817,0,0,0,1.1647,0,0,0,0,1.54863,0,0,0.581683,2.90065,0,0,0,1,1,1,0,w,w
19309,G:HEY,1,1,0.77343,1.32477,1.41393,0.826749,1.61261,0,0,0,0.706385,0,0,0,1.41153,3.40235,0,0,0,0,1,0,1,w,w
19310,G:HEY,1,1,0.741864,1.15751,0,0.797408,1.72119,0,0,0,0.860232,0,0,0,2.36273,2.59823,0,0,0,0,0,0,1,w,w
19321,G:HEY,1,1,0.974017,0,0.611512,0.553573,0,0,0,0,1.19058,0.662326,0.800941,0,1.13245,1.08707,0.659019,0,0,0,0,0,0,w,w
19323,G:HEY,1,1,0.985482,0,1.46577,0,0,0.651078,1.2836,0.657657,0.629358,1.92721,0,0,0,1.1648,0,0,1,1,1,0,0,w,w
19324,G:HEY,1,1,0.986872,0,1.45017,0,0,0.709228,1.45202,0.561683,0.794108,1.53718,0,0.690367,0,0,0,0,1,1,1,0,0,w,w
19325,G:HEY,1,1,0.984865,0,0.95593,0,0.550606,0.738639,1.36376,0.729371,0.916411,1.50269,0.69284,0.93285,0,0,0,0,1,1,1,0,0,w,w
19326,G:HEY,1,1,0.964597,0,0,0.703727,0,0,1.98757,0.726665,0.717879,1.28018,0.525581,0.532632,0,1.58304,0,0,0,1,1,0,0,w,w
19327,G:HEY,1,1,0.980362,0,0,1.03867,0,0.54937,1.66013,1.03232,0.582102,1.10682,0,0.661354,0,1.23185,0,0,0,0,0,0,0,w,w
19328,G:HEY,1,1,0.980904,0,0,0.897068,0.741597,0.644097,1.3496,1.11395,0.935467,1.57127,0,0.808029,0,1.13087,0,0,1,0,0,0,0,w,w
19329,G:HEY,1,1,0.982658,0,0,0.595502,0.730097,0.68374,1.27319,1.04734,1.07925,1.36738,0.513385,0.731936,0,0,0,0,1,0,0,0,0,w,w
19330,G:HEY,1,1,0.980805,0,0,1.15142,0.747829,0.684122,1.34166,0.982365,1.14476,1.40028,1.10024,0.682275,0,0,0,0,1,0,0,0,0,w,w
19331,G:HEY,1,1,0.976786,0,0,0.736673,0,0.712732,0.577793,0.996054,1.11212,1.53674,1.3077,0.847632,0.537066,0,0,0,1,1,1,0,0,w,w
19332,G:HEY,1,1,0.966101,0,0,0,1.05926,0.689851,0,1.01378,0.832419,1.69827,0.67935,0.86668,0,0.860847,0,0,1,0,0,0,0,w,w
19333,G:HEY,1,1,0.970763,0,0,0,0.897566,0.720015,0,1.10125,0.74724,1.9226,0.663759,0.885544,0,0.752676,0,0,1,0,1,0,0,w,w
19334,G:HEY,1,1,0.972265,0,0,0,0,0.703571,0.560075,0.988245,0.563203,1.90412,0.586134,0.857933,0.905316,0,0,0,1,0,1,0,0,w,w
19335,G:HEY,1,1,0.960592,0,0.696045,0,0,0.956623,0.746068,1.259,0.728089,2.25203,0.817999,1.00266,0.948133,0,0,0,1,1,1,0,0,w,w
19336,G:HEY,1,1,0.921023,0.803452,1.29768,0,0.648472,1.016,0.536966,1.10236,0.872785,1.40619,0,0.81849,0,0,0,0,1,0,1,0,0,w,w
19337,G:HEY,1,1,0.907864,1.061,1.69264,0,0.726569,1.04825,0,0.976442,0.84546,0,0,0.565078,0,0,0,0,1,0,1,0,0,w,w
19338,G:HEY,1,1,0.91521,0.835718,1.7468,0,0.548816,0.966727,0.871252,0.752081,1.32443,0,0,0.73416,0.670006,0,0,0,1,0,1,0,0,w,w
19339,G:HEY,1,1,0.936816,1.05764,1.99585,0,0,0.997172,0.836706,0.83926,1.41922,0,0.554397,0.854154,1.08903,0,0,0,1,1,1,0,0,w,w
19340,G:HEY,1,1,0.988251,0.535085,1.08718,0.657377,0,0.872603,1.12526,0.76003,1.20044,1.13035,0.773663,0.825542,1.52056,0,0,0,1,1,0,0,0,w,w
19341,G:HEY,1,1,0.971906,0.740246,0,1.1425,0.541886,0,0,0.721346,0.595127,0.720627,0.896716,0.822622,1.42846,0,0,0,1,1,1,0,0,w,w
19342,G:HEY,1,1,0.879292,0,0.582115,2.37244,1.18851,0,0,0,0,0,1.45673,0.701911,0,0,0,1,1,1,0,0,1,w,w
35255,G:HEY,1,1,0.775229,1.45414,0,0,0.643568,0,0,0,0,0,0.846923,0,0,2.29359,0,0,0,0,1,1,1,w,w
35256,G:HEY,1,1,0.817464,0.675927,0,0,0,0,0.744217,0,0,0,0.804757,0,0,3.18959,0.663003,0,0,0,1,0,1,w,w
35257,G:HEY,1,1,0.854048,0.87526,0,0.586781,0,0,1.00699,0,0,0,1.05495,0,0,2.02782,0.720889,1,1,0,1,0,1,w,w
35258,G:HEY,1,1,0.909226,0.574483,0,1.09936,0,0.555454,0.906119,0.586346,0.926818,0,0,0.611478,0,0.871914,0,0,1,0,0,0,1,w,w
35259,G:HEY,1,1,0.928171,0.750263,0,0.604517,0,0,0.896576,0,0.768064,0,0.68623,0,0,0,0,0,1,0,1,0,1,w,w
35260,G:HEY,1,1,0.933306,0,0,0.767957,0,0,1.19024,0,0.782415,0.637882,0.720842,0,0,1.10734,0,0,1,0,1,0,1,w,w
35261,G:HEY,1,1,0.917988,0,0,0.673019,0,0,0.673776,0,0.65844,0.589439,0.815006,0,0,0.948349,0,0,1,0,1,0,1,w,w
35262,G:HEY,1,1,0.880971,0,0,0.989277,0.673926,0,0,0,0.815299,0.650783,0.97196,0,0,1.55398,0,0,1,0,1,0,1,w,w
35263,G:HEY,1,1,0.868178,0.898804,0.835206,1.49397,0.954363,0,0,0,0.833825,0.549669,0.925487,0,0,1.086,0,1,1,0,1,0,1,w,w
35264,G:HEY,1,1,0.773453,1.2266,1.30383,1.44859,0,0,0,0,0.531927,0.946672,1.07371,0,0,1.59997,0,1,0,0,1,0,1,w,w
35265,G:HEY,1,1,0.891836,0,0,0,0,0,0,0,0,0,0,0,1.4333,0.901418,0,0,0,0,0,0,0,w,w
29967,G:HEY,1,1,0.881027,0.943759,0.873641,0.513846,0.53043,0.706709,0,1.23432,1.19831,1.30565,0,1.34919,0.820607,1.73227,0,1,1,0,1,0,0,m,w
29968,G:HEY,1,1,0.916798,0.62094,0,0.892663,0,0,1.01611,0.842184,0.506732,1.56456,0.572136,1.33585,0.76592,0,0,1,0,1,1,0,0,m,w
3030,G:HEY,1,1,0.952047,0,0,0.641042,0,0,0,0.596068,0,1.51194,0,0,0.728463,0,0,0,0,1,0,0,1,m,m
3031,G:HEY,1,1,0.953293,0,0,1.05813,0,0,0,0.780048,0,1.36493,0,0,0.766416,0,0,0,0,1,1,0,1,m,m
3032,G:HEY,1,1,0.960181,0,0,0.856991,0,0,0,0.700118,0,1.51615,0,0,0.949393,1.05696,0,0,0,1,1,0,1,m,m
3033,G:HEY,1,1,0.967088,0,0.510254,0.815542,0,0.555657,0,0.940368,0.502199,1.78972,0,0.55686,1.11431,0.787355,0,0,0,1,1,0,1,m,m
3034,G:HEY,1,1,0.968938,0,0.519662,0.98043,0,0.556828,0,0.885137,0.639578,1.55064,0,0.540439,1.62976,1.50663,0,0,0,1,1,0,1,m,m
3035,G:HEY,1,1,0.96751,0,0.55099,1.25367,0,0.646117,0.780958,1.07911,0.518501,1.698,0,0.599211,1.659,1.52479,0,0,0,1,1,0,1,m,m
3036,G:HEY,1,1,0.971307,0,0,1.46985,0,0.586122,0.805736,0.85558,0,1.63699,0,0.526024,1.75322,1.86806,0,0,0,1,1,0,1,m,m
3037,G:HEY,1,1,0.97641,0,0.79513,1.97513,0,0.630461,0.705136,0.859035,0,1.36519,0.507291,0.632765,2.38742,1.83912,0,0,0,1,1,0,1,m,m
3038,G:HEY,1,1,0.979992,0,0.736782,2.56983,0,0.610245,0.603154,0.634619,0,1.37877,0.573726,0.711102,1.94805,2.54985,0,0,0,1,1,0,1,m,m
3039,G:HEY,1,1,0.97679,0,1.03821,2.66261,0,0.716157,0.929688,0.664921,0.503769,1.27022,0.694205,0.719791,1.64522,2.4285,0,1,0,1,1,0,1,m,m
3040,G:HEY,1,1,0.967091,0,1.02075,3.13903,0,0.717347,0.802957,0.529134,0.669346,1.28489,1.10239,0.648726,1.76093,2.43653,0,1,0,1,1,0,1,m,m
3041,G:HEY,1,1,0.961643,0,0.749904,2.85934,0,0.697328,0.780542,0,0,1.10234,0.831994,0.695031,1.60387,2.73624,0,1,0,1,1,0,1,m,m
3042,G:HEY,1,1,0.953768,0,0,2.69481,0,0.631195,0.734528,0,0,0.916587,0.905376,0.591453,1.45733,2.99579,0,1,0,1,1,0,0,m,m
3043,G:HEY,1,1,0.972143,0,0.706574,2.72933,0,0.662011,0.997709,0.52398,0,1.29773,0.835784,0.788708,1.30974,3.03274,0,1,0,1,1,0,1,m,m
3044,G:HEY,1,1,0.977575,0,0,1.67832,0,0.609224,0,0.527322,0.645382,0.924227,0.702944,0.520245,1.25159,2.54977,0,1,1,1,0,0,1,m,m
3045,G:HEY,1,1,0.727514,0,0.534343,1.42504,0,0.568847,0,0,0,0,0,0,0.90803,1.95555,0,1,0,0,0,0,0,m,m
3046,G:HEY,1,1,0.830536,0,1.32994,0,0,0,0,0,1.25316,0.587617,0,0,0.834643,0,0,0,0,1,1,0,1,m,m
120,G:HEY,1,1,0.976137,0,0,1.45326,0,0,0.642977,0.63993,0,1.88052,0,0,0.807212,0,0,1,0,0,1,0,0,m,m
121,G:HEY,1,1,0.971029,0,0,1.51793,0,0,0,0.698301,0,1.89554,0,0,0.806041,0,0,1,0,0,1,0,1,m,m
122,G:HEY,1,1,0.973702,0,0,1.50754,0,0,0,0.731914,0,1.96018,0,0,0.943073,0,0,1,0,0,1,0,1,m,m
123,G:HEY,1,1,0.975612,0,0,1.31296,0,0,0,0.8106,0,2.11206,0,0,1.25003,0,0,1,0,1,1,0,1,m,m
124,G:HEY,1,1,0.974465,0,0,1.1915,0,0,0,0.784726,0.56158,2.1081,0.597482,0,1.54771,0,0,1,0,1,1,0,1,m,m
125,G:HEY,1,1,0.972951,0,0,0.955448,0,0,0,0.783993,0.536383,2.28345,0.673414,0,1.7934,0,0,1,0,0,1,0,1,m,m
126,G:HEY,1,1,0.971099,0,0,0.855803,0,0,0,0.814633,0,2.33889,0.531395,0,1.7127,0,0,1,0,0,1,0,1,m,m
127,G:HEY,1,1,0.972779,0,0.570204,1.16205,0,0,0,0.729406,0,2.11944,0.736366,0,1.40262,0,0,1,0,0,1,0,1,m,m
128,G:HEY,1,1,0.97223,0,0,1.05385,0,0,0,0.730356,0,2.11652,0.514246,0,1.54825,0,0,1,0,0,1,0,1,m,m
129,G:HEY,1,1,0.968113,0,0.535122,0.795126,0,0,0,0.824408,0,2.2173,0,0,1.3226,0,0,1,0,0,1,0,1,m,m
130,G:HEY,1,1,0.968547,0,0.677669,0.955237,0,0,0,0.720984,0,2.0267,0.559782,0,1.38181,0,0,1,0,0,1,0,1,m,m
131,G:HEY,1,1,0.964737,0,0.701462,0.774435,0,0,0,0.636036,0,1.89231,0,0,0.927836,0,0,1,0,0,1,0,1,m,m
132,G:HEY,1,1,0.961806,0,0,0.604758,0,0,0,0.582779,0,2.09145,0,0,1.30898,0,0,0,0,0,1,0,1,m,m
133,G:HEY,1,1,0.929191,0,0.610853,0.645297,0,0,0,0.548994,0,1.90481,0,0,1.2239,0,0,0,0,0,1,0,1,m,m
134,G:HEY,1,1,0.921002,0,0.608225,0.620713,0,0,0,0,0,1.69767,0,0,1.53356,1.38899,0,0,0,0,1,0,1,m,m
135,G:HEY,1,1,0.918198,0,0.53036,0,0,0,0,0.515107,0,1.70754,1.05377,0,2.39615,1.83027,0.518527,0,0,1,1,0,1,m,m
136,G:HEY,1,1,0.885919,0,0.727498,0.979882,0,0,0,0,0,1.45151,0.720384,0,2.87792,2.06372,0,0,0,1,1,0,1,m,m
137,G:HEY,1,1,0.843114,1.3721,1.22062,1.80687,0,0,0,0,0,1.01112,1.57343,0,2.71462,3.57041,0.516494,0,0,1,1,0,1,m,m
138,G:HEY,1,1,0.763161,1.44572,3.15283,2.20388,0,0,0,0,0,0,2.03321,0,2.9628,2.80545,0.611428,0,0,1,1,0,0,m,m
2757,G:HEY,1,1,0.943412,0,0,1.8002,0,0,1.34811,0,0,0,0.586045,0.590169,0,1.63728,0.645638,1,0,1,1,0,1,m,m
2758,G:HEY,1,1,0.947079,0,0,1.86299,0,0,1.55677,0,0,0,0.932972,0.719358,0,2.11123,0.669153,1,0,1,1,0,1,m,m
2759,G:HEY,1,1,0.939688,0,0,1.82802,0,0,1.35358,0,0,0,1.04488,0.855423,0,2.15596,0.747472,1,0,1,1,0,1,m,m
2760,G:HEY,1,1,0.9524,0,0,1.73028,0,0,1.53365,0,0,0,0.952654,0.798038,0,3.09671,0.746607,1,0,1,1,0,1,m,m
2761,G:HEY,1,1,0.928838,0,0,1.51103,0,0,1.78284,0,0,0,1.30251,0.707353,0,3.4445,0.642456,1,0,1,1,0,1,m,m
2762,G:HEY,1,1,0.87808,0,0,1.5832,0,0,1.84708,0,0,0,1.31959,0,0,2.96861,0.529895,1,0,1,1,0,1,m,m
2763,G:HEY,1,1,0.875072,0,0,1.81693,0,0,1.58794,0,0,0,1.22583,0,0,2.4061,0.509451,1,0,1,1,0,1,m,m
2764,G:HEY,1,1,0.894472,0,0,1.88861,0,0,1.27174,0,0,0,1.20393,0,0,2.63288,0.510119,1,0,1,1,0,1,m,m
2765,G:HEY,1,1,0.902738,0,0,1.79738,0,0,0.760903,0,0,0,1.08403,0.509653,0,2.68523,0.573908,1,0,1,1,0,1,m,m
2766,G:HEY,1,1,0.90621,0,0,1.82991,0,0,1.02557,0,0,0,1.07303,0.57473,0,2.43703,0.628576,1,0,1,1,0,1,m,m
2767,G:HEY,1,1,0.913084,0,0,2.04038,0,0,0.71789,0,0,0,0.702567,0.652079,0.523905,2.22583,0.560126,1,0,1,1,0,1,m,m
2768,G:HEY,1,1,0.922955,0,0,2.0982,0.52358,0,0.538859,0,0,0,0.789893,0.638856,0.61682,1.86096,0.567786,1,0,1,1,0,1,m,m
2884,G:HEY,1,1,0.762955,0.981231,0,0,0.811394,0,1.64467,0,0,0,0,0,0.686183,2.49912,0.685423,0,0,0,1,0,0,m,m
2885,G:HEY,1,1,0.897105,1.06793,0,0,0.834114,0,1.02215,0,0,0,0,0,0,2.09013,0.523097,0,0,0,1,0,0,m,m
2886,G:HEY,1,1,0.767235,1.09855,1.11039,0,0.765476,0,0,0,0.632694,0,0,0.768929,0.624609,0,0,0,1,1,1,0,0,m,m
2910,G:HEY,1,1,0.788112,1.81111,1.96101,2.28062,2.18644,0,2.34022,0,0.532364,0,0.707859,0,1.56997,1.78778,0,0,0,1,0,0,0,m,m
2911,G:HEY,1,1,0.775101,1.81143,1.84541,2.38651,2.12402,0,2.43519,0,0,0,0.898691,0,1.68387,0.907959,0,0,0,1,0,0,0,m,m
2912,G:HEY,1,1,0.793406,2.1894,1.76133,1.92618,2.11685,0,1.79513,0,0.558339,0,0.663852,0,0.868343,0.993177,0,0,0,1,0,0,0,m,m
2913,G:HEY,1,1,0.797793,2.23303,1.72186,1.31116,2.44331,0,1.41636,0,0.579021,0,0,0,1.26254,0.719176,0,0,0,0,0,0,0,m,m
2914,G:HEY,1,1,0.807696,2.32174,1.55682,1.56086,1.8446,0,0,0,0.952973,0,0,0,1.0939,0,0,0,0,0,0,0,0,m,m
2915,G:HEY,1,1,0.776111,2.20391,1.32896,1.71978,1.88149,0,0,0,0.720368,0,0,0,1.00456,0,0,1,0,1,1,0,0,m,m
2916,G:HEY,1,1,0.746777,2.19286,1.86672,2.68429,1.52762,0,0,0,0,0,0,0.682506,1.1504,0,0,1,0,1,1,0,0,m,m
2920,G:HEY,1,1,0.816103,0.785025,0.988187,0,1.02834,0,0,0,0.6394,0,0,0,1.49057,0,0,0,0,1,1,0,0,m,m
2921,G:HEY,1,1,0.887187,1.0207,0,0,0,0,0,0,0.638415,0,0,0,1.91413,1.19458,0.521618,0,0,0,1,0,0,m,m
2922,G:HEY,1,1,0.870026,0.884473,0,1.21409,0,0,0,0,0.65316,0,0,0,1.73305,0,0.732381,0,0,0,0,0,1,m,m
7460,G:HEY,1,1,0.831429,1.52111,0.635996,2.91997,0,0,0,0,0.734659,0,1.35248,0.727688,0,0.875245,0,1,0,1,1,0,0,m,m
7461,G:HEY,1,1,0.805148,1.97199,0.711618,3.21305,0,0,0,0,0,0,0.758134,1.18279,1.59322,0,0,0,0,1,1,0,0,m,m
17403,G:HEY,1,1,0.763363,0.746264,0.624915,0,1.12226,1.16723,0.50294,1.329,2.26013,2.38414,0.601721,0,0.925156,1.04343,0,0,1,1,1,0,0,m,m
17404,G:HEY,1,1,0.787514,0.798675,0,0,0.553543,0.983229,0,1.16036,2.00167,2.77059,0,0,1.98576,1.35256,0,0,1,1,1,0,0,m,m
17405,G:HEY,1,1,0.753492,1.10495,0,0,0.796732,0.95463,0,1.20834,2.00046,2.0421,0,0,2.36403,0.516022,0,0,1,1,1,0,0,m,m
17406,G:HEY,1,1,0.729875,0.83601,0.893876,0,0.789797,0.885675,0.583127,0.988847,2.01478,1.95282,0,0,2.06534,0,0,0,1,1,1,0,0,m,m
17415,G:HEY,1,1,0.895879,1.44481,0.693389,0.834178,0,1.34291,0,1.64195,2.28357,2.88356,0.671785,0,1.52475,2.71282,0,0,1,1,1,0,0,m,m
17416,G:HEY,1,1,0.930318,1.09746,0.692195,0.713372,0,1.27567,0,1.45948,2.1079,2.43286,0.846481,0,1.51899,2.62904,0,0,1,1,1,0,1,m,m
17417,G:HEY,1,1,0.918764,1.09957,0,0.516167,0,0.68224,0.665675,0.829117,1.52642,2.15021,0.664281,0,1.53772,1.26941,0,0,1,1,1,0,0,m,m
17418,G:HEY,1,1,0.845887,0.809529,0,0,0,0.594524,0,0.632138,1.17032,1.89501,1.74555,0.719275,1.51605,0,0,0,0,1,1,0,0,m,m
17419,G:HEY,1,1,0.846904,0,0,0,0,0.630432,0.54789,0.759332,0.952468,1.78032,1.04774,0.812909,1.51539,0,0,0,0,1,0,0,0,m,m
17420,G:HEY,1,1,0.800763,0,0,0,0,0.666716,0.559219,0.816048,1.09773,2.01956,1.11899,0.589951,1.35701,0,0,0,1,1,0,0,0,m,m
17421,G:HEY,1,1,0.796623,0,0,0,0.541256,0.729115,0.838744,0.873452,1.18624,1.77389,1.04432,0.567161,1.45203,0,0,0,1,1,0,0,0,m,m
17422,G:HEY,1,1,0.784346,0.541588,0,0,0,0.751163,0.673098,0.855659,1.22097,1.73113,0.941211,0.564726,1.47069,0.593832,0,0,1,1,1,0,0,m,m
17423,G:HEY,1,1,0.796792,0,0,0,0,0.810602,0.872382,0.875853,1.11007,1.88404,0.855867,0.504882,1.81075,0.818119,0,0,1,1,1,0,0,m,m
17424,G:HEY,1,1,0.786879,0,0,0,0.631038,0.771103,0.613005,0.871075,1.20075,1.73292,0.945608,0,0.932648,1.00432,0,0,1,1,0,0,0,m,m
17425,G:HEY,1,1,0.791461,0.728539,0,0,0,0.763014,0.871295,0.776459,1.12091,1.57061,1.04381,0,0.779633,1.15572,0,0,1,1,1,0,0,m,m
17426,G:HEY,1,1,0.812904,0.716895,0,0,0.673274,0.770598,0,0.752528,0.961798,1.22607,0.609752,0,0.746022,2.10636,0,0,1,1,1,0,0,m,m
17427,G:HEY,1,1,0.837887,1.25176,0,0,0.970714,0.593338,0,0.573219,0.757092,1.12506,0,0,0,2.11818,0,0,0,1,1,0,0,m,m
17428,G:HEY,1,1,0.882211,1.49673,0.942012,0,1.24254,0,0,0,0,0,0,0,0.642727,1.81852,0,0,0,0,1,0,0,m,m
17429,G:HEY,1,1,0.865792,1.54939,1.71153,0,0,0,0,0,0,0,0,0,0.937252,3.75696,0,0,0,1,0,0,0,m,m
17430,G:HEY,1,1,0.877089,1.9145,2.07551,0,0.965304,0,0,0,0,0,0,0,0.681699,3.59148,0,0,0,1,0,0,0,m,m
17431,G:HEY,1,1,0.858144,2.25963,2.04294,0,1.15158,0,0.650625,0,0,0,0,0,0,1.45376,0,0,0,1,0,0,0,m,m
17432,G:HEY,1,1,0.869229,2.28182,1.87056,0,0.906815,0,0,0,0,0,0,0,0,3.357,0,0,0,1,1,0,0,m,m
17433,G:HEY,1,1,0.889602,1.85414,1.28005,0,1.31233,0,0,0,0,0.78897,0,0,0,2.24485,0,0,0,0,1,0,0,m,m
17434,G:HEY,1,1,0.831438,1.34851,1.09265,0,1.30397,0,0,0,0,1.04892,0,0,0.573496,0.875695,0,0,0,1,1,0,0,m,m
17435,G:HEY,1,1,0.862662,1.12117,1.00195,0,0.910983,0,0,0,0,0.893285,0,0,0.874169,1.08242,0,0,0,0,1,0,0,m,m
17436,G:HEY,1,1,0.781871,1.3989,1.08534,0,1.11156,0,0,0,0,0.571386,0,0,0,0.733111,0,0,0,0,1,0,0,m,m
17437,G:HEY,1,1,0.828156,1.62545,1.39295,0,1.30039,0,0,0,0,0.572793,0,0.714978,0.625552,0,0,0,0,1,1,0,0,m,m
17438,G:HEY,1,1,0.798962,1.42521,1.17751,0,0.994933,0,0.743156,0,0,0,0,0,0,0.665219,0,0,0,0,1,0,0,m,m
17439,G:HEY,1,1,0.849674,1.09403,1.21091,0,0.732531,0,1.06515,0,0,0,0,0,0,0,0,0,0,0,1,0,0,m,m
17440,G:HEY,1,1,0.872559,0.829747,0.884645,0,0.98876,0,1.03772,0,0,0,0,0,0,1.75891,0,0,0,1,1,0,0,m,m
31648,G:HEY,1,1,0.804582,0.869451,1.16496,2.64182,0,0,1.10809,0,0,0.693109,1.58149,0,0,0.992617,0,1,1,1,1,0,0,m,m
31653,G:HEY,1,1,0.829985,0,0.66813,1.93021,0,0,0,0.56975,0,0,1.00973,0.518497,1.52066,0,0,1,0,1,0,0,1,m,m
31654,G:HEY,1,1,0.838366,0,0.659367,2.01515,0,0,0,0.553123,0,0,0.71213,0.612251,1.31373,0,0.503197,1,0,1,0,0,0,m,m
31657,G:HEY,1,1,0.840602,0,0.542178,2.05652,0,0.557161,0,0.712752,0.664119,0,0.683512,0.760542,1.15299,0,0,0,0,1,0,0,0,m,m
32518,G:HEY,1,1,0.832038,0,0,1.39654,0,0,0,0,0,0,0,0,1.57603,1.14892,0,1,0,1,1,0,0,m,m
32519,G:HEY,1,1,0.8245,0,0,1.23822,0,0,0,0,0,0,0,0,1.87114,0,0,1,0,1,0,0,0,m,m
32520,G:HEY,1,1,0.823945,0,0,1.1007,0,0,0,0,0,0,0,0,1.75715,0,0,0,0,0,0,0,0,m,m
32521,G:HEY,1,1,0.825863,0,0,1.1857,0.821706,0,0,0,0,0,0,0,1.52493,0.602435,0,0,0,0,1,0,0,m,m
32522,G:HEY,1,1,0.768175,0,0.839179,0.559226,0,0,0.891305,0,0,0,0.66691,0,1.43849,0.820585,0,0,0,1,1,0,0,m,m
32523,G:HEY,1,1,0.824939,0,0,1.19831,0,0,0,0,0,0,0,0,1.67804,0.900913,0,0,0,0,1,0,0,m,m
32524,G:HEY,1,1,0.794425,0,0.568215,1.31176,0.556616,0,0,0,0,0,0,0,1.58597,0.705632,0,0,0,0,0,0,0,m,m
32533,G:HEY,1,1,0.804877,0,0,0.645054,0.595857,0,0.986996,0,0,0,0,0,1.44534,0.870659,0,0,0,0,1,0,1,m,m
32534,G:HEY,1,1,0.798747,0,0,0.645444,0,0,0.515623,0,0,0,0,0,0.656024,1.16542,0,0,0,0,0,0,0,m,m
32535,G:HEY,1,1,0.897773,0,0,0,0.782702,0,0.599483,0,0,0,0,0,0.696408,1.65689,0,1,0,0,0,0,0,m,m
32536,G:HEY,1,1,0.862417,0,0,0,0.829538,0,0.924954,0,0,0,0,0,1.4618,1.47589,0,1,0,0,0,0,1,m,m
32543,G:HEY,1,1,0.849716,1.57864,0.99749,0,0,0,0,0,0,0,0,0,0,2.89184,0.948567,0,0,1,0,0,0,m,m
32544,G:HEY,1,1,0.729427,0.57212,0.559067,0.605107,0,0,0.524162,0,1.25043,0,0,0,1.09236,1.97973,0.804669,0,0,1,0,0,1,m,m
33824,G:HEY,1,1,0.841616,0,0,0,1.31089,0,0,0,0.695683,0.790503,0,0.562707,0.819577,0,0,0,0,1,1,0,0,m,m
34185,G:HEY,1,1,0.925633,0.507575,0,0,1.18246,0,0,0,0.920817,0,0,0,1.39582,0.93422,0,0,0,0,1,0,0,m,m
34186,G:HEY,1,1,0.853305,0,1.91646,0,0,0,0,0,0,0,0,0,4.14187,5,0.788901,0,0,1,1,0,0,m,m
34187,G:HEY,1,1,0.880875,0.563162,1.31177,0,0.537862,0,0.531911,0,0,0,0,0,3.29703,4.1751,0.857225,0,0,0,0,0,0,m,m
34188,G:HEY,1,1,0.847459,0.967741,1.12518,0,0.504424,0,1.22569,0,0,0,0,0,1.89392,0.702195,0.84678,0,0,1,0,0,0,m,m
34189,G:HEY,1,1,0.847244,0.571836,0,0,0,0,1.24918,0,0,0,0,0,1.57616,1.14032,0.857258,0,0,0,0,0,1,m,m
34190,G:HEY,1,1,0.836259,0,0,0,0,0,1.28438,0,0,0,0,0,2.056,1.8144,0.900467,0,0,1,0,0,1,m,m
34191,G:HEY,1,1,0.865332,0,0.522094,0,0,0,1.04224,0,0,0,0,0,2.1852,2.64356,0.959394,0,0,0,0,0,1,m,m
34192,G:HEY,1,1,0.916784,0,0.766997,0,0,0,2.00251,0,0,0,0,0,1.81863,0.824917,0.872982,0,0,0,0,0,1,m,m
34193,G:HEY,1,1,0.938094,0,0,0,0,0,1.05498,0,0,0,0,0,2.68003,1.35687,0.88749,0,0,0,0,0,1,m,m
34194,G:HEY,1,1,0.953315,0,0,0,0.627434,0,0,0,0,0,0,0,2.43381,1.56017,0.62112,0,0,1,1,0,0,m,m
34195,G:HEY,1,1,0.962401,0,0,0,0.564481,0,0,0,0,0,0,0,1.87681,0.966541,0.531083,0,0,0,1,0,0,m,m
34196,G:HEY,1,1,0.961327,0,0,0,0.700225,0,0,0,0,0,0,0,2.00667,0,0,0,0,0,1,0,0,m,m
34197,G:HEY,1,1,0.960757,0,0,0,0.58332,0,0.82806,0,0,0,0,0,2.09273,0.531039,0,0,0,0,1,0,0,m,m
34198,G:HEY,1,1,0.955761,0,0,0,0,0,1.12877,0,0,0,0,0,1.53075,1.26712,0,0,0,0,1,0,0,m,m
34199,G:HEY,1,1,0.948779,0,0,0,0,0,0.886876,0,0,0,0,0,1.38131,1.5363,0,0,0,0,1,0,0,m,m
34200,G:HEY,1,1,0.949322,0,0,0,0,0,0.970865,0,0,0,0,0,1.0044,1.93533,0,0,0,1,0,0,0,m,m
34201,G:HEY,1,1,0.94107,0,0,0,0,0,1.05598,0,0,0,0,0,1.06263,2.10221,0,0,0,1,1,0,0,m,m
34202,G:HEY,1,1,0.899504,0,0,0,0,0,1.20054,0,0,0,0,0,0.821744,1.77721,0,0,0,1,0,0,1,m,m
34203,G:HEY,1,1,0.889752,0,0,0,0.602068,0,0.858722,0,0,0,0,0,1.58697,1.08164,0,0,0,1,0,0,1,m,m
34204,G:HEY,1,1,0.87455,0,0,0,0,0,0.556741,0,0,0,0,0,1.35103,1.25518,0,0,1,1,0,0,1,m,m
34205,G:HEY,1,1,0.795743,0,0,0,0,0,0.721445,0,0,0,0,0,0.895346,0.643692,0,0,1,1,1,0,0,m,m
34206,G:HEY,1,1,0.780013,0,0,0,0,0,1.13333,0,0,0,0,0,0,1.24009,0,0,1,1,1,0,0,m,m
34207,G:HEY,1,1,0.775048,0,0,0,0.587664,0,1.3661,0,0,0,0,0,0,0.884787,0,1,0,1,1,0,0,m,m
34208,G:HEY,1,1,0.772913,0,0,0,0.730602,0,1.65907,0,0,0.866594,0,0,0,0.934761,0,1,0,1,1,0,0,m,m
34209,G:HEY,1,1,0.863111,0,0,0.52395,0.667674,0,2.3681,0,0,0.92941,0,0,0,3.38344,0,1,0,1,1,0,1,m,m
34210,G:HEY,1,1,0.854695,0,0,0.713994,0,0,2.57137,0,0,0.977368,0,0,0,3.66687,0,1,0,1,0,0,1,m,m
34211,G:HEY,1,1,0.8131,0,0,0.942823,0,0,2.41103,0,0,0.703002,0,0,0,2.16571,0.66384,1,0,1,1,0,1,m,m
34212,G:HEY,1,1,0.793223,0,0,0.735644,0.58336,0,1.72809,0,0,0,0.525619,0,0,1.60712,0.571747,1,0,1,0,0,1,m,m
34213,G:HEY,1,1,0.838436,0.808741,0,0,0.663164,0,0,0,0,0,0,0,0.76594,1.71084,0,0,0,1,1,0,1,m,m
34214,G:HEY,1,1,0.895397,0,0,0,0.689645,0,0.666446,0,0,0,0,0,0,1.75932,0,0,0,1,1,0,1,m,m
34215,G:HEY,1,1,0.89718,0.591191,0,0,0,0,0.629978,0,0,0,0,0,0.734454,1.49912,0,0,0,1,0,0,1,m,m
34216,G:HEY,1,1,0.911368,0.597543,0,0,0.528983,0,1.10206,0,0,0.7111,0,0,1.12631,1.36849,0,0,1,1,0,0,0,m,m
34217,G:HEY,1,1,0.863262,0.951514,0,0,0.551831,0.534666,1.38395,0.598508,0.895325,0,0,0,1.63174,2.13472,0,0,1,1,1,0,0,m,m
34218,G:HEY,1,1,0.829571,1.18741,0,0,0.739026,0.672297,1.63002,0.737264,1.26208,0.859663,0,0,2.19626,0.992474,0,0,1,1,1,0,0,m,m
34219,G:HEY,1,1,0.849691,1.13815,0.844143,0,0,0.649355,0.795903,0.727359,1.3786,0.745933,0,0,2.25013,0,0,0,1,0,1,0,0,m,m
34220,G:HEY,1,1,0.844422,0.782012,0,0,0,0,1.03235,0.57059,1.03598,1.01847,0,0,2.35909,0,0,0,1,0,1,0,0,m,m
34221,G:HEY,1,1,0.842698,0.635889,0,0,0,0,0.894043,0.545364,1.12671,1.2029,0,0,2.1738,0,0,0,1,0,1,0,0,m,m
34222,G:HEY,1,1,0.847969,0,0,0,0.783021,0,0.534806,0,1.24777,0.796093,0,0,1.80456,0,0,0,1,0,1,0,0,m,m
34918,G:HEY,1,1,0.87042,0,0,0.787197,0,0,1.0017,0,0,0.589116,0,0,1.971,0,0,0,0,1,0,0,1,m,m
34919,G:HEY,1,1,0.843144,0,0,0.752655,0,0,1.36327,0,0,0,0,0,1.79385,0,0.537369,1,0,1,0,0,1,m,m
34920,G:HEY,1,1,0.840716,0,0,0.732027,0,0,1.37512,0,0,0.602807,0,0,1.63258,0,0,1,0,1,0,0,1,m,m
34921,G:HEY,1,1,0.919242,0,0,0.547442,0,0,1.28831,0,0,0,0,0,1.66341,0,0,1,0,1,1,0,0,m,m
34922,G:HEY,1,1,0.955601,0,0,0.862808,0,0,1.88206,0,0,0.693114,0,0,1.12463,0.725953,0,1,0,1,0,0,1,m,m
34923,G:HEY,1,1,0.95381,0,0,0.822524,0,0,2.78751,0,0,0.51104,0,0,0.610058,2.20547,0,1,0,0,0,0,1,m,m
34924,G:HEY,1,1,0.953738,0,0,0.958776,0,0,1.87072,0,0,0,0,0,0,2.41851,0,1,0,1,1,0,1,m,m
34925,G:HEY,1,1,0.93256,0,0,0.897733,0,0,1.53007,0,0,0.57768,0,0,0,3.48688,0,1,0,1,1,0,1,m,m
34926,G:HEY,1,1,0.931082,0,0,0.936774,0,0,1.63642,0,0,0.679619,0,0,0,3.78397,0,1,0,0,1,0,1,m,m
34927,G:HEY,1,1,0.927298,0,0.553965,0.644454,0,0,1.57597,0,0,0.545257,0,0,0,3.49229,0,1,0,0,1,0,1,m,m
34928,G:HEY,1,1,0.930578,0,0,0.74067,0,0,1.19468,0,0,0,0,0,0,3.77449,0,1,0,0,1,0,1,m,m
34929,G:HEY,1,1,0.930971,0,0,0.915922,0,0,1.45868,0,0,0,0,0.525691,0,2.94948,0,1,0,0,1,0,1,m,m
34930,G:HEY,1,1,0.93148,0,0,1.11443,0,0,1.60282,0,0,0,0,0,0,2.87435,0,1,0,0,0,0,1,m,m
34931,G:HEY,1,1,0.926964,0,0,1.11024,0,0,1.38939,0,0,0,0,0,0,2.87902,0,1,0,0,1,0,1,m,m
34932,G:HEY,1,1,0.920481,0,0,1.1595,0,0,1.49065,0,0,0,0,0,0,3.21577,0,1,0,0,1,0,1,m,m
34933,G:HEY,1,1,0.933718,0,0,0.824657,0,0,1.1085,0,0,0,0,0,0,3.51105,0,1,0,0,0,0,1,m,m
34934,G:HEY,1,1,0.945645,0,0,0.99736,0,0,1.53125,0,0,0.6751,0,0,0,3.49323,0,1,0,0,1,0,1,m,m
34935,G:HEY,1,1,0.955945,0,0,0.645376,0,0,1.33674,0.518124,0,0.940683,0,0,1.05346,3.53699,0,1,0,1,0,0,1,m,m
34936,G:HEY,1,1,0.908945,0,0,0,0,0,0.632674,0,0,0.525974,0,0,0.914368,3.64985,0,1,0,0,1,0,1,m,m
34937,G:HEY,1,1,0.904667,0,0,0,0,0,0,0,0,0,0,0,0.614768,2.90403,0,1,0,0,1,0,1,m,m
34938,G:HEY,1,1,0.909629,0,0,1.00594,0,0,0,0,0,0,0,0,1.23508,2.32771,0,1,0,0,1,0,1,m,m
34939,G:HEY,1,1,0.802357,0,0.569072,1.32697,0,0,0,0,0,0.864713,0,0.705403,1.0991,2.86423,0,1,0,0,1,0,0,m,m
34940,G:HEY,1,1,0.935389,0,0,0,0.694946,0,0.948461,0,0,0,0,0.517957,1.88148,2.35641,0,1,1,0,1,0,0,m,m
34941,G:HEY,1,1,0.934347,0,1.42595,0.653378,0,0.550092,0,0,0,0,0,0.540638,1.86809,2.77744,0.664868,1,1,0,1,0,0,m,m
44739,G:HEY,1,1,0.823748,0,0,1.26485,1.21151,0,0.824544,0,0.566393,0,0,0,0,2.09093,0,1,0,1,1,0,0,m,m
44740,G:HEY,1,1,0.844516,0,0.824278,1.3617,1.37674,0,0.999983,0,0,0,0,0,0,1.18078,0,1,0,0,1,0,0,m,m
44741,G:HEY,1,1,0.79939,0,1.30281,1.15085,1.45113,0,0.982877,0,0,0,0,0,0,1.29324,0,1,1,1,1,0,0,m,m
44742,G:HEY,1,1,0.822832,0,1.50705,1.22876,1.04905,0,1.2131,0,0,0,0,0,0,1.80883,0,1,0,1,1,0,0,m,m
44743,G:HEY,1,1,0.81214,0,0.849633,1.20681,1.03727,0,1.16921,0,0,0.572056,0,0,0,1.86599,0,1,0,1,0,0,0,m,m
44744,G:HEY,1,1,0.751959,0,0.820608,1.82877,0.71472,0,0.983998,0,0,0.849097,0,0,0,1.62232,0,1,0,1,0,0,0,m,m
44745,G:HEY,1,1,0.941369,0,0,1.83685,0,0,0.87119,0,0,0,1.15782,0,0,1.98242,0,1,0,1,0,0,1,m,m
44746,G:HEY,1,1,0.948216,0,0,1.80687,0,0,0,0,0,0,0.935532,0,0,2.19942,0,1,0,1,0,0,1,m,m
44747,G:HEY,1,1,0.918305,0,0,1.82065,0,0,0,0,0,0.741771,1.02955,0,0,2.32458,0,1,0,1,0,0,1,m,m
44762,G:HEY,1,1,0.835737,0,0,0.934866,0,0.527197,0.771947,0.817424,0,1.54433,0,0.524281,0,1.61418,0,1,0,1,1,0,0,m,m
44763,G:HEY,1,1,0.83805,0,0,0.750321,0,0.696141,0,0.760211,0,1.35133,0.547515,0,0,1.36364,0,1,0,1,1,0,1,m,m
44765,G:HEY,1,1,0.846564,0,0,0,0,0.586498,0.500817,0.630454,0,0.578365,0,1.00857,0,0.872676,0,0,0,1,1,0,1,m,m
44766,G:HEY,1,1,0.836374,0,0,0,0.823007,0,0.924578,0,0,0,0,0.807589,0.534865,0.595088,0,0,0,1,1,0,0,m,m
45398,G:HEY,1,1,0.816448,2.44243,3.44928,1.48052,0,0,0,0,0,0,0,0,0,0,0.804061,1,0,0,1,0,0,m,m
45468,G:HEY,1,1,0.95366,0.752098,1.51324,0,0.776594,0,1.91576,0,0,0,0,0,0.870062,1.19874,0,1,0,1,1,0,0,m,m
45469,G:HEY,1,1,0.946356,1.05709,0.89497,0,1.11456,0,2.092,0,0,0,0,0,0,2.40202,0,1,0,1,1,0,0,m,m
45470,G:HEY,1,1,0.937449,1.07265,0.534738,0,0.969665,0,0.96254,0,0,0,0,0,0.548365,2.12719,0,0,0,1,1,0,0,m,m
45471,G:HEY,1,1,0.931091,1.40736,1.41457,0,0.574394,0,0.942218,0,0,0,0,0,0.886378,2.99428,0,0,0,1,0,0,0,m,m
45472,G:HEY,1,1,0.925359,1.80821,1.69405,0,0,0,1.12468,0,0,0,0,0,1.33057,3.86876,0,0,0,1,0,0,0,m,m
45473,G:HEY,1,1,0.79664,1.82788,2.43192,0,0,0,0,0,0.827325,0,0,0.842769,2.26723,3.17152,0,0,0,1,0,0,0,m,m
45474,G:HEY,1,1,0.878241,0,1.02194,0,0.801552,0,1.27179,0,0,1.04362,0.796806,0,1.44048,1.23231,0,1,1,1,1,0,0,m,m
45475,G:HEY,1,1,0.856243,0.566309,0.775429,0,1.21842,0,0.782081,0,0,0,1.10582,0.500344,1.2709,2.2521,0,0,1,1,1,0,0,m,m
45476,G:HEY,1,1,0.838441,1.10083,0.993088,0.729614,0.831103,0,0.897554,0,0,0.663084,0.997868,0,1.12555,2.25628,0,0,0,1,1,0,0,m,m
45477,G:HEY,1,1,0.902514,0.927814,0,0.624154,0,0,0.855981,0,0.848089,0.71543,0,0.660228,1.68556,1.28959,0,0,0,1,1,0,0,m,m
45478,G:HEY,1,1,0.879591,1.13817,0,0.985093,0,0,0,0,0.98431,1.0709,0.565837,0.599187,1.52058,1.09815,0,0,0,1,1,0,0,m,m
45481,G:HEY,1,1,0.844617,1.10468,0.555741,0.557744,0.656449,0,0,0,0.971637,0,0,0.580365,1.19725,1.57478,0.613885,0,0,1,1,0,0,m,m
45482,G:HEY,1,1,0.873205,0.526766,0,0,0,0,0,0,0.579016,0,0.576533,0.636736,1.28856,1.41934,0.700671,0,0,0,1,0,0,m,m
45563,G:HEY,1,1,0.76889,0.799903,0,2.11387,0,0,0,0,0,0,0.777873,0,0,0.525186,0,0,1,1,1,0,0,m,m
45564,G:HEY,1,1,0.736266,0.975455,1.06564,1.97967,0,0,0,0,0,0.633977,0.614299,0,0,0.999104,0,0,1,1,1,0,0,m,m
45565,G:HEY,1,1,0.725137,0.757092,0.997947,1.76628,0,0,0,0,0,0,0.61838,0,0,1.03332,0,0,1,1,1,0,0,m,m
45570,G:HEY,1,1,0.848993,0,0,1.65204,0,0,0,0,0,0,0.606999,0.532621,0.948016,0,0,0,0,1,1,0,0,m,m
45571,G:HEY,1,1,0.837966,0.527412,0,1.86627,0,0,0,0,0,0,0.712464,0,0.971071,0.922103,0,0,0,1,1,0,0,m,m
45572,G:HEY,1,1,0.814631,0.610818,0,1.7554,0,0,0,0,0,0,0.878456,0,0.881618,0.598756,0,0,0,1,1,0,0,m,m
45575,G:HEY,1,1,0.801491,1.51085,1.23705,1.14697,0,0,0,0,0,0.967472,1.15512,0.666151,0,0,0,1,0,1,1,0,0,m,m
45576,G:HEY,1,1,0.848328,1.25093,1.58175,1.53446,0,0,0,0,0,1.97579,1.22157,0.887739,0,0,0,1,0,1,1,1,0,m,m
45604,G:HEY,1,1,0.813324,1.51556,0,0,0.913745,0,0,0,0.582114,0,1.21327,0,0,0,0,1,1,1,1,0,1,m,m
45605,G:HEY,1,1,0.868386,1.69699,1.32665,0,1.54998,0,1.39332,0,0,0,0.989364,0,0,0,0,1,1,1,1,0,1,m,m
45606,G:HEY,1,1,0.894566,1.24085,1.39944,0,0.930856,0,1.33118,0,0,0,0.603233,0,0,0.665283,0,0,1,1,1,0,1,m,m
45607,G:HEY,1,1,0.827194,0.668677,1.54546,0.799922,0.699198,0,0.908647,0,0,0,0.743342,0,0.59536,1.6736,0,0,1,1,1,0,1,m,m
45608,G:HEY,1,1,0.878192,0,1.36659,1.03046,0.504303,0.534939,0.949098,0,0,0,0.612694,0,0.81006,1.39597,0,0,1,1,0,0,1,m,m
45609,G:HEY,1,1,0.907479,0,0.88518,0.852834,0,0.604534,1.22824,0.59531,0,0.84681,0,0,1.09627,0.725614,0,0,1,1,0,0,1,m,m
45610,G:HEY,1,1,0.91738,0,0,0.728218,0,0,0.798263,0,0.984744,0,0,0,0.55342,1.65536,0,0,1,1,1,0,0,m,m
46524,G:HEY,1,1,0.89835,0.546296,0,1.78732,0,0.509203,0,0.570746,0,0,0,0,2.34729,0.595958,0.660917,1,1,0,0,0,1,m,m
46525,G:HEY,1,1,0.895465,0.854783,0.743242,1.95867,0,0.642215,0,0.748042,0.637576,0,0,0,2.42957,0.587464,0.711822,1,1,0,1,0,1,m,m
46526,G:HEY,1,1,0.921715,0.604252,0.859075,2.15075,0,0,0,0.509896,0,0,0,0,2.41853,0,0.690346,1,0,1,1,0,0,m,m
46556,G:HEY,1,1,0.76959,0.988622,1.48767,2.25968,0,0,0,0,0,0,0.804457,0,2.36197,0,0.572268,1,0,1,0,0,1,m,m
46557,G:HEY,1,1,0.799494,1.14379,1.71754,2.63152,0,0,0,0,0,0,0.539217,0.504537,2.31024,0,0.682653,1,0,0,1,0,0,m,m
46560,G:HEY,1,1,0.732681,0.803853,1.53312,2.59498,0,0,0,0,0,0,0,0,2.21142,0.809085,0,1,0,1,0,0,1,m,m
46561,G:HEY,1,1,0.740716,0.736775,1.51581,2.57944,0,0,0,0,0,0,0,0,1.70784,0,0.539873,1,0,1,1,0,1,m,m
49712,G:HEY,1,1,0.813131,0,1.38045,0,1.08666,0,1.1859,0.51222,0.602155,0,0,0,0,1.59582,0,1,1,0,1,0,0,m,m
49713,G:HEY,1,1,0.813252,0,1.30614,0,0.814587,0,1.31746,0.514436,0.523577,0,0,0,0,1.66693,0,1,1,0,1,0,0,m,m
49714,G:HEY,1,1,0.814307,0,1.04881,0.533392,0.962495,0,1.10797,0.522686,0.699219,0,0,0,0,1.76632,0,1,1,0,1,0,0,m,m
49715,G:HEY,1,1,0.794625,0,0.957616,0,0.802426,0,0.855213,0.566113,0.770007,0,0,0,0,1.99095,0,1,1,0,1,0,0,m,m
49716,G:HEY,1,1,0.818591,0,0.533853,0,0.955756,0,0.642625,0.568448,0.725673,0,0,0,0,1.27347,0,1,1,0,1,0,0,m,m
49717,G:HEY,1,1,0.807348,0,0.775102,0,0.940683,0,0.597426,0.597007,0.810486,0,0,0,0,1.63614,0,1,1,0,1,0,0,m,m
49718,G:HEY,1,1,0.838943,0,0.641369,0,0.935278,0,0.544281,0.620051,0.743328,0,0,0,0,1.70424,0,1,1,0,1,0,0,m,m
49719,G:HEY,1,1,0.83789,0,0.713036,0,0.935352,0,0.517967,0.657843,0.597153,0,0,0,0,1.52246,0,1,1,1,1,0,0,m,m
49720,G:HEY,1,1,0.834748,0,0.629082,0.531071,0.961626,0,0.58334,0.60559,0.714523,0,0,0,0.582129,1.58155,0,1,1,0,0,0,0,m,m
49721,G:HEY,1,1,0.825809,0,0,0,0.887571,0,0,0.569184,0.692506,0,0,0,0,1.11544,0,1,1,0,1,0,0,m,m
49722,G:HEY,1,1,0.828066,0,0.743256,0,1.02819,0,0,0.577118,0.624756,0,0,0,0.661902,1.14428,0,1,1,0,1,0,0,m,m
49723,G:HEY,1,1,0.804423,0,0.83855,0,0.800984,0,0,0.58194,0.673648,0,0,0,0,1.47211,0,1,1,0,1,0,0,m,m
49724,G:HEY,1,1,0.820099,0,1.1608,0.575962,1.16955,0,0.627242,0.558859,0.712577,0,0,0,0,1.36121,0,1,1,0,1,0,0,m,m
49725,G:HEY,1,1,0.813263,0,1.15454,0,1.01051,0,0,0.531008,0.604201,0,0,0,0,1.23196,0,1,1,0,1,0,0,m,m
49726,G:HEY,1,1,0.843478,0,1.24728,0,1.13161,0,0.808398,0.529263,0.510018,0,0,0,0.570215,1.21261,0,1,1,0,1,0,0,m,m
49727,G:HEY,1,1,0.843906,0,1.29613,0,1.24136,0,1.04062,0.507146,0,0,0,0,0,0.85571,0,1,1,0,1,0,0,m,m
49728,G:HEY,1,1,0.83719,0,1.02016,0,1.06313,0,0.687667,0,0.525016,0,0,0,0.549357,0.513779,0,1,1,0,1,0,0,m,m
49729,G:HEY,1,1,0.823418,0,0.934813,0,1.03553,0,0,0,0,0,0,0,0.726852,0,0,1,1,0,1,0,0,m,m
49730,G:HEY,1,1,0.830042,0,1.28821,0,1.13629,0,0,0,0,0,0,0,0.597646,0,0,1,1,0,1,0,0,m,m
49731,G:HEY,1,1,0.815884,0,1.55247,0,1.13711,0,0,0,0.580281,0,0,0,0.893186,0,0,1,1,0,1,0,0,m,m
49732,G:HEY,1,1,0.80997,0,1.62135,0,1.25565,0,0,0,0,0,0,0,0.583893,0,0,1,1,0,1,0,0,m,m
49733,G:HEY,1,1,0.81755,0,1.73531,0,1.42267,0,0,0,0,0,0,0,0.853339,0,0,1,1,0,1,0,0,m,m
49734,G:HEY,1,1,0.794051,0,1.45182,0,1.55872,0,0,0,0,0,0,0,1.00654,0,0,1,1,0,1,0,0,m,m
49735,G:HEY,1,1,0.790863,0.550154,1.61497,0.556501,1.60175,0,0,0,0,0,0,0,0.891223,0,0,1,1,0,1,0,0,m,m
49736,G:HEY,1,1,0.759647,0.533601,1.64086,0,1.55678,0,0,0,0.660883,0,0,0,0.991534,0,0,1,1,0,1,0,0,m,m
49737,G:HEY,1,1,0.746633,0.634274,1.58025,0.581386,1.65664,0,0,0.5168,0.771265,0,0,0,0.869622,0,0,1,1,0,1,0,0,m,m
49738,G:HEY,1,1,0.741718,0.504579,1.29557,0.626878,1.55302,0,0,0,0.932626,0,0,0,0.951377,0,0,1,1,0,1,0,0,m,m
49739,G:HEY,1,1,0.754791,0.582371,1.61512,0.721088,1.67167,0,0,0.500706,0.840827,0,0,0,0.858058,0,0,1,1,0,1,0,0,m,m
49740,G:HEY,1,1,0.737268,0.602748,1.30088,0.678467,1.57262,0,0,0,1.01033,0,0,0,0.933161,0,0,1,1,0,1,0,0,m,m
49741,G:HEY,1,1,0.741694,0.642339,1.24849,0.613949,1.8092,0,0,0,0.962314,0,0,0,0.793439,0,0,1,1,0,1,0,0,m,m
49742,G:HEY,1,1,0.752514,0.689951,1.23561,0.731876,1.77741,0,0.621845,0,0.903015,0,0,0,1.02697,0,0,1,1,0,1,0,0,m,m
49743,G:HEY,1,1,0.76149,0.773005,1.26805,0.791458,1.86549,0,0.621364,0.518307,0.945347,0,0,0,0.995361,0,0,1,1,0,1,0,0,m,m
49744,G:HEY,1,1,0.735694,0.708863,1.12006,0.714101,1.80901,0,0,0,0.947403,0,0,0,0.978503,0,0,1,1,0,1,0,0,m,m
49745,G:HEY,1,1,0.74464,0.731965,1.07314,0.828832,1.77889,0,0.508644,0,0.982804,0,0.528805,0,1.0279,0,0,1,1,0,1,0,0,m,m
49750,G:HEY,1,1,0.941165,0.668965,0,0,1.33952,0,0,0.630007,0.806986,0,0,0.544734,1.64361,0,0,0,0,1,1,0,0,m,m
49751,G:HEY,1,1,0.936324,0,0,0.607295,1.22981,0,0,0.656318,0.923408,0,0,0.718702,1.64625,0,0,0,0,1,1,0,0,m,m
49752,G:HEY,1,1,0.91697,0.638408,0,1.12794,1.06048,0,0,0.531012,0.754681,0,0,0.803971,1.46588,0,0,0,0,1,1,0,0,m,m
49769,G:HEY,1,1,0.780528,1.22037,1.55898,1.10326,1.43262,0,1.37376,0,0,0,0,0,0,0.910927,0,1,1,1,1,0,0,m,m
49770,G:HEY,1,1,0.799441,0.841496,1.29219,0.697453,1.20428,0,0.985083,0,0.537225,0,0,0,0.57908,1.02179,0,1,1,0,1,0,0,m,m
49771,G:HEY,1,1,0.822392,0.57286,1.79875,0.668597,1.42768,0,0.98595,0,0.587822,0,0,0,0.510248,0,0,1,1,0,1,0,0,m,m
49772,G:HEY,1,1,0.80056,0.804447,1.62912,0.658773,1.13916,0,1.18688,0,0.66419,0.543926,0,0,0.527232,0,0,1,1,0,1,0,0,m,m
49773,G:HEY,1,1,0.779615,0.549679,1.44465,0,1.43839,0,0.803745,0,0.582159,0,0,0,0.732015,0,0,1,1,0,1,0,0,m,m
49774,G:HEY,1,1,0.784934,0,1.70402,0,1.17636,0,1.03232,0,0,0.622818,0,0,0,0,0,1,1,0,1,0,0,m,m
49775,G:HEY,1,1,0.773697,0,1.39898,0.548886,1.04851,0,1.10132,0,0.507479,0.569445,0,0,0,0,0,1,1,0,1,0,0,m,m
49776,G:HEY,1,1,0.77479,0,1.23599,0,1.132,0,1.01295,0,0,0.589399,0,0,0.50871,0,0,1,1,0,1,0,0,m,m
49777,G:HEY,1,1,0.784422,0,1.55485,0,1.21744,0,0.644282,0,0,0,0,0,0,0,0,1,1,0,1,0,0,m,m
49778,G:HEY,1,1,0.805108,0,1.72952,0,1.13557,0,0.661776,0,0.558596,0.543352,0,0,0,0,0,1,1,0,1,0,0,m,m
49779,G:HEY,1,1,0.806756,0.506911,1.61281,0,1.19763,0,0.824738,0,0.812506,0.536797,0,0,0,0,0,1,1,0,1,0,0,m,m
49780,G:HEY,1,1,0.809654,0.652942,1.67021,0,1.23933,0,0,0,0.570081,0,0,0,0.552171,0,0,1,1,0,1,0,0,m,m
49781,G:HEY,1,1,0.811391,0.665233,1.64594,0,1.1838,0,0.506262,0,0.512672,0.555488,0,0,0.57767,0,0,1,1,0,1,0,0,m,m
49782,G:HEY,1,1,0.827376,0.570316,1.79375,0,1.18237,0,0.657456,0,0.607117,0.539914,0,0,0.647932,0,0,1,1,0,1,0,0,m,m
49783,G:HEY,1,1,0.843998,0,1.70961,0,1.19621,0,0,0.562394,0.59571,0.593357,0,0,0,0,0,1,1,0,1,0,0,m,m
49784,G:HEY,1,1,0.842569,0,2.14266,0,0.953981,0,0,0.57776,0.600205,0,0,0,0,0,0,1,1,0,1,0,0,m,m
49785,G:HEY,1,1,0.850031,0,2.03174,0,1.01165,0,0.732638,0.671549,0.576737,0.532954,0,0,0,0,0,0,1,0,1,0,0,m,m
49786,G:HEY,1,1,0.822508,0,2.04298,0,1.06248,0,0,0.679771,0.644754,0,0,0,0,0,0,0,1,0,1,0,0,m,m
49787,G:HEY,1,1,0.82823,0.534934,2.19591,0,0.809552,0,0.835414,0.730444,0.502479,0.557176,0,0,0,0,0,0,1,0,1,0,0,m,m
49788,G:HEY,1,1,0.816354,0,2.42929,0,0.876684,0,0.556364,0.730331,0.539387,0.592912,0,0,0,0,0,1,1,0,1,0,0,m,m
49789,G:HEY,1,1,0.82242,0,2.41104,0,0.772017,0,0.787945,0.810079,0.601794,0.707395,0,0,0,0,0,1,1,0,1,0,0,m,m
49790,G:HEY,1,1,0.749391,0,2.45143,0,0.93235,0,0.567183,0.753127,0,0.719939,0,0,0,0,0,1,1,0,1,0,0,m,m
49791,G:HEY,1,1,0.773287,0,2.76161,0,0.662976,0,0,0.767292,0.521264,0.667338,0,0,0,0,0,1,1,0,1,0,0,m,m
49792,G:HEY,1,1,0.769974,0.610141,2.84295,0,0,0,0.502034,0.748678,0.534043,0,0,0,0,0,0,1,1,0,1,0,0,m,m
49793,G:HEY,1,1,0.775806,0,2.67476,0,0.593732,0,0,0.660111,0.624672,0,0,0,0,0,0,1,1,0,1,0,0,m,m
49794,G:HEY,1,1,0.797919,0,1.98739,0,0.772575,0,0,0.541357,0.625566,0,0,0,0,0,0,1,1,0,1,0,0,m,m
49795,G:HEY,1,1,0.817468,0,1.82217,0,0.603046,0,0.503648,0.590114,0.583967,0,0,0,0,0,0,1,1,1,1,0,0,m,m
49796,G:HEY,1,1,0.809723,0.643029,2.28976,0,0.866133,0,0.802256,0,0.537308,0.615394,0,0,0,0,0,1,1,0,1,0,0,m,m
49797,G:HEY,1,1,0.797759,0,1.92636,0,0.711931,0,1.02295,0.5411,0.608406,0,0,0,0,0,0,1,1,0,1,0,0,m,m
49798,G:HEY,1,1,0.778282,0.667555,2.26399,0,0.850271,0,0.512782,0.61408,0.646064,0.556295,0,0,0,0,0,1,1,0,1,0,0,m,m
49799,G:HEY,1,1,0.763455,0.782444,2.39502,0,1.02568,0,0.731991,0.565397,0.663514,0.509253,0,0,0,0,0,1,1,0,1,0,0,m,m
49800,G:HEY,1,1,0.772214,0.909652,2.51825,0,0.839511,0,0.903696,0.527946,0,0.579548,0,0,0,0,0,1,1,0,1,0,0,m,m
49801,G:HEY,1,1,0.756998,0.739866,2.43834,0,1.02969,0,0,0.64751,0.572027,0.903975,0,0,0,0,0,1,1,0,1,0,0,m,m
49802,G:HEY,1,1,0.763724,0.703723,2.28098,0,0.914179,0,0,0.612387,0.535711,0.63972,0,0,0,0,0,1,1,0,1,0,0,m,m
49803,G:HEY,1,1,0.739541,0.705591,2.30367,0,1.04854,0,0.557481,0.534114,0,0.828546,0,0,0,0,0,1,1,0,1,0,0,m,m
49804,G:HEY,1,1,0.741582,0.937262,2.3644,0,1.00939,0,0,0.574736,0.650218,0.745946,0,0,0,0,0,1,1,0,1,0,0,m,m
49805,G:HEY,1,1,0.930367,0.783473,0,0,0.647945,0,0,0.74359,0.827823,0,0.612743,0.729783,2.01086,0,0.607926,0,0,1,1,0,0,m,m
46087,G:HEY,1,1,0.864218,1.96394,0.928716,2.29513,0,0,1.84636,0,0,0,0,0,0,0,0,1,0,0,0,0,1,w,w
9588,G:HEY,1,1,0.971303,0,0.535929,0,0,0.727136,0.93278,0.532755,1.49308,1.02292,0,0,0.586821,5,0.578699,0,1,0,1,0,0,w,w
9589,G:HEY,1,1,0.943476,0.6475,0.810989,0.662629,0,0.571862,0.943978,0,1.02921,0,0,0,0,5,0.512031,0,1,0,1,0,0,w,w
9590,G:HEY,1,1,0.805359,1.04783,0.731898,0.502525,0,0,0,0,0.941707,0,0,0,0,4.84342,0,0,1,0,0,0,0,w,w
9591,G:HEY,1,1,0.920052,0.695824,1.5124,1.03621,0.760149,0.693027,1.66647,0,0.862482,0,0,0,0,3.80814,0.650437,0,1,0,1,0,0,w,w
9592,G:HEY,1,1,0.942948,1.15222,0.875092,1.14173,0.505946,0,1.20329,0,0,0,0,0,0,4.42445,0.759566,0,1,0,0,0,0,w,w
9593,G:HEY,1,1,0.824316,0.981117,1.09119,0.526241,0.827028,0.738764,1.95102,0,0.581826,0.739506,0,0.576811,0,4.61227,0,0,1,0,1,1,0,w,w
9594,G:HEY,1,1,0.899526,0.834308,1.17973,0.903363,0,0.660977,0.843922,0,0.789179,0,0,0,0,4.86522,0,0,1,0,0,0,0,w,w
9605,G:HEY,1,1,0.88623,0,0.618927,0,0.875926,0,0.926031,0,0.986158,1.00959,0,0,0.897092,4.45434,0,0,1,0,1,0,0,w,w
9606,G:HEY,1,1,0.79425,0,0,0,0.874216,0.50715,0,0,0.896476,0.667923,0,0,1.26472,2.9414,0,0,1,0,1,0,0,w,w
9607,G:HEY,1,1,0.730213,0,0,0,0,0,0,0,0.941193,0.677313,0,0,1.89256,2.92959,0,0,1,0,1,0,0,w,w
9612,G:HEY,1,1,0.874747,0,0,0,1.18995,0,0,0.519769,1.14368,0,0,0,1.10981,1.61836,0,0,1,0,0,0,0,w,w
128,G:HEY,1,1,0.969928,0,0.542578,0,0,0,1.65938,0,0.93286,0.970148,0,0,0,0,0,0,1,0,0,0,0,m,m
129,G:HEY,1,1,0.951092,0,1.00258,0,0.529039,0.588286,1.16777,0.643143,1.06968,1.24571,0,0,0.793555,0,0,0,1,0,0,0,0,m,m
130,G:HEY,1,1,0.923533,0,1.38241,0,0.579266,0,0,0,1.16014,1.00805,0,0,1.57161,1.34206,0,0,1,0,0,0,0,m,m
131,G:HEY,1,1,0.799463,0,1.56307,0,0.524761,0,0,0,1.04044,0.937225,0,0,1.33091,0.84748,0,0,1,0,0,0,0,m,m
132,G:HEY,1,1,0.94443,0,0.704679,1.00487,0,0.81482,2.25939,0.596683,0.841438,1.03474,0,0,0,3.46905,0,1,1,0,0,0,1,m,m
133,G:HEY,1,1,0.953926,0,0,1.31233,0,0.952906,1.13647,0.923359,1.14794,1.18395,0,0,0,3.07804,0,1,1,0,0,0,1,m,m
134,G:HEY,1,1,0.958626,0,0,1.41428,0,1.02596,1.62017,0.92881,1.37426,1.52855,0,0,0,3.32383,0,1,1,0,0,0,0,m,m
135,G:HEY,1,1,0.951183,0,0,1.23987,0,1.16262,1.70888,1.12898,1.35247,1.573,0,0,0,3.04748,0,1,1,0,1,0,0,m,m
136,G:HEY,1,1,0.932791,0,0,1.57542,0,1.04214,2.00684,0.97676,1.14522,1.41406,0,0,0,3.22084,0,1,1,0,0,0,0,m,m
137,G:HEY,1,1,0.888073,0,0,1.18785,0,0.865988,1.12199,0.842482,0.949424,1.21509,0,0.53332,0,2.66613,0,1,1,0,0,0,0,m,m
138,G:HEY,1,1,0.870781,0,0.675813,1.1671,0,0.624197,1.47403,0.532422,0.922022,0.938173,0,0.535562,0,2.1104,0,1,1,0,0,0,0,m,m
139,G:HEY,1,1,0.812497,0,0.876621,0.894938,0,0.546303,1.4313,0,0.815567,0.518742,0,0.552864,0.782037,1.45911,0,1,1,0,0,0,0,m,m
149,G:HEY,1,1,0.973417,0.559773,1.00156,1.14348,0,0.879532,3.64267,0.9552,1.05883,0.847767,0,0,0,0,0,0,1,0,0,0,1,m,m
150,G:HEY,1,1,0.97249,0.516967,1.19947,1.07381,0,0.857379,2.7657,0.788041,1.33559,1.09205,0,0,0,0.641871,0,0,1,0,0,0,0,m,m
151,G:HEY,1,1,0.951911,0.76463,1.91745,0.596022,0,0.911071,1.89797,0.978494,1.34991,0.93142,0,0,0.525399,1.51429,0,0,1,0,0,0,0,m,m
152,G:HEY,1,1,0.923671,1.1872,1.6046,0.864863,0,0.585995,0.77381,0,0.961208,0.776238,0,0,0.693852,1.7784,0,0,1,0,0,0,0,m,m
153,G:HEY,1,1,0.920184,1.17157,1.61438,0.769456,0,0,0,0,0.967176,0.737548,0.558551,0,0.655425,1.95004,0,0,1,0,0,0,0,m,m
154,G:HEY,1,1,0.940216,0.838967,0.634418,0.848537,0,0,0,0,1.01926,0,0.688871,0,0.91394,2.48242,0,1,1,0,0,0,1,m,m
155,G:HEY,1,1,0.969514,0.789199,0.594823,1.1369,0,0,0,0,1.04212,0.893599,0.684903,0,0.893886,2.96184,0,1,1,0,0,0,1,m,m
156,G:HEY,1,1,0.987741,0,0,1.66772,0,0.668526,1.99481,0.558082,1.18397,1.08677,0,0,0,2.66489,0,1,1,0,1,0,1,m,m
157,G:HEY,1,1,0.989195,0,0,1.40624,0,0.978019,2.90361,1.022,1.13405,1.44735,0,0,0,2.76406,0,1,1,0,1,0,0,m,m
158,G:HEY,1,1,0.978602,0,0,1.09494,0,1.10651,2.81434,1.1696,1.15366,1.52329,0,0,0,2.6225,0,1,1,0,1,0,0,m,m
159,G:HEY,1,1,0.982557,0,1.14779,0.809717,0,1.27818,3.39636,1.5327,1.18115,1.74432,0,0,0,2.0504,0,0,1,0,1,0,1,m,m
160,G:HEY,1,1,0.987893,0,1.84418,1.11632,0,1.21056,2.97662,1.46211,1.27057,1.5477,0,0,0,1.14504,0,0,1,0,0,0,1,m,m
161,G:HEY,1,1,0.982028,0,1.62593,0.757326,0,1.29745,2.51497,1.67575,1.34989,1.47758,0,0,0,0.682554,0,0,1,0,0,0,1,m,m
162,G:HEY,1,1,0.980266,0,1.22364,0.804901,0,1.07841,1.90484,1.44346,1.48666,1.33192,0,0,0,0,0,0,1,0,0,0,1,m,m
53361,G:HEY,1,1,0.946885,0,0,0,0,0.743782,0,0.935952,1.4708,1.74813,0,0,0,1.71304,0,0,1,1,0,0,1,m,m
53362,G:HEY,1,1,0.963555,0,0,0,0,0.755398,0,0.803609,1.37434,1.17643,0,0,0,1.16499,0,0,1,1,0,0,1,m,m
53363,G:HEY,1,1,0.961507,0,0,0,0,0.679744,0,0.6795,1.28561,0.88398,0,0,0,0.920118,0,0,1,1,0,0,1,m,m
53364,G:HEY,1,1,0.97321,0,0,0,0,0.554334,0,0,1.32163,0.742435,0,0,0,0.759799,0,0,1,1,0,0,1,m,m
53365,G:HEY,1,1,0.982989,0,0,0.518509,0,0,0,0,0.847299,0,0,0,0,0,0,0,1,1,0,0,1,m,m
53366,G:HEY,1,1,0.988218,0,0,0,0,0,0,0.501509,0.843263,0,0,0,0,1.0055,0,0,1,0,0,0,1,m,m
53367,G:HEY,1,1,0.98686,0,0,0,0,0.534174,0,0.602403,0.928631,0.660776,0,0,0,1.20007,0,0,1,0,0,0,1,m,m
53368,G:HEY,1,1,0.984459,0,0,0.621835,0,0.536009,0,0.650115,0.676739,0.929858,0,0,0,1.11419,0,1,1,0,0,0,1,m,m
53369,G:HEY,1,1,0.968869,0,0,0,0.853685,0.695615,0,0.892958,0,1.1369,0,0,0,1.13461,0,1,1,0,1,0,1,m,m
53370,G:HEY,1,1,0.921659,0,0.81075,0,1.22359,0.971164,0,1.24085,1.11438,2.11426,0,0,0,0.936555,0,0,1,0,1,0,0,m,m
53371,G:HEY,1,1,0.909716,0,1.23519,0.758811,1.18727,1.25267,0,1.54976,1.66891,2.78822,0,0,0,0.512702,0,0,1,0,0,0,0,m,m
53372,G:HEY,1,1,0.932061,0,1.71123,1.05116,1.08504,1.24807,0.501502,1.48473,1.62506,2.85084,0,0,0,0,0,0,1,0,1,0,0,m,m
53373,G:HEY,1,1,0.926248,0,1.79402,1.37486,1.26237,1.0937,0,1.34077,1.5974,2.86352,0,0,0,0,0,1,1,0,0,0,0,m,m
53374,G:HEY,1,1,0.89361,0,1.85552,1.82883,1.68087,1.0331,0,1.11629,2.06164,2.74687,0,0,0,0,0,1,1,0,1,0,0,m,m
53375,G:HEY,1,1,0.909525,0,1.94226,1.63633,1.9174,1.03227,0,0.946607,2.21888,2.56367,0,0.578681,0,0,0,1,1,0,1,0,0,m,m
53376,G:HEY,1,1,0.878762,0,2.07438,1.81411,1.99945,0.962063,0,0.56119,2.43238,2.29063,0,0,0,0,0,1,1,1,0,0,0,m,m
53377,G:HEY,1,1,0.888767,0,1.79562,1.8223,1.87521,0.873312,0,0.526166,2.29087,2.14691,0,0,0,0,0,1,1,1,0,0,0,m,m
53378,G:HEY,1,1,0.91633,0,1.49424,1.76487,1.97561,0.802735,0,0.643594,2.0858,2.48952,0,0,0,0,0,1,1,1,0,0,0,m,m
53379,G:HEY,1,1,0.906429,0,1.28668,1.95732,2.32572,0.781925,0,0.721018,2.13312,2.74125,0,0,0,0.563133,0,1,1,1,0,0,0,m,m
53384,G:HEY,1,1,0.735545,1.03875,4.14903,0,1.0318,0.633891,0.566736,0.690333,1.18875,0,0,0,0,0.948576,0,0,1,0,1,0,0,m,m
53385,G:HEY,1,1,0.739663,1.02049,3.32452,0,1.43582,0.728857,0,0.724134,1.34184,0,0,0,0,1.07407,0,0,0,1,1,0,0,m,m
53386,G:HEY,1,1,0.911589,0.968428,3.24946,0,1.29727,0.679412,0,0.686925,1.29647,0,0,0,0,0,0,0,0,1,1,0,0,m,m
53387,G:HEY,1,1,0.906419,1.08457,3.50502,0,0.972539,0.727333,0,0.694218,1.26968,0.779001,0,0,0,0.695791,0,0,0,1,1,0,0,m,m
53388,G:HEY,1,1,0.896541,0.890667,3.47528,0,0.684424,0.501589,0,0,1.25764,0.552868,0,0,0.999923,1.09802,0,0,0,1,1,0,0,m,m
53389,G:HEY,1,1,0.891614,1.07923,3.26836,0,0,0,0,0,1.08068,0.52432,0,0,1.05908,1.07541,0,0,0,1,1,0,0,m,m
53390,G:HEY,1,1,0.862081,0.823839,3.34485,0,0,0,0,0,0.944393,0,0,0,1.37785,0,0,0,0,1,1,0,1,m,m
53391,G:HEY,1,1,0.861026,0.698422,3.41186,0,0,0,0,0,0.849528,0,0,0,1.48477,0,0,0,0,1,1,0,1,m,m
53392,G:HEY,1,1,0.853129,0.533166,2.73598,0,0,0,0,0,0.798708,0,0,0,1.00556,0,0,0,0,1,1,0,1,m,m
53393,G:HEY,1,1,0.817338,0.820822,2.82088,0,0,0.5895,0,0,0.913055,0,0,0,1.21351,0,0,0,0,1,1,0,0,m,m
53394,G:HEY,1,1,0.831326,1.05692,3.01405,0,0,0.514872,0,0,0.860548,0.626082,0,0,1.62113,0,0,0,0,1,1,0,0,m,m
53398,G:HEY,1,1,0.824169,0.594281,2.06132,0,0,0,0,0,0.9186,0.783252,0,0,1.38951,0,0,0,0,1,0,0,0,m,m
53399,G:HEY,1,1,0.812755,0.52026,2.30346,0,0.527922,0.530521,0,0,1.17031,0.847935,0,0,1.32729,0,0,0,0,1,1,0,0,m,m
53400,G:HEY,1,1,0.801918,0.526833,2.19911,0,0,0,0,0,1.14737,0.768988,0,0,1.18111,0,0,0,0,1,1,0,0,m,m
53401,G:HEY,1,1,0.819123,1.11207,2.88354,0,0,0.597328,0,0.575767,1.13014,1.07925,0,0,0.954885,0,0,0,0,1,1,0,0,m,m
53402,G:HEY,1,1,0.820542,0.724966,2.3452,0,0,0.639525,0,0.584783,1.18403,1.05615,0,0,1.22618,0.502386,0,0,0,1,1,0,0,m,m
53403,G:HEY,1,1,0.819677,0.997484,2.69433,0,0,0.666306,0,0.708652,1.31179,0.999973,0,0,0.980878,0,0,0,0,1,1,0,0,m,m
53404,G:HEY,1,1,0.809961,0.682229,2.29132,0,0,0.58503,0,0.574954,1.18941,0.660598,0,0,1.17683,0.792498,0,0,0,1,0,0,0,m,m
53405,G:HEY,1,1,0.77635,0.851309,2.24322,0,0,0,0,0,1.18842,0,0,0,1.27883,0,0,0,0,1,1,0,1,m,m
53406,G:HEY,1,1,0.746616,0.836367,1.58013,0,0,0.602028,0,0,1.05856,0.911743,0,0.767639,0.76839,2.05871,0,0,0,1,0,0,0,m,m
53407,G:HEY,1,1,0.727622,1.23297,0.691552,1.35764,0.657905,0,0,0,0,0,0,0.94585,0.989067,0.686927,0,1,0,1,1,0,1,m,m
4205,G:HEY,1,1,0.906684,0,0,0.578405,0.74708,0.582482,1.13382,0.676124,1.14413,0.620495,0,0,0,0,0,0,1,0,0,0,0,m,w
4206,G:HEY,1,1,0.925764,0.944614,0,0.717849,0.537649,0,0.868465,0,0.802026,0,0.550973,0,0.885182,1.12426,0,0,0,0,0,0,0,m,w
4207,G:HEY,1,1,0.776176,1.71053,0,0,0.633688,0,0,0,0.847974,0,0.708105,0,1.10721,0.550404,0,0,0,0,0,0,0,m,w
4208,G:HEY,1,1,0.96776,0,0,0,0.852316,0.578406,0.687666,0.544287,1.40608,0.518207,0,0,0.614123,1.31684,0,0,1,0,1,0,0,m,w
4209,G:HEY,1,1,0.959979,0,0,0,0.777497,0.50619,0,0,1.09194,0,0,0,0.914219,1.93461,0,0,1,0,1,0,0,m,w
4210,G:HEY,1,1,0.964723,0,0,0,0.608184,0,0.972048,0,0.787003,0,0,0,0.8721,2.32902,0,0,1,0,1,0,0,m,w
4211,G:HEY,1,1,0.96341,0.532934,0,0.518611,0.511265,0,0.736483,0,0.930811,0,0,0,0.697622,2.76396,0,0,1,0,1,0,0,m,w
4212,G:HEY,1,1,0.970234,0.641107,0,0,0.64094,0,1.38405,0,0.90063,0,0,0,1.01028,3.0876,0,0,1,0,1,0,0,m,w
4213,G:HEY,1,1,0.9649,0.740844,0,0,0,0.539747,1.30065,0,0.867584,0.527058,0,0,1.44374,2.93733,0,0,1,0,1,0,0,m,w
4214,G:HEY,1,1,0.970303,0.821512,0,0.610992,0,0.527745,1.1622,0,0.828293,0.880362,0,0,1.65156,2.85029,0,0,1,1,1,0,0,m,w
4215,G:HEY,1,1,0.968022,0.610896,0,0,0,0.586433,1.41691,0,0.915073,1.17515,0,0,1.52085,3.13814,0,0,1,0,1,0,0,m,w
4216,G:HEY,1,1,0.970595,0.789168,0.528567,0.958696,0.641857,0.514678,1.8472,0,0.746989,0.774368,0,0,1.32112,2.66202,0,0,1,0,1,0,0,m,w
4217,G:HEY,1,1,0.968781,0.720106,0.701394,0.842533,0,0.558865,1.85198,0,0.724251,0.715339,0,0,1.43707,2.96315,0,0,1,1,1,0,0,m,w
4218,G:HEY,1,1,0.975973,0.622177,0.760493,1.31452,0,0.520435,1.99703,0,0.724588,0.66074,0,0,1.41421,2.91205,0,0,0,1,1,0,0,m,w
4219,G:HEY,1,1,0.971983,0.55488,0.760384,1.49402,0,0.731338,1.74115,0.578941,0.85486,0.878034,0,0,0.778239,3.30589,0,0,1,1,1,0,0,m,w
4220,G:HEY,1,1,0.970093,0,0.551305,1.62403,0.584884,0.749552,2.03388,0.582354,0.919221,0.96441,0,0,0.805192,3.69518,0,0,1,1,1,0,0,m,w
4221,G:HEY,1,1,0.972543,0,0,1.13069,0,0.842305,1.04359,0.770924,1.07639,0.930943,0,0,0.995875,3.90183,0,0,1,0,1,0,0,m,w
4222,G:HEY,1,1,0.978748,0,0,1.33644,0.809821,0.702897,0.936982,0.576117,1.14838,1.05003,0,0,0.707384,4.09117,0,1,1,0,1,0,0,m,w
4223,G:HEY,1,1,0.971119,0,0,0.576347,0.607051,0.620277,0,0.606486,1.04767,1.25846,0,0,0,2.12181,0,0,1,0,1,0,0,m,w
4224,G:HEY,1,1,0.909208,0,0,0.514294,0,0,0,0,0.770538,0.753518,0,0,0,2.30659,0,1,1,0,0,0,0,m,w
4225,G:HEY,1,1,0.747132,0,0.758786,0,0,0,0,0,0.608808,0,0,0,0,0,0,1,1,0,0,0,0,m,w
4226,G:HEY,1,1,0.92016,0,0,0.549689,1.45394,0.729066,2.0605,1.15422,1.21685,0.941659,0.652644,0,0,0,0,0,1,0,0,0,0,m,w
4227,G:HEY,1,1,0.918283,0,0,0,1.34645,0.607434,1.74576,1.13261,1.06618,1.0089,0,0,0.626637,0,0,0,1,0,0,0,0,m,w
7025,G:HEY,1,1,0.954324,0,0,0.519163,0,0.594481,1.20325,0.719924,0.910552,0.797637,1.04521,0.851645,0.735713,1.14212,0,0,0,0,1,0,1,w,m
7026,G:HEY,1,1,0.954632,0,0,0,0,0,0.839489,0.639182,0.798974,1.1005,1.18448,0.875385,0.90881,1.20724,0,0,0,0,1,0,1,w,m
7027,G:HEY,1,1,0.949594,0,0.613542,0.597498,0,0,0.646336,0.724252,0.695187,1.03359,1.37136,0.87539,0.897606,0.986338,0,0,0,1,0,0,1,w,m
7028,G:HEY,1,1,0.953496,0,0,0,0,0,0.902169,0.610511,0.600855,0.989609,1.11553,0.712506,0.650076,0.909381,0,0,0,1,0,0,0,w,m
7029,G:HEY,1,1,0.948226,0,0.556737,0,0.659055,0,0,0.686032,0.737421,0.849848,0.890403,0.779224,0.595192,0.565124,0,0,0,1,0,0,0,w,m
7030,G:HEY,1,1,0.957218,0,0,0,0.671688,0,0,0.543223,0.536896,0.776853,0.905162,0.707062,0.603804,0.983635,0,0,0,0,0,0,0,w,m
7031,G:HEY,1,1,0.956203,0,0,0,0,0,0,0.696562,0.770407,0.921516,0.900886,0.828987,0,0.805215,0,0,0,0,0,0,0,w,m
7045,G:HEY,1,1,0.962694,0,0.679903,0.695328,0,0,0.548064,0,0.562927,0.791651,0,0,0,1.9558,0,0,0,0,0,0,1,w,m
7046,G:HEY,1,1,0.962658,0,0,1.31268,0,0,1.41095,0,0,0,0,0,0,1.97957,0,0,0,0,0,0,1,w,m
7047,G:HEY,1,1,0.963895,0,0.602175,0.851507,0,0.534383,1.67456,0,0.555587,0.557405,0,0,0.6585,1.74113,0,0,0,1,0,0,1,w,m
7048,G:HEY,1,1,0.960677,0,0,0.755002,0,0.540007,1.58139,0,0.594153,0.715139,0,0,0,2.1137,0,0,0,1,0,0,1,w,m
7049,G:HEY,1,1,0.956442,0.552007,0,0,0,0.57452,1.43493,0,0.738539,0.523931,0.553749,0,0.505172,1.46478,0,0,0,1,0,0,1,w,m
7050,G:HEY,1,1,0.951774,0,0,0.760338,0,0,1.55576,0,0.679139,0.648529,0,0,0.849731,1.6038,0,0,0,1,1,0,1,w,m
7051,G:HEY,1,1,0.945575,0,0,0,0,0.511538,1.75436,0,0.938771,0,0.634268,0,1.19133,0.823775,0,0,0,1,0,0,1,w,m
7052,G:HEY,1,1,0.959294,0,0,0.991706,0,0,1.40738,0,0.847938,0,0.671964,0,1.00703,1.09729,0,0,0,0,1,0,1,w,m
7053,G:HEY,1,1,0.95234,0,0,0.69091,0,0,0.908171,0,0.848797,0,0.982536,0,1.05195,1.53472,0,0,0,1,0,0,1,w,m
7054,G:HEY,1,1,0.949539,0,0,0.652165,0,0,0.868224,0,0.847333,0,0.888712,0,0.899487,0,0,0,0,0,0,0,1,w,m
7055,G:HEY,1,1,0.94515,0,0,0.730899,0,0,0.856103,0,0.916236,0,0.915627,0,1.02304,0.556108,0,0,0,0,0,0,1,w,m
7056,G:HEY,1,1,0.94211,0,0,0.871025,0,0,0,0,0.981238,0,0.885995,0.552631,1.18459,0.766121,0,0,0,0,0,0,1,w,m
7057,G:HEY,1,1,0.94672,0,0,0.5658,0,0.505703,0,0.514761,1.03189,0.584491,0.828084,0.518071,0.956657,0.985985,0,0,0,0,1,0,1,w,m
7058,G:HEY,1,1,0.948772,0,0,0.578663,0,0,0.830392,0,0.893363,0.51628,0.990886,0,0.865032,1.16618,0,0,0,0,1,0,1,w,m
7059,G:HEY,1,1,0.947239,0,0,0,0,0,0,0,0.733008,0.681591,1.06232,0.516755,0.820035,0.909838,0,0,0,0,0,0,1,w,m
7060,G:HEY,1,1,0.959278,0,0,0,0,0,0.566679,0,0.6445,0,1.14427,0,0.603563,1.24209,0,0,0,0,1,0,1,w,m
346,G:HEY,1,1,0.834252,1.0048,0,2.92682,0.673555,0,0,0,0.810138,0,0,0,1.18655,1.21876,0,0,0,0,0,0,0,w,m
347,G:HEY,1,1,0.926675,0,0,0,1.00605,0,0,0,0,0,0,0,0,0.549722,0,0,0,1,0,0,1,w,m
348,G:HEY,1,1,0.951102,0,0,0,1.05274,0,0,0,0.734858,0,0,0,0,1.3438,0,0,0,0,0,0,1,w,m
349,G:HEY,1,1,0.937167,0.622857,0,0.640268,0,0,0,0,1.14244,0,0,0.540919,0,1.5267,0,0,1,1,0,0,0,w,m
350,G:HEY,1,1,0.91355,0.871042,0,0.598428,0,0.534943,0,0,1.3267,0,0,0,0,0.531638,0,0,1,0,1,0,1,w,m
351,G:HEY,1,1,0.793974,1.16387,0,0.744472,0,0,0,0,1.0679,0,0,0,0,0,0,0,1,0,1,0,1,w,m
352,G:HEY,1,1,0.759527,1.14279,0,1.04026,0,0,0,0,0.853777,0,0,0,0,0,0,0,1,0,1,0,1,w,m
353,G:HEY,1,1,0.766766,0.929107,0,1.03809,0,0,0.689076,0,0.921171,0,0,0,0,0,0,0,1,0,1,0,1,w,m
354,G:HEY,1,1,0.803111,0.602904,0,1.08847,0,0,0,0,0.769212,0,0.792944,0,0,0,0,1,1,0,1,0,1,w,m
355,G:HEY,1,1,0.809844,0.856558,0,1.01079,0,0,0,0,0.567604,0,0.803015,0,0,0,0,1,1,0,1,0,1,w,m
6060,G:HEY,1,1,0.953315,1.14012,0.771441,0,0.862935,0,0.986991,0.951792,0.806881,1.01263,1.35373,0,0,2.28556,0,0,1,1,1,0,0,m,w
6061,G:HEY,1,1,0.9321,1.07768,2.08352,0,0,1.16094,1.53861,1.69581,1.47512,1.6675,0,0,0.812511,0,0,0,1,0,0,0,0,m,w
6063,G:HEY,1,1,0.975905,1.859,2.61542,0,0,0.875706,0.929085,1.37056,1.07707,1.34641,0,0,0,0,0,0,1,0,0,0,0,m,w
6064,G:HEY,1,1,0.988569,1.6817,1.75755,0.632671,0,0.929467,1.04014,1.35778,1.24943,1.08277,0,0,0,0,0,0,1,0,0,0,0,m,w
6065,G:HEY,1,1,0.98492,1.25937,1.60219,1.00422,0.747642,1.03116,1.1738,1.48926,1.30963,0.956871,0,0,0,0,0,0,1,0,0,0,0,m,w
6066,G:HEY,1,1,0.973089,1.17271,1.64998,1.05342,0,1.10036,1.97997,1.51565,1.26656,1.10041,0,0,0,1.24251,0,0,1,0,0,0,0,m,w
6067,G:HEY,1,1,0.961306,0.869823,1.32926,1.2576,0,1.14382,2.59695,1.59868,1.36268,1.15252,0,0,0,0.985563,0,0,1,0,0,0,0,m,w
6068,G:HEY,1,1,0.9708,0.603035,1.26478,1.10498,0,1.12092,2.19124,1.52583,1.13273,1.16592,0,0,0,0.915265,0,0,1,0,0,0,0,m,w
6069,G:HEY,1,1,0.974779,0.719438,0.857319,1.17153,0,1.25881,1.79246,1.70502,1.37908,1.5426,0,0,0,2.27221,0,0,1,0,0,0,0,m,w
6070,G:HEY,1,1,0.980208,0.538836,1.63003,1.30453,0,1.16908,2.01108,1.61937,1.08195,1.65312,0,0,0,1.55847,0,0,1,0,0,0,0,m,w
6071,G:HEY,1,1,0.983956,0,1.34488,1.24601,0,1.16337,1.90772,1.6261,1.07792,1.76153,0,0,0,1.23903,0,0,1,0,0,0,0,m,w
6072,G:HEY,1,1,0.985023,0,1.03731,0.890937,0,1.1083,1.24232,1.64876,1.20872,1.52219,0,0,0,1.42334,0,0,1,0,0,0,0,m,w
6073,G:HEY,1,1,0.952838,0,1.36727,0,0,1.07151,1.55951,1.38043,0.749684,1.57078,0,1.00459,0,0,0,0,0,0,0,0,0,m,w
6074,G:HEY,1,1,0.936261,0,2.14112,0.687915,0,1.16447,2.09982,1.24114,0,1.55927,0.883276,0.67066,0,2.34616,0,0,1,1,1,0,0,m,w
6075,G:HEY,1,1,0.946897,0,1.86657,0,0,1.28767,0.833373,1.57861,0,1.58867,1.03832,1.60622,0,1.45393,0,0,0,0,1,1,0,m,w
6076,G:HEY,1,1,0.963531,0.817613,2.31253,0,0,0.97302,0,1.23457,0.82302,1.91848,0,0,1.17135,1.01944,0,0,1,0,1,0,0,m,w
6077,G:HEY,1,1,0.988897,0,2.02139,0,0,0.931571,1.23306,1.4678,0.590566,1.94389,0.803187,0,1.02292,1.4448,0,0,1,0,1,0,0,m,w
6078,G:HEY,1,1,0.99454,0,1.2398,0.714735,0,0.704524,1.43317,1.1164,0.555838,1.47147,0.751114,0,1.0285,1.21073,0,0,1,1,1,0,0,m,w
6079,G:HEY,1,1,0.993737,0.658932,1.27331,0,0,0.708082,1.59628,1.12893,0.826025,1.35348,0.621496,0,0.752768,1.19459,0,0,1,1,1,0,0,m,w
6080,G:HEY,1,1,0.995214,0.530842,1.13692,0.696276,0.56987,0.572107,1.56697,0.97048,0.57411,1.52421,0,0,1.29667,1.06967,0,0,1,1,1,0,0,m,w
6081,G:HEY,1,1,0.994624,0.650323,1.368,0,0.769188,0.526025,1.64147,0.995303,0.65753,1.74611,0,0,1.23651,1.08523,0,0,1,1,1,0,0,m,w
6082,G:HEY,1,1,0.993966,0.740519,1.23345,0.674494,0.626597,0,2.02022,0.848398,0.681341,1.2055,0.617496,0,0.796119,1.48841,0,0,1,1,1,0,0,m,w
6083,G:HEY,1,1,0.993653,0.739097,1.20538,0,0.552233,0,1.68912,0.735776,0.622966,1.12057,0.740567,0,0,1.52628,0,0,1,1,1,0,0,m,w
6084,G:HEY,1,1,0.99212,0.697936,1.39935,0,0.519982,0,1.59674,0.638073,0.779213,0.91915,0,0,0,0.953256,0,0,1,1,1,0,0,m,w
6085,G:HEY,1,1,0.99296,0.652611,1.53787,0,0.605537,0,1.80746,0.683389,0.791035,0.943467,0,0,0,1.59676,0,0,1,1,1,0,0,m,w
6086,G:HEY,1,1,0.993078,0.501177,1.5432,0,0.62461,0,1.7402,0,0.521139,0.994559,0.514161,0,0.551779,1.79289,0,0,1,1,1,0,0,m,w
6087,G:HEY,1,1,0.994115,0.786773,1.17332,0,0.639087,0,1.30751,0,0,0.856356,0.56075,0,0.508866,2.32733,0,0,1,1,1,0,0,m,w
6088,G:HEY,1,1,0.994632,0.799265,0.769443,0,0.64284,0,0.92267,0,0,0.749792,0,0,0,2.65343,0,0,0,1,0,0,0,m,w
6089,G:HEY,1,1,0.993428,0.940495,0.878398,0,0.857711,0,0,0,0,0.996084,0,0,0.631115,0.959046,0,0,0,1,0,0,0,m,w
6090,G:HEY,1,1,0.99276,1.19182,0.82264,0,0.755995,0,0.732044,0,0,0.752921,0,0,0,0.768952,0,0,0,1,0,0,0,m,w
6091,G:HEY,1,1,0.991544,1.31452,1.14899,0,0.62981,0,0,0,0,0.873905,0.714982,0.700536,0,0,0,0,0,1,0,0,0,m,w
6092,G:HEY,1,1,0.99221,1.07828,0.72804,0,0,0,0,0,0,1.07987,0.862319,0.529818,0.650908,0,0,0,0,1,0,0,0,m,w
6093,G:HEY,1,1,0.990401,0.869154,0.91606,0.678669,0,0,0.564621,0,0,0.815314,0.934889,0.57544,0,0,0,0,0,1,0,0,0,m,w
6094,G:HEY,1,1,0.988297,0,0.836483,0.802692,0,0,0.501188,0,0,1.15187,1.0284,0,0,0.672355,0,0,0,1,0,0,0,m,w
6095,G:HEY,1,1,0.985751,0,0.641958,0.578879,0,0,0,0,0,1.16914,1.11299,0.534513,0,1.04736,0,0,0,1,0,0,0,m,w
6096,G:HEY,1,1,0.97403,0,1.0598,0.696878,0,0,0,0,0,0.986146,1.46495,0,0,1.06893,0,0,0,1,0,0,0,m,w
6097,G:HEY,1,1,0.965116,0,0.91433,1.11847,0,0,0,0,0,1.41448,1.45344,0,0.517305,1.05527,0,0,0,1,0,0,0,m,w
6098,G:HEY,1,1,0.955355,0,0,0.818963,0,0,0,0,0,1.24338,1.40492,0,0.916323,2.22433,0,0,0,1,0,0,0,m,w
6099,G:HEY,1,1,0.937882,0,0.580252,0.974695,0,0,0,0,0,1.27851,1.3049,0,1.14394,2.09037,0,1,0,0,0,0,0,m,w
1,G:HEY,1,1,0.787099,0.875939,0,0,0,0,0.820783,0.525431,0,0,0,0,0,0,0,0,0,0,0,0,0,w,w
13,G:HEY,1,1,0.926379,1.08324,0,0,0.548644,0,2.03323,0.566279,0.662007,0.895954,0.980908,0,2.42705,0,0,0,0,1,1,0,1,w,w
5634,G:HEY,1,1,0.979462,0,0.795762,0,0,0,0,0,0,1.39167,0,0,0.698018,1.25258,0,1,0,0,1,0,1,w,w
5635,G:HEY,1,1,0.974804,0,1.01907,0.806456,0,0,0,0,0,1.17857,0,0,0.77511,0,0,1,0,0,0,0,1,w,w
5636,G:HEY,1,1,0.979311,0,0.883246,0,0,0,0.666728,0,0,0.887692,0,0,0.755825,0,0,0,0,0,1,0,1,w,w
5637,G:HEY,1,1,0.975415,0,0.834751,0,0,0,0.719503,0,0.590959,1.31936,0,0,0.690304,0,0,0,0,0,0,0,1,w,w
5638,G:HEY,1,1,0.969024,0,0.718541,0,0,0,0,0,0,1.08806,0,0,0.746748,0,0,0,0,0,1,0,1,w,w
5639,G:HEY,1,1,0.964868,0,0.578212,0,0,0,0,0,0,0.873302,0,0,0.773834,0,0,0,0,0,0,0,1,w,w
5640,G:HEY,1,1,0.96679,0,0.620931,0,0,0,0,0,0,1.07684,0,0,0.749043,0,0,0,0,0,0,0,1,w,w
5641,G:HEY,1,1,0.973484,0,0.943356,0,0,0,0.555083,0,0.503545,1.26111,0,0,0.547291,0,0,0,0,0,0,0,1,w,w
5642,G:HEY,1,1,0.972292,0.502145,1.23769,0,0.510216,0,0,0,0,1.37056,0,0,0.513905,1.03269,0,0,0,0,0,0,0,w,w
5643,G:HEY,1,1,0.972174,0.768838,0.914852,0,0,0,0,0,0,1.22237,0,0,0.60109,0,0,0,0,0,0,0,0,w,w
5644,G:HEY,1,1,0.963125,0.544193,1.03774,0,0,0,0.501644,0,0,1.14634,0,0,0,0,0,0,0,0,0,0,0,w,w
5645,G:HEY,1,1,0.96352,0.61808,1.04616,0,0,0,0,0,0,1.18264,0,0,0,0.510924,0,0,0,0,0,0,0,w,w
5646,G:HEY,1,1,0.969442,0,0.98356,0,0.543645,0,0.599504,0,0,1.22526,0,0,0,1.29222,0,0,0,0,0,0,1,w,w
5647,G:HEY,1,1,0.969084,0,0.683678,0,0.689912,0,0.855474,0,0,1.17595,0,0,0.548272,1.45976,0,0,1,0,0,0,1,w,w
5648,G:HEY,1,1,0.965101,0,0,0,0,0,1.24639,0,0.65472,1.14142,0,0,0,0,0,0,1,0,0,0,1,w,w
5649,G:HEY,1,1,0.964998,0,0,0,0,0,0.906186,0,0.595326,1.21031,0,0,0,0.664931,0,0,1,0,1,0,1,w,w
5650,G:HEY,1,1,0.969589,0,0.614827,0,0,0,0.779554,0,0.673348,0.892196,0,0,0.508287,1.16429,0,0,1,0,1,0,1,w,w
5651,G:HEY,1,1,0.964951,0,0.569137,0,0,0,0.694121,0,0.556536,0.860519,0,0,0.809749,0.863834,0,0,1,0,1,0,1,w,w
5652,G:HEY,1,1,0.968905,0,0,0,0,0,0.88156,0,0.507592,0.894681,0,0,0.785162,1.06787,0,0,1,0,1,0,1,w,w
5653,G:HEY,1,1,0.966809,0,0.530191,0,0,0,1.1402,0,0,1.10837,0,0,0,0.873691,0,0,0,0,0,0,1,w,w
5654,G:HEY,1,1,0.96812,0,0.579111,0,0,0,1.50011,0,0,0.792066,0,0,0,0,0,0,0,0,1,0,1,w,w
5655,G:HEY,1,1,0.958766,0,0,0,0,0,0.943534,0,0,0.688969,0,0,0,0.61464,0,0,0,0,1,0,1,w,w
5656,G:HEY,1,1,0.955251,0,0,0,0,0,0.78528,0,0,0.712288,0,0,0.590037,1.37258,0,0,1,0,1,0,1,w,w
5657,G:HEY,1,1,0.953858,0,0.541964,0,0,0,1,0,0,0.662208,0,0,0,0.886387,0,0,0,0,1,0,1,w,w
5658,G:HEY,1,1,0.969134,0,0,0,0,0,1.09321,0,0,0.750456,0,0,0,0.770109,0,0,1,0,1,0,1,w,w
5659,G:HEY,1,1,0.968526,0,0,0,0,0,1.10902,0,0,0.91304,0,0,0,0.597669,0,0,1,0,1,0,1,w,w
5660,G:HEY,1,1,0.962092,0,0,0,0,0,0,0,0.766471,0.739693,0,0,0.625197,0.885276,0,0,1,0,0,0,0,w,w
5661,G:HEY,1,1,0.94532,0,0.568733,0,0,0,0,0,0.661694,0.709751,0,0,0,0,0,0,1,0,0,0,0,w,w
5662,G:HEY,1,1,0.937217,0,0,0,0,0,0,0,0.851988,0.880689,0,0,0,1.82582,0,0,1,0,1,0,0,w,w
5663,G:HEY,1,1,0.909958,0,0,0,0.74755,0,0.539466,0,0.930833,0,0,0,0,1.51282,0,0,1,0,1,0,0,w,w
5664,G:HEY,1,1,0.913027,0,0,0,0,0,0.523002,0,1.0753,0,0,0,0,0.603455,0,0,1,0,0,0,0,w,w
5665,G:HEY,1,1,0.91467,0,0.554049,0,0.584175,0,0,0,1.12429,0,0,0,0,0,0,0,1,0,0,0,0,w,w
5666,G:HEY,1,1,0.87998,0,0.704311,0,0.954526,0,0,0,1.31862,0,0,0,0,0,0,0,1,0,0,0,0,w,w
5667,G:HEY,1,1,0.879018,0.71239,1.48134,0,0.919884,0,0,0,1.43912,0,0,0,0,0,0,0,1,0,0,0,0,w,w
5668,G:HEY,1,1,0.846681,0.712447,1.22204,0,0.913077,0,0,0,1.59404,0,0,0,0,0,0,0,1,0,0,0,0,w,w
5669,G:HEY,1,1,0.877256,0.988169,0.929749,0,0.923418,0,0,0,1.45969,0,0,0,0,0,0,0,1,0,0,0,0,w,w
5670,G:HEY,1,1,0.879217,0.811675,0.803124,0,1.07287,0,0,0,1.43482,0,0,0,0,0,0,0,1,0,0,0,0,w,w
5671,G:HEY,1,1,0.874739,0.954866,0.755588,0,0.989493,0,0,0,1.20889,0,0,0,0,0,0,0,1,0,0,0,0,w,w
5672,G:HEY,1,1,0.914751,0.83652,0.511494,0,1.39203,0,0,0,1.07911,0,0,0,0.555736,0,0,0,1,0,0,0,0,w,w
5673,G:HEY,1,1,0.878336,0.749058,0.808251,0,1.23442,0,0,0,1.04644,0,0,0,0.916845,0.586246,0,0,1,0,1,0,0,w,w
5674,G:HEY,1,1,0.888553,0.779009,0.763214,0,1.3499,0,0,0,1.24193,0,0,0,0.660657,0,0,0,1,0,1,0,0,w,w
5675,G:HEY,1,1,0.899023,1.05307,1.22473,0,1.61612,0,0,0,1.26254,0,0,0,0,0,0,0,1,0,0,0,0,w,w
5676,G:HEY,1,1,0.914129,0.690782,0.952138,0,1.23381,0,0.657951,0,1.26091,0,0,0,0,0,0,0,1,0,0,0,0,w,w
5677,G:HEY,1,1,0.889737,0.703442,0.621561,0,1.20174,0,0,0,1.39474,0,0,0,0,0,0,0,1,0,0,0,0,w,w
5678,G:HEY,1,1,0.852835,0.999902,1.00585,0,1.0578,0,0,0,1.12282,0,0,0,0,0,0,0,1,0,0,0,0,w,w
5679,G:HEY,1,1,0.849357,1.52655,0.977096,0,1.42239,0,1.25291,0,1.44028,0,0,0,0,2.54571,0,0,1,0,0,0,0,w,w
5680,G:HEY,1,1,0.93273,0.82515,0.732508,0,1.15077,0,0.718246,0,1.19553,0,0,0,0,0,0,0,1,0,0,0,0,w,w
7888,G:HEY,1,1,0.920369,0.831917,1.12328,0.700383,0,0,1.59815,0,0.521202,0.515204,1.65842,1.03219,0.677656,1.34775,0,0,0,1,1,0,0,w,w
7889,G:HEY,1,1,0.911372,0.91854,1.42565,0.696804,0,0,1.80065,0,0,0,1.70135,1.18302,0.657594,0.645734,0,0,0,1,1,0,0,w,w
7890,G:HEY,1,1,0.899184,0.849125,1.43988,0.709085,0,0,1.47197,0,0,0,1.58393,1.23276,0.887505,0.718784,0,0,0,1,1,0,0,w,w
7891,G:HEY,1,1,0.903915,0.828999,1.74945,0.923623,0,0,1.72211,0,0,0,1.71372,1.20847,0.825549,0,0,0,0,1,1,0,0,w,w
7892,G:HEY,1,1,0.893126,0.839103,1.67363,0.647562,0,0,1.47082,0,0,0,1.66533,1.39443,1.16392,0,0,0,0,1,1,0,0,w,w
7893,G:HEY,1,1,0.88717,0.836729,1.70553,0.872481,0,0,1.72708,0,0,0,1.5179,1.37,0.863921,0,0,0,0,1,1,0,0,w,w
7894,G:HEY,1,1,0.892081,0.691283,1.66488,0.889315,0,0,1.45458,0,0,0.548158,1.53681,1.30476,0.797208,0,0,0,0,1,1,0,0,w,w
7895,G:HEY,1,1,0.881845,0.806282,1.77182,0.805261,0,0,1.40063,0,0,0,1.55494,1.29227,0.692208,0,0,0,0,1,1,0,0,w,w
7896,G:HEY,1,1,0.875046,0.87027,1.66405,0.756628,0,0,1.0432,0,0,0,1.56287,1.31995,0.8739,0,0,0,0,1,1,0,0,w,w
7897,G:HEY,1,1,0.867495,0.904166,1.32727,0.794924,0,0,0.61664,0,0.582549,0.805628,1.28681,1.40542,0.870861,0,0,1,0,1,1,0,0,w,w
7898,G:HEY,1,1,0.85753,0.848983,1.66266,0.907804,0.608795,0,0.809212,0,0.803061,0.680134,1.30541,1.24514,0.804549,0,0,0,0,1,1,0,0,w,w
7899,G:HEY,1,1,0.881788,0.8515,1.41562,0.900282,0.978801,0,0.732101,0.522372,0.929171,0.899467,1.21824,1.27351,0.613308,0,0,0,0,1,1,0,1,w,w
7900,G:HEY,1,1,0.868486,0.97681,1.29496,0.764577,0.785334,0,1.05495,0,0.774528,1.09138,1.01728,1.21442,0.808747,0,0,1,0,0,1,0,1,w,w
