time_stamp,word,frame,success,confidence,AU01_r,AU02_r,AU04_r,AU05_r,AU06_r,AU09_r,AU10_r,AU12_r,AU14_r,AU15_r,AU17_r,AU20_r,AU25_r,AU26_r,AU04_c,AU12_c,AU15_c,AU23_c,AU28_c,AU45_c,speaker_gender,listener_gender
6872,DO,1,1,0.965781,0,0.532663,0,0,0,0.552579,0.754347,0.832767,1.46792,0,0.59027,1.08893,0,0,0,1,1,0,0,1,w,m
6873,DO,1,1,0.948637,0,0,0,0,0.502482,0.712046,0.796508,0.965436,1.86848,0,0.559741,0,0,0,0,1,1,0,0,1,w,m
6874,DO,1,1,0.949853,0,0,0,0,0.537846,0,0.960819,1.04812,1.55213,0,0,0.567767,0,0,0,1,1,0,0,1,w,m
6875,DO,1,1,0.949896,0,0,0,0,0.529042,0,0.937571,0.997031,1.54124,0,0,0.593319,0,0,0,1,1,0,0,1,w,m
6876,DO,1,1,0.963176,0,0.944514,0,0,0,0,0.615049,0.781168,1.18075,0,0.544311,0.564846,0,0,0,1,1,0,0,1,w,m
6882,DO,1,1,0.865983,2.17145,2.21662,0.676252,0,0,0,0,0.772044,0,0.745081,1.19225,1.69301,1.75962,0,0,1,1,1,0,0,w,m
6883,DO,1,1,0.879745,1.81351,1.80439,1.05449,0,0,0,0,0.502299,0,0.87855,1.22066,2.0651,1.63039,0,0,1,1,0,0,0,w,m
6884,DO,1,1,0.866349,1.65883,2.3763,1.54687,0.649621,0,0,0,0.685096,0,0,1.24063,1.82453,1.84686,0,0,1,1,0,0,0,w,m
6886,DO,1,1,0.881672,1.78948,1.73229,2.58638,0.977571,0.515882,0,0,1.00792,1.4265,0,1.55631,1.65607,1.57935,0,0,1,1,0,0,0,w,m
6887,DO,1,1,0.860426,2.23334,2.01958,2.30466,1.26736,0.65877,0,0,1.22123,1.48592,0,1.24004,0,2.52371,0,1,1,1,0,0,0,w,m
6888,DO,1,1,0.92678,1.48771,1.70509,0.640601,0,0.734003,0,0.669726,0.95462,1.64292,0.868096,1.29824,0,3.45464,0,0,1,1,1,0,0,w,m
6889,DO,1,1,0.827751,1.83937,1.03608,0.617893,0,0.529216,0,0.728963,1.23627,1.93192,0.629728,1.23912,0,3.01576,0,0,1,1,0,0,0,w,m
6890,DO,1,1,0.848117,0.800771,0,0,0,0,0,0.671044,1.30782,2.01756,0.907128,1.0179,1.05055,2.55335,0,0,1,1,0,0,0,w,m
6891,DO,1,1,0.933371,0,0,0.665356,0,0.614983,0,0.730531,1.1489,1.75457,1.435,0,0,1.25452,0.682218,0,1,1,1,0,0,w,m
6895,DO,1,1,0.969013,0,1.0024,0.811079,0,0,1.53254,0,0,0,0,0,0,0.975045,0,1,1,1,0,0,1,w,m
6896,DO,1,1,0.976335,0,0,0.76666,0,0,1.51966,0,0,0,0,0,0,0,0,1,1,0,0,0,1,w,m
6897,DO,1,1,0.969425,0.95956,0,0.617861,0,0,0,0,0,0,0,0,0.881448,0,0,0,0,0,0,0,1,w,m
6898,DO,1,1,0.973733,1.01067,0,0,0.630375,0,0.834038,0,0.519354,0,0,0,1.25971,0,0,0,1,0,0,0,1,w,m
6899,DO,1,1,0.970834,1.44727,0,0,0.6397,0,0,0,0,0,0,0.504251,1.09567,0,0,0,1,0,0,0,1,w,m
6900,DO,1,1,0.975203,1.14919,0,0,0.595049,0,0.693928,0,0.628924,0,0.715645,0,1.46013,0,0,0,1,0,0,0,1,w,m
6901,DO,1,1,0.978663,1.45309,0,0,0.580781,0,0.662363,0,0.59982,0,0.702567,0,1.56529,0,0,0,1,0,0,0,1,w,m
6902,DO,1,1,0.970312,1.12883,0,0.630168,0.61277,0,0,0,0,0,0.509879,0,1.39931,0,0,0,1,0,0,0,1,w,m
6903,DO,1,1,0.973028,1.06867,0,0,0.981404,0,0.887355,0,0,0,0,0,1.41657,0,0,0,1,0,0,0,1,w,m
6904,DO,1,1,0.976959,0.945956,0,0.918525,0.816174,0,0.931162,0,0,0,0.609295,0,1.32288,0,0,0,1,0,0,0,1,w,m
6905,DO,1,1,0.966448,0.870273,0,0.700298,1.12972,0,0.857071,0,0,0,0.796696,0,1.00702,0,0,0,1,0,0,0,1,w,m
6906,DO,1,1,0.969648,0,0,0,0.738033,0,0,0,0.643862,0,0.719686,0,0.78259,0,0,0,1,0,0,0,1,w,m
6907,DO,1,1,0.967921,0.529392,0,0,0.555978,0,0.546285,0,0.568845,0,0.527553,0,0.954036,0,0,0,1,0,0,0,1,w,m
6908,DO,1,1,0.957916,0,0,0.5744,0.740699,0,0.814352,0,0,0,0.631688,0,0.791186,0.579721,0,0,1,0,0,0,1,w,m
6909,DO,1,1,0.951308,0.630974,0,0.938503,0.736968,0,0.845198,0,0,0,0.616922,0,0.787502,0,0,0,1,0,0,0,1,w,m
6910,DO,1,1,0.964539,0,0,0.683235,0.663344,0,0.541251,0,0,0,0,0,0.841952,0,0,1,1,0,0,0,1,w,m
6911,DO,1,1,0.960509,0,0,0.624458,0.772165,0,0.747701,0,0,0,0,0,0.723931,0.617608,0,1,1,0,0,0,1,w,m
6912,DO,1,1,0.968219,0,0,0.791116,0.53368,0,0.937915,0,0,0,0,0,0.763784,0.61466,0,1,1,0,0,0,1,w,m
6913,DO,1,1,0.969095,0,0,0.572121,0,0,0.678861,0,0,0,0,0,0.71628,0.689445,0,1,1,0,0,0,1,w,m
6914,DO,1,1,0.964902,0,0,0,0,0,0.682683,0,0,0,0,0,0,0,0,1,1,0,0,0,1,w,m
6915,DO,1,1,0.942433,0,0.762386,0,0,0,0.668815,0,0,0,0,0,0,0,0,1,0,0,0,0,1,w,m
6916,DO,1,1,0.945628,0,0,0,0,0,1.13666,0,0,0,0.595497,0,0,0.833572,0,1,1,1,0,0,1,w,m
6917,DO,1,1,0.957711,0,0,0,0.585665,0,0.853031,0,0,0,0,0,0,1.65476,0,1,1,0,0,0,1,w,m
6918,DO,1,1,0.952093,0,0,0,0.64155,0,0.915829,0,0,0,0,0,0,1.33303,0,1,1,0,0,0,1,w,m
6919,DO,1,1,0.956444,0,0,0,0,0,1.21084,0,0,0,0,0,0,1.05462,0,1,1,0,0,0,1,w,m
6920,DO,1,1,0.957108,0,0,0,0,0,1.05076,0,0,0,0,0,0,1.65676,0,1,1,0,0,0,1,w,m
6921,DO,1,1,0.962902,0,0,0,0,0,0,0,0,0,0,0,0,1.93726,0,1,1,0,0,0,1,w,m
6922,DO,1,1,0.967259,0,0,0,0,0,0.89115,0,0,0,0.583645,0,0,2.21679,0,1,0,0,0,0,1,w,m
6923,DO,1,1,0.963572,0.641637,0,0,0,0,0.685499,0,0,0,0.867287,0,0,3.28157,0.551024,1,0,1,0,0,1,w,m
6924,DO,1,1,0.942482,0,0,0,0,0,0.73215,0,0,0,1.15948,0,0,3.47488,0.816383,1,0,1,0,0,1,w,m
6925,DO,1,1,0.890751,0,0,0,0,0,0,0,0,0,1.31831,0,0,3.17101,0.735071,1,0,1,0,0,1,w,m
6926,DO,1,1,0.851094,0,0,0,0,0,0,0,0,0,1.60911,0,0,3.22233,1.06596,1,0,0,0,0,1,w,m
6927,DO,1,1,0.86995,0,0,0,0,0,0,0,0,0,1.13041,0,0,3.15691,1.21561,1,0,1,0,0,1,w,m
6928,DO,1,1,0.885126,0,0,0,0,0,0,0,0,0,0.878281,0,0,3.89464,1.2542,1,0,1,0,0,1,w,m
6929,DO,1,1,0.87293,0,0,0,0,0,0,0,0,0,1.0033,0,0,3.61703,1.30814,1,0,1,0,0,1,w,m
6930,DO,1,1,0.876892,0,0,0,0,0,0,0,0.542078,0,0.762304,0,0,2.9653,1.27134,1,1,1,0,0,1,w,m
7806,DO,1,1,0.754649,0,1.15207,2.02141,0,0.53585,0,0,0,0.59547,0.580291,1.00032,1.78366,0,0,0,0,1,1,0,0,w,m
7807,DO,1,1,0.91021,0,1.71376,2.61986,0,0,0,0,0,0,0,0,1.46292,2.84962,0.732004,0,0,1,1,0,1,w,m
7808,DO,1,1,0.910304,0,1.92552,2.61843,0,0,0,0,0,0,0,0,1.79474,2.5019,0.689303,0,0,1,0,0,1,w,m
7809,DO,1,1,0.888347,0,1.95538,2.28138,0,0,0,0,0,0,0,0,1.60889,2.62823,0.647481,1,0,1,0,0,1,w,m
7810,DO,1,1,0.911413,0,1.67272,2.21737,0,0,0,0,0,0.534801,0,0,1.8165,2.84634,0.564277,0,0,1,0,0,0,w,m
7811,DO,1,1,0.89708,0,1.42901,2.37713,0,0,0,0,0,0.604801,0,0.596044,1.85191,2.4941,0.644567,0,0,1,0,0,0,w,m
7812,DO,1,1,0.864631,0,1.36658,2.45004,0,0,0,0.510986,0,0.785987,0,0.572254,1.50569,1.73937,0.621029,0,0,0,0,0,0,w,m
7813,DO,1,1,0.88916,0,1.43787,2.49743,0,0,0,0.550802,0,0.961133,0,0.707076,1.75731,1.66371,0.603133,0,0,1,0,0,0,w,m
7814,DO,1,1,0.874752,0,1.29791,2.4357,0,0,0,0.538092,0,0.981379,0,0.693883,1.38674,1.9517,0.63763,0,0,1,0,0,1,w,m
7815,DO,1,1,0.891218,0,1.39788,2.63075,0,0,0,0,0,0.72171,0,0.618331,1.37483,1.92531,0.597464,0,0,0,0,0,0,w,m
7816,DO,1,1,0.885196,0,0.989894,2.55062,0,0,0,0,0,0.810163,0,0.54242,1.19985,1.95875,0.543526,0,0,1,0,0,0,w,m
7817,DO,1,1,0.873783,0,1.26678,2.46714,0,0,1.04138,0,0,1.06482,0,0.587919,1.12743,1.71764,0,0,0,1,0,0,0,w,m
7818,DO,1,1,0.87178,0,0.857654,2.4107,0,0,1.06052,0,0,0.878323,0,0.625731,1.02969,1.39327,0,0,0,1,0,0,0,w,m
7819,DO,1,1,0.863805,0,0.931057,2.51951,0,0,1.45202,0,0,1.23603,0,0.551957,0.871339,1.94817,0,0,0,1,0,0,0,w,m
7820,DO,1,1,0.891768,0,0.84199,2.37009,0,0,1.19306,0,0,0.670295,0,0,0,2.76317,0.52904,1,0,1,0,0,1,w,m
7821,DO,1,1,0.734157,0.752605,0.658412,1.43981,0,0.547592,0,0,0,0.631697,0,0,0,3.85421,0.782248,1,0,0,0,0,1,w,m
7822,DO,1,1,0.734406,0.784699,0.963111,1.33206,0,0,0.67473,0,0,0,0,0,0,4.35779,0.76771,0,0,0,0,0,1,w,m
7823,DO,1,1,0.775657,0.917331,0.808395,1.61128,0,0,0.902409,0,0,0.657088,0,0,0,4.6936,0.703822,1,0,0,1,0,1,w,m
7824,DO,1,1,0.8855,1.25534,0.563281,1.62201,0,0,1.30387,0,0,0.511218,0,0,0,4.30108,0.640309,1,0,0,1,0,0,w,m
7825,DO,1,1,0.887447,1.23703,0.853473,1.24117,0,0,1.69468,0,0,0,0,0,0,4.63742,0.552192,0,0,0,0,0,1,w,m
7826,DO,1,1,0.885963,1.12103,0.992995,1.45447,0,0,1.81479,0,0,0,0,0,0,4.23749,0.52336,0,0,0,0,0,0,w,m
7827,DO,1,1,0.903606,1.05548,0.737517,1.6097,0,0,1.47071,0,0,0,0,0,0,4.21293,0,0,0,0,1,0,0,w,m
7828,DO,1,1,0.909402,1.15559,0.858221,1.36964,0,0,1.47835,0,0,0,0,0,0,4.05999,0,0,0,0,1,0,0,w,m
7829,DO,1,1,0.902347,1.05378,0,1.09004,0,0,1.50391,0,0,0,0,0,0,3.71612,0,0,0,0,1,0,0,w,m
7830,DO,1,1,0.910554,1.06575,0,1.19455,0,0,1.22457,0,0,0,0,0,0,3.51089,0,0,0,0,0,0,0,w,m
7831,DO,1,1,0.918197,1.21794,0.504871,0.885172,0.507644,0,1.56635,0,0,0,0.510368,0,0,2.9534,0,0,0,0,0,0,0,w,m
7832,DO,1,1,0.913491,1.39807,0,0.848709,0,0,1.50163,0,0,0,0,0,0,3.41129,0.503211,0,0,0,1,0,0,w,m
7833,DO,1,1,0.919404,1.49489,0,0.747983,0,0,1.27063,0,0,0,0,0,0,3.77079,0.53504,0,0,0,1,0,0,w,m
7834,DO,1,1,0.937567,1.23726,0.635247,0.73725,0,0,0.847074,0,0,0,0,0,0,4.0332,0.555189,0,0,0,1,0,0,w,m
7835,DO,1,1,0.95789,1.4958,1.11625,0.688752,0,0,1.02353,0,0,0,0,0,0,3.67375,0,0,0,0,1,0,0,w,m
7836,DO,1,1,0.962127,1.22558,0.58092,0.519223,0,0,0,0,0,0,0.746043,0,0,2.01521,0,0,0,0,1,0,0,w,m
7837,DO,1,1,0.95748,1.37163,0.670555,0,0,0,0.685315,0,0,0,0.762119,0.776003,0,1.50584,0,0,0,0,0,0,0,w,m
7838,DO,1,1,0.952129,1.31193,0,0,0.692303,0,0,0,0,0.717295,0.869424,0.911398,0,0,0,0,0,0,0,0,0,w,m
7839,DO,1,1,0.846704,1.24057,0.59145,0,0.580374,0,0,0,0,0.78931,0.665079,0.775473,0,0,0,0,0,1,0,0,0,w,m
7840,DO,1,1,0.861074,1.11383,0.682924,0,0.62269,0,0,0,0,0.977444,0.732826,0.963861,0,1.07727,0,0,0,0,0,0,0,w,m
7841,DO,1,1,0.852324,1.21558,0,0,0.539059,0,0,0,0,0.82759,0,1.0766,0,0,0,0,0,0,0,0,0,w,m
7847,DO,1,1,0.767164,0,0.767804,0,1.46667,0.598667,0,0.903601,0.623252,1.46902,0,0.642103,0.863288,0.952634,0,0,1,0,0,0,0,w,m
7858,DO,1,1,0.836476,0,0,0,0.524542,0,0.613241,0,0,0,1.30032,0,0,0.58105,0,0,0,0,1,0,1,w,m
7859,DO,1,1,0.842846,0.551791,0.996646,0,0,0,0.929003,0,0,0,0.695835,0,0.634064,0.691206,0,0,0,0,1,0,1,w,m
7860,DO,1,1,0.876602,0,0,0.929393,0,0.525754,0.898298,0.551186,0.776693,0,0.962394,0,0,1.79891,0,0,1,0,1,0,1,w,m
7861,DO,1,1,0.851606,0,0.62159,0.54635,0,0.610394,0,0.699231,1.1387,0,0.667751,0,0,1.63054,0,0,1,0,1,0,0,w,m
7862,DO,1,1,0.87262,0,0,0,0,0.589688,0,0.650151,1.65721,0,0.524464,0,0.591994,1.62438,0,0,1,0,0,0,0,w,m
7863,DO,1,1,0.808366,0,0,0,0,0.618554,0,0.828749,1.68604,0,0,0,0.668039,1.04021,0,0,1,0,0,0,0,w,m
7864,DO,1,1,0.763627,0,0.677532,0,0,0.628398,0,0.800848,1.42599,0,0,0,1.14625,1.37903,0,0,1,0,1,0,0,w,m
7865,DO,1,1,0.870431,0,0,0,0,0.602763,0,0.63786,1.45571,0.540056,0,0,0.566003,2.53277,0,0,1,0,1,0,0,w,m
7866,DO,1,1,0.902875,0,0,0.556916,0,0.762331,0.565551,0.662697,0.874453,0.672255,0.726873,0,0,2.63661,0,0,1,0,1,0,0,w,m
7867,DO,1,1,0.872737,0,0,1.32761,0,0,0,0,0.637837,0,0,0,0,1.2572,0,0,0,1,0,0,0,w,m
7868,DO,1,1,0.831184,0,0,1.89342,0.781367,0,0,0,0,0,0,0,0,1.21369,0.742769,0,0,1,1,0,0,w,m
7869,DO,1,1,0.742953,0,0,1.24612,0,0,0,0,0,0,0.696152,0,0,2.6084,0.923712,0,0,1,1,0,0,w,m
7870,DO,1,1,0.764586,0,0,1.56235,0,0,0,0,0,0,0.792589,0,0,2.65221,0.72117,0,0,1,1,0,0,w,m
7871,DO,1,1,0.871902,0,0,1.38584,0,0,0.599741,0,0,0,0,0,0,1.47082,0,0,0,0,1,0,0,w,m
7872,DO,1,1,0.761327,0,0,0.964367,0,0,0,0,0,0,0,0,0.90618,1.74021,0,0,0,0,0,0,1,w,m
7873,DO,1,1,0.765439,0,0,0,0,0.905726,0,0.896435,1.41641,0,0,0.778736,1.55119,3.83879,0,0,1,1,0,1,0,w,m
7874,DO,1,1,0.860535,0,0,1.08466,0.583575,0,0,0,0,0,0,0,0,0,0,0,0,0,1,0,0,w,m
7875,DO,1,1,0.874115,0,0,0,2.11293,0.686097,0,0.927569,0,0.946744,0,0,1.00164,1.49177,0,0,0,0,0,0,0,w,m
7876,DO,1,1,0.781254,0.743675,1.00994,0,1.3666,0,0.651628,0,0,1.21293,0,0,1.02077,0,0,0,0,0,1,0,0,w,m
7922,DO,1,1,0.80651,1.04733,1.41784,1.3225,0.909186,0.753745,0.985932,0.874782,1.07928,0.65582,0.76104,0,0,4.87251,0,0,1,0,1,0,0,w,m
7923,DO,1,1,0.876988,1.165,0.876817,1.37218,0.78693,0.835206,0.614289,0.908387,1.2184,0.751019,0,0,0,5,0.530262,0,1,0,1,0,0,w,m
7924,DO,1,1,0.868501,1.16575,0.835285,1.10015,0.771142,0.757902,0.797386,0.851624,1.09931,1.1003,0,0,0,5,0,0,1,0,1,0,0,w,m
7925,DO,1,1,0.897216,0.818489,0.941075,1.12484,0.749192,0.766271,1.15917,0.822545,1.12809,1.10436,0,0,0,5,0,0,1,0,1,0,0,w,m
7926,DO,1,1,0.886196,0.598301,1.06899,1.02108,0.543783,0.773655,1.00171,0.764847,1.09195,1.0576,0,0,0,4.7109,0,0,1,0,0,0,0,w,m
7927,DO,1,1,0.862052,0.519272,0.654475,1.52549,0.526352,0.826354,1.184,0.778828,1.3722,1.08596,0,0,0,3.48136,0,0,1,0,1,0,0,w,m
7928,DO,1,1,0.800577,0,0,0,1.32706,0.700259,0,0.784487,1.34025,0.880581,0,0,1.0658,1.7011,0,0,1,0,1,0,0,w,m
7929,DO,1,1,0.785938,0,1.04589,0.524508,0.957807,0.848407,0.520985,0.861808,0.986737,1.04787,0,0.663301,0,3.35584,0,0,1,0,1,0,0,w,m
7930,DO,1,1,0.793594,0,0,0.818705,0.568857,0.509308,0,0.736585,1.10161,0.657112,0,0.763813,0.792132,0,0,0,1,0,1,0,0,w,m
7931,DO,1,1,0.744589,0.502636,0.539958,0.717611,0,0,0.863265,0,0,0,0,0,0,1.40136,0,0,0,0,1,0,0,w,m
7933,DO,1,1,0.742172,0,0,1.13059,0.508268,0,1.22793,0,0,0,0,0,0,2.70159,0,0,0,0,0,0,0,w,m
7934,DO,1,1,0.773494,0,0,1.9478,0.522305,0,1.17085,0,0,0,0,0,0,2.46836,0,0,0,0,1,0,0,w,m
7935,DO,1,1,0.791502,0,0,1.88201,0.617573,0,0.974593,0,0,0,0,0,0,1.97921,0,0,0,0,1,0,0,w,m
7936,DO,1,1,0.785752,0,0,2.07134,0.779079,0,1.45978,0,0,0,0,0,0,1.75429,0,0,0,0,1,0,0,w,m
7937,DO,1,1,0.792226,0,0,1.85958,0.686016,0,1.6861,0,0.608377,0,0,0,0,1.26933,0,0,0,0,1,0,0,w,m
7938,DO,1,1,0.738918,0.712843,0.626789,1.39469,0.636628,0,1.12096,0,0.615691,0,0,0,0.841889,1.59988,0,0,1,0,1,0,0,w,m
7939,DO,1,1,0.831911,0,0.543056,1.13097,0.812054,0,1.12136,0,0.577125,0,0,0,0,0.959104,0,0,1,0,1,0,0,w,m
7940,DO,1,1,0.872175,0,0,0.952108,0,0,0,0,0.526544,0,0,0,0,1.11649,0,0,0,0,1,0,0,w,m
7941,DO,1,1,0.878058,0,0.537027,1.03666,0,0,0,0,0,0,0,0,0,2.07512,0,0,0,0,1,0,0,w,m
7942,DO,1,1,0.851014,0.615726,0.712819,1.25323,0,0,0.876923,0,0,0,0,0.56797,0,1.83575,0,0,0,0,1,0,0,w,m
7943,DO,1,1,0.860573,0.783224,0,1.24851,0.639505,0,0.535222,0,0,0,0,0.523694,0,2.14829,0,0,0,0,1,0,0,w,m
7944,DO,1,1,0.833965,1.18951,0,1.53347,0.608748,0,0.714539,0,0,0,0,0,0,1.74081,0,0,0,0,1,0,0,w,m
7945,DO,1,1,0.808448,0.99981,0,0.964871,0.919401,0,0,0,0,0,0,0,0,1.52502,0,0,0,0,1,0,0,w,m
7946,DO,1,1,0.822371,1.31014,0,1.13121,0.701759,0,0.828639,0,0,0.733249,0,0,0,1.92999,0,1,0,0,1,0,0,w,m
7951,DO,1,1,0.854519,0.915837,0,0,0,0,0,0,0,0,0,0,0,2.06125,0,0,0,0,1,0,0,w,m
7953,DO,1,1,0.823564,0.516373,0,0,0,0,0,0,0,0,0.578764,0,0,1.44561,0.617736,0,0,0,1,0,0,w,m
7954,DO,1,1,0.825567,0,0,0.758223,0.690565,0,0.6969,0,0,0,0,0,0,1.44131,0,0,0,0,1,0,0,w,m
7978,DO,1,1,0.920298,0,0,1.61008,0,0,0,0,0,0,1.06291,0,0,1.04033,0.56757,0,0,0,0,0,1,w,m
7979,DO,1,1,0.946122,0,0,0.796317,0,0,1.00321,0,0,0,0.969228,0,0,1.6172,0,0,0,0,0,0,1,w,m
7980,DO,1,1,0.915871,0,0,0.947881,0,0,0.662847,0,0,0,1.15448,0,0,2.25449,0,1,0,0,0,0,1,w,m
7981,DO,1,1,0.915605,0,0,0.56737,0,0,0.735924,0,0,0,1.42678,0,0,1.52474,0,0,0,0,1,0,1,w,m
7982,DO,1,1,0.91275,0,0,0.519365,0,0,0.548481,0,0,0,1.66355,0,0,1.39902,0,1,0,0,1,0,1,w,m
7983,DO,1,1,0.915755,0,0,0,0,0,0.630603,0,0,0,1.53265,0,0,2.0828,0,0,0,0,1,0,1,w,m
7984,DO,1,1,0.911486,0,0,0,0,0,0.648383,0,0,0,1.22552,0,0,2.56011,0,0,0,0,0,0,0,w,m
7985,DO,1,1,0.90011,0,0,0.646116,0,0,0,0,0,0,1.31909,0,0,2.38686,0,1,0,0,1,0,0,w,m
7986,DO,1,1,0.902926,0,0,0,0,0,0,0,0,0,1.00967,0,0,2.05177,0,0,0,0,0,0,0,w,m
7987,DO,1,1,0.89925,0,0,0,0,0,0.611041,0,0,0,1.00438,0,0,1.67913,0,1,0,0,0,0,0,w,m
7988,DO,1,1,0.901334,0,0,0,0,0,0,0,0,0,1.23651,0,0,1.80442,0,0,0,0,1,0,1,w,m
7989,DO,1,1,0.903579,0.527194,0,0,0,0,0,0,0,0,1.25166,0,0,1.81863,0,1,0,0,1,0,1,w,m
7990,DO,1,1,0.89832,0,0,0.70611,0,0,0,0,0,0,1.16672,0,0,1.60961,0,1,0,0,1,0,1,w,m
7991,DO,1,1,0.885771,0.527263,0,0.997613,0,0,0,0,0,0,1.1457,0,0,1.92034,0,1,0,0,1,0,1,w,m
7992,DO,1,1,0.877912,0.568977,0,0.922966,0.523981,0,0,0,0,0,0.998232,0,0,2.59925,0,1,0,0,1,0,1,w,m
7993,DO,1,1,0.894246,0,0,0.885851,0,0,0,0,0,0,1.05688,0,0,2.28094,0,1,0,0,1,0,1,w,m
7994,DO,1,1,0.902221,0.50552,0,0.933077,0,0,0,0,0,0,1.18264,0,0,2.50111,0,1,0,0,1,0,0,w,m
7995,DO,1,1,0.911762,0,0,0.752206,0,0,0,0,0.69854,0,1.09696,0.778269,0,2.46896,0,1,0,1,1,0,1,w,m
7996,DO,1,1,0.930159,0,0.585939,1.01776,0,0,0,0,0,0,1.08971,0.799604,0,2.80994,0,1,0,1,1,0,1,w,m
7997,DO,1,1,0.938709,0.738951,0,0.710161,0,0,0,0,0,0,1.19454,0.82114,0,2.73103,0,1,0,0,1,0,1,w,m
7998,DO,1,1,0.929137,0.751956,0,0.723658,0,0,0,0,0,0.592,0.962881,0.637758,0,2.403,0,0,0,0,1,0,1,w,m
7999,DO,1,1,0.831058,0.686874,0,0,0,0,0,0,0,0.841914,0.524565,0.5431,0,2.13466,0,0,0,0,1,0,1,w,m
8000,DO,1,1,0.848259,0.54694,0,1.00639,0,0,0,0,0,1.1558,0,0.545461,0,2.35967,0,0,0,0,1,0,1,w,m
8001,DO,1,1,0.855902,0,0,1.21904,0,0,0,0,0,0.993419,0.553021,0.677292,0,2.13671,0,0,0,0,1,0,1,w,m
8002,DO,1,1,0.91383,0,0,1.22773,0,0,0,0,0,0.706856,0,0.582825,0,1.90097,0,0,0,0,1,0,1,w,m
8003,DO,1,1,0.924094,0.805006,0,1.84173,0,0,0,0.515791,0,0.813779,0,0.562437,0,1.71725,0,0,0,0,1,0,1,w,m
8004,DO,1,1,0.965787,0.916184,0,1.32333,0,0,0.560098,0.727591,0,1.47877,0,0,1.3304,0.91453,0,0,0,0,1,0,0,w,m
8005,DO,1,1,0.971595,0.8857,0.635838,1.06726,0,0.629157,0,0.995109,0.721479,1.67923,0,0.598288,1.00447,1.00028,0,0,0,0,1,0,1,w,m
38956,DO,1,1,0.926306,1.16419,0,0,0,0,0,0,0,0,0.677663,0.772002,2.56033,0.515968,0,0,0,1,1,0,0,m,m
38957,DO,1,1,0.922517,1.03998,0.967385,0,0,0,0,0,0.931039,0.547851,0,0.677909,1.92381,2.00076,0,0,0,1,1,0,0,m,m
38958,DO,1,1,0.888019,0.841809,1.01996,0,0,0,0,0.666033,1.20275,0.725043,0,0.745542,1.13547,2.1699,0,0,1,1,1,0,0,m,m
38959,DO,1,1,0.943818,0,0.869981,0,0,0,1.18814,0.64667,0.795329,0.926154,0,0,0.809581,2.27245,0,1,1,1,1,0,1,m,m
38960,DO,1,1,0.969542,0,0.974681,0,0,0.656785,0.721254,0.878564,1.21908,1.26112,0,0,1.00888,1.66746,0,1,1,1,1,0,1,m,m
38961,DO,1,1,0.971908,0,0.635083,0,0,0.798234,0.943721,1.06208,1.4734,1.15264,0,0,0.849228,2.41115,0,0,1,1,1,0,1,m,m
38962,DO,1,1,0.974207,0,0.561857,0,0,0.839208,0.843519,0.965897,1.9837,1.43947,0,0,0.520112,2.44365,0,0,1,1,0,0,1,m,m
38963,DO,1,1,0.966193,0,0,0,0,0.753673,0.725978,0.943542,1.66213,1.01983,0,0,0.709486,2.14748,0,0,1,1,0,0,1,m,m
38964,DO,1,1,0.95496,0.858889,0.977272,0.754814,0,0.766196,0.901595,0.947654,1.9002,1.34115,0.846278,0,0.934399,1.01244,0,0,1,1,0,0,1,m,m
38965,DO,1,1,0.951676,0,0,0.55032,0,0.844935,0.97423,1.03091,1.80706,1.54195,0.83048,0,0.676286,1.55501,0,0,1,1,0,0,1,m,m
38966,DO,1,1,0.959554,0,0,0,0,0.93035,1.31815,1.12098,2.04058,1.56915,0.584276,0,0,1.86058,0,0,1,1,0,0,1,m,m
38967,DO,1,1,0.95507,0.624467,0.718882,0.658301,0,0.94652,1.14788,1.14233,1.96553,1.63068,0.813481,0,0,1.52472,0,0,1,1,0,0,1,m,m
38968,DO,1,1,0.953796,0.629569,0,0.553112,0,1.00593,0.989125,1.20137,2.17408,1.9375,1.09676,0,0,1.77262,0,0,1,1,0,0,1,m,m
38969,DO,1,1,0.954893,0.510835,0,0.720608,0,0.991767,0.72514,1.19111,2.11642,1.77807,0.679414,0,0,1.81899,0,0,1,1,0,0,1,m,m
38970,DO,1,1,0.946677,0.623088,0,0.583671,0,0.884445,0,1.14344,1.97316,1.52039,1.11562,0,0.511105,2.05111,0,0,1,1,0,0,1,m,m
38971,DO,1,1,0.961265,0,0.631523,0,0,0.888986,0.52083,1.08184,1.95913,1.84117,0.734368,0,0.500529,1.20218,0,0,1,1,0,0,1,m,m
38972,DO,1,1,0.962846,0,0,0,0,0.659615,0,0.800629,1.78907,1.41487,0.848874,0,1.07598,1.36576,0,0,1,1,0,0,1,m,m
38973,DO,1,1,0.947159,0.72028,1.14764,1.59826,0,0,1.70999,0,0.785969,0,0,0,0,0.695127,0.689598,0,1,0,1,0,0,m,m
38996,DO,1,1,0.789585,1.5358,1.45467,0.517286,0,0.802323,1.74215,1.00229,1.13564,1.35084,0,0.815854,2.21899,0.541673,0,1,1,1,1,0,1,m,m
38997,DO,1,1,0.783896,1.2838,1.40278,0,0,1.14551,1.05979,1.59865,1.72773,1.96801,0,1.11749,1.34661,1.4645,0,1,1,1,1,0,1,m,m
38998,DO,1,1,0.749141,0,1.32317,0,0,0.793819,0,1.33059,1.26343,1.77237,0.536109,1.06521,1.62257,0,0,1,1,1,1,0,1,m,m
38999,DO,1,1,0.784221,1.11435,1.97624,0,0,0.941342,0.64846,1.28701,1.3862,2.02784,0,1.15537,2.05917,1.37955,0,1,1,1,1,0,1,m,m
39000,DO,1,1,0.894778,0,1.07043,0,0,0.767623,0,1.11912,0.608665,0.694824,0.848466,1.18904,1.8672,1.66111,0,1,1,1,1,0,0,m,m
39001,DO,1,1,0.854545,0,1.02833,0,0,0.624423,0,1.40078,0.781197,0.954433,1.1274,0,2.38418,3.01074,0,1,1,1,0,0,1,m,m
39002,DO,1,1,0.875859,0,1.20122,0,0.506742,0.738915,1.79719,1.31162,0.694365,0.973053,1.03878,0.558335,1.77762,2.90322,0,1,1,1,1,0,1,m,m
39003,DO,1,1,0.909001,0,1.56968,0,0,0.709352,1.41122,1.16693,0.524997,0.80037,1.22723,0.636194,2.14335,2.51505,0,1,0,1,1,0,1,m,m
39004,DO,1,1,0.787926,0.559624,1.39412,0.519341,0,0,1.96234,0,0.513723,0,0,0,1.71671,1.59767,0,1,0,1,0,0,1,m,m
39008,DO,1,1,0.798893,1.32451,1.33598,0,0,0,0,0,0,0,0,0,1.18078,0,0,1,0,0,1,0,1,m,m
39009,DO,1,1,0.811606,1.39272,0.775696,0.519859,0.636259,0,0,0,0,0,0,0,1.09209,1.82453,0,0,0,1,1,0,0,m,m
39010,DO,1,1,0.820675,1.48583,0.746992,0,0.587362,0,0,0,0,0,0,0.855935,1.28635,1.24177,0,0,0,1,1,0,0,m,m
39011,DO,1,1,0.827534,1.36193,0.771069,0,0,0,0,0,0.574846,0.626178,0,0.925032,1.56847,0.837812,0,1,0,1,1,1,0,m,m
