time_stamp,word,frame,success,confidence,AU01_r,AU02_r,AU04_r,AU05_r,AU06_r,AU09_r,AU10_r,AU12_r,AU14_r,AU15_r,AU17_r,AU20_r,AU25_r,AU26_r,AU04_c,AU12_c,AU15_c,AU23_c,AU28_c,AU45_c,speaker_gender,listener_gender
312,NEVER,1,1,0.974901,1.06879,0,1.81953,0,0,1.52325,0.501165,0,1.1462,0,0.505245,1.30521,0,0,0,0,0,1,0,0,m,w
313,NEVER,1,1,0.98142,0.986267,0,2.27752,0,0,1.18151,0.631478,0,1.08709,0,0.919837,1.13556,0,0,0,0,0,1,0,1,m,w
314,NEVER,1,1,0.988312,0.554848,0,2.60407,0,0,1.67567,0.505473,0,1.09256,0,0.858401,1.2785,0,0,1,0,0,1,0,1,m,w
315,NEVER,1,1,0.989287,0.592336,0,2.67799,0,0,1.25786,0.56873,0,1.31694,0,1.05404,0.969647,0,0,1,0,0,1,0,0,m,w
316,NEVER,1,1,0.992012,0.64115,0,2.80782,0,0,1.2196,0,0,1.44344,0,0.932417,1.03048,0,0,1,0,0,1,0,1,m,w
317,NEVER,1,1,0.991074,0.767299,0,2.73978,0,0,1.50637,0.6044,0,1.45628,0,0.998834,1.06973,0,0,1,0,0,1,0,1,m,w
318,NEVER,1,1,0.992482,0.936886,0,2.64224,0,0,1.71391,0.557659,0,1.44351,0,1.0015,0.720975,0,0,1,0,0,1,0,1,m,w
319,NEVER,1,1,0.992547,0.707331,0,2.50353,0,0,1.42991,0.70336,0,1.44464,0,1.02236,0.672682,0,0,1,0,1,1,0,1,m,w
320,NEVER,1,1,0.992548,0.809959,0,2.78298,0,0,1.12963,0.724852,0,1.7407,0,1.00823,0.691849,0,0,1,0,0,1,0,0,m,w
321,NEVER,1,1,0.99293,0.949793,0,2.5484,0,0,1.36681,0.666429,0,1.66171,0,0.888128,0.843193,0,0,1,0,0,1,0,1,m,w
322,NEVER,1,1,0.99262,0.825746,0,2.75866,0,0,1.23861,0.7695,0.539816,1.63963,0,0.865629,0.961545,0,0,1,0,0,1,0,1,m,w
323,NEVER,1,1,0.992531,0.894346,0,2.64739,0,0,1.22829,0.690054,0,1.59291,0,0.884341,0.906462,0,0,1,0,0,1,0,0,m,w
324,NEVER,1,1,0.993102,0.885797,0,2.45197,0,0,1.42556,0.724122,0,1.54942,0,0.834843,0.82684,0,0,1,0,0,1,0,1,m,w
325,NEVER,1,1,0.992498,1.00708,0,2.68327,0,0,1.37722,0.701052,0,1.59762,0,0.803545,0.880282,0,0,1,0,0,1,0,0,m,w
326,NEVER,1,1,0.993004,0.92845,0,2.55886,0,0,1.13021,0.66032,0,1.45757,0,0.792586,1.03292,0,0,1,0,0,1,0,1,m,w
327,NEVER,1,1,0.993019,0.944782,0,2.79238,0,0,1.39184,0.694744,0,1.44304,0.533822,0.923137,1.02011,0,0,1,0,1,1,0,1,m,w
328,NEVER,1,1,0.992884,1.02446,0,2.56214,0,0,1.1989,0.672675,0,1.45862,0.522501,0.875136,1.1316,0,0,1,0,1,1,0,0,m,w
329,NEVER,1,1,0.992953,0.949954,0,2.80101,0,0,1.49872,0.739976,0,1.4306,0.511668,0.954266,0.899042,0,0,1,0,0,1,0,0,m,w
330,NEVER,1,1,0.992526,0.744652,0,2.4332,0,0,1.2072,0.599517,0,1.2536,0,0.851694,0.912373,0,0,1,0,0,1,0,0,m,w
331,NEVER,1,1,0.992745,0.895259,0,2.72327,0,0,1.16597,0.61531,0,1.45763,0.658448,0.931357,0.926284,0,0,1,0,1,1,0,0,m,w
332,NEVER,1,1,0.992579,0.830954,0,2.58513,0,0,1.29867,0.630904,0,1.38586,0.590448,0.95526,0.753465,0,0,1,0,1,1,0,0,m,w
333,NEVER,1,1,0.992549,0.811959,0,2.74357,0,0,1.40953,0.667307,0,1.37531,0.544427,0.969334,0.802321,0,0,1,0,1,1,0,0,m,w
334,NEVER,1,1,0.992091,0.941412,0,2.70118,0,0,1.51191,0.630028,0,1.38703,0.534089,0.951026,0.791166,0,0,1,0,0,1,0,0,m,w
335,NEVER,1,1,0.993261,1.01763,0,2.67738,0,0,1.61283,0.604025,0,1.39564,0,0.889756,0.724748,0,0,1,0,0,1,0,1,m,w
336,NEVER,1,1,0.99347,0.759409,0,2.42188,0,0,1.49902,0.649108,0,1.31582,0.59317,0.882933,0.701876,0,0,1,0,0,1,0,1,m,w
337,NEVER,1,1,0.993141,0.904704,0,2.69678,0,0,1.47243,0.679779,0,1.46276,0.554943,0.95835,0.835381,0,0,1,0,0,1,0,1,m,w
338,NEVER,1,1,0.992723,0.84304,0,2.60172,0,0,1.61387,0.57926,0,1.33486,0,0.912137,0.68112,0,0,1,0,0,1,0,0,m,w
339,NEVER,1,1,0.993302,0.625953,0,2.65907,0,0,1.63151,0.569141,0,1.19897,0.534227,0.848586,0.834908,0,0,1,0,0,1,0,0,m,w
340,NEVER,1,1,0.992981,0.822151,0,2.69773,0,0,1.70402,0.545641,0,1.27649,0.612919,0.924228,0.911643,0,0,1,0,0,1,0,1,m,w
341,NEVER,1,1,0.992977,0.637344,0,2.61861,0,0,1.2504,0.523717,0,1.2087,0.867767,0.870482,1.07727,0,0,1,0,1,1,0,1,m,w
342,NEVER,1,1,0.991979,0.751669,0,2.65913,0,0,1.12848,0.567255,0,1.19648,0.603117,0.893371,0.95091,0,0,1,0,0,1,0,0,m,w
343,NEVER,1,1,0.986881,1.0605,0,2.4857,0.522119,0,1.21301,0.742509,0,1.0145,0.56643,1.02604,0.892999,0,0,1,0,0,1,0,1,m,w
344,NEVER,1,1,0.950102,1.0532,0,1.88028,1.03167,0,0.514413,0.634448,0.611789,0.66146,0.937105,0.687253,1.07323,0,0,0,0,0,1,0,0,m,w
346,NEVER,1,1,0.967255,1.43805,0,1.06721,0.578188,0,0,0,1.19648,0,0,1.03087,0,0,0,0,0,0,1,0,0,m,w
347,NEVER,1,1,0.965587,1.30859,0,0,0.623179,0,0,0,1.35326,0,0,1.0084,0.54555,0,0,0,0,0,1,0,0,m,w
348,NEVER,1,1,0.957781,0.795338,0,0,0,0,0,0,1.47436,0,0,0.891701,0,0,0,0,1,0,1,0,0,m,w
349,NEVER,1,1,0.95033,0.818961,0,0,0,0,0,0,1.58102,0,0,0.858672,0,0,0,0,1,0,0,0,0,m,w
350,NEVER,1,1,0.954864,0.516865,0,0,0,0,0,0,1.59901,0,0,0.867199,0,0,0.53809,0,1,0,0,0,0,m,w
351,NEVER,1,1,0.944727,0,0,0,0,0,0,0,1.49604,0,0,1.01115,0.560732,0,0.663625,0,0,0,0,0,1,m,w
352,NEVER,1,1,0.944857,0,0,0,0,0,0,0,1.17455,0,0,1.03005,0.79651,0,0.564026,0,0,0,0,0,1,m,w
353,NEVER,1,1,0.941336,0.568281,0,0,0,0,0,0,1.15051,0,0,1.08962,1.04606,0,0.612757,0,1,0,0,0,1,m,w
357,NEVER,1,1,0.823735,0,0,0,0,0,0,0,0.737838,0,0,0.676706,1.66538,0,0,0,0,0,0,0,0,m,w
358,NEVER,1,1,0.894452,0.977535,0,0,0,0,0,0,0.744859,0,0,0.648071,1.07897,0,0,0,0,0,0,0,0,m,w
359,NEVER,1,1,0.942844,0.744007,0,0,0.524725,0,0.843756,0,0.577856,0,0,0,0.907803,0,0.53228,0,0,0,0,0,0,m,w
360,NEVER,1,1,0.919854,1.06662,0,0,0,0,1.57221,0,0,0,0.664629,0.881538,0,0,0.589895,1,0,0,0,0,0,m,w
361,NEVER,1,1,0.904046,1.32788,0.606933,0,0,0,0.724307,0,0,0,0,0.701439,0,0,0.538596,0,0,0,0,1,0,m,w
362,NEVER,1,1,0.922717,1.46256,0,0,0,0,0,0,0,0,0,0,0,0.725667,0,0,0,0,0,0,0,m,w
367,NEVER,1,1,0.944687,0,0,2.9699,0,0,0,0.955455,0,1.17784,0.82148,0.74765,0,1.54099,0,1,0,1,1,0,1,m,w
368,NEVER,1,1,0.965307,0.828515,0,2.98608,0,0.58441,0,0.997625,0,1.12928,0.586898,0.618064,0,2.30128,0,1,1,1,1,0,1,m,w
369,NEVER,1,1,0.967611,0.78873,0,3.29175,0,0.716143,0.727977,1.21962,0.729499,1.01297,0.941366,0.830499,0,1.15487,0,1,1,1,1,0,1,m,w
370,NEVER,1,1,0.972414,0.587768,0,3.84586,0,0.572031,1.00454,0.9522,0,1.2294,0.869387,0.705945,0,1.83036,0,1,0,1,1,0,1,m,w
371,NEVER,1,1,0.967344,0,0,3.53471,0,0.518064,0,0.9296,0,1.42585,0.859601,0.718734,0,2.14163,0,1,0,1,1,0,1,m,w
372,NEVER,1,1,0.969669,0,0,2.74218,0,0,0,0.696494,0,1.37584,0.927895,0.747645,0,1.36315,0,1,0,1,1,0,1,m,w
373,NEVER,1,1,0.905622,0,0,1.49414,0,0,0,0.572858,0,1.84291,0,0.971601,0,1.01029,0,1,0,0,0,0,0,m,w
374,NEVER,1,1,0.792315,0,0,0,0,0,0,0,0,0.923467,0,0.961933,0,0,0,1,0,0,0,0,0,m,w
3222,NEVER,1,1,0.974335,0.515621,0.615098,1.98359,0,0,1.0934,0,0,0,0.940813,0,0,4.29898,0.658572,1,0,1,0,0,0,m,w
3223,NEVER,1,1,0.973247,0.545143,0.886219,2.00433,0.579573,0,1.06977,0,0,0,0.71057,0,0,4.35399,0.680781,0,0,0,0,0,0,m,w
3224,NEVER,1,1,0.97458,0,0.616827,1.93583,0,0,1.1921,0,0,0,0.834419,0,0,4.64007,0.657307,0,0,1,0,0,0,m,w
3225,NEVER,1,1,0.973899,0.73968,0.730193,1.75788,0.507712,0,0.873137,0,0,0,0.883662,0,0,4.27544,0.630714,1,0,0,0,0,0,m,w
3226,NEVER,1,1,0.966907,0.692577,0,1.75171,0.667644,0,1.08497,0,0,0,0.865741,0,0,4.54226,0.577621,1,0,0,0,0,0,m,w
3227,NEVER,1,1,0.95369,0.719693,0,1.28225,0.697633,0,1.07666,0,0,0,0,0,0,4.32822,0,1,0,0,0,0,1,m,w
3228,NEVER,1,1,0.86816,0,0,0,0,0,0.968511,0,0,0,0,0,0,3.98324,0,0,0,0,0,0,0,m,w
3229,NEVER,1,1,0.754577,0,0,0,0.922035,0.593585,0,0.593485,0,0,0,0,0,2.77732,0,0,0,0,0,0,0,m,w
3230,NEVER,1,1,0.985158,0.899457,0.663262,1.06859,0,0,0.654425,0,0,0,0.67689,0,0,1.88604,0,1,0,0,1,0,0,m,w
3231,NEVER,1,1,0.983427,0.819003,0,0.905962,0,0,0.660827,0,0,0,0.875882,0,0,1.82781,0,1,0,0,1,0,1,m,w
3232,NEVER,1,1,0.984656,0.57799,0,0.570669,0,0,0.594817,0,0,0,1.01237,0,0,2.0085,0,1,0,1,1,0,0,m,w
3233,NEVER,1,1,0.9831,0.837689,0,0.796065,0,0,0.6837,0,0,0,0.940161,0,0,1.586,0,1,0,1,1,0,0,m,w
3234,NEVER,1,1,0.981509,0.585139,0,0.830867,0,0,0.904666,0,0,0.500247,0.766994,0,0,1.89697,0,1,0,1,1,0,0,m,w
3235,NEVER,1,1,0.981148,0.574371,0,0.912706,0,0,0.764117,0,0,0.592839,0.610313,0,0,2.12959,0,0,0,1,1,0,0,m,w
3236,NEVER,1,1,0.981644,0,0,0.905483,0,0,0.799381,0,0,0.732687,0.540384,0,0,2.15244,0,1,0,0,1,0,0,m,w
3237,NEVER,1,1,0.979881,0.63824,0,0.748337,0,0,0.747051,0,0,0.911498,0,0,0,1.47542,0,1,0,0,1,0,0,m,w
3238,NEVER,1,1,0.972298,0,0,0,0,0,1.02493,0,0,0.725781,0,0,0,0.655333,0,1,0,0,0,0,1,m,w
3239,NEVER,1,1,0.93631,0,0,0,0,0,0,0,0,0.562874,0,0,0,0,0,1,0,0,0,0,0,m,w
3240,NEVER,1,1,0.859622,0,0,0,0,0,0,0,0,0.5227,0,0,0,0,0,0,0,0,1,0,0,m,w
3247,NEVER,1,1,0.935249,0,0,0,0,0,0,0,0,0.772595,1.03245,0,0,0,0,0,0,1,1,0,0,m,w
3248,NEVER,1,1,0.882449,1.00762,0,0,0,0,0,0,0,1.03008,0,0.875671,1.63353,1.39984,0,0,0,1,1,0,0,m,w
3249,NEVER,1,1,0.864442,1.26536,0,0.841381,0.665562,0,0,0.698663,0,1.01809,0.661096,0.551816,1.19903,0.661325,0,0,0,0,1,0,0,m,w
3250,NEVER,1,1,0.801504,1.94443,0,0.893322,0,0,0,0.689343,0.664175,0.960609,0,0,0.788682,1.34347,0,1,0,0,1,0,0,m,w
3251,NEVER,1,1,0.753197,2.20493,0.77189,0.561974,0,0,0,0.762847,1.14033,1.79667,0,0,1.17336,2.52159,0,0,1,0,1,0,0,m,w
3252,NEVER,1,1,0.957106,0.503534,0,0,0.918075,0,0,0,0,0,0.9012,0,0,4.07071,0.648336,0,0,0,1,0,0,m,w
3253,NEVER,1,1,0.910465,0,0,0.710104,0.936712,0,0,0,0,0,1.03362,0,0,3.90045,0.695774,0,0,1,1,0,0,m,w
3254,NEVER,1,1,0.914565,0,0,0.852685,1.00539,0,0,0,0,0,0.929917,0,0.555185,4.57636,0.813332,0,0,1,1,0,0,m,w
3255,NEVER,1,1,0.929988,0,0.50862,0.684696,1.23071,0,0,0,0,0,0.737332,0,0,4.288,0.95188,0,0,0,1,0,0,m,w
3259,NEVER,1,1,0.918978,0,0,0.690146,1.33745,0,0,0,0,0,0.746486,0,0.677666,3.75997,0.992399,0,0,0,0,0,0,m,w
3260,NEVER,1,1,0.914103,0,0,0,1.6364,0,0,0,0,0,0,0,0,4.33892,1.07279,0,0,0,0,0,1,m,w
3261,NEVER,1,1,0.938417,1.72388,0,0,0.768627,0,1.10336,0,0,0.557386,0.611777,0,0.975186,1.97923,0.753069,0,0,1,1,0,0,m,w
3262,NEVER,1,1,0.861705,0,0,0,0.546684,0.580107,1.89188,0.659829,0,0,0,0,0,3.63362,0,0,0,0,0,0,0,m,w
3263,NEVER,1,1,0.987784,0.803359,1.04734,0,0,0,0,0,0,0,0.935515,0,0.82873,0,0,0,0,1,1,0,0,m,w
3264,NEVER,1,1,0.978162,0,0,0,0,0,1.14842,0,0,0.664099,0,0,0.726607,0,0,0,0,1,0,0,0,m,w
3265,NEVER,1,1,0.966597,0,0,0,0,0,0.643024,0.554241,0,0.919687,0,0,0.581586,0,0,0,0,1,0,0,1,m,w
3266,NEVER,1,1,0.959237,0,0,0,0,0,1.18774,0,0,0.667386,0,0,0.548996,0,0,0,0,1,0,0,0,m,w
3286,NEVER,1,1,0.967263,0.649604,0,0,0.552327,0,0,0,0,0,1.50274,0,0.945074,0,0,0,0,1,1,0,1,m,w
3287,NEVER,1,1,0.974101,0.689876,0,0,0.584047,0,0.526113,0,0,0,1.10541,0,0.89474,0,0,0,0,1,1,0,1,m,w
3288,NEVER,1,1,0.981108,0,0,0,0,0,0.654018,0,0,0,1.04835,0,0.610006,0,0,0,0,1,1,0,0,m,w
3289,NEVER,1,1,0.983612,0,0,0,0,0,0.514763,0,0,0,0.98651,0,0.901401,0,0,0,0,1,1,0,1,m,w
3290,NEVER,1,1,0.986656,0,0,0,0,0,0.818711,0,0,0,0.845753,0,1.29436,0,0,0,0,1,1,0,1,m,w
3291,NEVER,1,1,0.987183,0,0,0,0,0,0.625376,0,0,0,1.03608,0,0.763971,0,0,0,0,1,1,0,1,m,w
3292,NEVER,1,1,0.986973,0,0,0,0,0,0.975912,0,0,0.597533,0.892743,0,0.941447,0,0,0,0,1,1,0,0,m,w
3058,NEVER,1,1,0.844728,0,0,1.16648,1.55963,0.620601,0,1.24119,1.17684,1.61989,0.626983,0.827879,2.01442,0,0,1,1,0,1,0,0,m,w
3059,NEVER,1,1,0.850346,0,0,0.808933,1.42999,0.82869,1.11961,1.35195,1.22109,1.02167,0.77471,0,1.83587,1.32264,0,1,1,0,1,0,0,m,w
3060,NEVER,1,1,0.848865,0,0,0,1.1944,0.795633,1.33551,1.11511,1.21487,0,0.884516,0,1.82723,3.65604,0,1,1,0,1,0,0,m,w
3061,NEVER,1,1,0.899856,0,0,0,0.947006,0.795356,1.01016,1.10498,1.50992,0.797895,0,0,2.42373,3.54532,0,1,1,0,1,0,0,m,w
3062,NEVER,1,1,0.931393,0.539927,0,0,1.02928,0.643692,0,0.925496,1.57459,0,0,0,2.2697,3.63295,0,1,1,0,1,0,0,m,w
3063,NEVER,1,1,0.943617,0.52034,0,0,1.11543,0.670192,0,1.05224,1.36571,0,0,0,1.47839,3.42965,0,1,1,0,1,0,0,m,w
3064,NEVER,1,1,0.961153,0,0,0,1.16218,0.67614,0.64384,1.04759,0.840559,0,0,0,1.03634,2.08458,0,0,1,0,1,0,0,m,w
3065,NEVER,1,1,0.959745,0.66357,0,0,0.797368,0.533688,1.21478,0.90608,0.717023,0,0.794444,0.590821,0.997584,1.69434,0,1,1,1,1,0,0,m,w
7115,NEVER,1,1,0.977521,0,0.801724,1.26228,0.536341,0,0.88204,0,0,0.630551,0,0,1.24753,0,0,1,0,0,0,0,1,w,m
7116,NEVER,1,1,0.977904,0,0.955573,1.77225,0.544998,0,1.015,0,0,1.25923,0,0.521867,1.27551,0,0,1,0,0,0,0,1,w,m
7117,NEVER,1,1,0.973887,0,0.973233,1.32138,0,0,0.709519,0,0,1.31111,0,0.591608,1.27968,0,0,1,0,0,0,0,1,w,m
7118,NEVER,1,1,0.972885,0,0.824712,1.18381,0,0,0,0,0,1.45964,0,0.643212,1.21227,0,0,1,0,1,0,0,1,w,m
7119,NEVER,1,1,0.962668,0,0,1.06333,0,0,0,0,0,1.34097,0,0.708801,1.02318,0.687821,0,1,0,0,0,0,1,w,m
7120,NEVER,1,1,0.961066,0,0,0.635782,0,0,0,0,0,1.37046,0,0,1.84267,1.54642,0,1,0,1,0,0,1,w,m
7121,NEVER,1,1,0.974674,0,0,0,0.927569,0,0,0,0,1.02523,0,0,1.99977,2.40103,0,1,0,0,0,0,0,w,m
7122,NEVER,1,1,0.966606,0,0,0.83487,1.63248,0,0,0,0,1.14331,0,0,1.12265,1.85082,0,1,0,0,0,0,0,w,m
7123,NEVER,1,1,0.965435,0,0.666969,0,1.09284,0,0,0,0,0.639488,0,0,0,2.64514,0,1,0,0,0,0,0,w,m
7124,NEVER,1,1,0.896655,0.774971,1.46748,3.18242,0,0,0,0.522306,0,0.740915,0,0,0.719167,2.4777,0,1,0,0,0,0,0,w,m
7125,NEVER,1,1,0.907329,0,1.4628,0.94718,0,0,0,0.514911,0,0,0.719786,0,0,1.54985,0,1,0,1,0,0,0,w,m
7126,NEVER,1,1,0.886669,0,1.70478,1.42802,0,0,0,0,0,0,0,0,0.702578,3.73769,0.570555,1,0,0,0,0,1,w,m
7127,NEVER,1,1,0.927665,0,1.59953,1.52252,0,0,0,0,0,0,0,0,0.767342,2.85673,0.525237,1,0,0,0,0,1,w,m
7128,NEVER,1,1,0.921177,0,1.74952,1.45769,0,0,0,0,0,0.512665,0,0,0.675393,2.55735,0.626956,1,0,0,0,0,1,w,m
7129,NEVER,1,1,0.892335,0,2.15382,1.03554,0,0,0,0,0,0,0.534755,0,0,0.9512,0,1,0,1,0,0,0,w,m
7130,NEVER,1,1,0.845435,0,1.93359,0,0,0,0,0,0,0,1.09276,0,0,0.617517,0,1,0,0,0,0,0,w,m
7131,NEVER,1,1,0.730726,0,1.49307,0,0,0,0,0,0,0,0.926953,0,0,0,0,1,0,0,0,0,0,w,m
18093,NEVER,1,1,0.989378,0,0,1.47141,0,0,1.30668,0,0,0,1.05162,0,0.691709,1.9984,0,1,0,0,0,0,1,w,m
18094,NEVER,1,1,0.988168,0,0,1.29121,0,0,0.919131,0,0,0.622479,1.08236,0,1.32001,1.34754,0,0,0,0,1,0,1,w,m
18095,NEVER,1,1,0.988435,0,0,0.999274,0,0,1.25012,0.537342,0,0.981727,1.23172,0,1.0789,1.53282,0,0,0,0,1,0,1,w,m
18096,NEVER,1,1,0.988327,0,0,1.14891,0,0,0.946751,0,0,0.699665,1.5283,0,1.32741,1.19018,0,0,0,1,0,0,1,w,m
18097,NEVER,1,1,0.989078,0,0.543038,0.865506,0,0,0.705679,0,0,0.8036,1.40174,0,1.2365,1.28807,0,0,0,1,0,0,1,w,m
18098,NEVER,1,1,0.986726,0,0.6134,0.750095,0,0,0.593419,0,0,0.638592,1.50115,0,0.909713,1.00445,0,0,0,1,1,0,1,w,m
18099,NEVER,1,1,0.987656,0,0,0.878869,0,0,0.849765,0,0,0.675201,1.43534,0,0.840068,0.965207,0,0,0,1,1,0,1,w,m
18100,NEVER,1,1,0.988898,0,0,1.0839,0,0,0.896213,0,0,0.522576,1.33285,0,0.915057,0.974104,0,0,0,1,1,0,1,w,m
18101,NEVER,1,1,0.988709,0,0,0.986635,0,0,0.898784,0,0,0.688465,1.60246,0,0.702881,0.839942,0,0,0,1,1,0,1,w,m
18102,NEVER,1,1,0.985399,0,0,0.948287,0.660448,0,0.75962,0,0,0.68813,1.61441,0,0.685303,0.786116,0,0,0,1,1,0,1,w,m
18103,NEVER,1,1,0.984154,0,0.639908,0.975294,0.656985,0,0,0,0,0.525177,1.6399,0,0.884567,0.776714,0,0,0,1,1,0,1,w,m
18104,NEVER,1,1,0.982708,0.544279,1.15356,0.927684,0.521566,0,0,0,0,0.653453,1.08491,0,0.876449,1.25441,0,0,0,0,1,0,1,w,m
18105,NEVER,1,1,0.960535,0.603146,1.1154,0,0.691667,0,0,0,0,0,1.24797,0,0,2.8439,0,1,0,0,1,0,1,w,m
18106,NEVER,1,1,0.927744,1.36169,0,0,0,0,0.909885,0,0,0.936475,0.978643,0,0.831076,3.66804,0.943485,0,0,1,1,0,1,w,m
18107,NEVER,1,1,0.890044,2.04297,1.15209,1.04807,0.848838,0.871879,1.8987,1.11322,0.5644,1.51335,0.506601,0,0,1.52915,0.590293,1,0,1,1,0,1,w,m
18108,NEVER,1,1,0.893104,1.28395,0,1.03856,0.599349,0.966344,0,1.20614,0,2.1012,0.610528,0,0,0,0,0,0,0,1,0,0,w,m
18109,NEVER,1,1,0.766263,0.867484,0,1.1452,0,1.06098,1.18677,1.16652,0,1.5626,0,0,0.701766,0.573689,0,1,0,0,1,0,0,w,m
18110,NEVER,1,1,0.863393,1.56691,0,0.581973,0,0.810179,0.87345,0.990427,0,0.558593,0,0,1.4298,2.61725,0.519927,1,0,0,0,0,1,w,m
18111,NEVER,1,1,0.728041,2.21427,0,1.37725,0,0.978548,1.00397,0.976662,0.561324,0,0,0,0.890449,3.37642,0.573259,1,0,0,1,0,0,w,m
18112,NEVER,1,1,0.93916,1.49876,0.856881,0,1.05769,0.96114,0,1.11172,0.983709,0.518136,0,0,0,1.81876,0,1,0,1,0,0,1,w,m
18113,NEVER,1,1,0.880761,0.801329,0,1.20464,0,0.803954,0.894673,1.02007,0.837295,0.765849,0,0,0,0.67142,0,1,0,1,1,0,1,w,m
18114,NEVER,1,1,0.947399,0,0,1.28475,0,0.772572,0,0.881836,0.807951,0.888043,0,0,0,0.623114,0,1,0,1,1,0,1,w,m
18115,NEVER,1,1,0.93348,0.518238,0,1.59584,0,0.544426,0.826367,0.533768,0.516084,0.931146,0,0.530845,0,0,0,1,0,0,1,0,1,w,m
18116,NEVER,1,1,0.919699,0.623659,0,1.91301,0,0,0,0,0,0,0,0,0,1.78246,0,1,0,0,0,0,0,w,m
18117,NEVER,1,1,0.97905,0.718614,0,3.33365,0,0.817301,1.75866,0.960002,0.920579,1.21932,0,0.502592,0,1.58124,0,1,0,0,1,0,1,w,m
18118,NEVER,1,1,0.947221,0.623514,0,3.62275,0,0.848441,1.40951,1.02728,0.712257,1.26695,0,0,0,2.01655,0,1,0,0,1,0,1,w,m
18119,NEVER,1,1,0.938715,0.71005,0.500481,3.61503,0,0.85741,1.43258,0.980511,0.72886,1.23376,0,0,0,2.12932,0,1,0,0,1,0,1,w,m
18120,NEVER,1,1,0.944503,0.698851,0.661642,3.75587,0,0.924745,1.64775,1.08971,0.754701,1.2424,0,0,0,2.09405,0,1,0,0,1,0,1,w,m
18121,NEVER,1,1,0.979235,0,0.52907,2.99641,0,0.786081,1.28154,0.91397,0,1.9696,1.17675,0,0,2.04099,0,1,0,0,0,0,1,w,m
18122,NEVER,1,1,0.966129,0.540427,0,2.86399,0,0.885228,1.05657,1.0026,0.623214,2.37138,0.937501,0,0,1.56842,0,1,0,0,0,0,1,w,m
18123,NEVER,1,1,0.947993,0.509882,0,2.33371,0,1.08584,0.558675,1.29641,0.963362,2.54104,0.869263,0,0,0.834503,0,1,1,0,0,0,1,w,m
18124,NEVER,1,1,0.946202,0,0,2.32769,0,1.02988,0.562181,1.18398,0.896279,2.60821,0.872305,0,0,1.24174,0.563265,1,1,0,0,0,1,w,m
18125,NEVER,1,1,0.946325,0,0,2.18009,0,1.09362,0,1.27368,1.04996,2.64227,0.815594,0,0,1.27605,0.556863,1,1,0,0,0,1,w,m
18126,NEVER,1,1,0.957254,0,0,2.49987,0,0.993998,0,1.13798,0.923299,2.46317,0.933765,0,0,0.990003,0.586976,1,1,0,0,0,1,w,m
18127,NEVER,1,1,0.958586,0,0,2.28549,0,0.889383,0,1.07841,0.852381,2.24823,0.806459,0,0,2.29815,0.687151,1,0,0,0,0,1,w,m
18128,NEVER,1,1,0.96481,0,0,2.65791,0,0.662517,0,0.806772,0.647425,1.75434,0.958978,0,0.668675,3.37925,0.839312,1,0,0,0,0,1,w,m
18129,NEVER,1,1,0.957633,0,0,2.29153,0,0.657422,0,0.808688,0.576938,1.18112,0.879367,0,0,3.12554,0.891862,1,0,0,0,0,1,w,m
18149,NEVER,1,1,0.981736,0,0,2.71392,0,0,0,0,0,0,0,0.528749,1.01617,1.08491,0.91123,1,0,1,0,0,1,w,m
18150,NEVER,1,1,0.96064,0,0,3.03472,0,0,1.32806,0,0,0,0,1.02365,0.859646,0,0,1,0,1,1,0,1,w,m
18151,NEVER,1,1,0.940635,0,0,2.38037,0,0,1.30291,0,0,0,0,0.936802,0.504207,0,0,1,0,0,1,0,1,w,m
18152,NEVER,1,1,0.97945,0,0,2.28892,0,0,1.15348,0,0,0,0,0.925976,0,0,0,1,0,0,1,0,1,w,m
18153,NEVER,1,1,0.980028,0,0,1.84797,0,0,0.642145,0,0,0,0,0.627524,0,1.2499,0,1,0,0,1,0,1,w,m
18154,NEVER,1,1,0.969438,0,0,1.3718,0,0,0,0,0,0,0,0,0,1.02216,0.744524,1,0,0,1,0,1,w,m
18155,NEVER,1,1,0.979534,0.566454,0,1.54403,0,0,0,0,0,0,0,0,0,1.27776,0.727224,1,0,0,1,0,1,w,m
18156,NEVER,1,1,0.987748,0,0,2.08338,0,0,0,0,0,0,0,0,0,1.66779,0,1,0,0,1,0,1,w,m
18157,NEVER,1,1,0.984827,0,0,2.33203,0,0,0.682459,0,0,0,0,0.825142,0,0,0,1,0,0,1,0,1,w,m
18158,NEVER,1,1,0.977557,0,0,2.1251,0,0,1.16683,0,0,0,0,0,0,0,0,1,0,0,1,0,1,w,m
18159,NEVER,1,1,0.953932,1.16141,0,1.43953,0,0,0.802272,0,0,0,0.767113,0,0,0.679154,0.724255,1,0,0,1,0,1,w,m
18160,NEVER,1,1,0.915277,1.90424,0.710135,2.09369,0,0,0,0,0,0,0,0,0,1.23223,1.03805,1,0,1,1,0,1,w,m
18161,NEVER,1,1,0.746912,1.20304,0,0,0,0,0,0,0,0,0,0.812609,0.676851,0,0.946445,1,0,1,1,0,1,w,m
18162,NEVER,1,1,0.845082,1.59168,0,0.815539,0,0,0.75437,0,0,0,1.51925,0.943701,0,1.26605,0.686858,1,0,0,1,1,1,w,m
18163,NEVER,1,1,0.750995,1.67293,1.62336,1.90512,0,0,1.8637,0,0,0,0,0,0,0.615509,0.711432,1,0,0,1,0,1,w,m
18164,NEVER,1,1,0.952012,0.74924,0,2.12123,0,0,0,0,0,0,0,0,0,1.61647,1.25218,1,0,0,1,0,1,w,m
18165,NEVER,1,1,0.964756,0.892715,0,2.66779,0,0,0.710421,0,0,0,0.577343,0,0,1.16383,1.17026,1,0,0,1,0,1,w,m
18166,NEVER,1,1,0.975985,0.86373,0,2.79099,0,0.569885,0.872345,0.542456,0,0.565045,0.756388,0.753704,0,0,0.656375,1,0,1,1,0,1,w,m
18167,NEVER,1,1,0.97802,0.958139,0,3.10776,0,0.661859,1.2262,0.58343,0,0.743351,0.83609,1.13084,0,0,0,1,0,0,1,0,1,w,m
18168,NEVER,1,1,0.972487,1.04513,0,2.67747,0,0.524557,1.08814,0.518222,0,0,0.609943,0.625101,0.703278,0.586282,0,1,0,1,1,0,1,w,m
18169,NEVER,1,1,0.958938,1.19894,0,2.30312,0,0.677492,0.737598,0.888881,0,0.541253,0,1.01805,1.0698,0,0.575034,1,0,1,1,0,1,w,m
18170,NEVER,1,1,0.930904,1.62337,0,1.54292,0,0.568735,1.45444,0.639034,0,0,0,0,1.76647,0.967517,0,1,0,0,1,0,1,w,m
18171,NEVER,1,1,0.940666,1.60621,0,2.60172,0,0.506286,2.4582,0,0,0,0,0,1.34908,3.44054,1.07009,1,0,0,1,0,0,w,m
18172,NEVER,1,1,0.891576,1.07989,0,1.40271,0,0.890415,1.59365,0.814746,0.76871,0.667977,0,0,1.05975,4.30343,0.898444,1,0,0,1,0,1,w,m
18173,NEVER,1,1,0.983407,0,0,2.60569,0,0.847242,1.71921,0.897964,0,0,0.691138,0,0,2.95002,0,1,0,0,1,0,1,w,m
18174,NEVER,1,1,0.98824,1.26551,0,2.68578,0,0.620315,1.9593,0.812344,0,0.766013,0,0,0.636172,1.65035,0,1,0,0,1,0,1,w,m
18175,NEVER,1,1,0.968911,1.90417,0,2.54193,0,0.822388,2.69541,0.759357,0,0,0,0.963724,0,0,0,1,0,1,1,0,1,w,m
18194,NEVER,1,1,0.885101,1.60582,0.986247,2.28865,0,0,0,0,0,0,0,0,1.5116,0.730297,0.507189,1,0,0,0,0,1,w,m
18195,NEVER,1,1,0.822735,1.50093,0,2.08411,0,0,0,0,0,0.831138,0,0.945587,2.3951,4.08385,0,1,1,0,0,0,0,w,m
18200,NEVER,1,1,0.923909,1.27613,1.09282,2.7926,0,0,0,0,0,0,0,0,0.774304,1.04557,0.985244,1,0,0,0,0,1,w,m
18210,NEVER,1,1,0.970526,0,0,2.31215,0.523181,0.601106,2.49426,0.649087,0.689719,0,0,0,0.567035,0.693927,0,1,0,0,1,0,1,w,m
18211,NEVER,1,1,0.959717,0,1.03658,2.23851,0.949733,0,1.64869,0,0,0,0,0,0.907335,0,0,1,0,0,1,0,1,w,m
18212,NEVER,1,1,0.888259,0,1.31609,1.19785,0.726845,0,0.521301,0,0,0,0.661375,0,0,0,0,1,0,0,0,0,0,w,m
18213,NEVER,1,1,0.915584,0.500382,0.674243,0.911793,0,0,0.869882,0,0,0,0.626243,0,0,0,0,1,0,0,0,0,0,w,m
18214,NEVER,1,1,0.962342,0,0,0,0,0,0.691708,0,0,0,0.804256,0,0,1.01487,0,1,0,0,0,0,1,w,m
18215,NEVER,1,1,0.959498,0,0,0,0,0,0,0,0,0,1.33951,0,0,1.57202,0,1,0,0,0,0,1,w,m
18216,NEVER,1,1,0.958779,0,0,0.870282,0,0,1.17131,0,0,0,1.24843,0,0,1.03554,0,1,0,0,0,0,1,w,m
18217,NEVER,1,1,0.950737,0.732247,0,0.771968,0,0,1.14202,0,0,0,1.20432,0,0,1.18641,0,1,0,0,0,0,1,w,m
18218,NEVER,1,1,0.958989,1.05467,0,1.08651,0,0,1.11667,0,0,0,1.10862,0,0,0.691495,0,1,0,0,0,0,1,w,m
18219,NEVER,1,1,0.959897,1.07436,0,0.80987,0,0,1.04189,0,0,0,1.37676,0,0,0.516076,0,1,0,0,0,0,1,w,m
18220,NEVER,1,1,0.963496,1.08134,0,0.576048,0.530051,0,1.13409,0,0,0,1.17241,0,0,0.822376,0,1,0,0,0,0,1,w,m
18221,NEVER,1,1,0.964565,1.13245,0,0,0,0,1.04945,0,0,0,1.2192,0,0,0,0,1,0,0,0,0,1,w,m
18222,NEVER,1,1,0.966427,1.25217,0,0,0,0,1.079,0,0,0,0.869397,0,0,0,0,1,0,0,0,0,1,w,m
18223,NEVER,1,1,0.965983,1.18842,0,0,0,0,1.03126,0,0,0,0.843908,0,0,0,0,1,0,0,0,0,1,w,m
18224,NEVER,1,1,0.966151,1.20613,0,0,0,0,1.19477,0,0,0,1.10661,0,0,0,0,1,0,0,0,0,1,w,m
18225,NEVER,1,1,0.966629,1.39398,0.525025,0,0,0,1.00725,0,0,0,0.998904,0,0,0.613346,0,1,0,0,1,0,1,w,m
18226,NEVER,1,1,0.970925,1.1367,0,0,0,0,0.939417,0,0,0,1.03451,0,0,0.983271,0,1,0,0,0,0,1,w,m
18227,NEVER,1,1,0.966981,1.4309,0,0.507829,0,0,0.7745,0,0,0,1.05077,0,0,0.970199,0,1,0,0,1,0,1,w,m
18228,NEVER,1,1,0.968984,1.37918,0,0.725132,0,0,0.907941,0,0,0,1.19479,0,0,0.829766,0,1,0,0,1,0,1,w,m
18229,NEVER,1,1,0.968203,1.46284,0,0.70384,0,0,0.782684,0,0,0,1.3853,0,0,1.04908,0,1,0,0,1,0,1,w,m
18230,NEVER,1,1,0.971144,1.27746,0,0.963574,0,0,0.895591,0,0,0,1.55137,0,0,1.05424,0,1,0,0,1,0,1,w,m
18231,NEVER,1,1,0.960379,1.64653,0,1.14176,0,0,0.792037,0,0,0,1.65921,0,0,0.679889,0,1,0,0,1,0,1,w,m
18232,NEVER,1,1,0.938991,1.59562,0,1.42654,0,0,0,0,0,0,1.41286,0,0,0.717668,0.816564,1,0,0,1,0,1,w,m
18233,NEVER,1,1,0.930982,1.54199,0,1.61664,0,0,0,0,0,0,1.60275,0,0,0.898882,0.887771,1,0,0,1,0,1,w,m
18234,NEVER,1,1,0.931421,1.62761,0,1.99435,0,0,0,0,0,0,1.24018,0,0,0.523316,0.959879,1,0,0,1,0,1,w,m
18235,NEVER,1,1,0.93127,1.83269,0,1.3761,0,0,0,0,0,0,0.980841,0,0,0.716821,0.873578,1,0,0,1,0,1,w,m
18236,NEVER,1,1,0.945688,1.60793,0,1.40233,0,0,0,0,0,0,0.67935,0,0,1.1293,0.531212,1,0,0,1,0,1,w,m
18237,NEVER,1,1,0.974344,1.63851,0,1.75305,0,0,0,0,0,0.848352,0.703134,0.806025,0,0.760151,0,1,0,0,0,0,1,w,m
18238,NEVER,1,1,0.980243,2.11413,0,2.47792,0,0,0.834612,0,0,0,0.807735,0.582389,0,0,0,1,0,0,1,0,1,w,m
18239,NEVER,1,1,0.977845,1.61491,0,2.68586,0,0,1.12701,0,0,0.760578,0.984056,0.842602,0,0,0,1,0,0,1,0,1,w,m
18240,NEVER,1,1,0.983333,1.25115,0,2.49831,0,0,1.41543,0,0,0,0.519418,0.773882,0,0,0,1,0,0,0,0,1,w,m
18241,NEVER,1,1,0.982433,1.09859,0,2.35132,0,0,1.06828,0,0,0,0,0.855326,0,0,0,1,0,0,1,0,1,w,m
18242,NEVER,1,1,0.981137,0.995868,0,1.71503,0,0,0,0,0,0,0.718735,0.891816,0,0,0,1,0,1,1,0,1,w,m
18243,NEVER,1,1,0.940974,1.79587,0.652783,1.56923,0,0,1.14673,0,0,0.708261,0,0.907229,0,0,0,1,0,0,1,1,1,w,m
18244,NEVER,1,1,0.912188,2.5557,0.818942,0.950048,0,0,0,0,0,1.27437,0,1.66702,0,1.14968,0,1,0,0,1,1,0,w,m
18245,NEVER,1,1,0.87036,1.9719,0.832052,2.33964,1.06948,0,1.22553,0,0,1.22672,0.647227,1.20431,0,0,0,1,0,0,0,0,0,w,m
18246,NEVER,1,1,0.803422,2.26827,0.940429,1.86177,0,0,0,0,0,0.797505,0,1.67237,1.4693,0,0,1,0,1,1,0,1,w,m
18253,NEVER,1,1,0.856932,1.96166,0,1.20605,0,0,1.38716,0,0,0,0,0,0,0.93502,0,1,0,0,1,0,1,w,m
18254,NEVER,1,1,0.963531,1.71044,0.534315,1.99338,0,0,1.34999,0,0,0,0,0.577512,0.520733,0,0,1,0,0,1,0,1,w,m
18255,NEVER,1,1,0.975029,1.64317,0.935508,2.32551,0.684518,0,1.10749,0.660123,0,1.07237,0,0.629649,0,0,0,1,0,1,0,0,1,w,m
18256,NEVER,1,1,0.960738,1.79352,1.29133,2.23726,0.996525,0.554146,1.04061,1.04116,0.836842,1.35148,0,0,0,0.765085,0,1,1,1,0,0,1,w,m
18257,NEVER,1,1,0.967743,1.6618,1.33153,2.17048,0,0.668643,1.10934,1.06264,0.817914,1.11212,0,0,0,0,0,1,1,0,0,0,1,w,m
18258,NEVER,1,1,0.957585,1.35137,0.70915,1.63585,0,0.59898,0.992528,0.828522,0.959728,0.550656,0,0,0,0,0,1,1,0,0,0,1,w,m
18259,NEVER,1,1,0.933485,1.63613,0.865494,1.45007,0,0,0.959119,0.66296,0.528041,0.525905,0,0,0,0.883558,0,1,0,0,0,0,1,w,m
18260,NEVER,1,1,0.91654,1.59854,0.549851,1.49984,0,0,1.0896,0.611705,0,0.690474,0,0,0,1.24873,0,1,0,0,1,0,1,w,m
18261,NEVER,1,1,0.952442,1.56357,0.646624,1.68986,0,0,1.1708,0.510283,0,0.649106,0,0,0.984477,1.62722,0,1,0,0,0,0,1,w,m
18262,NEVER,1,1,0.869603,1.32632,0.950553,1.97257,0,0,1.43119,0,0,0,0.732299,0,0,0,0,1,0,0,1,0,1,w,m
18263,NEVER,1,1,0.936871,1.55296,2.08951,1.93422,0,0.69925,1.64976,0.574829,0.661079,0,0,0,0,0,0,1,1,0,0,0,0,w,m
18264,NEVER,1,1,0.96401,0.713011,2.22373,3.1622,0,0.592215,2.40522,0.896527,0,1.01962,0,1.77695,0,0,0,1,0,0,1,1,1,w,m
18265,NEVER,1,1,0.975349,0.655592,0.605239,2.76572,0,0.621784,1.31445,1.22946,0,0.71672,0,1.17727,0.744089,0,0,1,0,0,1,0,1,w,m
18266,NEVER,1,1,0.987883,0.949338,0.576349,3.29988,0,0,2.03784,0.903874,0,0,0,0.834066,0,0,0,1,0,0,1,0,1,w,m
18267,NEVER,1,1,0.988535,0.879175,0.536167,3.25848,0,0,1.98402,0.929202,0,0,0,0.828181,0,0,0,1,0,0,1,0,1,w,m
18268,NEVER,1,1,0.98819,0.736018,0.939058,3.44993,0,0,2.1735,0.963023,0,0.560319,0.688284,0.787088,0,0,0,1,0,0,1,0,1,w,m
18269,NEVER,1,1,0.986806,0.848668,0.814969,3.37834,0,0,2.33059,1.09224,0,0.862823,0,0.872712,0.651336,0.832422,0,1,0,0,1,0,1,w,m
18270,NEVER,1,1,0.9878,0.808426,0.742241,3.6576,0,0,2.68805,0.821387,0,0.68123,0.502972,0.756255,0,1.02965,0.575062,1,0,0,1,0,1,w,m
18271,NEVER,1,1,0.988677,1.00998,0.74815,3.27997,0,0,2.66909,0.805603,0,0.660101,0.563206,0.723942,0.709041,1.38006,0.671245,1,0,0,1,0,1,w,m
18272,NEVER,1,1,0.985118,1.37534,0.673202,3.22146,0,0,2.8962,0.696499,0,0.641462,0,0.642332,0.919795,1.47371,0.828143,1,0,0,1,0,1,w,m
18273,NEVER,1,1,0.982902,1.45097,0.619283,3.07791,0,0,2.70448,0.731048,0,0.666727,0,0.679513,1.06788,1.4959,0.938612,1,0,0,1,0,1,w,m
18274,NEVER,1,1,0.987546,1.4883,0.646974,3.22212,0,0,2.84103,0.636285,0,0.733315,0,0.58639,0.877893,1.35078,0.848895,1,0,0,1,0,1,w,m
18275,NEVER,1,1,0.988256,1.35085,0,3.00825,0,0,2.49054,0.715818,0,0.571783,0.520394,0.791677,0.720536,1.3807,0.733921,1,0,0,1,0,1,w,m
18276,NEVER,1,1,0.990577,0.969677,0,2.94605,0,0,2.55515,0.644459,0,0.961591,0.550207,0.744721,0.775549,1.44787,0.588894,1,0,0,1,0,1,w,m
18277,NEVER,1,1,0.991417,0.556436,0.615425,3.16434,0,0,2.158,0.671448,0,0.903049,0.581442,0.84156,0.774252,1.84877,0,1,0,1,1,0,1,w,m
18278,NEVER,1,1,0.991367,0,0,3.12802,0,0,1.82458,0.596471,0,1.01116,0.835901,0.882703,0.741074,1.96973,0,1,0,1,1,0,1,w,m
18279,NEVER,1,1,0.99143,0,0.722245,3.24363,0,0,1.81728,0.665607,0,1.12301,0.858897,0.894026,0.837861,1.61918,0,1,0,1,1,0,1,w,m
18280,NEVER,1,1,0.991935,0,0.652346,3.29153,0,0,2.18368,0.570457,0,1.05192,0.738653,0.882403,0.725409,1.82328,0,1,0,1,1,0,1,w,m
18281,NEVER,1,1,0.992355,0,0,3.1106,0,0,2.38353,0.561402,0,1.02255,0.764605,0.806057,0.70463,1.29857,0,1,0,1,1,0,1,w,m
18282,NEVER,1,1,0.989308,0.513687,0,2.78006,0,0,2.28175,0,0,0.985673,0,0.853411,0.959253,1.93908,0,1,0,1,1,0,1,w,m
18283,NEVER,1,1,0.973693,1.30552,1.32379,2.78969,0,0,2.47919,0,0,0.916412,0.776789,0.801312,0.835856,0,0,1,0,0,1,0,1,w,m
18284,NEVER,1,1,0.922944,1.19198,1.29535,2.89029,0,0,2.96658,0,0,0.934825,1.19401,0.792452,1.05326,0,0,1,0,0,1,0,1,w,m
18285,NEVER,1,1,0.834578,1.5972,0.726979,2.46461,0,0,2.3117,0,0,0.825602,0.687158,0.786141,0,0,0,1,0,0,0,0,1,w,m
18288,NEVER,1,1,0.935921,1.1243,0,0.851207,0,0,1.58921,0,0,0,0.949279,0,1.14509,1.60818,0,0,0,0,1,0,1,w,m
18289,NEVER,1,1,0.927882,1.12741,0,0,0,0,1.77424,0,0,0,0,0,1.1923,1.48385,0,0,0,0,0,0,0,w,m
18290,NEVER,1,1,0.944917,1.36624,0,0,0,0,2.16698,0,0,0,0.590224,0,1.01903,1.31318,0,0,0,0,0,0,1,w,m
18291,NEVER,1,1,0.943557,1.44982,0,0.53217,0,0,1.62267,0,0,0,0.939787,0,1.07541,0.872538,0,0,0,0,1,0,1,w,m
18292,NEVER,1,1,0.951184,1.33284,0,0,0,0,0.933883,0,0,0,1.05649,0,0.532112,1.17143,0,0,0,0,1,0,1,w,m
18293,NEVER,1,1,0.95667,1.18512,0,0,0,0,1.25293,0,0,0,0.932853,0,0.520053,0.884437,0,0,0,0,1,0,1,w,m
18294,NEVER,1,1,0.960597,1.01737,0,0,0,0,1.36525,0,0,0,1.14185,0,0.762224,1.91684,0,0,0,1,1,0,1,w,m
18295,NEVER,1,1,0.958715,0.65279,0,0,0,0,0.879252,0,0,0,1.08372,0,0.908842,2.01666,0,0,0,0,1,0,1,w,m
18296,NEVER,1,1,0.971729,0.735067,0,0.948497,0,0,0.968642,0,0,0,1.29559,0,0.775318,2.09823,0,0,0,1,1,0,1,w,m
18297,NEVER,1,1,0.969946,0.690185,0,0.875846,0,0,0.699087,0,0,0,1.08575,0,0.707122,1.40798,0,0,0,0,1,0,1,w,m
18298,NEVER,1,1,0.969358,0.638569,0,0.850917,0,0,0.983533,0,0,0,1.06092,0,0.580392,0.894602,0,0,0,1,1,0,1,w,m
18299,NEVER,1,1,0.953635,0.819417,0,0,0,0,0,0,0,0,1.3793,0,0,0.750685,0,1,0,0,1,0,1,w,m
18300,NEVER,1,1,0.881417,0.664324,0,0,0,0,0,0,0,0,1.51414,0,0,1.70586,0.857258,0,0,1,1,0,1,w,m
18301,NEVER,1,1,0.934029,1.1357,0,0,0,0,0,0,0,0,1.15659,0,0,1.54831,1.02059,0,0,0,0,0,1,w,m
18302,NEVER,1,1,0.928604,1.31703,0,0,0,0,0,0,0,0,1.03481,0,0.621844,1.1941,1.00373,0,0,0,1,0,0,w,m
18303,NEVER,1,1,0.936339,1.26372,0,0,0,0,0,0,0,0,0.934451,0,0.87777,1.15697,0.907127,0,0,0,1,0,0,w,m
18304,NEVER,1,1,0.933737,1.13713,0,0,0,0,0,0,0,0,0.758665,0,0.831315,0.922797,0.751108,0,0,0,0,0,0,w,m
18305,NEVER,1,1,0.942464,1.30457,0,0,0.518277,0,0,0,0,0,0.807998,0,0.733233,1.05098,0,0,0,0,0,0,0,w,m
18306,NEVER,1,1,0.944327,1.2273,0,0,0.741544,0,0,0,0,0,1.09113,0,0,0,0,0,0,0,0,0,0,w,m
18307,NEVER,1,1,0.941106,1.11279,0,0,0.55353,0,0,0,0,0,0.860228,0,0,0,0,0,0,0,0,0,0,w,m
18308,NEVER,1,1,0.947228,1.1866,0,0,0.889655,0,0,0,0,0,0.590612,0,0,0,0,0,0,0,1,0,0,w,m
18309,NEVER,1,1,0.964118,1.53325,0,0,0.739362,0,0,0,0,0,0,0.531939,0.586276,0,0,0,0,0,1,0,1,w,m
18310,NEVER,1,1,0.977058,1.45232,0,0,1.16909,0,1.00472,0,0,0,0,0.768489,0,0,0,0,0,0,1,0,1,w,m
18311,NEVER,1,1,0.98108,1.44541,0,0,1.22275,0,0.544781,0,0,0,0,0,0,0,0,0,0,0,1,0,1,w,m
18312,NEVER,1,1,0.974952,1.09091,0,0,1.18618,0,1.20439,0,0,0,0.583469,0,0,0.774069,0,0,0,0,1,0,1,w,m
18313,NEVER,1,1,0.89236,1.64582,0,0,0.752549,0,0.925474,0,0,0,0,0,0,1.32121,0.886996,0,0,0,1,0,1,w,m
18314,NEVER,1,1,0.903296,0.654853,0,0,0,0,0,0,0,0,0.960397,0,0,1.59021,1.10322,0,0,0,1,0,1,w,m
18315,NEVER,1,1,0.892738,0.859478,0,0,0,0,0,0,0,0,1.04888,0,0,2.16583,1.03583,0,0,0,1,0,1,w,m
18316,NEVER,1,1,0.911037,0.722122,0,0,0,0,0,0,0,0,0.835423,0,0,2.52757,1.2853,0,0,0,1,0,1,w,m
18317,NEVER,1,1,0.926874,0.719214,0,0,0,0,0,0,0,0,1.05803,0,0,2.10037,1.22489,0,0,0,1,0,1,w,m
18318,NEVER,1,1,0.946748,0.757686,0,0,0,0,0,0,0,0,0.794484,0,0.512987,2.20703,1.3362,0,0,0,1,0,1,w,m
18319,NEVER,1,1,0.955703,0.845729,0,0,0,0,0,0,0,0,0.695926,0,0.651701,2.45709,1.33046,0,0,0,1,0,1,w,m
18320,NEVER,1,1,0.967642,0.718925,0,0,0,0,0,0,0,0,0,0,0.909773,1.68809,1.19387,1,0,0,1,0,1,w,m
18321,NEVER,1,1,0.975883,0,0,0,0.528564,0,0,0,0,0,0.506594,0,0.713365,2.40182,1.05381,0,0,0,1,0,1,w,m
18322,NEVER,1,1,0.975093,0,0,0,0,0,0,0,0,0,0.579358,0,0.772882,1.90441,1.02015,1,0,0,1,0,1,w,m
18323,NEVER,1,1,0.957334,0,0,0,0,0,0,0,0,0,0.614439,0,0.606831,2.313,1.34959,1,0,0,1,0,1,w,m
18324,NEVER,1,1,0.947871,0.59856,0,0.916515,0,0,0,0,0,0,0.507948,0,0,2.61713,1.21261,1,0,0,1,0,1,w,m
18325,NEVER,1,1,0.947824,0.647593,0,0.755677,0,0,0,0,0,0,0.701332,0,0,2.92151,1.16483,0,0,0,1,0,1,w,m
18326,NEVER,1,1,0.969425,0,0,0.713345,0,0,0,0,0,0.52845,0.710743,0.689359,0,3.46783,1.16038,1,0,0,1,0,1,w,m
18327,NEVER,1,1,0.970844,0.506749,0,0.640633,0,0,0,0,0,0.624511,0.689194,0.844382,0,3.54984,1.15691,1,0,0,1,0,1,w,m
18328,NEVER,1,1,0.985481,0,0,0.822455,0,0,0,0,0,1.05794,0,0.559603,0.659637,2.61628,1.04896,1,0,0,1,0,1,w,m
18329,NEVER,1,1,0.986086,0,0,0,0,0,0,0,0,1.15276,0,0,0,1.69232,0,1,0,0,1,0,1,w,m
18330,NEVER,1,1,0.986364,0,0,0,0,0,0,0,0.500694,1.17902,0,1.0166,0,0.508815,0,0,0,0,1,0,1,w,m
18331,NEVER,1,1,0.987249,0,0,0.795697,0,0,0,0,0.801139,1.21311,0,0.892152,0,0.936219,0,1,0,0,1,0,1,w,m
