time_stamp,word,frame,success,confidence,AU01_r,AU02_r,AU04_r,AU05_r,AU06_r,AU09_r,AU10_r,AU12_r,AU14_r,AU15_r,AU17_r,AU20_r,AU25_r,AU26_r,AU04_c,AU12_c,AU15_c,AU23_c,AU28_c,AU45_c,speaker_gender,listener_gender
8751,INVOLVE,1,1,0.973477,1.69608,0.722807,0,0,0,1.12798,0,0,0,0,0,0,3.44483,0,0,0,1,1,0,0,m,w
8752,INVOLVE,1,1,0.975315,1.4878,0.75872,0,0,0,1.43245,0,0,0,0,0,0.67802,2.55556,0,0,0,0,1,0,0,m,w
8753,INVOLVE,1,1,0.985062,1.36182,0,0,0,0,1.33225,0,0,0,0,0,0.836926,2.67111,0,0,0,0,1,0,0,m,w
8754,INVOLVE,1,1,0.98363,0.874989,0,0.505199,0,0,1.38397,0,0,0,0,0,0.800574,3.05425,0,0,1,0,1,0,0,m,w
8755,INVOLVE,1,1,0.983406,0.872814,0,0,0,0,1.14502,0,0,0,0,0,0.685677,3.17014,0,0,0,0,1,0,0,m,w
8756,INVOLVE,1,1,0.985422,0.726196,0,0,0,0,1.1065,0,0,0,0,0,0.78851,3.07557,0,0,1,0,1,0,0,m,w
8757,INVOLVE,1,1,0.984171,0.820809,0,0,0,0,0.767848,0,0,0,0,0,0.686538,3.15102,0,0,1,0,1,0,0,m,w
8758,INVOLVE,1,1,0.983907,0.733079,0,0,0,0,0.660372,0,0,0,0,0,0.591211,2.87903,0,0,1,1,1,0,0,m,w
8759,INVOLVE,1,1,0.985745,0.749823,0,0,0,0,0.846791,0,0,0,0,0,0,2.58982,0,0,1,1,1,0,0,m,w
8760,INVOLVE,1,1,0.98629,0.937445,0,0,0,0,1.12975,0,0,0,0,0,0,2.64856,0,0,0,0,0,0,0,m,w
8761,INVOLVE,1,1,0.984385,0.607133,0.701436,0,0,0,0.696055,0,0,0,0,0,0,2.59001,0,0,1,0,1,0,0,m,w
8762,INVOLVE,1,1,0.975671,0,0.979691,0,0,0,0.544753,0,0,0,0.879783,0,0,2.26276,0,0,0,1,0,0,0,m,w
8763,INVOLVE,1,1,0.948109,0.511342,0.983512,0,0,0,0,0,0,0,1.10926,0,0,2.09763,0,0,1,1,1,0,0,m,w
8764,INVOLVE,1,1,0.89978,0.536642,0.639335,0,0,0,0,0,0.665808,0,1.43087,0,0,2.28914,0,0,0,0,1,0,0,m,w
8765,INVOLVE,1,1,0.857552,1.22815,0.99402,0,0,0,0,0,0.597967,0,1.25868,0,0,2.82502,0,0,0,0,1,0,0,m,w
8766,INVOLVE,1,1,0.920159,1.58545,1.38168,0,0,0,0,0,0.732755,0,1.36008,0,0,2.62971,0,0,0,0,1,0,0,m,w
8767,INVOLVE,1,1,0.928522,1.69466,1.10261,0,0,0,0,0,0.638219,0,1.32083,0,0,2.17885,0,0,0,0,0,0,0,m,w
8768,INVOLVE,1,1,0.928549,1.88608,1.55268,0,0,0,0,0,0.920261,0,1.00894,0,0.717288,1.47232,0,0,0,0,0,0,0,m,w
8769,INVOLVE,1,1,0.925732,1.8662,1.32801,0,0,0,0,0,0.938832,0,1.08146,0,0.69358,1.69599,0,0,0,0,0,0,0,m,w
8770,INVOLVE,1,1,0.938734,1.62835,1.22661,0,0,0,0,0,0.713701,0,1.53909,0,0.621279,1.67829,0,0,0,0,0,0,0,m,w
8771,INVOLVE,1,1,0.94623,1.16673,1.00818,0,0,0,0,0,0.557148,0,2.17624,0.557245,0.713474,1.39509,0,0,0,1,0,0,0,m,w
8772,INVOLVE,1,1,0.968253,0,0,0.654651,0,0,0,0,0,0,2.49108,0.683704,0.946154,1.6856,0,0,0,1,0,0,0,m,w
8773,INVOLVE,1,1,0.974845,0,0,1.34233,0,0,0.726899,0,0,0.722536,2.40489,0.928847,1.29557,2.8032,0,1,0,1,0,0,0,m,w
8774,INVOLVE,1,1,0.969415,0,1.01172,1.37383,0,0,1.10528,0,0,0.71271,2.07809,0.736731,0.913607,2.8799,0,0,0,1,0,0,0,m,w
8775,INVOLVE,1,1,0.968591,0.613432,1.25029,1.19572,0,0,0.839583,0,0,0.926831,1.66322,0.739361,0.734967,3.1656,0,1,0,1,0,0,0,m,w
8776,INVOLVE,1,1,0.887537,0.582333,1.33633,1.13241,0,0,0.99624,0,0,0.636284,1.30674,0.607346,0,2.497,0,1,0,1,0,0,0,m,w
8777,INVOLVE,1,1,0.88558,0.850631,1.46598,0.642761,0.501873,0,0.871033,0,0,0.773616,0.589086,0.904602,0,2.59639,0,0,0,0,0,0,0,m,w
8778,INVOLVE,1,1,0.754354,1.10157,2.26142,0,0,0,0,0,0,0,0,0.958717,0,0,0,0,0,0,0,0,0,m,w
8779,INVOLVE,1,1,0.801268,1.08126,1.77739,0,0,0,0,0,0,0.738282,1.08486,1.21007,0,0.539073,0,0,0,0,0,0,0,m,w
8780,INVOLVE,1,1,0.771716,1.56245,2.30345,0,0,0.572492,0,0,0.602899,0,0,1.20088,0,0,0,0,0,0,0,0,0,m,w
8781,INVOLVE,1,1,0.86261,1.20469,0,0,0,0,0,0,0,0,0.651782,0,0,0.744817,0,0,0,0,0,0,0,m,w
8782,INVOLVE,1,1,0.943329,1.34519,0,0,0,0,0,0,0,0.518442,1.49776,0.870755,0,0.930438,0,0,0,0,0,0,0,m,w
8783,INVOLVE,1,1,0.926839,1.0209,0,0,0,0,0,0,0,0.615624,1.49428,0.981611,0,0.647669,0,0,0,0,0,0,0,m,w
8784,INVOLVE,1,1,0.920762,0.537121,0,0,0,0,0,0,0,0.883474,1.76166,0.937967,0,1.19053,0,0,0,0,0,0,0,m,w
8785,INVOLVE,1,1,0.94062,0,0,0,0,0,0,0,0,1.15937,1.93454,0.98777,0,0,0,0,0,1,1,0,0,m,w
8786,INVOLVE,1,1,0.938389,0,0,0,0,0,0,0,0,1.18536,1.91554,0.666581,0.938571,0,0,0,0,1,0,0,1,m,w
8787,INVOLVE,1,1,0.851938,0,0,0,0,0,0,0,0,0,1.45109,0.941344,2.00123,1.55521,0,1,0,0,0,0,1,m,w
8788,INVOLVE,1,1,0.76088,1.1293,0,1.17344,0,0,0,0,0,0,1.30715,1.13455,1.47056,3.20831,0,1,0,0,0,0,1,m,w
8789,INVOLVE,1,1,0.738247,1.5597,1.13896,1.06379,0,0,0,0,0,0,1.17663,1.34274,1.62976,2.76017,0,1,0,0,0,0,1,m,w
8790,INVOLVE,1,1,0.941284,0.938238,0.938242,0.75767,0,0,0,0,0,0,1.28915,1.00202,1.54268,3.16601,0,0,0,1,0,0,1,m,w
8791,INVOLVE,1,1,0.969244,1.06803,0.61651,0,0,0,0,0,0,0,2.3612,0.894062,1.09021,2.60605,0,0,0,1,0,0,1,m,w
8792,INVOLVE,1,1,0.974826,0,0,0,0,0,0,0,0,0,2.46312,0.887435,0.939184,2.56152,0,0,0,1,0,0,0,m,w
8793,INVOLVE,1,1,0.983612,0,0,0.698958,0,0,0.805501,0,0,0,2.37289,1.00143,0.900683,2.86509,0,1,0,1,1,0,0,m,w
8794,INVOLVE,1,1,0.990539,0,0,1.08217,0,0,1.00575,0,0,0,1.72299,0.805998,0.588818,3.32124,0,1,0,1,1,0,1,m,w
8795,INVOLVE,1,1,0.991296,0,0.562998,1.09285,0,0,1.07356,0,0,0,1.56217,0.729046,0,4.05969,0,1,0,1,1,0,1,m,w
8796,INVOLVE,1,1,0.992822,0,0.708918,1.42964,0,0,1.3183,0,0,0,1.41473,0.588825,0,4.00857,0,1,0,1,1,0,1,m,w
8797,INVOLVE,1,1,0.990399,0,0.777044,1.36613,0,0,1.15082,0,0,0,1.57151,0.761725,0,3.58677,0,1,0,1,1,0,1,m,w
8798,INVOLVE,1,1,0.986149,0,0.514501,1.3095,0,0,1.133,0,0,0,1.42792,0.871504,0,3.24624,0,1,0,1,1,0,0,m,w
8799,INVOLVE,1,1,0.944957,1.3459,1.62402,1.20177,0.551305,0,0.572045,0,0,0,0.751614,0.662611,0.703057,2.6617,0,0,0,0,1,0,0,m,w
8800,INVOLVE,1,1,0.965396,1.47877,2.2154,0.51825,0,0.782033,1.39553,0.578767,0,0,0,0.868608,2.42242,4.93899,0.750102,1,0,0,0,0,0,m,w
8801,INVOLVE,1,1,0.969982,1.37873,2.17866,0.703891,0,0.716028,1.45937,0.591347,0,0,0,0.942084,1.80825,4.38097,0.591091,1,0,1,0,0,0,m,w
8802,INVOLVE,1,1,0.969841,1.28843,2.20425,0.599603,0,0.661219,1.2258,0,0,0.51469,0,0.726396,1.89719,4.69653,0.727422,1,0,0,0,0,0,m,w
8803,INVOLVE,1,1,0.966815,1.75967,2.52921,0,0,0.710716,0.778655,0.560392,0,0,0,0.842559,2.48755,3.33995,0.919655,1,0,0,0,0,0,m,w
8804,INVOLVE,1,1,0.929931,2.11939,1.97706,0,0,0.578718,0.774558,0,0,0,0,0.528757,1.96992,2.44959,1.05324,0,0,0,0,0,0,m,w
8805,INVOLVE,1,1,0.914826,2.61921,2.02801,0,0,0,1.00399,0,0,0,0,0.559155,1.30371,1.698,1.11805,0,0,0,0,0,1,m,w
8806,INVOLVE,1,1,0.905993,2.40008,1.51871,0,0,0,1.47116,0,0,0,0,0,0.954158,1.67746,1.04807,0,0,0,0,0,1,m,w
8807,INVOLVE,1,1,0.935901,2.24772,1.04586,0,0,0,1.65065,0,0,0,0,0,1.08403,0,1.03244,0,0,0,0,0,1,m,w
8808,INVOLVE,1,1,0.96299,1.91052,0.76987,0,0,0,1.70749,0,0,0,0,0,0.959638,0,0.885595,0,0,0,0,0,1,m,w
8809,INVOLVE,1,1,0.972258,1.53248,0.761758,0,0,0,1.97714,0,0,0,0,0,0.807738,0,0.7854,1,0,0,0,0,1,m,w
8810,INVOLVE,1,1,0.974613,1.00045,0,0,0,0,1.32551,0,0,0,0,0,1.37149,0,0.658395,1,0,0,0,0,1,m,w
8811,INVOLVE,1,1,0.976724,0,0.615449,0,0,0,1.68397,0,0,0,0,0,1.3993,0,0.538972,1,0,0,0,0,1,m,w
8812,INVOLVE,1,1,0.986754,0,0.980054,0.57831,0,0,1.48361,0,0,0,0,0,1.57582,0,0,1,0,0,0,0,0,m,w
8813,INVOLVE,1,1,0.988706,0,0,0.740418,0,0,1.11701,0,0,0,0.628983,0,0.818212,0.858879,0,1,0,1,0,0,0,m,w
8814,INVOLVE,1,1,0.985664,0,0,1.65851,0,0,0,0,0,0,0.759901,0,0,2.48501,0,1,0,1,0,0,0,m,w
8815,INVOLVE,1,1,0.979563,0,0,1.34383,0,0,0,0,0,0,0.670322,0.586792,0,2.57748,0,1,0,0,0,0,0,m,w
8816,INVOLVE,1,1,0.967355,0,0,1.43077,0,0,0,0,0,0,0.850986,0.709108,0,2.17507,0,1,0,1,0,0,1,m,w
8817,INVOLVE,1,1,0.950571,0,0,1.28854,0,0,0,0,0,0.527757,0.821299,0.942503,0,2.91683,0,1,0,1,0,0,1,m,w
8818,INVOLVE,1,1,0.965243,0,0,2.48121,0,0,0,0,0,0.571355,0,0.831635,0,3.43607,0,1,0,0,0,0,1,m,w
8819,INVOLVE,1,1,0.970476,0,0,2.07298,0,0,0.574648,0,0,0,0,0.701551,0,2.32454,0,1,0,0,0,0,1,m,w
8820,INVOLVE,1,1,0.974415,0,0,1.84952,0,0,0,0,0,0,0,0,0,2.41089,0,1,0,0,0,0,1,m,w
8821,INVOLVE,1,1,0.965954,0,0,1.68794,0,0,0,0,0,0,0,0,0,1.96886,0,1,0,0,0,0,1,m,w
8822,INVOLVE,1,1,0.947896,0.851513,0,1.36114,0,0,0,0,0,0,0,0,0,2.23741,0,1,0,0,0,0,1,m,w
8823,INVOLVE,1,1,0.899403,0.7913,0,1.52768,0,0,0,0,0,0.875716,0,0.588734,0,1.78771,0,1,0,0,0,0,1,m,w
8824,INVOLVE,1,1,0.875661,1.36454,0,1.55075,0,0,0,0,0,1.27008,0,0.528457,0,0,0,1,0,0,0,0,1,m,w
8825,INVOLVE,1,1,0.817809,1.5366,0.731379,1.33772,0,0,0,0,0,1.30692,0,0.772689,0,0,0,1,0,0,0,0,1,m,w
8826,INVOLVE,1,1,0.823537,1.27518,0.541051,1.4801,0,0,0,0,0,1.33449,0,0.604963,0,0,0,1,0,0,0,0,1,m,w
8827,INVOLVE,1,1,0.847156,1.19743,0.513514,1.25826,0,0,0,0,0,1.29751,0,0,0,0,0,1,0,0,0,0,1,m,w
8828,INVOLVE,1,1,0.869207,1.06707,0,1.32532,0,0,0,0,0,1.17832,0,0,0,0,0,1,0,0,0,0,1,m,w
8832,INVOLVE,1,1,0.962818,0.938378,0,1.84902,0,0,0,0,0,0,0,0,0,0,0,1,0,1,0,0,1,m,w
8833,INVOLVE,1,1,0.970602,0.993133,0,1.38337,0,0,0,0,0,0,0,0.502017,0,0,0,1,0,1,0,0,1,m,w
8834,INVOLVE,1,1,0.975838,1.03823,0,1.59556,0,0,0,0,0,0,0,0,0,0,0,1,0,0,0,0,1,m,w
8835,INVOLVE,1,1,0.94869,0.884823,0,1.69031,0.563555,0,0,0,0,0,0,0,0,0,0,1,0,0,0,0,1,m,w
8836,INVOLVE,1,1,0.93303,1.14914,0.525981,1.86742,0,0,0,0,0,0,0,0,0,0,0,1,0,0,0,0,1,m,w
8850,INVOLVE,1,1,0.97432,1.04378,0,1.39349,0,0,0,0,0,0.647627,0,0.73467,0,1.86907,0,1,0,0,0,0,1,m,w
8851,INVOLVE,1,1,0.942477,0.866113,0.575164,1.22198,0,0,0,0.504967,0,0.853531,0.581107,0.915424,0,1.25162,0,1,0,0,0,0,1,m,w
8852,INVOLVE,1,1,0.898673,0.867172,0.835833,0.702826,0,0.567518,0,0,0,0.844165,0,0.624425,0,0,0,0,0,0,0,0,1,m,w
8853,INVOLVE,1,1,0.850668,1.14368,1.14496,0.546862,0,0.696388,0,0,0.958466,0.921394,0,0,0,0,0,0,0,0,0,0,1,m,w
8854,INVOLVE,1,1,0.868652,0,0.848408,1.21413,0.594098,0.694475,0,0.716362,1.28805,1.1041,0,0,0,0.582765,0,1,0,0,0,0,1,m,w
8855,INVOLVE,1,1,0.880815,0,0.686566,1.15315,0,0.716709,0.533105,1.09651,0.629385,1.55526,0,0.86055,0.719897,2.45983,0,1,0,0,0,0,1,m,w
8856,INVOLVE,1,1,0.921883,0,0,1.58268,0,0,0.596015,0.754832,0,1.42795,0,0.815525,1.21917,3.73574,0,1,0,0,0,0,1,m,w
8857,INVOLVE,1,1,0.949496,0,0,1.08691,0,0,0,0.855848,0,1.1367,0,0.970478,1.52139,3.69885,0,1,0,0,0,0,1,m,w
8858,INVOLVE,1,1,0.962763,0,0,1.43349,0,0,0.843893,0.669566,0,0.892029,0,0.880016,1.51148,2.75238,0,1,0,0,0,0,1,m,w
8859,INVOLVE,1,1,0.964928,0,0,1.30156,0,0,0.934544,0.599496,0,0.964926,0,0.913206,1.69488,2.41104,0,1,0,0,0,0,1,m,w
8860,INVOLVE,1,1,0.967542,0,0,1.23836,0,0,0.961101,0,0,0.708689,0,0.785694,1.63034,1.76115,0,1,0,0,0,0,1,m,w
8861,INVOLVE,1,1,0.955314,0.630504,0.781044,1.07361,0,0,0.910775,0,0,0,0,0.921409,1.5466,0.767636,0,1,0,0,0,0,1,m,w
8862,INVOLVE,1,1,0.949446,0.884195,0.721614,1.12022,0,0,1.17248,0,0,0.537997,0,0,1.58102,1.57941,0,1,0,0,0,0,1,m,w
8863,INVOLVE,1,1,0.953086,0.877289,0.834851,0.978982,0,0,1.25542,0,0,0.656956,0,0,1.65155,0.902487,0,1,0,0,0,0,1,m,w
8864,INVOLVE,1,1,0.973044,0.799829,0.84923,0.903027,0,0,1.50337,0,0,0.705717,0,0,1.60443,0,0,1,0,0,0,0,1,m,w
8865,INVOLVE,1,1,0.977296,0.540184,0,0.706945,0,0,0.667219,0,0,0.59887,0,0,1.14452,0,0,1,0,0,0,0,1,m,w
8866,INVOLVE,1,1,0.959462,0,0,0.783498,0,0,0,0,0,0.564633,0,0,0,0,0,1,0,0,0,0,1,m,w
8867,INVOLVE,1,1,0.954124,0,0,0.647389,0,0,0,0,0,0,0,0,0,0.824457,0,1,0,0,0,0,1,m,w
8868,INVOLVE,1,1,0.96404,0,0,1.23551,0,0,0,0,0,0,0,0,0,1.74612,0,1,0,0,0,0,1,m,w
8869,INVOLVE,1,1,0.96057,0,0,0.959843,0,0,0,0,0,0,0,0,0.553595,1.80919,0,1,0,0,0,0,1,m,w
8870,INVOLVE,1,1,0.962809,0,0,1.50891,0,0,0.553122,0,0,0,0,0,0,1.41395,0,1,0,0,0,0,1,m,w
8871,INVOLVE,1,1,0.960207,0,0,1.18881,0,0,0,0,0,0.63447,0,0,0,1.77826,0,1,0,0,0,0,1,m,w
8872,INVOLVE,1,1,0.95815,0,0,1.27189,0,0,0.878264,0,0,0,0,0,0,1.27574,0,1,0,0,0,0,1,m,w
8873,INVOLVE,1,1,0.95543,0,0,1.04742,0,0,0.501782,0,0,0,0,0,0,1.05658,0,1,0,0,0,0,1,m,w
8874,INVOLVE,1,1,0.960844,0,0,1.19464,0,0,0.835875,0,0,0,0,0,0,0.679581,0,1,0,0,0,0,1,m,w
8875,INVOLVE,1,1,0.962714,0,0,1.04284,0,0,0,0,0,0,0,0,0,0,0,1,0,0,0,0,1,m,w
8876,INVOLVE,1,1,0.969206,0,0,1.08306,0,0,0.679074,0,0,0,0,0,0,0,0,1,0,0,0,0,1,m,w
8877,INVOLVE,1,1,0.972581,0,0,1.03894,0,0,0.774763,0,0,0,0,0,0,0,0,1,0,0,0,0,1,m,w
8878,INVOLVE,1,1,0.969496,0,0,0.713857,0,0,0,0,0,0,0,0,0,0,0,1,0,0,0,0,1,m,w
8879,INVOLVE,1,1,0.954782,0.75218,0,0,0,0,0,0,0,0,0,0,0,0.618949,0,1,0,0,0,0,1,m,w
8880,INVOLVE,1,1,0.942505,0.883544,0,0,0,0,0,0,0,0,0,0,0,0,0.617398,1,0,0,0,0,1,m,w
8881,INVOLVE,1,1,0.93357,1.30623,0,0.906104,0,0,0,0,0,0,0,0,0,0,0.568234,1,0,0,0,0,1,m,w
8882,INVOLVE,1,1,0.940398,1.32116,0,0.842495,0,0,0,0,0,0,0,0,0,0,0.594561,1,0,0,0,0,1,m,w
8883,INVOLVE,1,1,0.94583,1.39765,0,0.956392,0,0,0,0,0,0,0,0,0,0,0.55528,1,0,0,0,0,1,m,w
8884,INVOLVE,1,1,0.949229,1.56211,0,1.22696,0,0,0,0,0,0,0,0,0,0.619508,0.619035,1,0,0,0,0,1,m,w
8885,INVOLVE,1,1,0.951126,1.31838,0,1.00662,0,0,0,0,0,0,0,0,0,0,0.601805,0,0,0,0,0,1,m,w
8886,INVOLVE,1,1,0.951633,1.18075,0,0.94948,0,0,0,0,0,0,0,0,0,0.551275,0.656892,1,0,0,0,0,1,m,w
8887,INVOLVE,1,1,0.95253,0.98581,0,0.759027,0,0,0,0,0,0,0,0,0,0.806124,0.670612,0,0,0,0,0,1,m,w
8888,INVOLVE,1,1,0.946874,0.839608,0,0.908732,0,0,0,0,0,0,0.519367,0,0,1.0844,0.624036,0,0,0,0,0,0,m,w
8889,INVOLVE,1,1,0.935486,0.861665,0,0,0,0,0,0,0,0,0.609175,0,0,1.73735,0.615183,0,0,0,0,0,0,m,w
8890,INVOLVE,1,1,0.918645,0.638387,0,0,0,0,0,0,0,0,0.93779,0,0,2.84781,0.647716,0,0,0,0,0,0,m,w
8891,INVOLVE,1,1,0.955582,0,0,0,0,0,0,0,0,0,0.809713,0,0,2.83364,0.61271,0,0,0,0,0,0,m,w
8892,INVOLVE,1,1,0.929686,1.00357,0,0,0,0,0,0,0,0,0.784593,0,0,2.88121,0.617035,0,0,0,0,0,0,m,w
8893,INVOLVE,1,1,0.935656,0.757206,0,0,0,0,0,0,0,0,0.57019,0,0,2.63373,0.633581,1,0,0,0,0,0,m,w
8894,INVOLVE,1,1,0.932641,0.658145,0,0,0,0,0,0,0,0,0.605868,0,0,2.82891,0.697192,1,0,0,0,0,0,m,w
8895,INVOLVE,1,1,0.933314,0.698466,0,0,0,0,0,0,0,0,0.681425,0,0,3.0668,0.726307,0,0,0,0,0,0,m,w
8896,INVOLVE,1,1,0.951804,0.727211,0,0.52848,0,0,0,0,0,0,0.520651,0,0,3.40566,0.641405,1,0,0,0,0,0,m,w
8897,INVOLVE,1,1,0.970703,0.94825,0,0,0,0,0,0,0,0,0.661799,0,0,3.31783,0.682813,1,0,0,1,0,0,m,w
8898,INVOLVE,1,1,0.981523,0.815194,0,0.728782,0,0,0,0,0,0,0.797688,0,0,3.98056,0.742885,1,0,0,1,0,0,m,w
8899,INVOLVE,1,1,0.982948,0.882638,0,0.870997,0,0,0,0,0,0,0.753311,0,0,4.01008,0.744765,1,0,0,1,0,0,m,w
8900,INVOLVE,1,1,0.981351,0.537711,0,0.746277,0,0,0,0,0,0,0.766395,0,0,4.24891,0.743405,1,0,0,1,0,0,m,w
8901,INVOLVE,1,1,0.9825,0,0,0,0,0,0,0,0,0,0.596095,0,0,4.41418,0.741275,1,0,0,1,0,0,m,w
8902,INVOLVE,1,1,0.978787,0,0,0.727108,0,0,0,0,0,0,0,0,0,4.28121,0.735983,1,0,0,1,0,0,m,w
8903,INVOLVE,1,1,0.974965,0,0,0,0,0,0,0,0,0,0.512807,0,0,4.51327,0.694213,1,0,0,1,0,0,m,w
8904,INVOLVE,1,1,0.979158,0.837868,0,0.584407,0,0,0,0,0,0,0.608019,0,0,4.6613,0.723769,1,0,0,1,0,0,m,w
8905,INVOLVE,1,1,0.981482,0.84986,0,0.869538,0,0,0,0,0,0,0.735539,0,0.544165,4.36072,0.673179,1,0,0,1,0,0,m,w
8906,INVOLVE,1,1,0.983601,0.757962,0,0.977159,0,0,0,0,0,0,0.558331,0,0.669868,4.57203,0.652938,1,0,0,0,0,0,m,w
8907,INVOLVE,1,1,0.98125,0.752229,0,0.712031,0,0,0.669857,0,0,0,0,0,0.605853,4.21535,0.654387,1,0,0,1,0,0,m,w
8908,INVOLVE,1,1,0.980558,0.927324,0,0.98194,0,0,0.845114,0,0,0,0,0,0.608716,3.79303,0.664134,1,0,0,1,0,0,m,w
8909,INVOLVE,1,1,0.986231,0.89574,0,0.67595,0,0,0.687535,0,0,0,0,0,0,3.38215,0.625426,1,0,0,0,0,0,m,w
8910,INVOLVE,1,1,0.980076,0.737726,0,0,0,0,0,0,0,0,0,0.532264,0,3.08641,0,1,0,0,1,0,0,m,w
8911,INVOLVE,1,1,0.964726,0.759986,0,0,0,0,0,0,0,0,0,0.782812,0,1.10526,0,1,0,0,1,0,0,m,w
8912,INVOLVE,1,1,0.965866,0.607537,0,0,0,0,0,0,0,0,0,0.712221,0,0.590342,0,1,0,0,1,0,0,m,w
8913,INVOLVE,1,1,0.959623,0.740417,0,0,0,0,0,0,0,0,0,0.626587,0,0.927448,0,1,0,0,1,0,0,m,w
8914,INVOLVE,1,1,0.941163,0.885586,0,0,0,0,0,0,0,0,0,0,0,1.366,0.641646,1,0,0,1,0,0,m,w
8915,INVOLVE,1,1,0.938449,1.14425,0,0,0,0,0,0,0,0,0,0.507633,0,1.41783,0.609057,0,0,0,1,0,0,m,w
8916,INVOLVE,1,1,0.971808,1.00058,0,0.841134,0,0,0.681602,0,0,0,0,0,0,1.00198,0,1,0,0,1,0,0,m,w
8917,INVOLVE,1,1,0.968231,0.650695,0,0.709916,0,0,0.666731,0,0,0,0,0,0,0,0,1,0,0,1,0,0,m,w
8918,INVOLVE,1,1,0.976519,0.692298,0.873704,0.728267,0,0,0.617251,0,0,0,0,0,0,0,0,1,0,0,1,0,0,m,w
8919,INVOLVE,1,1,0.974828,0.66476,0,0,0,0,1.02802,0,0,0,0,0.727466,0,0,0,1,0,0,1,0,0,m,w
8920,INVOLVE,1,1,0.973008,0.601205,0,0,0,0,0.993778,0,0,0,0,0.704807,0,0,0,1,0,1,1,0,0,m,w
8921,INVOLVE,1,1,0.950081,0.678903,0,0,0,0,0,0,0,0,0.712014,0.852859,0,0,0.590143,1,0,1,1,0,0,m,w
8922,INVOLVE,1,1,0.976387,0.724864,0,0.613731,0,0,0,0,0,0,0,0.783822,0,0,0,1,0,1,1,0,0,m,w
8923,INVOLVE,1,1,0.970218,0.637333,0.660183,1.28685,0,0,0.589385,0,0,0.863684,0,0,0.614538,0,0,1,0,0,1,0,0,m,w
8924,INVOLVE,1,1,0.94172,0,0,0.562534,0,0,0.846489,0,0,0,0,0,0,0,0,1,0,1,0,0,0,m,w
8925,INVOLVE,1,1,0.933436,0,0,0.575172,0,0,0,0,0,0,0,0,0,0,0,1,0,0,1,0,0,m,w
8926,INVOLVE,1,1,0.913782,0,0,0,0,0,0,0,0,0,0.845086,0.616598,0,0.855717,0,1,0,0,1,0,1,m,w
8927,INVOLVE,1,1,0.932878,0.589005,0,0,0,0,0,0,0,0,1.35458,0.63983,0,2.66118,0,1,0,0,1,0,0,m,w
8928,INVOLVE,1,1,0.968906,0,0,0.994899,0,0,0,0,0,0,1.18888,0,0,3.71966,0.546049,1,0,0,1,0,0,m,w
8929,INVOLVE,1,1,0.986646,0,0,1.41207,0,0,0,0,0,0,0.727928,0,0,3.16211,0,1,0,0,0,0,1,m,w
8930,INVOLVE,1,1,0.984362,0,0,1.41781,0,0,0.558958,0,0,0,0,0,0.575924,2.71598,0,1,0,0,0,0,1,m,w
8931,INVOLVE,1,1,0.988523,0,0,1.2319,0,0,0.554591,0,0,0,0.877561,0,0,3.40711,0,1,0,1,0,0,1,m,w
8932,INVOLVE,1,1,0.969649,0.955501,0.648658,1.02428,0,0,0,0,0,0,1.29707,0,0,4.36916,0.685072,1,0,0,1,0,0,m,w
8933,INVOLVE,1,1,0.949,0.899785,1.06564,0,0,0,0,0,0,0,1.11963,0,0,4.09395,0.738761,1,0,0,1,0,0,m,w
8934,INVOLVE,1,1,0.928163,1.17831,1.42149,0,0,0,0,0,0,0,1.1595,0,0,5,0.95751,1,0,0,1,0,0,m,w
8935,INVOLVE,1,1,0.908518,1.02503,0.890126,0,0,0,0,0,0,0,0.696408,0,0,5,0.860997,1,0,0,1,0,0,m,w
8936,INVOLVE,1,1,0.921207,0,1.405,0,0,0,1.55198,0,0,0,0,0,0,4.41509,0.749204,1,0,0,0,0,0,m,w
8937,INVOLVE,1,1,0.912375,0,1.35653,0.589225,0,0,0.968357,0,0,0,0,0,0,3.77725,0,1,0,0,0,0,0,m,w
8938,INVOLVE,1,1,0.916691,0.624632,0,0.689593,0,0,0.694527,0,0,0,0.595948,0,0,4.16671,0,1,0,0,0,0,0,m,w
8939,INVOLVE,1,1,0.94684,0,0,1.30029,0,0,0,0,0,0,0.593045,0.564719,0,4.61452,0.533681,1,0,0,0,0,0,m,w
8940,INVOLVE,1,1,0.951328,0,0,1.12619,0,0,0,0,0,0,0,0.582875,0,4.31312,0.534168,1,0,0,0,0,0,m,w
8941,INVOLVE,1,1,0.959104,0.735739,0,1.08334,0,0,0,0,0,0,0,0.545339,0.539341,4.33314,0,1,0,0,0,0,0,m,w
8942,INVOLVE,1,1,0.961812,0,0,1.39157,0,0,0,0,0,0,0,0.55941,0.664416,3.85473,0,1,0,0,0,0,0,m,w
8943,INVOLVE,1,1,0.963535,0.900105,0,1.36638,0,0,0,0,0,0,0,0.622131,0.944172,3.15791,0,1,0,0,0,0,0,m,w
8944,INVOLVE,1,1,0.95877,0.888067,0,1.08783,0,0,0,0,0,0,0,0.748367,0.989244,3.61207,0,1,0,0,0,0,0,m,w
8945,INVOLVE,1,1,0.96438,0.954536,0,1.17215,0,0,0,0,0,0,0,0.741246,1.04732,3.50582,0,1,0,0,0,0,0,m,w
8946,INVOLVE,1,1,0.965541,0.589685,0,1.42024,0,0,0,0,0,0,0,0.669699,1.09732,4.65258,0,1,0,0,0,0,0,m,w
8947,INVOLVE,1,1,0.968106,0.611138,0.570768,1.82039,0,0,0,0,0,0,0,0.533038,1.11033,5,0.530941,1,0,0,0,0,0,m,w
8948,INVOLVE,1,1,0.973288,0.743875,1.50428,1.47731,0,0,0,0,0,0,0,0,0.779361,5,0.7281,1,0,0,1,0,1,m,w
8949,INVOLVE,1,1,0.962268,0.946087,1.23175,1.11427,0,0,0,0,0,0,0,0,0.734883,5,0.701139,1,0,0,1,0,1,m,w
8950,INVOLVE,1,1,0.954155,1.12997,1.09963,1.03335,0,0,0,0,0,0,0,0,0.642327,3.3746,0.687343,1,0,0,1,0,1,m,w
8951,INVOLVE,1,1,0.935272,1.22364,0.922742,0,0,0,0,0,0,0,0,0,0.778924,2.74363,0.733624,1,0,0,1,0,1,m,w
8952,INVOLVE,1,1,0.92997,1.51508,0.705409,0.827899,0,0,0,0,0,0,0,0,0.71587,2.50156,0.784492,1,0,0,1,0,1,m,w
8953,INVOLVE,1,1,0.915919,0.836093,0,0,0,0,0,0,0,0,1.49643,0,0.637091,3.2018,0.832527,0,0,0,1,0,0,m,w
8954,INVOLVE,1,1,0.838536,0.803096,0,0,0,0,0,0,0,0,1.13849,0.615349,0.654348,2.74148,0.733583,0,0,0,1,0,0,m,w
8955,INVOLVE,1,1,0.901353,1.61448,0.977118,0,0,0,0,0,0,0,1.61686,0,0,1.91106,0.544775,1,0,0,1,0,0,m,w
8956,INVOLVE,1,1,0.929759,1.77882,0.781167,1.02514,0,0,0.55541,0,0,0,0.786604,0,0,3.95112,0.96356,1,0,0,1,0,0,m,w
8957,INVOLVE,1,1,0.955344,1.55253,0.692253,0,0,0,0,0,0,0,1.00191,0,0,4.75415,0.752736,1,0,0,0,0,1,m,w
8958,INVOLVE,1,1,0.962783,1.36365,0,0.653568,0,0,0,0,0,0,0.526751,0,0,4.75577,0.787444,1,0,0,1,0,1,m,w
8959,INVOLVE,1,1,0.953226,0.976705,0,1.00395,0,0,0,0,0,0,0.634513,0,0,3.92828,0.735389,1,0,0,0,0,1,m,w
8960,INVOLVE,1,1,0.943887,0.707147,0,0.65604,0,0,0,0,0,0,0,0,0,3.64814,0.756495,1,0,0,1,0,1,m,w
8961,INVOLVE,1,1,0.945377,0.560104,0,0,0,0,0,0,0,0,0,0,0,4.01588,0.856054,1,0,0,1,0,1,m,w
8962,INVOLVE,1,1,0.943621,0,0,0,0,0,0,0,0,0,0.520706,0.646572,0,3.62121,0.790178,1,0,0,1,0,1,m,w
8963,INVOLVE,1,1,0.950247,0.794796,0,0,0,0,0,0,0,0,0.62651,0.619899,0,1.89449,0.692192,1,0,0,0,0,1,m,w
8964,INVOLVE,1,1,0.957363,0,0,0.947981,0,0,0,0,0,0,0.706078,0.834226,0,1.8864,0,1,0,0,0,0,1,m,w
8965,INVOLVE,1,1,0.971127,0.800622,0,1.32471,0,0,0,0,0,0.535663,0.985183,0.85226,0,2.09272,0,1,0,1,1,0,0,m,w
8966,INVOLVE,1,1,0.960681,1.28375,0,1.40567,0,0,0,0,0,0,0.62866,0,0,2.24782,0,1,0,0,0,0,1,m,w
8967,INVOLVE,1,1,0.968658,1.1901,0,1.89897,0,0,0,0,0,0,0.603147,0.741877,0,2.44321,0,1,0,0,0,0,1,m,w
8968,INVOLVE,1,1,0.982076,0,0,1.63939,0.544572,0,0.723166,0,0,0,0.59707,0,0.746235,2.38017,0,1,0,0,0,0,0,m,w
8969,INVOLVE,1,1,0.983086,0,0,1.92941,0,0,0.697687,0,0,0,0,0.562868,0.766641,2.50636,0,1,0,0,0,0,1,m,w
8970,INVOLVE,1,1,0.981168,0,0,1.75772,0,0,0.716721,0,0,0,0,0,0.887026,2.25832,0,1,0,0,0,0,1,m,w
8971,INVOLVE,1,1,0.982092,0,0,1.65451,0,0,1.08776,0,0,0,0,0,0.649364,2.01975,0,1,0,0,0,0,0,m,w
8972,INVOLVE,1,1,0.892349,0,0,1.41463,0,0,1.03372,0,0,0,0,0,0,2.12191,0,1,0,0,0,0,0,m,w
8973,INVOLVE,1,1,0.918983,0,0.842476,1.53709,0,0,0.542953,0,0,0,0,0.943426,0.758112,0,0,1,0,0,0,0,0,m,w
19596,INVOLVE,1,1,0.968913,0,0,0,0,0,0,0,0,0,0,0,0.949339,0,0,0,0,0,0,0,1,m,w
19597,INVOLVE,1,1,0.96726,0,0,0,0,0,0,0,0,0.6625,0.635967,0,1.1724,0,0,0,0,0,0,0,1,m,w
19598,INVOLVE,1,1,0.967592,0,0,0,0,0,0,0,0,0.570061,0.552692,0,0.73887,0,0,0,0,0,0,0,1,m,w
19599,INVOLVE,1,1,0.967721,0,0,0,0,0,0,0,0,0.623406,0.672225,0,0.627139,0,0,0,0,0,0,0,1,m,w
19600,INVOLVE,1,1,0.967169,0,0,0,0.520605,0,0,0,0,0.620551,0.599155,0,0.619226,0,0,0,0,0,0,0,1,m,w
19601,INVOLVE,1,1,0.963162,0,0,0,0.608662,0,0,0,0,0.620093,0.595216,0,0.613913,0,0,0,0,0,0,0,1,m,w
19602,INVOLVE,1,1,0.965484,0,0,0,0,0,0,0,0,0.551245,0.649124,0,0.711862,0,0,0,0,0,1,0,1,m,w
19603,INVOLVE,1,1,0.966351,0.514415,0,0,0.553388,0,0,0,0,0,0.713724,0,0,0,0,0,0,0,1,0,1,m,w
19604,INVOLVE,1,1,0.96538,0.553056,0,0,0.686575,0,0,0,0,0.656326,0.506395,0,0.502923,0,0,0,0,0,1,0,1,m,w
19605,INVOLVE,1,1,0.968296,0,0,0,0.533747,0,0,0,0,0.675652,0.612549,0,0.500166,0,0,0,0,0,1,0,1,m,w
19606,INVOLVE,1,1,0.962258,0.567119,0,0,0.605335,0,0,0.58439,0,0.815999,0.627385,0,0.806429,0,0,0,0,0,1,0,1,m,w
19607,INVOLVE,1,1,0.960226,0,0,0,0.756528,0,0,0.599166,0,0.817934,0.533526,0,0.914531,0,0,0,0,0,1,0,1,m,w
19608,INVOLVE,1,1,0.962183,0,0.549285,0,0.709884,0,0,0.692844,0,0.927746,0.830952,0,0.799879,0,0,0,1,0,1,0,1,m,w
19609,INVOLVE,1,1,0.962455,0,0.559258,0.523507,0.749152,0,0,0.688521,0,1.08158,0.773565,0,0.808965,0,0,0,0,0,1,0,1,m,w
19610,INVOLVE,1,1,0.970398,0,0.733838,0.53812,0.709321,0,0,0.63847,0,1.19063,0.66318,0,0.689652,0,0,0,1,0,1,0,0,m,w
19611,INVOLVE,1,1,0.972696,0,0.658115,0.679104,0.671941,0,0,0.678915,0,1.22618,0.793745,0,0,0,0,0,1,1,1,0,0,m,w
19612,INVOLVE,1,1,0.977275,0,0.72258,0,0.674842,0,0,0.678764,0,1.32944,0.832012,0,0,0,0,0,1,0,0,0,0,m,w
19613,INVOLVE,1,1,0.974482,0,0.646741,0,0.629833,0,0,0.738064,0,1.1928,0.617766,0,0,0,0,0,1,0,0,0,0,m,w
19614,INVOLVE,1,1,0.967219,0,0,0.521869,0,0,0,0.705239,0,1.57258,0.830401,0,0,0,0,0,1,0,0,0,0,m,w
19615,INVOLVE,1,1,0.970065,0,0,0,0.558646,0.53716,0,0.875544,0.516932,1.56992,0.685932,0,0,0,0,0,1,0,0,0,0,m,w
19616,INVOLVE,1,1,0.973922,0,0,0,0,0,0,0.712922,0,1.46153,0.707817,0,0,0,0,0,1,0,0,0,0,m,w
19617,INVOLVE,1,1,0.975061,0,0,0.784661,0,0,0,0.760594,0,1.53387,0.650321,0,0.630405,0,0,0,1,0,0,0,1,m,w
19618,INVOLVE,1,1,0.979168,0,0,0.882101,0,0,0,0.610343,0,1.67793,0.683952,0,0.614593,0,0,1,1,0,0,0,1,m,w
19635,INVOLVE,1,1,0.949305,0.547282,0,0,0,0,0,0,0,0,0,0,0,0.718667,0,0,1,0,0,0,1,m,w
19636,INVOLVE,1,1,0.968754,0,0,0,0.586304,0,0,0,0,0.785497,0,0,0,0,0,0,1,0,0,0,1,m,w
19637,INVOLVE,1,1,0.972072,0,0,0.5986,0,0,0,0.508117,0.58244,1.38384,0.866589,0,0,0,0,0,1,0,0,0,1,m,w
19638,INVOLVE,1,1,0.969853,0,0,0.790619,0,0,0,0.512198,0.566701,1.23174,0.562775,0,0,0,0,0,1,0,0,0,0,m,w
19639,INVOLVE,1,1,0.966266,0,0,1.00198,0,0.574087,0,0.783231,0.663009,1.54605,0.512162,0,0,0,0,0,1,0,1,0,0,m,w
19640,INVOLVE,1,1,0.967033,0,0,1.29926,0.627753,0.647879,0,0.86554,0.607885,1.53123,0.536252,0,0,0,0,0,1,0,1,0,0,m,w
19641,INVOLVE,1,1,0.967498,0,0,1.46237,0,0.69097,0.624672,0.935413,0.598703,1.64916,0.503087,0,0,0,0,1,1,0,1,0,0,m,w
19642,INVOLVE,1,1,0.968024,0,0,1.36036,0,0.767646,0.725027,1.038,0.66382,1.74782,0,0,0,0,0,1,1,0,1,0,0,m,w
19643,INVOLVE,1,1,0.969109,0,0,1.29003,0.536797,0.739608,0.645342,1.00316,0.553086,1.73025,0.505314,0,0,0,0,1,1,0,1,0,0,m,w
19644,INVOLVE,1,1,0.978061,0,0,1.50903,0,0.65012,0.970173,0.882307,0,1.8211,0.561744,0,0.664637,0,0,1,1,0,1,0,0,m,w
19645,INVOLVE,1,1,0.978061,0,0,1.02413,0,0.695928,0.677987,0.981962,0.74936,1.69447,0,0,0,0.713422,0,0,1,0,1,0,0,m,w
19646,INVOLVE,1,1,0.981887,0,0,0.633718,0,0.537298,0.519371,0.727138,0.659424,1.41851,0,0,0,0,0,0,1,0,1,0,0,m,w
19647,INVOLVE,1,1,0.978435,0,0.709392,0.577249,0,0.533471,0.535487,0.736039,0.633802,1.48224,0,0,0.654457,0,0,0,1,0,0,0,0,m,w
19648,INVOLVE,1,1,0.97716,0,0.514958,0,0,0.536841,0.628759,0.764449,0.748401,1.51803,0,0,0,0,0,0,1,0,0,0,0,m,w
19649,INVOLVE,1,1,0.975303,0,0.825294,0.612818,0,0.551308,0,0.722307,0.754532,1.48522,0,0,0,0,0,0,1,0,0,0,0,m,w
19650,INVOLVE,1,1,0.976698,0,0.657303,0.970682,0,0.577169,0.531683,0.761085,0.856149,1.56345,0,0,0,0,0,0,1,0,0,0,0,m,w
19651,INVOLVE,1,1,0.976466,0,0,0.833457,0,0.669416,0,0.859786,0.826731,1.79699,0,0,0,0,0,0,1,0,0,0,0,m,w
19652,INVOLVE,1,1,0.97846,0,0,0.921859,0,0.640141,0,0.863855,0.780903,1.74163,0,0,0,0,0,0,1,0,0,0,0,m,w
19653,INVOLVE,1,1,0.980245,0,0.5071,0.590965,0,0.664197,0,0.876049,0.894188,1.87739,0,0,0,0,0,0,1,0,0,0,0,m,w
19654,INVOLVE,1,1,0.979616,0,0,0.573556,0,0.572706,0,0.708456,0.837632,1.62621,0,0,0,0,0,0,1,0,0,0,0,m,w
19655,INVOLVE,1,1,0.978537,0,0,0,0,0.617354,0,0.800192,0.9238,1.45032,0,0,0,0,0,0,1,0,0,0,0,m,w
19656,INVOLVE,1,1,0.979261,0,0,0,0,0.585054,0,0.804316,0.895462,1.57878,0,0,0.957192,0,0,0,1,0,0,0,0,m,w
19774,INVOLVE,1,1,0.922367,1.70632,2.0362,0,0,0,0.751256,0,0,0,0,0,1.84345,0,1.00954,1,0,0,0,0,1,m,w
19775,INVOLVE,1,1,0.856394,1.34488,1.35262,0,0,0,0,0,0,0,0,0,1.5184,3.55698,0.870973,0,0,0,0,0,0,m,w
19776,INVOLVE,1,1,0.744584,1.52917,2.18758,0,0,0,0,0,0,0,0,0,2.77978,2.4062,1.22216,0,0,0,0,0,1,m,w
19777,INVOLVE,1,1,0.877133,1.04621,2.36405,0,0.594159,0.512527,0,0,0,0,0,0.67073,2.13771,3.81424,1.05704,0,0,0,0,0,0,m,w
19778,INVOLVE,1,1,0.971984,0,0,0,0.550599,0,0.568614,0,0,0.548591,0.610522,0.618242,1.01796,2.46141,0,1,0,0,1,0,1,m,w
19779,INVOLVE,1,1,0.917566,0,0,0,0,0,0,0,0.546308,0.907165,0,0,0.577148,1.91588,0,1,1,0,0,0,0,m,w
19780,INVOLVE,1,1,0.988953,0,0.97057,0.740435,0,0,0,0,0,0,0.978893,0,0,3.7291,0.713156,1,0,1,1,0,1,m,w
19781,INVOLVE,1,1,0.970575,0,0.839999,0.594903,0,0,0,0,0,0,0,0.622007,0,4.04362,0.655247,1,0,1,1,0,0,m,w
19782,INVOLVE,1,1,0.935695,0,0.834574,0,0,0,0,0,0,0.753138,0.695011,0,1.1209,2.04843,0,1,0,0,0,0,0,m,w
19784,INVOLVE,1,1,0.94596,0.557872,0,0,0,0,0,0,0,1.0863,1.31877,0,0,0,0,1,0,0,0,0,1,m,w
19785,INVOLVE,1,1,0.75876,0.637813,0,0,0,0,0,0,0,1.11113,1.89232,0,0.778123,0,0,0,0,0,0,0,1,m,w
19786,INVOLVE,1,1,0.885075,0,0,0,0,0,0,0,0,1.47301,1.20377,0,0,0,0,0,0,0,0,0,0,m,w
19790,INVOLVE,1,1,0.956088,0,1.2798,0,0.501906,0,0,0.704656,0,1.19817,0.935267,0,0,1.39982,0,1,0,0,1,0,0,m,w
19791,INVOLVE,1,1,0.947401,0,1.05142,0,0.922488,0,0,0.504179,0,0.899088,0.604254,0,0,0,0,0,0,0,0,0,0,m,w
19792,INVOLVE,1,1,0.91068,0,1.08807,0.556974,0,0,0,0,0,0,0,0,0,0,0,1,0,0,0,0,0,m,w
19793,INVOLVE,1,1,0.976173,0,0.87735,0.683609,0,0,0,0,0,0.602876,0,0,0,0,0,0,0,0,0,0,0,m,w
19794,INVOLVE,1,1,0.978254,0.515061,1.15785,0,0,0,0,0.750749,0,1.24517,0.537761,0,0,0,0,0,1,0,0,0,0,m,w
19795,INVOLVE,1,1,0.981317,0.612525,1.17323,0,0,0,0,0.812015,0,1.28988,0,0,0,0,0,0,1,0,0,0,0,m,w
19796,INVOLVE,1,1,0.980216,0,0.904685,0,0,0.552572,0,0.830301,0,1.33992,0.686194,0,0,0,0,0,1,0,0,0,0,m,w
19797,INVOLVE,1,1,0.981405,0,0.61755,0,0,0.598395,0,0.906971,0.868556,1.18765,0,0,0.541615,0,0,0,1,0,0,0,0,m,w
3321,INVOLVE,1,1,0.826852,2.59015,0.770619,1.53623,0,0,0,0,0,0,0,0,0,0,0,1,0,0,1,0,0,w,w
3322,INVOLVE,1,1,0.844994,2.66295,0.827016,1.17542,0,0,0,0,0,0,0,0,0,0,0,0,0,0,1,0,0,w,w
3323,INVOLVE,1,1,0.887256,2.66553,1.11458,1.34224,0,0,0,0,0,0.700847,0,0.523082,0,0,0,1,0,0,1,0,0,w,w
8315,INVOLVE,1,1,0.95327,1.19239,2.3043,0.934975,0,0.713515,0,1.06984,0.675039,1.17114,0,0.61535,0,0,0,0,0,0,0,0,1,w,m
8316,INVOLVE,1,1,0.957933,0.781509,2.09212,0.871958,0,0.698194,0,1.11357,0.785009,1.29703,0,0.581733,0,0,0,0,1,0,0,0,1,w,m
9285,INVOLVE,1,1,0.876102,0.90523,0,1.87946,0,0,0,0,0.643155,0.819032,1.27588,0.641376,1.99339,4.08085,0,1,0,1,1,0,0,m,m
9286,INVOLVE,1,1,0.807723,1.23424,0,2.11655,0,0.604074,0.61802,0,0.905229,0,1.62412,1.04208,1.76954,2.70988,0,1,0,1,1,0,0,m,m
9288,INVOLVE,1,1,0.73653,0,0.690789,1.58067,0.744677,0,0.818581,0,0,0,1.45002,0.74296,2.95452,2.13233,0,1,1,1,1,0,0,m,m
9289,INVOLVE,1,1,0.878432,0,0,1.54411,0,0,1.16376,0,0.517637,0.978718,1.1347,1.06048,3.46937,1.86971,0,1,1,0,1,0,0,m,m
9290,INVOLVE,1,1,0.883903,0,0,1.61447,0,0,1.17176,0,0,1.49022,0.686568,0.964997,2.79659,2.39014,0,1,1,0,1,0,0,m,m
9291,INVOLVE,1,1,0.924675,0,0,1.9916,0,0,1.11915,0,0,1.25697,1.01507,1.16579,2.7781,2.21581,0,1,1,1,1,0,0,m,m
9292,INVOLVE,1,1,0.932931,0,0.74973,1.50549,0,0,1.32854,0,0,1.11978,0.799834,1.00471,2.21208,1.93908,0,1,1,1,1,0,0,m,m
9293,INVOLVE,1,1,0.948733,0,0.500175,1.52255,0,0,1.09129,0,0,0.721495,0.581453,1.00873,1.73004,1.60843,0,1,0,1,1,0,0,m,m
9294,INVOLVE,1,1,0.954319,0.610208,1.12084,1.66201,0,0,2.21588,0,0,0.789137,0,0.707786,1.60683,0.575248,0,1,0,1,1,0,0,m,m
9295,INVOLVE,1,1,0.970595,0,0.997748,1.29405,0,0.564385,1.53459,0,0,0.734659,0,0.647951,1.21814,0.543554,0,1,0,1,1,0,0,m,m
9296,INVOLVE,1,1,0.972107,0,0.913865,1.18895,0,0.521696,1.1525,0,0,0,0,0.750718,0.873803,0,0,1,0,1,1,0,0,m,m
9297,INVOLVE,1,1,0.967525,0,0,1.52002,0,0,0,0,0,0.710523,0,0.872585,1.1835,0,0,1,0,1,0,0,0,m,m
9298,INVOLVE,1,1,0.968137,0,0,1.25864,0,0,0.519539,0,0,0.627294,0,0.979135,1.13051,0,0,1,0,1,0,0,0,m,m
9299,INVOLVE,1,1,0.971886,0,0,1.23662,0,0,0.519354,0,0,0.839998,0,1.11381,0.614072,0,0,1,0,1,0,0,0,m,m
9300,INVOLVE,1,1,0.976429,0,0,0.788926,0,0,0,0,0,0,0,1.17369,1.02125,0,0,1,0,1,0,0,0,m,m
9301,INVOLVE,1,1,0.964324,0,0,0,0,0,0,0,0,0,0,1.47101,1.38904,0,0.557893,1,0,1,0,0,0,m,m
9305,INVOLVE,1,1,0.974881,0,0,0,0,0,0,0,0,0,0.733355,0.847323,0.804333,1.73407,0.799206,0,1,1,0,0,1,m,m
9306,INVOLVE,1,1,0.976533,0,0,0,0,0,0,0,0,0,0,0,1.07958,2.91759,0.915739,0,0,1,1,0,1,m,m
9307,INVOLVE,1,1,0.896373,0,0,0,0,0,1.94647,0,0,0,1.108,0,1.4367,2.31019,0.752642,0,0,1,1,0,1,m,m
9308,INVOLVE,1,1,0.846253,0,0,0,0,0,1.90798,0,0,0,0.888385,0,1.85143,1.09039,0.566017,1,0,1,1,0,1,m,m
9309,INVOLVE,1,1,0.79387,0,0,0,0,0,0.918531,0,0,0,0,1.17108,3.78876,2.50705,0.55874,1,0,1,1,0,1,m,m
9310,INVOLVE,1,1,0.925373,0,0.584244,0,0,0.528692,2.0919,0.604827,0,0,0,0,1.94786,0,0,1,1,1,0,0,1,m,m
9311,INVOLVE,1,1,0.976696,0,0,0.743168,0,0.531891,0,0,0,0,0.651852,0,0,1.43851,0,1,0,1,1,0,1,m,m
9312,INVOLVE,1,1,0.951564,0,0,0.882475,0,0,0,0,0,0,1.90047,0.635783,0,2.65903,0.807486,1,0,1,1,0,1,m,m
9313,INVOLVE,1,1,0.95373,0,0,0,0,0,0,0,0,0,1.71584,0.891921,0,1.45265,0.978084,1,0,1,1,0,1,m,m
9314,INVOLVE,1,1,0.964151,0,0,0,0,0,0,0,0,0,1.5523,1.37582,0,0,0.533867,1,0,1,1,0,1,m,m
9315,INVOLVE,1,1,0.963558,0,0,0,0,0,0,0,0,0,1.11922,1.30476,0,0,0,1,0,1,1,0,1,m,m
9317,INVOLVE,1,1,0.842325,0,0,0,0,0,0.594537,0,0,0,0,1.57836,1.3541,0,0,1,0,1,0,0,0,m,m
9318,INVOLVE,1,1,0.751283,0,0,0,0,0,0,0,0,0.851358,0,1.04404,1.70001,2.09585,0,1,0,0,0,0,0,m,m
9319,INVOLVE,1,1,0.80472,0,0,0.695046,0,0,1.3256,0,0,0,0.94188,1.72309,0.603894,0,0,1,0,0,0,0,1,m,m
9321,INVOLVE,1,1,0.789741,0,0,0.582393,0,0,1.09872,0,0,0.50678,1.14583,1.40294,0.906315,0.522432,0,1,0,1,1,0,1,m,m
9322,INVOLVE,1,1,0.831019,0,0,0.747391,0,0,0,0,0,0,1.39358,1.27799,1.223,3.63329,0,1,0,1,1,0,0,m,m
9323,INVOLVE,1,1,0.886441,0,0,0,0,0,0,0,0,0,1.73546,0,1.57594,3.15064,0.755278,1,0,1,0,0,0,m,m
9324,INVOLVE,1,1,0.868042,0,0,0,0,0,0,0,0,0,1.73471,0,1.04529,0.792756,0,0,0,1,1,1,1,m,m
9325,INVOLVE,1,1,0.956382,0,0,0,0,0,1.15881,0,0,0,0.750865,0,0,2.24324,0.673708,0,0,1,1,0,0,m,m
9326,INVOLVE,1,1,0.971943,0,0,0,0,0,0,0,0,0,1.07944,0,0,0.8413,0.569247,0,0,1,1,0,0,m,m
9327,INVOLVE,1,1,0.960581,0,0,0,0,0,0,0,0,0,1.92029,0.590055,0,1.97168,0.97069,0,0,1,0,0,1,m,m
9334,INVOLVE,1,1,0.939503,0,0,0,0,0,0,0,0,0,1.43833,0,1.67397,2.83014,0.660331,0,0,1,0,0,1,m,m
9335,INVOLVE,1,1,0.953194,0,0,0,0,0,0,0,0,0,1.65351,0,1.34416,2.24838,0.632584,0,0,1,0,0,0,m,m
9336,INVOLVE,1,1,0.956993,0,0,0.661186,0,0,0,0,0.641208,0.836656,0.979231,0,0,2.62904,0.555538,0,1,1,0,0,0,m,m
9337,INVOLVE,1,1,0.956684,0,0,0,0,0.959436,0,0.683901,1.15261,1.31495,0,0.922932,0.645719,1.05284,0,0,1,1,1,0,0,m,m
9338,INVOLVE,1,1,0.966926,0,0,0,0.665694,0.690861,0.597945,0.504666,0.690102,1.34685,0.806703,1.2485,1.30272,0.739306,0,0,1,1,1,0,0,m,m
9339,INVOLVE,1,1,0.962533,0,0,0,0,0.667406,0,0,1.27375,0.921958,0,0.663159,1.45398,1.07451,0,0,1,1,0,0,0,m,m
9340,INVOLVE,1,1,0.963304,0,0,0.797485,0,0,0,0,0.763355,0.999131,0,0,0.855624,1.05917,0,0,1,0,0,0,0,m,m
9341,INVOLVE,1,1,0.891489,0,0,0.508634,0,0,0,0,0,1.84209,0.812146,0.686237,2.02357,0.886415,0,0,0,0,0,0,0,m,m
9342,INVOLVE,1,1,0.741074,0,0,0,0,0,0,0.542293,1.26617,1.99741,0.901589,0.928493,1.54507,0.743814,0,1,1,1,0,0,0,m,m
9343,INVOLVE,1,1,0.821499,0,0,0,0.777923,0,0,0,1.44823,2.33095,0,0.927818,0.776814,1.64803,0,1,1,1,0,0,0,m,m
9359,INVOLVE,1,1,0.977337,0,0.949898,0,0,0.60601,0,0,1.00706,1.61784,0,0,1.72237,0,0,0,1,0,0,0,0,m,m
9360,INVOLVE,1,1,0.979041,0,1.18007,0,0,0.686014,0,0.529041,1.22476,1.69899,0,0,1.2668,0,0,0,1,0,0,0,0,m,m
9361,INVOLVE,1,1,0.971333,0.898719,1.38144,0,0,0,0,0,1.37394,1.99144,0,0,1.90436,0,0,0,1,0,0,1,0,m,m
9362,INVOLVE,1,1,0.957862,1.68281,1.3936,0.680951,0,0,0,0,0.606821,0.689109,0,0,1.42133,0,0,0,0,1,1,0,0,m,m
9377,INVOLVE,1,1,0.967007,1.14379,0.881672,0,0.848603,0,0,0,0.768668,0,0,0,0.848786,0.585339,0.52198,0,1,1,0,0,0,m,m
9378,INVOLVE,1,1,0.97162,1.59824,1.04255,0,1.09844,0,0,0,0.731207,0,0,0,0.523985,0,0,0,1,0,1,0,0,m,m
9379,INVOLVE,1,1,0.974413,1.06262,0.940466,0,1.03994,0,0,0,1.03273,0.532408,0,0,0.507631,0,0,0,1,1,1,0,0,m,m
9380,INVOLVE,1,1,0.973725,1.29271,1.0006,0,1.00479,0,0,0,1.06795,0.654359,0,0,0.529415,0,0,0,1,1,1,0,0,m,m
9381,INVOLVE,1,1,0.968263,0.690011,0.992445,0,0.555169,0,0,0,0.844546,0.512359,0,0,0,0,0,0,1,0,1,0,0,m,m
9382,INVOLVE,1,1,0.97303,0.692917,1.30065,0,0.772779,0,0,0,0.644728,0.827038,0,0,0,0.600218,0,0,1,1,1,0,0,m,m
9383,INVOLVE,1,1,0.973175,0.525504,0,0,0.719738,0,0,0,0.872515,0.91691,0.751092,0,0,0.881944,0,0,1,1,1,0,0,m,m
9384,INVOLVE,1,1,0.978217,0,0.756631,0,0.542271,0.520637,0,0.571035,0.892731,1.05119,0.724061,0,0,0.624192,0,0,1,1,1,0,0,m,m
9385,INVOLVE,1,1,0.972081,0,0.747656,0,0,0,0.803713,0,0.863452,1.04197,1.04294,0,0,1.62122,0,0,1,1,1,0,0,m,m
