time_stamp,word,frame,success,confidence,AU01_r,AU02_r,AU04_r,AU05_r,AU06_r,AU09_r,AU10_r,AU12_r,AU14_r,AU15_r,AU17_r,AU20_r,AU25_r,AU26_r,AU04_c,AU12_c,AU15_c,AU23_c,AU28_c,AU45_c,speaker_gender,listener_gender
10449,PAY,1,1,0.84642,0,0,0,1.25131,0,0,1.03235,0.776088,1.56249,0,0.970988,1.33606,0,0,1,1,0,1,0,0,m,w
51519,PAY,1,1,0.791625,0,1.28107,0,1.25046,0.839107,0,1.52173,0.743742,1.60339,0,0,0,0,0,0,1,1,0,0,1,m,m
51520,PAY,1,1,0.840404,0,0.864853,0.649944,0,0.960265,0,1.57152,1.23797,2.07839,0.599637,0,0,0.506852,0,0,1,0,0,0,1,m,m
51521,PAY,1,1,0.905985,0,1.10285,0,0,0.992102,0,1.53615,1.03043,1.8773,0.630619,0,0,0,0,0,1,0,0,0,0,m,m
51522,PAY,1,1,0.950771,0,0,0,0,1.14771,0.659188,1.61351,1.3357,1.88474,0,0,0,0.838248,0,0,1,0,0,0,0,m,m
51523,PAY,1,1,0.943514,0,0,0.641033,0,1.35204,1.52497,1.8372,1.69897,2.23705,0,0,0,1.02538,0,0,1,0,0,0,0,m,m
51524,PAY,1,1,0.949401,0,0,0,0,1.30962,0.961394,1.59439,1.82386,2.51738,0,0,0,1.81683,0,0,1,0,0,0,0,m,m
51525,PAY,1,1,0.973068,0.599141,0.635789,0.774424,0,1.20765,1.39959,1.47439,1.42238,2.61523,0,0,0.987116,1.91989,0,0,1,0,0,0,0,m,m
51526,PAY,1,1,0.977234,0.704034,0,1.21693,0,0.956668,1.18908,1.06966,1.21879,2.45453,0,0,1.35682,1.93083,0,0,1,0,0,0,0,m,m
51527,PAY,1,1,0.969487,0.708641,0.968576,1.19067,0,0.840735,0.580704,0.900182,1.05209,2.09434,0,0,0.9322,2.2894,0,0,1,0,0,0,0,m,m
51528,PAY,1,1,0.958201,0.887225,1.19273,1.61997,0,0.840028,1.12328,0.718469,0.766077,2.10155,0,0,0.80933,2.60704,0,0,1,0,0,0,0,m,m
51529,PAY,1,1,0.942798,1.33,1.30851,1.38383,0.539345,0.981631,1.08841,0.875947,0.811963,1.52437,0,0,0,4.06001,0,0,1,0,0,0,0,m,m
51530,PAY,1,1,0.946828,1.4994,1.42452,1.57616,0.572677,0.901154,1.9289,0.749918,0.726752,1.12553,0.781893,0,0,5,0.60181,0,1,0,0,0,0,m,m
51531,PAY,1,1,0.960901,1.5287,0.995557,1.46317,0,0.667152,1.94937,0.590587,0.604326,0.717617,1.06034,0,0,5,0.782878,0,0,1,0,0,0,m,m
51532,PAY,1,1,0.971366,1.03445,0.7709,1.53291,0,0,2.26026,0,0.57964,0.531934,1.05059,0,0.670503,5,0.854606,0,0,1,0,0,0,m,m
51533,PAY,1,1,0.973429,1.01909,0.68251,1.71266,0,0.648633,3.12581,0.652721,0.513037,0.64449,1.01791,0,1.15408,5,0.975676,0,0,1,1,0,0,m,m
51534,PAY,1,1,0.982773,0,0,1.57664,0,0.871893,2.92525,0.979841,0.585656,1.27996,0.667542,0.555669,1.0516,4.60063,0.899238,0,1,1,1,0,0,m,m
51535,PAY,1,1,0.977033,0,0.710039,1.36162,0,1.03474,2.09704,1.20705,0,1.09005,0.732327,0.657729,0.85866,3.62121,0,0,1,1,1,0,0,m,m
51536,PAY,1,1,0.982401,0,0,1.50888,0,0.950095,2.4233,1.08106,0.565131,0.994014,0,0,0.726789,4.19864,0,0,1,1,0,0,0,m,m
51537,PAY,1,1,0.98741,0,0,1.5024,0,0.987668,2.60889,1.15549,0.719991,1.06841,0.609896,0,0,4.67861,0,0,1,1,1,0,0,m,m
51538,PAY,1,1,0.990493,0,0.723844,1.46395,0,0.891234,2.63437,0.98722,0.695774,1.24761,0,0,0,4.57101,0,0,1,1,1,0,0,m,m
51539,PAY,1,1,0.990303,0,0,1.03881,0,0.96342,2.60973,1.22157,0.75188,1.10505,0,0,0.639642,4.2488,0,0,1,1,1,0,0,m,m
51540,PAY,1,1,0.985238,0,0,1.18834,0,0.853945,2.01332,1.07422,0.962348,1.37329,0,0,0,3.98813,0,0,1,0,0,0,0,m,m
51541,PAY,1,1,0.96784,0,0,1.15041,0.734281,0.997889,0,1.04341,1.33839,1.02656,0,0.521791,0,3.0584,0,0,1,0,0,0,0,m,m
51542,PAY,1,1,0.851745,0,0,1.51536,1.29135,0.862201,0,0.640502,0.818498,0,0,0,0,0,0,1,1,0,0,0,0,m,m
51543,PAY,1,1,0.73598,0.705748,0.513421,0.748688,1.37154,0.706789,0,0.577446,0.588636,0,0,0.625597,0,0,0,1,1,0,0,0,0,m,m
11306,PAY,1,1,0.985316,0.607038,0,0.849435,0,0,1.51161,0.733814,0,0,1.1591,0,0,0,0,1,1,1,0,0,1,m,m
11307,PAY,1,1,0.987124,0.539999,0,1.12101,0,0,1.73807,0.797076,0,0,1.10291,0,0,0,0,1,1,0,0,0,1,m,m
11308,PAY,1,1,0.987647,0.560113,0,1.4727,0,0,1.90276,0.552454,0,0,0.898084,0,0,0,0,1,0,1,0,0,1,m,m
11309,PAY,1,1,0.986721,0,0,1.33394,0,0,1.71551,0.765604,0,0,1.04627,0,0,0.597191,0,1,1,0,0,0,1,m,m
11310,PAY,1,1,0.988103,0,0,1.61323,0,0,2.67264,0.54816,0,0,0.957716,0,0,0.724983,0,0,0,1,0,0,1,m,m
11311,PAY,1,1,0.986547,0,0.823398,1.75309,0,0,2.24582,0.593246,0,0,0.905612,0,0,0.62988,0,0,0,1,0,0,1,m,m
11312,PAY,1,1,0.984777,0.564232,0.630277,1.51609,0,0,2.03526,0,0,0,0.6132,0,0,0.783916,0,0,0,0,0,0,1,m,m
11369,PAY,1,1,0.975978,0.664378,0,1.3505,0,0,0.983411,0.669239,0,0,0.994981,0,0,0,0,1,0,1,0,0,1,m,m
11370,PAY,1,1,0.980147,0.64669,0,1.8091,0,0,1.70028,0,0,0,1.1452,0,0,0,0,1,0,1,0,0,1,m,m
11371,PAY,1,1,0.981101,0.801257,0,1.99477,0,0,1.83056,0,0,0,1.19792,0,0,0,0,1,0,1,0,0,1,m,m
11400,PAY,1,1,0.732417,1.37369,1.81128,0,1.5894,0,1.07118,0.585145,0.738339,0,0,0,0.591789,0,0,0,0,0,0,0,0,m,m
11407,PAY,1,1,0.777245,1.95306,1.61544,1.70039,0.569217,0,1.11504,0,0,0,1.51642,0,0,0,0,0,0,1,1,0,0,m,m
11415,PAY,1,1,0.74381,2.32147,1.97693,1.25217,0.509979,0,0,0,0.512284,0,0,0.699647,1.8452,1.08802,0,0,1,1,0,0,0,m,m
11416,PAY,1,1,0.83961,2.60556,2.28119,1.32187,0,0,0,0,0,0.926627,0,0.682755,1.67402,0,0,0,1,1,0,0,0,m,m
12038,PAY,1,1,0.988069,0.922672,0.695569,0,0,0,0,0,0,0,0.734302,0,0,2.62724,0,0,0,0,1,0,0,m,m
12039,PAY,1,1,0.981739,0.885088,0.600565,0,0,0,1.55496,0,0,0,0,0,0,2.19777,0,0,0,0,1,0,0,m,m
12040,PAY,1,1,0.982222,1.57263,0,0.622095,0,0,1.96562,0,0,0,0.933927,0,0,0,0.553416,0,0,0,1,0,0,m,m
12041,PAY,1,1,0.986487,0.976565,0,0,0,0,1.016,0,0,0,0,0,0,0.57516,0.636453,0,0,0,1,0,0,m,m
12054,PAY,1,1,0.861943,1.14741,1.97788,0,0.773546,0,2.68294,0.658246,0.602177,1.02872,0.574584,0.966351,1.918,0.918578,0,0,1,1,1,0,0,m,m
12055,PAY,1,1,0.973595,0.859864,1.6407,0.609835,0.685068,0.504406,2.46377,0.757523,0.821817,0,0,0.536353,0,0,0,0,1,0,0,0,0,m,m
12061,PAY,1,1,0.738206,1.09442,1.77054,0,1.84023,0,0,0,0.539452,0,0,1.06444,0,0,0,0,0,1,1,0,0,m,m
12068,PAY,1,1,0.959664,2.62221,0.522695,1.61721,0,0,1.66709,0,0,0,0,1.16594,1.16478,0,0,0,0,1,1,0,0,m,m
12069,PAY,1,1,0.943526,2.56759,1.53334,1.27482,0.689883,0,1.14321,0,0,0,1.3026,0.856308,1.02961,0,0,0,0,1,1,0,0,m,m
12070,PAY,1,1,0.985804,1.01898,0,0,0,0,1.5577,0.604768,0.701753,0,1.38978,1.22073,0.553906,0,0,0,1,1,1,0,0,m,m
12071,PAY,1,1,0.983126,0.995464,0,0,0.501182,0,1.45536,0.669756,0.687538,0,1.11088,1.27228,0,0,0,0,1,1,1,0,0,m,m
12072,PAY,1,1,0.978992,2.29536,0.620541,1.4934,1.31964,0,0.730161,0,0.677754,0,1.11714,1.50304,0,0,0,0,0,1,1,0,0,m,m
54754,PAY,1,1,0.990885,0.870135,0.981095,0,0,0,0,0,0.753851,0,0.564445,0,0.812221,1.56133,0.587219,0,1,1,1,0,0,m,m
54755,PAY,1,1,0.987886,1.02374,1.25991,0,0.792379,0,0,0,0.668426,0,0.505405,0,1.3922,2.22935,0.6061,0,1,1,1,0,0,m,m
54756,PAY,1,1,0.988834,0.901567,1.14605,0,0.985199,0,0,0,0.654975,0,0,0,1.19664,3.26591,0.615006,0,1,0,1,0,0,m,m
54757,PAY,1,1,0.97613,0.603839,1.10107,0,1.10545,0,0,0,0.881575,0,0.673519,0,1.22264,4.08904,0.688989,0,1,0,1,0,0,m,m
54758,PAY,1,1,0.983243,0.564258,1.36778,0,1.18147,0,0,0,1.05817,0,0.716594,0,0.986824,4.73759,0.722046,0,1,0,1,0,0,m,m
54759,PAY,1,1,0.986627,0,1.04968,0,1.21604,0,0,0,1.07195,0,0.736401,0,0,4.76659,0.8167,0,1,0,1,0,0,m,m
54760,PAY,1,1,0.984723,0,0.912028,0,1.12464,0,0,0,0.983824,0,0.566905,0,0.553097,5,0.880587,0,1,0,1,0,0,m,m
54761,PAY,1,1,0.982988,0,0.837262,0,0.928444,0,0,0,0.980984,0,0.751457,0,0.769533,5,0.903954,0,1,0,1,0,0,m,m
54762,PAY,1,1,0.987975,0,1.01098,0,1.10822,0,0,0,0.844554,0,0.876826,0,0.66945,4.9279,0.927642,0,1,0,1,0,0,m,m
54763,PAY,1,1,0.988123,0,0.804102,0,1.25892,0,0,0,0.858002,0,0.620253,0,0,4.92026,1.04223,0,1,1,1,0,0,m,m
54764,PAY,1,1,0.986078,0,0.806482,0,1.28357,0,0,0,0.802975,0,0.789997,0,0,4.99151,1.06491,0,1,1,1,0,0,m,m
54765,PAY,1,1,0.986479,0,0.617488,0,1.18765,0,0,0,0.751399,0,0.596215,0,0,4.90449,1.1014,0,1,1,1,0,0,m,m
54766,PAY,1,1,0.986586,0,0.750075,0,1.17815,0,0,0,0.736126,0,0.605423,0,0.5986,5,1.06945,0,1,1,1,0,0,m,m
54767,PAY,1,1,0.985395,0,1.02369,0,1.21345,0,0.529998,0,0.754005,0,0.561015,0,0.521981,5,1.00077,0,1,1,0,0,0,m,m
54768,PAY,1,1,0.985872,0,1.104,0,1.57533,0,0.926828,0,0.708974,0,0,0,0.771148,5,0.902533,0,1,1,1,0,0,m,m
54769,PAY,1,1,0.982897,0,0.809371,0,1.7299,0,1.1413,0,0.79023,0,0,0,0.740404,5,0.858223,0,1,0,1,0,0,m,m
54770,PAY,1,1,0.981801,0,0.675567,1.37378,1.87666,0,2.07968,0,1.06181,0,0,0,0,4.37513,0.803339,0,1,0,0,0,0,m,m
54771,PAY,1,1,0.994119,0.603747,0,0,0.710486,0,0.547993,0,0.829268,0,0.508485,0,1.42184,3.26888,0.527401,0,1,1,1,0,0,m,m
54772,PAY,1,1,0.950452,0.676994,0,2.18048,1.79389,0,1.92092,0,0.941268,0.57761,0,0,0,2.00447,0.640928,0,1,1,0,0,0,m,m
54773,PAY,1,1,0.841276,1.23475,1.27095,2.92965,1.9765,0,0.798279,0,0.719168,0,0.800254,0.551466,0,0,0.56671,1,1,1,0,0,0,m,m
