time_stamp,word,frame,success,confidence,AU01_r,AU02_r,AU04_r,AU05_r,AU06_r,AU09_r,AU10_r,AU12_r,AU14_r,AU15_r,AU17_r,AU20_r,AU25_r,AU26_r,AU04_c,AU12_c,AU15_c,AU23_c,AU28_c,AU45_c,speaker_gender,listener_gender
4689,FAMILY,1,1,0.995207,0,0,0.597171,0,0,1.86221,0.659705,0.739858,0.827115,0.502342,0.746787,1.74662,0.694928,0,0,0,1,1,0,0,m,w
4690,FAMILY,1,1,0.994965,0,0,0.622667,0,0,1.95324,0.701021,0.745848,0.817791,0,0.663878,1.39442,0,0,0,1,1,1,0,0,m,w
4691,FAMILY,1,1,0.995055,0,0,0.600231,0,0,2.02733,0.701555,0.740085,0.702107,0,0.645937,1.50147,0.571616,0,0,1,1,1,0,0,m,w
4692,FAMILY,1,1,0.995442,0,0,0.642224,0,0,2.08854,0.665267,0.704109,0.805535,0,0.58005,1.63206,0.902189,0,0,0,1,1,0,0,m,w
4693,FAMILY,1,1,0.995774,0,0,0.553447,0,0,1.69441,0.7006,0.736572,0.83856,0.581537,0.598759,1.6009,0,0,0,1,1,1,0,0,m,w
4694,FAMILY,1,1,0.995906,0,0,0.697376,0,0,1.94577,0.645935,0.763011,0.799748,0,0.53958,1.69794,0,0,0,1,1,1,0,0,m,w
4695,FAMILY,1,1,0.994935,0,0,0.559918,0,0,1.73847,0.622165,0.795569,0.690638,0,0.558548,1.48205,0,0,0,1,1,1,0,0,m,w
4696,FAMILY,1,1,0.995312,0,0,0.559316,0,0,1.59705,0.628592,0.795889,0.682894,0.569247,0.565532,1.48489,0,0,0,1,1,1,0,0,m,w
4697,FAMILY,1,1,0.995211,0,0,0.583186,0,0,1.86959,0.629426,0.818819,0.763307,0,0.597299,1.53112,0,0,0,1,1,1,0,0,m,w
4698,FAMILY,1,1,0.995226,0,0,0.57477,0,0,1.81952,0.589979,0.696374,0.736196,0.553109,0.574292,1.59652,0,0,0,0,1,1,0,0,m,w
4699,FAMILY,1,1,0.995691,0,0,0.612089,0,0,1.82614,0.607332,0.7342,0.700457,0.532453,0.576896,1.52227,0,0,0,0,1,1,0,0,m,w
4700,FAMILY,1,1,0.995378,0,0,0.67396,0,0,1.86756,0.63836,0.786957,0.733956,0,0,1.44065,0,0,0,1,1,1,0,0,m,w
4701,FAMILY,1,1,0.995505,0,0,0.655483,0,0,1.89356,0.624994,0.782648,0.72469,0.535614,0,1.50705,0,0,0,1,1,1,0,0,m,w
4702,FAMILY,1,1,0.99556,0,0,0.56262,0,0,1.89872,0.699528,0.745587,0.867271,0.586871,0.643448,1.46239,0,0,0,0,1,1,0,0,m,w
4703,FAMILY,1,1,0.995493,0,0,0.565795,0,0,1.96981,0.685426,0.73384,0.811138,0.568014,0.590475,1.41002,0,0,0,0,1,1,0,0,m,w
4704,FAMILY,1,1,0.995088,0,0,0.559277,0,0,1.78628,0.63625,0.735667,0.748551,0.522914,0.583602,1.48859,0,0,0,1,1,1,0,0,m,w
4705,FAMILY,1,1,0.9949,0,0,0.59663,0,0,1.81788,0.644887,0.737229,0.754873,0,0.539555,1.40707,0,0,0,1,1,1,0,0,m,w
4706,FAMILY,1,1,0.995012,0,0,0.529832,0,0,1.84038,0.599385,0.692612,0.71718,0,0.562145,1.44486,0,0,0,1,1,1,0,0,m,w
4710,FAMILY,1,1,0.995924,0,0,0,0.59048,0,1.5177,0.584657,0.701033,0.732962,0,0,1.1601,0,0,0,1,1,1,0,0,m,w
4715,FAMILY,1,1,0.995643,0,0,0,0,0,1.54949,0.623551,0.564708,0.741015,0,0,1.24931,0,0,0,1,1,1,0,0,m,w
4716,FAMILY,1,1,0.996125,0,0,0.603848,0,0,1.60308,0.620975,0,0.758455,0,0,1.25455,0,0,0,1,1,1,0,0,m,w
4717,FAMILY,1,1,0.996298,0,0,0.562643,0.566477,0,1.61884,0.617439,0,0.865774,0,0,1.34147,0,0,0,1,1,1,0,0,m,w
4718,FAMILY,1,1,0.996172,0,0,0.622752,0,0,1.62113,0.624445,0,0.800748,0,0,1.27576,0,0,0,1,1,1,0,0,m,w
4719,FAMILY,1,1,0.996156,0,0,0.669526,0,0,1.48289,0.648274,0.508154,0.744763,0,0,1.3448,0.518799,0,0,1,1,1,0,0,m,w
4720,FAMILY,1,1,0.996218,0,0,0,0,0,1.46304,0.625545,0,0.771185,0,0,1.33111,0.623497,0,0,1,1,1,0,0,m,w
4721,FAMILY,1,1,0.996193,0,0,0,0,0,1.41723,0.648758,0,0.80424,0,0.533915,1.50407,0,0,0,1,1,1,0,0,m,w
4722,FAMILY,1,1,0.995835,0,0,0.620752,0,0,1.52583,0.598814,0,0.907666,0,0.535142,1.56914,0,0,0,1,1,1,0,0,m,w
4723,FAMILY,1,1,0.995853,0,0,0.569174,0,0,1.42575,0.637448,0,1.00392,0,0.586312,1.31121,0,0,0,1,1,1,0,0,m,w
4724,FAMILY,1,1,0.995889,0,0,0.520176,0,0,1.44976,0.584411,0.540025,0.928881,0,0.53567,1.29129,0.587094,0,0,1,1,1,0,0,m,w
4725,FAMILY,1,1,0.995875,0,0,0.585537,0,0,1.51444,0.594778,0.524505,0.837986,0,0.612602,1.22949,0.645653,0,0,1,1,1,0,0,m,w
4726,FAMILY,1,1,0.995966,0,0,0.593302,0,0,1.60513,0.60845,0.544455,0.942783,0,0.586264,1.18345,0,0,0,1,1,1,0,0,m,w
4727,FAMILY,1,1,0.996175,0,0,0.537062,0,0,1.43831,0.642027,0.530245,1.03881,0,0.683906,1.28543,0.575332,0,0,1,1,1,0,0,m,w
4728,FAMILY,1,1,0.99594,0,0,0.771997,0,0,1.52095,0.582902,0.535505,1.05048,0,0.61488,1.2761,0.619763,0,0,1,1,1,0,0,m,w
4729,FAMILY,1,1,0.995729,0,0,0.56512,0,0,1.68681,0.555013,0.50993,0.898592,0,0.570945,1.11215,0,0,0,1,1,1,0,0,m,w
4730,FAMILY,1,1,0.995874,0,0,0.559278,0,0,1.28107,0.564436,0.636537,0.891667,0,0.559971,1.544,0,0,0,1,1,1,0,0,m,w
2126,FAMILY,1,1,0.789244,1.01542,0.504228,1.01683,0,0,0.737511,0,0,0,0,0.758972,1.27155,0,0,1,0,1,0,0,1,w,m
2127,FAMILY,1,1,0.741623,0.539216,0,0,0,0,0.639996,0,0,0,0,0.530722,1.11901,0.812007,0,0,0,1,0,0,1,w,m
2128,FAMILY,1,1,0.775277,0,0,0.715504,0,0,0.748081,0,0,0,0,0,0.746377,0.533978,0,1,0,1,0,0,1,w,m
2129,FAMILY,1,1,0.800057,0,0,0,0,0.528825,0,0.571513,0.695621,0,0,0,0,0.662284,0,0,0,1,0,0,1,w,m
2130,FAMILY,1,1,0.861551,0,0.604627,0.940002,0,0,1.0818,0,0.655094,0,0,0,0.655601,1.34202,0,0,0,1,0,0,0,w,m
2131,FAMILY,1,1,0.854991,0,0.511334,0,0,0.504007,0.848132,0,0.673541,0,0,0,0.508278,1.18734,0,0,0,1,0,0,1,w,m
2132,FAMILY,1,1,0.85812,0,0,0,0,0,1.16485,0,0.735897,0,0,0,0,1.09938,0,0,0,1,0,0,1,w,m
2133,FAMILY,1,1,0.861843,0,0,0,0,0.542224,1.20719,0,0.742629,0,0,0.555194,0,1.05387,0,0,0,1,0,0,1,w,m
2134,FAMILY,1,1,0.863813,0,0,0,0.53997,0.582363,1.30941,0.532887,0.731682,0,0,0.621156,0.59069,0.723529,0,0,1,1,0,0,1,w,m
2135,FAMILY,1,1,0.866079,0,0,0,0,0.601319,1.36145,0.545706,0.901652,0,0,0.536254,0,0.774456,0,0,0,0,0,0,0,w,m
2136,FAMILY,1,1,0.876701,0,0,0,0,0.562595,1.44793,0.538344,0.781832,0,0,0,0.705318,1.27809,0,0,0,0,0,0,1,w,m
2137,FAMILY,1,1,0.865119,0,0,0,0,0.546291,1.16844,0.500066,0.895141,0,0,0,0.555128,1.43942,0,0,1,0,0,0,1,w,m
2138,FAMILY,1,1,0.753767,0,0,0,0,0,1.1696,0.601355,0.822772,0,0,0,0,0,0,0,1,0,0,0,1,w,m
2139,FAMILY,1,1,0.725467,0.502935,0.531111,0,0,0,0.914758,0.539239,0,0,0,0,0,0,0.506511,0,0,1,0,0,1,w,m
2140,FAMILY,1,1,0.772303,0,1.08673,0.509323,0,0,0.68354,0,0,0,0,0,0.697793,0,0,1,0,0,0,0,1,w,m
2141,FAMILY,1,1,0.816259,0,1.35843,0.506792,0,0,1.17536,0,0,0,0,0.605397,0.804426,0,0,1,0,0,0,0,1,w,m
2142,FAMILY,1,1,0.818145,0,0,1.23902,0,0,1.13162,0,0,0,0,0,0,0,0.73216,1,0,1,0,0,1,w,m
2143,FAMILY,1,1,0.747151,0,0,1.16198,0,0,1.37535,0,0,0,1.2011,0,0,1.43217,0.888171,1,0,1,0,0,1,w,m
2144,FAMILY,1,1,0.736999,0,0,1.47383,0,0,1.67402,0,0,0,1.68486,0,0.52933,1.45709,0.834333,1,0,1,0,0,1,w,m
2145,FAMILY,1,1,0.764522,0,0,1.21343,0,0,2.25351,0,0,0,1.37325,0,0.667063,1.3489,0.709122,1,0,1,0,0,1,w,m
2146,FAMILY,1,1,0.956176,0,0.565597,1.02333,0,0,2.12297,0,0,0,1.0533,0,0.773303,1.71034,0.63274,1,0,1,0,0,1,w,m
2147,FAMILY,1,1,0.95442,0,0.633886,1.30768,0,0,1.87844,0,0,0,1.10621,0,0.837231,1.91969,0.567184,1,0,1,1,0,0,w,m
2148,FAMILY,1,1,0.960848,0,0,1.33781,0,0,1.63849,0,0,0,1.1407,0,0.742531,1.95396,0.511529,1,0,1,1,0,0,w,m
2149,FAMILY,1,1,0.960471,0,0,1.06104,0,0,1.5522,0,0,0,1.24358,0,0.730279,1.99405,0.515302,1,0,1,1,0,0,w,m
2150,FAMILY,1,1,0.962244,0,0,0.82757,0,0,1.35387,0,0,0,1.04693,0,0.598314,1.80103,0,1,0,1,1,0,0,w,m
2151,FAMILY,1,1,0.962171,0,0,0.974064,0,0,1.58913,0,0,0,0.945359,0,0.887878,2.07182,0,1,0,0,1,0,0,w,m
4600,FAMILY,1,1,0.963317,0,0.586148,0,0,0.607713,0,1.00098,0.888742,1.6832,0,0,0,0.986987,0,0,1,1,0,0,0,w,m
4601,FAMILY,1,1,0.962035,0,0.541416,0,0,0.609213,1.02665,0.985418,0.924183,1.67644,0,0,0,0,0,0,1,1,0,0,0,w,m
4602,FAMILY,1,1,0.969878,0,0,0,0,0.521879,0.717923,0.818042,0.565227,1.55439,0.539969,0,0,0,0,0,1,1,0,0,0,w,m
4603,FAMILY,1,1,0.972017,0.59506,0,0,0,0.519966,0.827807,0.858181,0.593862,1.66835,0,0,0,0,0,0,1,1,0,0,0,w,m
4604,FAMILY,1,1,0.971066,0.630346,0,0,0,0,0.60137,0.791407,0.64917,1.78669,0,0,0,0,0,0,1,1,0,0,0,w,m
4605,FAMILY,1,1,0.968742,0.743697,0,0,0,0,0.91699,0.741499,0.60179,1.8854,0,0,0,0,0,0,1,1,0,0,0,w,m
4606,FAMILY,1,1,0.968319,0.706509,0,0,0,0,0.916534,0.710746,0.552156,1.9039,0,0,0,0,0,0,1,1,0,0,1,w,m
4607,FAMILY,1,1,0.97052,0.808075,0,0,0,0.508139,0.773486,0.707053,0.622069,1.66029,0,0,0,0,0,0,1,1,0,0,1,w,m
4608,FAMILY,1,1,0.972046,0.606789,0,0,0,0,0.520385,0.675011,0.715776,1.63843,0,0,0,0,0,0,1,1,0,0,0,w,m
4609,FAMILY,1,1,0.973722,0.753121,0,0,0,0.518261,0.990305,0.739319,0.761983,1.81198,0,0,0,0.712487,0,0,1,0,0,0,0,w,m
4610,FAMILY,1,1,0.974459,0.525872,0,0,0,0,0.684352,0.731373,0.871756,1.8211,0,0,0,0.982894,0,0,1,1,0,0,0,w,m
4611,FAMILY,1,1,0.975262,0.682874,0,0,0,0.646185,0.7948,0.924503,1.05251,1.7206,0,0,0,1.10536,0,0,1,1,0,0,0,w,m
4612,FAMILY,1,1,0.975904,0.630909,0,0.621922,0,0.632285,0.861426,0.892626,1.00203,1.72557,0,0,0,1.30317,0,0,1,1,0,0,1,w,m
4613,FAMILY,1,1,0.974885,0.558237,0,0,0,0.596845,1.04327,0.881104,1.09478,1.58814,0,0,0,1.2493,0,0,1,1,0,0,0,w,m
4614,FAMILY,1,1,0.973113,0,0,0,0,0.587899,0.699962,0.823062,0.952576,1.25209,0,0,0,1.22727,0,0,1,1,1,0,0,w,m
4615,FAMILY,1,1,0.970497,0,0.530738,0,0,0.545203,0,0.741228,0.815708,1.19925,0,0,0,0,0,0,1,1,1,0,1,w,m
4616,FAMILY,1,1,0.970294,0,0.690178,0.578359,0,0.507862,0.500717,0.672677,0.765559,1.06603,0,0,0,0.808055,0,0,1,1,1,0,1,w,m
4617,FAMILY,1,1,0.969918,0,0.64274,0,0,0.500192,0,0.719114,0.672268,0.999101,0,0,0,0.918034,0,0,1,1,1,0,1,w,m
4618,FAMILY,1,1,0.966601,0,0,0.593975,0,0,0,0.569766,0.703682,0.885743,0,0.527401,0,0.782108,0,0,1,1,1,0,0,w,m
4619,FAMILY,1,1,0.964703,0,0,0.630423,0,0,0,0.679723,0.677759,0.975352,0,0.581427,0,0.539541,0,0,1,1,1,0,1,w,m
4620,FAMILY,1,1,0.956792,0,0,0.579387,0,0,0,0,0.610093,0.878586,0,0,0,0.543301,0,0,1,0,1,0,1,w,m
4621,FAMILY,1,1,0.961767,0,0,0,0,0,0,0,0.517606,0.731167,0,0,0,0.640167,0,0,1,1,1,0,1,w,m
4622,FAMILY,1,1,0.964638,0,0,0,0,0,0,0,0,0.574693,0,0,0.642311,0,0,0,0,0,1,0,1,w,m
4623,FAMILY,1,1,0.966914,0,0,0,0,0,0,0,0,0,0,0,0,0,0,0,0,0,1,0,1,w,m
4624,FAMILY,1,1,0.96962,0,0,0,0,0,0,0,0,0,0,0,0.672408,0,0,0,0,0,1,0,0,w,m
4625,FAMILY,1,1,0.971141,0,0,0,0,0,0,0,0,0,0,0,0,0,0,0,0,0,1,0,1,w,m
4626,FAMILY,1,1,0.972742,0,0,0,0,0,0,0,0,0,0,0,0,0,0,0,0,1,1,0,1,w,m
4627,FAMILY,1,1,0.96965,0,0,0,0,0,0,0,0,0,0,0,0,0,0,0,0,0,1,0,1,w,m
4628,FAMILY,1,1,0.970762,0,0,0,0,0,0,0,0,0,0,0,0,0.541162,0,0,0,0,1,0,1,w,m
4629,FAMILY,1,1,0.969292,0,0,0,0,0,0,0,0,0,0,0,0.624723,0,0,0,0,1,1,0,1,w,m
4630,FAMILY,1,1,0.965743,0,0,0,0.609541,0,0,0,0,0,0,0,0,0,0,0,0,1,1,0,1,w,m
4631,FAMILY,1,1,0.969021,0,0,0,0,0,0,0,0,0,0,0,0.763138,0.743196,0,0,0,1,0,0,1,w,m
4632,FAMILY,1,1,0.969566,0,0,0,0,0,0,0,0,0,0,0,0.547469,0.764713,0,0,0,1,0,0,1,w,m
4633,FAMILY,1,1,0.974363,0,0,0,0.527716,0,0,0,0,0,0,0,0,0,0,0,0,1,1,0,1,w,m
4634,FAMILY,1,1,0.969976,0,0,0,0.548872,0,0,0,0,0,0,0,0,0,0,0,0,1,1,0,1,w,m
4635,FAMILY,1,1,0.972272,0,0,0,0,0,0,0,0,0,0,0,0,0,0,0,0,1,1,0,1,w,m
4636,FAMILY,1,1,0.975913,0,0,0,0,0,0,0,0,0,0,0,0,0.728537,0,0,0,1,1,0,1,w,m
4637,FAMILY,1,1,0.974984,0,0,0,0.707959,0,0,0,0,0,0,0,0,0,0,0,0,1,1,0,1,w,m
4638,FAMILY,1,1,0.948449,1.25194,1.06041,0,1.0075,0,0.978257,0,0,0,0,0,0,0.893163,0,0,0,1,0,0,0,w,m
4639,FAMILY,1,1,0.919895,0.990602,0,0,0,0,0.697746,0,0,0,0,0,0,0,0,0,0,1,0,0,0,w,m
4640,FAMILY,1,1,0.927778,1.28376,0,0,0.934423,0,0,0,0,0,0,0,0,2.11443,0,0,0,0,0,0,0,w,m
4641,FAMILY,1,1,0.973699,0.933212,0.63348,0,1.14778,0,0.56109,0,0,0,0.551021,0,0,1.07711,0,0,0,1,0,0,0,w,m
4642,FAMILY,1,1,0.975421,0.697033,0.876716,0,1.37833,0,0.595218,0,0,0,0.513123,0,0,2.14228,0,0,0,1,1,0,0,w,m
4643,FAMILY,1,1,0.980351,0.676236,1.22873,0,1.68859,0,1.41434,0,0.521224,0,0,0,0,2.33577,0,0,0,1,0,0,0,w,m
4644,FAMILY,1,1,0.977932,0.735212,1.1315,0,1.5985,0,1.49332,0,0,0,0.571184,0,0,2.46748,0,0,1,1,0,0,0,w,m
4645,FAMILY,1,1,0.979183,0.680307,1.02987,0,1.44402,0,1.40687,0,0,0,0.607655,0,0,2.18075,0,0,1,1,0,0,0,w,m
4646,FAMILY,1,1,0.982997,0,0,0,1.36151,0,0.972489,0,0.665415,0,0.883389,0,0,1.80573,0,0,1,1,0,0,0,w,m
4647,FAMILY,1,1,0.982373,0,0.834598,0,1.39969,0,1.39255,0,0.741807,0,0.739653,0,0,1.91838,0,0,1,1,0,0,0,w,m
4648,FAMILY,1,1,0.979353,0.559356,0.989315,0,1.27539,0,1.70703,0,0.527838,0,0,0,0,2.28284,0,0,1,1,0,0,0,w,m
4649,FAMILY,1,1,0.9771,0,0.528693,0,1.41512,0,2.30817,0,0,0,0,0,0,1.26887,0,0,0,1,1,0,0,w,m
4650,FAMILY,1,1,0.952224,0,0,0,1.92777,0,0,0,0,0,0,0,0,2.17065,0,0,0,1,0,1,0,w,m
4651,FAMILY,1,1,0.901232,1.10438,0.640273,0,1.28352,0,1.5697,0,0,0,0,0,0,0,0,0,0,1,1,0,0,w,m
4652,FAMILY,1,1,0.942722,1.11314,1.47411,0,1.01803,0,1.27078,0,0,0,0,0,0,1.40479,0,0,1,1,1,1,0,w,m
4653,FAMILY,1,1,0.936629,0,1.03938,0,0.66031,0,1.59916,0,0,0,0.703721,0,0,1.39954,0,0,1,1,1,0,0,w,m
4654,FAMILY,1,1,0.958787,0.5962,0.870706,0,1.37653,0,0.847511,0,0,0,0,0,0,1.72733,0,0,0,1,1,0,0,w,m
4655,FAMILY,1,1,0.949136,1.01092,1.22426,0,1.26533,0,0.645019,0,0,0,0.827112,0,0,1.13949,0,0,0,1,1,0,1,w,m
4656,FAMILY,1,1,0.956442,1.27691,1.73504,0,1.49866,0,1.15628,0,0,0,0.691397,0,0,1.68476,0,0,0,1,1,0,0,w,m
4657,FAMILY,1,1,0.94684,1.61295,1.35078,0,1.47526,0,1.03682,0,0,0,0.823917,0,0,0.60693,0,0,0,1,1,0,0,w,m
4658,FAMILY,1,1,0.952868,1.69904,1.45438,0,1.34258,0,0.959502,0,0,0,0.590923,0,0,0.685547,0,0,0,1,1,0,1,w,m
4659,FAMILY,1,1,0.968011,1.1993,0.528037,0,1.1422,0,1.2367,0,0,0,0,0,0,0,0,0,0,1,1,0,1,w,m
4660,FAMILY,1,1,0.966027,1.19389,0.581937,0,1.0775,0,1.26509,0,0,0,0,0,0,0,0,0,0,1,1,0,1,w,m
4661,FAMILY,1,1,0.964739,1.07925,0,0,1.08143,0,1.07828,0,0,0,0,0,0,0,0,0,0,1,1,0,1,w,m
4662,FAMILY,1,1,0.949671,0.942182,0,0,1.04779,0,0.892953,0,0,0,0,0,0,0.560325,0,0,0,1,1,0,1,w,m
4663,FAMILY,1,1,0.940099,0.941574,0,0,1.2628,0,0.832134,0,0,0,0,0,0,0.522719,0,0,0,1,1,0,1,w,m
4664,FAMILY,1,1,0.943872,0.78669,0,0,1.04533,0,1.03969,0,0,0,0,0,0,0,0,0,0,1,1,0,1,w,m
4665,FAMILY,1,1,0.949177,0.693583,0,0,1.19156,0,0.647938,0,0,0,0,0,0,0.585972,0,0,0,1,1,0,1,w,m
4666,FAMILY,1,1,0.954392,0,0,0,0.993992,0,0.730069,0,0,0,0,0,0,0.624492,0,0,0,1,1,0,1,w,m
4667,FAMILY,1,1,0.959525,0,0,0,0.696895,0,0,0,0,0,0,0,0,0,0,0,0,1,1,0,1,w,m
4668,FAMILY,1,1,0.959482,0,0,0,0,0,0,0,0,0,0,0,0,0,0,0,0,1,1,0,1,w,m
4669,FAMILY,1,1,0.962584,0,0,0,0,0,0,0,0,0,0,0,0,0,0,0,0,1,1,0,1,w,m
4670,FAMILY,1,1,0.960911,0,0,0,0,0,0,0,0,0.54961,0,0.542046,0,0,0,0,0,1,1,0,1,w,m
4671,FAMILY,1,1,0.958993,0,0,0,0,0,0,0,0,0.670027,0,0,0,0,0,0,0,1,1,0,1,w,m
4672,FAMILY,1,1,0.951381,0,0,0,0.515899,0,0,0,0,0.580469,0.504264,0,0,0,0,0,0,1,1,0,1,w,m
4673,FAMILY,1,1,0.936248,0,0,0,0.843369,0,0,0,0,0.505103,0,0,0,0,0,0,0,1,1,0,1,w,m
4674,FAMILY,1,1,0.939803,0,0,0,0.841273,0,0.669536,0,0,0,0,0,0,0,0,0,0,1,1,0,1,w,m
4675,FAMILY,1,1,0.944241,0,0,0,0.871061,0,0.743912,0,0,0.503464,0.530334,0,0.606194,0,0,0,0,1,1,0,1,w,m
4676,FAMILY,1,1,0.952408,0,0,0,0.634852,0,0.969105,0,0,0,0,0,0.713035,0,0,0,0,1,1,0,1,w,m
4677,FAMILY,1,1,0.959915,0,0,0,0.728852,0,0.983321,0,0,0.54381,0,0,0.665347,0,0,0,0,1,1,0,1,w,m
5070,FAMILY,1,1,0.927549,0,0,0.982099,0,0,0.648042,0,0,0,0,0,0,0,0,0,0,0,1,0,0,w,m
5071,FAMILY,1,1,0.936065,0,0,0.78133,0,0,0,0,0,0,0,0,0,0,0,0,0,0,1,0,0,w,m
5072,FAMILY,1,1,0.932954,0,0.739993,1.0609,0,0,0.862516,0,0,0,0,0,0,0,0,0,0,1,1,0,0,w,m
5073,FAMILY,1,1,0.935246,0,0.664785,1.22339,0,0,1.10937,0,0,0,0,0,0,0,0,0,0,1,1,0,0,w,m
5074,FAMILY,1,1,0.934485,0,0.548639,1.21622,0,0,0.776131,0,0,0,0,0,0,0,0,0,0,1,1,0,0,w,m
5075,FAMILY,1,1,0.936328,0,0.555549,1.19329,0,0,0.706615,0,0,0,0,0,0,0,0,0,0,1,1,0,0,w,m
5076,FAMILY,1,1,0.924924,0,0.576984,1.16411,0,0,0.51517,0,0,0,0,0,0,0,0,0,0,1,0,0,0,w,m
5077,FAMILY,1,1,0.931692,0,0.552648,1.28141,0,0,0,0,0,0,0,0,0,0,0,1,0,1,0,0,0,w,m
5078,FAMILY,1,1,0.941904,0,0,1.34984,0,0,0,0,0,0,0.504523,0,0,0.519055,0,1,0,1,0,0,0,w,m
5079,FAMILY,1,1,0.944514,0,0,1.14934,0,0,0,0,0,0,0,0,0,0,0,1,0,1,0,0,0,w,m
5080,FAMILY,1,1,0.950237,0,0,1.08471,0,0,0,0,0,0,0,0,0,0.535588,0,1,0,0,0,0,0,w,m
5081,FAMILY,1,1,0.950839,0,0,1.0506,0,0,0,0,0,0,0,0,0,0,0,1,0,0,0,0,0,w,m
5082,FAMILY,1,1,0.937106,0,0,0.980372,0,0,0,0,0,0,0.619669,0,0,0,0,1,0,1,0,0,0,w,m
5083,FAMILY,1,1,0.938904,0,0,0.989573,0,0,0,0,0,0,0.526984,0,0,0,0,1,0,0,0,0,0,w,m
5084,FAMILY,1,1,0.947773,0,0,0.993356,0,0,0,0,0,0,0,0,0,0,0,1,0,1,0,0,0,w,m
5085,FAMILY,1,1,0.944721,0,0,1.06184,0,0,0,0,0,0,0.556983,0,0,0.578942,0,1,0,1,0,0,0,w,m
5086,FAMILY,1,1,0.939815,0,0,1.16439,0,0,0,0,0,0,0.698261,0,0,0.503988,0,1,0,1,0,0,0,w,m
5087,FAMILY,1,1,0.932313,0,0,1.1686,0,0,0,0,0,0,0,0,0,0,0,1,0,1,0,0,0,w,m
5088,FAMILY,1,1,0.927776,0,0,1.36211,0,0,0,0,0,0,0,0,0,0,0,1,0,1,0,0,0,w,m
5089,FAMILY,1,1,0.93656,0,0,1.35265,0,0,0,0,0,0,0,0,0,0,0,1,0,0,0,0,0,w,m
5090,FAMILY,1,1,0.940029,0,0,1.23179,0,0,0,0,0,0,0.506792,0,0,0,0,1,0,1,0,0,0,w,m
5091,FAMILY,1,1,0.941526,0,0,1.23285,0,0,0,0,0,0,0,0,0,0,0,1,0,0,0,0,0,w,m
5092,FAMILY,1,1,0.938219,0,0,1.35107,0,0,0,0,0,0,0,0,0,0,0,1,0,1,0,0,0,w,m
5093,FAMILY,1,1,0.940115,0,0,1.25742,0,0,0,0,0,0,0,0,0,0,0,1,0,1,0,0,0,w,m
5094,FAMILY,1,1,0.94339,0,0,1.28142,0,0,0,0,0,0,0,0,0,0,0,1,0,1,0,0,0,w,m
5095,FAMILY,1,1,0.947662,0,0,1.32998,0,0,0,0,0,0,0.505024,0,0,0,0,1,0,1,0,0,0,w,m
5096,FAMILY,1,1,0.93749,0,0,1.30694,0,0,0,0,0,0,0.624234,0,0,0,0,1,0,0,0,0,0,w,m
5097,FAMILY,1,1,0.930781,0,0.572438,1.39937,0,0,0,0,0,0,0,0,0,0,0,1,0,0,0,0,0,w,m
5098,FAMILY,1,1,0.916598,0,0,1.43683,0,0,0,0,0,0,0.550784,0,0,0,0,1,0,1,0,0,0,w,m
5099,FAMILY,1,1,0.929726,0,0,1.62194,0,0,0,0,0,0,0,0,0,0,0,1,0,1,0,0,0,w,m
5100,FAMILY,1,1,0.915435,0,0.68392,1.55146,0,0,0,0,0,0,0,0.535529,0,0,0,1,0,1,0,0,0,w,m
5101,FAMILY,1,1,0.88038,0,0.811268,1.65632,0,0,0,0,0,0,0,0.777408,0,0,0,1,0,1,0,0,0,w,m
5102,FAMILY,1,1,0.880669,0,0.775237,1.84589,0,0,0,0,0,0,0.779764,0.667732,0,0,0,1,0,1,0,0,0,w,m
5103,FAMILY,1,1,0.935744,0,0.797224,1.54372,0,0,0,0,0,0,0.631577,0.56192,0,0,0,1,0,1,0,0,0,w,m
5104,FAMILY,1,1,0.939924,0,0,1.28162,0,0,0,0,0,0,0.68548,0.592698,0,0,0,0,0,1,0,0,0,w,m
5105,FAMILY,1,1,0.943942,0,0,1.22879,0,0,0,0,0,0.571056,0.809637,0.54627,0,0,0,1,0,1,0,0,0,w,m
5106,FAMILY,1,1,0.950848,0,0,1.35765,0,0,0.640613,0,0,0,0.996708,0,0,0,0,1,0,1,0,0,0,w,m
5107,FAMILY,1,1,0.955373,0,0,1.13294,0,0,0.733821,0,0,0.603074,0.791348,0,0,0,0,0,0,1,0,0,0,w,m
5108,FAMILY,1,1,0.958095,0,0,1.11893,0,0,0.775331,0,0,0,0.604314,0,0,0,0,1,0,1,0,0,0,w,m
5109,FAMILY,1,1,0.960197,0,0,0.840691,0,0,1.0705,0,0,0,0.574811,0,0,0,0,0,0,1,0,0,0,w,m
5110,FAMILY,1,1,0.954084,0,0,1.21203,0,0,1.17765,0,0,0,0.774253,0,0,0,0,1,0,1,0,0,0,w,m
5111,FAMILY,1,1,0.945981,0,0,0.943177,0,0,0.800964,0,0,0,0.86486,0,0,0,0,1,0,1,0,0,0,w,m
5112,FAMILY,1,1,0.94849,0,0,0.996519,0,0,0.933024,0,0,0,0.961826,0,0,0,0,1,0,1,0,0,0,w,m
5113,FAMILY,1,1,0.943843,0,0,0.942861,0,0,1.12715,0,0,0,0.712295,0,0,0,0,1,0,1,0,0,0,w,m
5114,FAMILY,1,1,0.947107,0,0,0.918868,0,0,1.19704,0,0,0,0.578123,0,0,0,0,1,0,1,0,0,0,w,m
5115,FAMILY,1,1,0.943008,0,0,1.0011,0,0,1.01264,0,0,0,0.538872,0,0,0,0,1,0,1,0,0,1,w,m
5116,FAMILY,1,1,0.950826,0,0,0.759698,0,0,0.722134,0,0,0,0.573278,0,0,0,0,1,0,1,0,0,1,w,m
5117,FAMILY,1,1,0.962958,0,0,0.848231,0,0,0.858731,0,0,0,0,0,0,0,0,1,0,0,0,0,1,w,m
5118,FAMILY,1,1,0.963691,0,0,0.609336,0,0,0.78824,0,0,0,0,0,0,0,0,1,0,0,0,0,0,w,m
5119,FAMILY,1,1,0.952526,0.50276,0,0.588087,0,0,0,0,0,0,0,0,0.633974,0,0,1,0,0,0,0,0,w,m
5120,FAMILY,1,1,0.95451,0,0,0.571044,0,0,0,0,0,0,0,0,0.640781,0,0,1,0,0,0,0,0,w,m
5121,FAMILY,1,1,0.948924,0,0,0,0,0,0,0,0,0,0,0,0,0,0,0,0,0,0,0,0,w,m
5122,FAMILY,1,1,0.955086,0,0,0.61856,0,0,0.610608,0,0,0.635185,0,0,0.521084,0,0,0,0,0,0,0,0,w,m
5123,FAMILY,1,1,0.961525,0,0,0.887801,0,0,0,0,0,0,0,0,0.698164,0,0,0,0,1,0,0,0,w,m
5124,FAMILY,1,1,0.95851,0,0,0.844744,0,0,0,0,0,0.523538,0,0,0.804897,0,0,0,0,0,0,0,0,w,m
5125,FAMILY,1,1,0.953134,0,0,0.713066,0,0,0,0,0,0,0,0,0,0,0,0,0,0,0,0,0,w,m
5126,FAMILY,1,1,0.944984,0,0,0.681185,0,0,0,0,0,0,0,0,0,0.546321,0,0,0,0,0,0,0,w,m
5127,FAMILY,1,1,0.952621,0,0,0.639451,0,0,0,0,0,0,0.611481,0,0,0,0,0,0,1,0,0,1,w,m
5128,FAMILY,1,1,0.95619,0,0,0.765605,0,0,0,0,0,0,0.721885,0,0,0,0,1,0,1,0,0,0,w,m
5129,FAMILY,1,1,0.954027,0,0,0.839993,0,0,0,0,0,0,0,0,0,0,0,1,0,1,0,0,0,w,m
5130,FAMILY,1,1,0.955144,0,0,0.746438,0,0,0,0,0,0,0,0,0,0,0,1,0,0,0,0,0,w,m
5131,FAMILY,1,1,0.95375,0,0,0.631849,0,0,0,0,0,0,0,0,0,0,0,1,0,1,0,0,0,w,m
5132,FAMILY,1,1,0.952176,0,0,0.726148,0,0,0,0,0,0,0,0,0.508599,0,0,1,0,0,0,0,1,w,m
5133,FAMILY,1,1,0.951427,0,0,0.872838,0,0,0,0,0,0,0,0,0,0,0,1,0,0,0,0,1,w,m
5134,FAMILY,1,1,0.938381,0,0,0.979328,0,0,0,0,0,0,0,0,0,0,0,1,0,1,0,0,1,w,m
5135,FAMILY,1,1,0.938526,0,0,1.20476,0,0,0,0,0,0.620746,0.658256,0,0,0,0,1,0,1,0,0,0,w,m
5136,FAMILY,1,1,0.933193,0,0,1.13876,0,0,0,0,0,0,0.720087,0,0,0,0,1,0,1,0,0,0,w,m
5137,FAMILY,1,1,0.940711,0,0,1.04061,0,0,0,0,0,0,0,0,0,0,0,1,0,1,0,0,0,w,m
5138,FAMILY,1,1,0.943502,0,0,1.00755,0,0,0,0,0,0,0.588072,0,0,0,0,1,0,1,0,0,1,w,m
5139,FAMILY,1,1,0.935775,0,0,1.00612,0,0,0,0,0,0,0.615356,0,0,0.543075,0,1,0,1,0,0,1,w,m
5140,FAMILY,1,1,0.938916,0,0,1.25197,0,0,0,0,0,0,0,0,0,0,0,1,0,1,0,0,0,w,m
5141,FAMILY,1,1,0.941692,0,0,0.603622,0,0,0,0,0,0,0,0,0,0,0,1,0,0,0,0,0,w,m
5142,FAMILY,1,1,0.943049,0,0,0,0,0,0,0,0,0,0,0,0.660357,0,0,0,0,0,0,0,0,w,m
5143,FAMILY,1,1,0.947558,0,0,0,0,0,0,0,0,0,0,0,0.852209,0,0,0,0,0,0,0,0,w,m
5144,FAMILY,1,1,0.946157,0,0,0,0,0,0,0,0,0,0,0,0.983385,0,0,0,0,0,0,0,0,w,m
5145,FAMILY,1,1,0.954023,0.598178,0,0.633021,0,0,0,0,0,0,0,0,1.10114,0,0,0,0,0,0,0,0,w,m
5146,FAMILY,1,1,0.948889,0,0,0.584174,0,0,0,0,0,0,0,0,0.901714,0.618976,0,0,0,0,0,0,0,w,m
5147,FAMILY,1,1,0.949742,0,0,0.592638,0,0,0,0,0,0,0,0,1.00978,0.623052,0,0,0,0,0,0,0,w,m
5148,FAMILY,1,1,0.951255,0.588447,0,0,0,0,0,0,0,0,0,0,0.772065,0.585772,0,0,0,0,0,0,0,w,m
6952,FAMILY,1,1,0.783002,0,1.9368,1.36455,0,0.645477,1.52303,0.852416,0,0,1.01065,1.13752,0,3.81962,0,0,0,1,1,0,0,w,m
6953,FAMILY,1,1,0.746475,0,2.16565,1.59577,0,0.545105,1.72574,0.742375,0.814551,0,1.64557,1.35269,0,3.04181,0,0,0,1,1,0,0,w,m
6954,FAMILY,1,1,0.800497,0,1.81612,1.26924,0,0,1.83627,0.554102,0.687601,0,1.33963,1.40735,0,2.6549,0,0,0,1,1,0,0,w,m
6955,FAMILY,1,1,0.825226,0,1.7561,0.780125,0,0.599755,1.46548,0.789778,0,0,0.977142,1.11635,0.719692,3.46204,0,0,0,1,1,0,0,w,m
6956,FAMILY,1,1,0.877878,0.523742,1.1937,0.66016,0,0,1.34917,0.769469,0.589702,0,1.20574,0.914706,0,2.9241,0,0,0,1,1,0,0,w,m
6957,FAMILY,1,1,0.842259,0.519342,1.36369,0.530365,0,0,0.757805,0.678328,0,0,0.883829,0.949741,0,2.41872,0,0,0,1,0,0,0,w,m
6958,FAMILY,1,1,0.880541,0,1.02582,1.02531,0,0,1.08485,0,0,0,1.04583,0.952847,0.785704,0,0,0,0,1,0,0,0,w,m
6959,FAMILY,1,1,0.933479,0,0.705572,1.11185,0,0,1.33892,0,0,0,1.02852,0.728505,0.827813,0,0,1,0,1,1,0,0,w,m
6960,FAMILY,1,1,0.950271,0,0.535974,1.11966,0,0,1.01037,0,0,0,0.835153,0.549316,0,0.843831,0,1,0,1,1,0,0,w,m
6961,FAMILY,1,1,0.963595,0,0.519935,1.03103,0,0,1.01709,0.511932,0,0,0.558018,0,0,0,0,0,0,1,1,0,0,w,m
6962,FAMILY,1,1,0.956299,0,0,1.12604,0,0,1.08272,0.51334,0,0,0,0,0,0,0,0,0,1,1,0,0,w,m
6963,FAMILY,1,1,0.956582,0,0,1.09719,0,0,1.06331,0,0,0,0.635593,0,0,0,0,0,0,1,1,0,0,w,m
6964,FAMILY,1,1,0.953844,0,0,1.0561,0,0,0.941266,0,0,0,0.716947,0,0,0,0,0,0,1,1,0,0,w,m
6965,FAMILY,1,1,0.952336,0,0,0.978584,0,0,1.09841,0,0,0,0.650475,0,0,0,0,0,0,1,1,0,0,w,m
6966,FAMILY,1,1,0.948871,0,0,1.10824,0,0,0.872528,0,0,0,0.783917,0.505639,0,0,0,0,0,1,1,0,0,w,m
6967,FAMILY,1,1,0.948357,0,0,1.0292,0,0,0.728276,0,0,0,0.865482,0.614332,0,0,0,0,0,1,1,0,0,w,m
6968,FAMILY,1,1,0.947456,0,0.513657,1.01395,0,0,0.510572,0.614163,0.526388,0,0.971665,0.651843,0,0.600638,0,0,0,1,1,0,0,w,m
6969,FAMILY,1,1,0.94129,0,0.571659,0.952299,0,0,0.724816,0.797349,0.681616,0,0.827015,0.664816,0,0,0,0,1,1,1,0,0,w,m
6970,FAMILY,1,1,0.940558,0,0.959122,1.02359,0,0.609162,0.725891,0.900346,0.645767,0.506497,0.853581,0.8282,0.684809,0,0,0,1,1,1,0,0,w,m
6971,FAMILY,1,1,0.952416,0,0.611697,0.7072,0,0.671782,0,0.949671,0.83263,0.620156,0.653272,0.843529,0.920192,0.772516,0,0,1,1,1,0,0,w,m
6972,FAMILY,1,1,0.955557,0,0.513451,1.20706,0,0.658292,0,0.913648,0.78567,0.739156,0.834083,0.834503,1.16497,1.01145,0,0,1,1,1,0,0,w,m
6973,FAMILY,1,1,0.965163,0,0,1.06526,0,0.723658,0,1.00508,0.973941,0.952908,0.863691,0.742824,1.02235,1.16514,0,0,1,1,1,0,1,w,m
6974,FAMILY,1,1,0.971614,0,0,1.17583,0,0.678606,0,1.01561,0.955577,1.09387,0.864517,0.700578,1.18346,1.56618,0,0,1,1,1,0,1,w,m
6975,FAMILY,1,1,0.97238,0,0,1.0513,0,0.663219,0,0.977782,0.973949,1.00574,0.806545,0.558587,0.952327,1.92875,0,0,1,1,0,0,0,w,m
6976,FAMILY,1,1,0.969343,0,0,1.08751,0,0.638367,0,1.00179,1.03619,1.13091,0.57392,0,0.952419,1.81544,0,0,1,1,0,0,0,w,m
6977,FAMILY,1,1,0.979852,0,0,0.844328,0,0.626107,0,0.914164,1.02488,0.875083,0.637615,0,0.994303,1.79197,0,0,1,1,1,0,0,w,m
6978,FAMILY,1,1,0.979269,0,0.553193,0.541937,0,0.522283,0,0.820998,1.03742,1.00827,0.52898,0,0.981689,1.63296,0,0,1,1,1,0,0,w,m
6979,FAMILY,1,1,0.977385,0.51084,0.962101,0,0,0.527259,0,0.890711,1.00616,0.962838,0,0,0.973303,1.87471,0,0,1,0,1,0,0,w,m
6980,FAMILY,1,1,0.978253,0,0.816374,0,0,0.551481,0,0.84758,1.06179,0.915485,0,0,1.05588,2.13509,0,0,1,0,0,0,0,w,m
6981,FAMILY,1,1,0.972873,0.600849,0.781339,0.5704,0,0.639137,0,0.956737,1.01408,1.1281,0,0,1.14152,1.93179,0,0,1,0,1,0,0,w,m
6982,FAMILY,1,1,0.972497,0.610026,1.1301,0.554934,0,0.56822,0.521289,0.945719,0.956574,1.13387,0,0,1.30046,2.25258,0,0,1,0,1,0,0,w,m
6983,FAMILY,1,1,0.972303,0,0.820164,0,0,0.53132,0,0.825649,0.947789,1.05511,0,0,0.813479,1.94431,0,0,1,1,0,0,0,w,m
6984,FAMILY,1,1,0.972307,0.565101,0.679733,0.5665,0,0,0,0.542876,0.72305,0.932896,0,0,1.2301,1.84232,0,0,1,0,1,0,0,w,m
6985,FAMILY,1,1,0.967364,0,0,0,0,0,0,0,0.735228,0.942287,0,0,1.0122,0.863837,0,0,1,1,1,0,1,w,m
6986,FAMILY,1,1,0.951663,0.675243,0,0,0,0,0,0,0.601172,0.553621,0,0,0.74485,0.761181,0,0,1,0,1,0,1,w,m
6987,FAMILY,1,1,0.95409,0,0,0,0,0,0,0,0.558896,0,0,0,0.760479,0.61978,0.51092,0,1,1,1,0,1,w,m
6988,FAMILY,1,1,0.963244,0,0,0,0,0,0,0,0.586857,0,0,0,1.03849,0.705069,0.526133,0,1,0,1,0,1,w,m
6989,FAMILY,1,1,0.970024,0,0,0,0,0,0.592842,0,0,0,0,0,0.782507,0,0.531738,0,0,1,1,0,1,w,m
6990,FAMILY,1,1,0.975309,0,0,0,0.534975,0,1.05495,0,0,0,0,0,1.00755,0.563728,0.574599,0,0,1,0,0,1,w,m
6991,FAMILY,1,1,0.976411,0,0,0,0.630035,0,0.667788,0,0,0,0,0,0.701044,0.789036,0.581356,0,0,1,0,0,1,w,m
6992,FAMILY,1,1,0.978259,0,0,0,0.517986,0,0.908425,0,0,0,0,0,0.682695,0.759809,0.553901,0,0,1,0,0,1,w,m
6993,FAMILY,1,1,0.979982,0.552902,0,0,0.643481,0,0.979495,0,0,0,0,0,0.537968,0.987844,0,0,0,1,0,0,1,w,m
6994,FAMILY,1,1,0.980177,0,0,0,0.795447,0,1.26973,0,0,0,0.526678,0,0,1.0402,0.518517,0,0,1,0,0,1,w,m
6995,FAMILY,1,1,0.982131,0.639851,0.97285,0,0.767207,0,1.35778,0,0,0,0,0,0,0.97717,0,0,0,1,0,0,1,w,m
6996,FAMILY,1,1,0.985468,0.543033,0.666917,0.573805,0.700006,0,1.41808,0,0,0,0.54673,0,0,1.23479,0,0,0,1,0,0,1,w,m
6997,FAMILY,1,1,0.985431,0.980942,1.26021,0,0.544543,0,1.74959,0,0,0,0,0,0,1.51472,0,0,0,1,0,0,1,w,m
6998,FAMILY,1,1,0.984806,0.888583,1.23251,0.586475,0.569837,0,1.64242,0,0,0,0,0,0,1.29374,0,0,0,1,0,0,1,w,m
6999,FAMILY,1,1,0.97122,0.815017,1.41341,0,0.648127,0,1.58979,0,0,0,0,0,0,1.82447,0,0,0,1,0,0,1,w,m
7000,FAMILY,1,1,0.967388,1.03645,1.07358,0,0.592605,0,1.57562,0,0,0,0,0,0,1.58002,0,0,0,1,0,0,1,w,m
7001,FAMILY,1,1,0.969037,1.12071,1.05047,0,0.608042,0,1.5544,0,0,0,0,0,0,1.95592,0,0,0,1,1,0,1,w,m
7002,FAMILY,1,1,0.968039,1.12907,0.870369,0,0,0,1.44767,0,0,0,0,0,0,1.85656,0,0,0,1,1,0,1,w,m
7003,FAMILY,1,1,0.967566,1.30065,0.772589,0,0,0,1.3529,0,0,0,0.607567,0,0,1.66867,0,0,0,1,1,0,1,w,m
7004,FAMILY,1,1,0.957116,1.95586,0.869977,0,0,0,1.30965,0,0,0,0.830362,0,0,2.551,0.602057,0,0,1,0,0,1,w,m
7005,FAMILY,1,1,0.938841,2.26487,0.920497,0,0,0,1.27641,0,0,0,1.24484,0,0,2.16176,0.738422,0,0,1,0,0,1,w,m
7006,FAMILY,1,1,0.933848,2.32092,0.920514,0,0,0,0.581102,0,0,0,1.45572,0,0,2.11341,0.769966,0,0,1,0,0,1,w,m
7007,FAMILY,1,1,0.931593,2.16317,1.0486,0,0,0,0.753289,0,0,0,1.51622,0,0,2.08167,0.776729,0,0,1,0,0,1,w,m
7008,FAMILY,1,1,0.934352,1.98214,1.27061,0,0,0,0.718388,0,0,0,1.37235,0,0,2.25495,0.779636,0,0,1,0,0,1,w,m
7009,FAMILY,1,1,0.955081,1.76171,1.35573,0,0,0,0.897125,0,0,0,1.25803,0,0,1.88948,0.702747,0,0,1,1,0,1,w,m
7010,FAMILY,1,1,0.964927,1.5551,1.10035,0,0,0,0.570593,0,0,0,1.04458,0,0,0.73797,0.568195,0,0,1,1,0,1,w,m
7011,FAMILY,1,1,0.96992,1.33639,0.687382,0,0,0,0,0,0,0,0.83593,0,0,0,0,0,0,1,1,0,1,w,m
7023,FAMILY,1,1,0.97254,0.951585,0.874684,0,0.645047,0,0,0,0.725721,0.599656,0,0,0.917625,0.691043,0.643682,0,1,0,0,0,0,w,m
7024,FAMILY,1,1,0.977718,0.884109,0.949659,0,0.519297,0.518333,0,0.657257,0.903633,0,0,0,1.01206,2.04225,0.58874,0,1,0,0,0,0,w,m
7025,FAMILY,1,1,0.97558,0.740988,1.16874,0,0.53431,0.635544,0,0.837517,1.08116,0.722442,0,0,0.943795,2.22978,0.513393,0,1,0,0,0,0,w,m
7026,FAMILY,1,1,0.973496,0.996121,1.07436,0,0.517593,0.697456,0,0.940572,1.06413,0.887176,0,0,0.72508,2.35632,0.529159,0,1,1,0,0,0,w,m
7027,FAMILY,1,1,0.975136,0.877346,1.01474,0,0,0.727771,0,0.978364,1.11747,0.97406,0,0,0.877622,2.35035,0.574856,0,1,0,0,0,0,w,m
7028,FAMILY,1,1,0.977985,0.959573,1.04062,0,0.702804,0.553468,0,0.70284,1.09288,0.7656,0,0,1.11733,1.79719,0.635783,0,1,1,0,0,0,w,m
7029,FAMILY,1,1,0.978534,0.938205,0.566841,0,0,0,0,0.55837,0.90084,0.77583,0,0,0.710744,1.25927,0.699665,0,1,1,0,0,0,w,m
4911,FAMILY,1,1,0.977859,0.560296,0.561069,0.79866,0,0.847475,0.882188,1.03444,0.872128,1.44627,0,0,0,0.588678,0,1,1,0,1,0,0,m,m
4912,FAMILY,1,1,0.983426,0,0.923644,1.24733,0.516897,0.808706,1.18398,0.906335,0.847295,1.72378,0,0,0.751965,2.11337,0,1,1,0,1,0,0,m,m
4913,FAMILY,1,1,0.984602,0,0,0.987014,0,0.7743,0.846947,0.862342,0.684627,1.21655,0,0,0.828913,2.32169,0,1,1,0,1,0,0,m,m
4914,FAMILY,1,1,0.95463,0,0,1.37239,0,0.610609,0.609427,0.608255,0.611301,1.27624,0,0,0.844914,2.05512,0,1,1,0,1,0,0,m,m
4915,FAMILY,1,1,0.952246,0,0,1.26652,0,0.602399,0,0.59752,0,1.20219,0,0,0.944699,2.13122,0,1,1,0,1,0,0,m,m
4916,FAMILY,1,1,0.964652,0,0,1.10407,0,0,0,0,0,1.09093,0,0,0.614372,2.4627,0,1,1,0,1,0,0,m,m
4917,FAMILY,1,1,0.963774,0,0,1.03308,0,0.571332,0.595193,0.602487,0.523983,1.10025,0,0,1.13603,2.53601,0,1,1,1,0,0,0,m,m
4918,FAMILY,1,1,0.972422,0,0,1.03428,0,0,0.741085,0,0,0.928952,0,0,0.761387,3.02712,0,1,1,0,0,0,1,m,m
4919,FAMILY,1,1,0.973897,0,0,0.80706,0,0,1.04325,0.523132,0,0.813923,0,0,0,3.54495,0,1,1,0,0,0,1,m,m
4920,FAMILY,1,1,0.980574,0,0,0.841915,0,0,1.58283,0,0,0.580817,0,0,0.508838,3.22959,0,0,1,0,0,0,0,m,m
4921,FAMILY,1,1,0.987612,0,0,0,0,0,1.09475,0,0,0,0,0,0.541823,3.63633,0,0,1,0,0,0,1,m,m
4922,FAMILY,1,1,0.986644,0,0,0.782813,0,0,1.16482,0,0,0,0,0,0,3.7794,0,0,1,0,0,0,1,m,m
4923,FAMILY,1,1,0.983453,0,0,0,0,0,1.18884,0,0,0,0,0,0,4.2769,0.618071,0,1,0,1,0,1,m,m
4924,FAMILY,1,1,0.973128,0,0,0,0.500543,0,0.577712,0,0,0,0,0,0,4.71063,0.912333,0,1,0,1,0,1,m,m
4925,FAMILY,1,1,0.952419,0.576623,0,0,0,0,0,0,0,0,0,0,0,4.89803,1.2005,0,0,0,1,0,1,m,m
4926,FAMILY,1,1,0.936259,1.03619,0,0,0,0,0,0,0,0,0.680805,0,0,4.52005,1.48475,0,0,0,1,0,1,m,m
4927,FAMILY,1,1,0.948491,1.20901,0,0,0,0,0,0,0,0,0,0,0,3.8152,1.35614,0,0,0,1,0,1,m,m
4928,FAMILY,1,1,0.942845,1.6053,0,0,0,0,0,0,0,0,0,0.538454,0,5,1.12881,0,0,0,1,0,1,m,m
4929,FAMILY,1,1,0.922873,2.11356,1.07181,0,0.56524,0,0,0,0.55012,0,0,1.03189,0,5,0.806892,0,0,0,1,1,0,m,m
4930,FAMILY,1,1,0.909929,1.63073,0.925951,0,0.941364,0,0,0,0.944276,1.74693,0,1.31324,0,4.20361,0.647415,0,1,0,0,1,0,m,m
4931,FAMILY,1,1,0.930946,1.6336,0.768523,0.699914,1.09588,0,0,0,0.639792,1.6613,0,1.66235,0,2.59649,0,0,1,0,0,1,0,m,m
4932,FAMILY,1,1,0.895543,1.05099,0,0.702498,1.03674,0,0,0,0,0.616808,0.628789,1.22016,0,1.10098,0,0,0,0,1,0,0,m,m
4933,FAMILY,1,1,0.903964,1.5708,0.689445,1.28117,1.27817,0,0,0,0,0,0,0,1.50364,0.538234,0,1,0,1,1,0,0,m,m
4934,FAMILY,1,1,0.865255,0.805976,0,0,1.2844,0,0,0,0.955558,0.846331,1.05667,0,1.53028,0.734262,0,0,1,1,1,0,0,m,m
4935,FAMILY,1,1,0.892146,1.06651,0,0,1.11706,0,0,0.605311,0.788304,1.28711,0.564873,0.630012,1.17169,0,0,0,1,0,1,0,0,m,m
4936,FAMILY,1,1,0.971271,0.908058,0,0,0.573005,0,0.642018,0.656302,0.904796,1.50859,0.552064,0.551358,0.662411,0,0,0,0,0,1,0,0,m,m
4937,FAMILY,1,1,0.977193,0.670923,0,0.675477,0,0.548468,0.895438,0.890151,0.81185,1.54728,0.917655,0.546813,0,0,0,0,1,1,1,0,0,m,m
4938,FAMILY,1,1,0.980209,0,0,0.628512,0,0.574265,1.40369,0.890445,0.922222,1.32032,0.838716,0,0,0,0,0,1,0,1,0,1,m,m
4939,FAMILY,1,1,0.976738,0,0,0.514206,0,0.595502,1.14861,0.94621,0.856465,1.09963,0.981759,0,0,0,0,0,1,1,0,0,1,m,m
4940,FAMILY,1,1,0.974797,0,0,0.689581,0,0,1.0472,0.699785,0.533801,0.884748,0.681975,0,0,0,0,0,1,0,0,0,1,m,m
4941,FAMILY,1,1,0.973689,0,0,0,0.748699,0,0.890296,0.766579,0.534156,1.11522,0,0,0,0,0,0,1,0,0,0,1,m,m
4942,FAMILY,1,1,0.977802,0,0,0,0,0,0.922016,0.642816,0,0.926718,0,0,0,0,0,0,1,0,1,0,1,m,m
4943,FAMILY,1,1,0.975319,0,0,0,0,0,0.648016,0.604911,0,0.741254,0,0,0,1.09607,0,0,1,0,1,0,1,m,m
4944,FAMILY,1,1,0.975527,0,0,0,0,0,0,0,0,0.62918,0,0,0,1.26492,0,0,1,0,1,0,1,m,m
4945,FAMILY,1,1,0.981433,0,0,0,0,0,0,0,0,0.627325,0,0,0.622624,1.57384,0,0,1,0,1,0,1,m,m
4946,FAMILY,1,1,0.98673,0,0,0,0,0,0,0,0,0,0,0,0.805463,1.96191,0,0,1,0,1,0,1,m,m
4947,FAMILY,1,1,0.986776,0,0,0,0,0,0,0,0,0,0,0,0.978993,2.38008,0,0,1,0,1,0,1,m,m
4948,FAMILY,1,1,0.991922,0,0,0,0,0,0,0,0,0,0,0,0.787046,3.23727,0,0,1,0,1,0,0,m,m
4949,FAMILY,1,1,0.991812,0,0,0,0,0,0,0,0,0,0,0,0.900409,2.49354,0,0,1,0,1,0,1,m,m
4950,FAMILY,1,1,0.993011,0,0,0,0,0,0,0,0,0,0,0,0.649624,2.56139,0,0,1,0,1,0,0,m,m
4951,FAMILY,1,1,0.993695,0,0.654759,0,0,0,0,0,0,0,0,0,0.765412,1.78084,0,0,1,0,1,0,0,m,m
4952,FAMILY,1,1,0.992758,0.751617,1.08707,0,0,0,0,0,0,0,0,0,0.924819,1.93395,0,0,1,0,1,0,0,m,m
4953,FAMILY,1,1,0.991341,0.842073,1.29898,0,0.571746,0,0,0,0.543373,0,0,0,0,1.48586,0,0,1,0,0,0,0,m,m
4954,FAMILY,1,1,0.994651,0.928414,0.820136,0,0.579178,0,0.666518,0,0.665552,0.783032,0,0,0,0,0,0,1,0,0,0,0,m,m
4955,FAMILY,1,1,0.996344,0.942932,0.663903,0,0.776491,0,1.04418,0.779298,0.932512,0.9345,0,0,0,0,0,0,1,0,0,0,0,m,m
4956,FAMILY,1,1,0.996926,1.07021,0,0,0.903429,0,1.60337,0.725155,1.12932,1.3641,0,0,0,0,0,0,1,0,0,0,0,m,m
2008,FAMILY,1,1,0.957717,0,0.636938,1.15527,0,0.977703,0.911048,0.954557,0.739472,1.69242,0,0,0,1.71752,0,0,1,1,1,0,1,w,m
2009,FAMILY,1,1,0.954462,0.532621,0.64856,1.24746,0,0.981304,0.731074,1.0999,0.773623,1.55419,0,0,0,1.84789,0,0,1,1,1,0,1,w,m
2010,FAMILY,1,1,0.970564,0,0,1.50281,0,0.871985,1.22407,0.98107,0.852518,1.37022,0,0,0,2.00689,0,0,1,1,1,0,1,w,m
2011,FAMILY,1,1,0.978167,0,0.538574,1.32102,0,0.941982,1.48212,1.12924,0.868,1.63859,0,0,0,1.85313,0,0,1,1,1,0,1,w,m
2012,FAMILY,1,1,0.981644,0,0.655636,1.38524,0,0.899271,1.51453,1.05043,0.738254,1.42919,0,0,0,1.41316,0,1,1,0,1,0,1,w,m
2013,FAMILY,1,1,0.983297,0,0,1.21706,0,0.92633,1.70363,1.22924,0.814833,1.60252,0,0,0,1.14722,0,1,1,0,1,0,1,w,m
2014,FAMILY,1,1,0.984385,0,0.511311,1.20296,0,0.829556,1.38729,1.06647,0.898254,1.46534,0,0,0,1.14941,0,1,1,0,1,0,0,w,m
2015,FAMILY,1,1,0.985927,0,0.851193,1.33585,0,0.700954,1.66504,0.993014,0.569105,1.48315,0,0.642214,0.57332,1.07407,0,1,1,0,1,0,0,w,m
2016,FAMILY,1,1,0.984921,0,0.759368,1.42957,0,0.732988,1.34092,1.09902,0.610951,1.18077,0,0.763429,0.709602,0,0,1,1,0,1,0,0,w,m
2017,FAMILY,1,1,0.983829,0,0.644524,1.34487,0,0.712792,1.23873,1.10905,0.565882,1.24547,0,0.757326,0.682926,0,0,1,1,0,1,0,0,w,m
2018,FAMILY,1,1,0.981916,0,0.84435,1.49029,0,0.719046,0.955777,1.14963,0,1.39349,0,0.817673,0.741327,0,0,1,1,0,1,0,1,w,m
2019,FAMILY,1,1,0.981253,0,1.01277,1.34827,0,0.741311,1.16698,1.16991,0.548549,1.36808,0,0.781545,0.918496,0,0,1,1,0,1,0,0,w,m
2020,FAMILY,1,1,0.979498,0,1.10507,1.37353,0,0.699472,1.36725,1.08828,0,1.34901,0,0.773546,0.716925,0,0,1,1,0,1,0,0,w,m
2021,FAMILY,1,1,0.976089,0,1.08825,1.47956,0,0.827254,1.3476,1.16209,0.675641,1.59803,0,0.870546,0,0,0,1,1,1,1,0,1,w,m
2022,FAMILY,1,1,0.968022,0,1.16486,1.53418,0,0.852098,0.97056,1.04216,0.790841,1.31423,0,0.632166,0,0,0,0,1,1,1,0,0,w,m
2023,FAMILY,1,1,0.957016,0,1.26443,1.21806,0,0.828402,1.09226,1.02291,0.958271,1.30032,0,0.645058,0,0,0,0,1,1,1,0,0,w,m
2024,FAMILY,1,1,0.941757,0,1.34496,1.0995,0,0.755945,0.830436,0.872602,0.844499,0.888198,0,0,0,0,0,1,1,1,0,0,0,w,m
2025,FAMILY,1,1,0.901868,0,0.938051,0.68997,0,0.855442,0,0.959316,0.862737,0.69148,0,0,0,1.02681,0,0,1,0,0,0,1,w,m
2026,FAMILY,1,1,0.849077,0,0,0.75157,0,0.800822,0,0.929691,1.05815,0.942152,0.640752,0,0,3.9092,0,0,1,0,0,0,1,w,m
2027,FAMILY,1,1,0.855647,0,0,0,0,0.871833,0,0.914189,1.39687,1.3524,0.557345,0,0,3.56867,0,0,1,0,0,0,1,w,m
2028,FAMILY,1,1,0.852141,0,0,0,0,0.737587,0,0.799558,0.977766,1.0532,0,0,0,3.20395,0.542254,0,1,0,0,0,1,w,m
2029,FAMILY,1,1,0.863827,0,0,0,0,0.687314,0,0.740188,1.02564,1.29965,0,0,0,3.17424,0.545701,0,1,0,0,0,0,w,m
2030,FAMILY,1,1,0.881958,0,0,0,0,0.603682,0,0.585886,1.00035,1.00526,0,0,0,3.00844,0.61601,0,1,0,0,0,1,w,m
2031,FAMILY,1,1,0.895356,0,0,0,0,0.71188,0,0.638237,0.745825,1.02617,0,0,0,1.92584,0,0,1,0,0,0,1,w,m
2108,FAMILY,1,1,0.963745,0,0,0.710475,0,0,0,0,0,0,0.605981,0,0,2.35134,0.970664,1,0,1,0,0,0,w,m
2109,FAMILY,1,1,0.969491,0,0,0.916058,0,0,0,0,0,0,0,0,0,2.53132,0.929185,1,0,1,0,0,0,w,m
2110,FAMILY,1,1,0.969296,0,0.516413,1.27545,0,0,0,0,0,0.79884,0,0,0,2.322,0.840061,1,0,1,0,0,0,w,m
2111,FAMILY,1,1,0.961441,0,0,0.775528,0,0,0,0,0.645729,0.954923,0,0,0,2.51022,0.891889,0,1,0,0,0,0,w,m
2112,FAMILY,1,1,0.9567,0,0,1.16947,0,0.535996,0,0,0.991565,1.02218,0,0,0,2.29171,0.850401,0,1,0,0,0,0,w,m
