time_stamp,word,frame,success,confidence,AU01_r,AU02_r,AU04_r,AU05_r,AU06_r,AU09_r,AU10_r,AU12_r,AU14_r,AU15_r,AU17_r,AU20_r,AU25_r,AU26_r,AU04_c,AU12_c,AU15_c,AU23_c,AU28_c,AU45_c,speaker_gender,listener_gender
7198,BAD,1,1,0.890687,0,1.76358,0,1.19616,0,0,0.793777,0.821152,0.663647,0,0,0.752897,0,0,1,1,0,0,0,0,w,m
7199,BAD,1,1,0.835628,0,0,0,1.10586,0.581339,0,1.23292,1.0928,0.512498,0,0,0.971594,0,0,0,1,0,0,0,0,w,m
7204,BAD,1,1,0.913282,0,1.81272,0.571502,1.05281,0.935864,2.51689,1.05854,1.22762,0,0,0,0,0,0,1,1,0,1,0,0,w,m
7205,BAD,1,1,0.894978,0.520693,1.98519,0.830127,1.03124,0.927179,3.17884,1.11806,1.03123,0,0,0,0,1.43564,0,1,1,0,1,0,0,w,m
7206,BAD,1,1,0.894886,0.829724,1.84609,0.612708,1.15968,0.788805,2.62015,0.920028,1.04674,0,0,0,0,1.68134,0,1,1,0,1,0,0,w,m
7207,BAD,1,1,0.88264,1.05841,1.60404,0,1.11428,0.648567,2.42616,0.753731,1.00954,0,0,0,0,1.4555,0,1,1,0,1,0,0,w,m
7208,BAD,1,1,0.891339,1.14928,1.66993,0,1.12589,0.526315,2.44193,0.606939,1.028,0.528863,0,0,0,2.07523,0,0,1,0,1,0,0,w,m
7209,BAD,1,1,0.886215,1.37235,1.47862,0,1.00484,0,2.52382,0,0.875476,0,0,0,0,2.73759,0,0,1,0,1,0,0,w,m
7210,BAD,1,1,0.896036,1.44615,1.92758,0,1.00347,0,2.43083,0,0.713773,0,0,0,0,1.93294,0,0,1,0,1,0,0,w,m
7211,BAD,1,1,0.897027,1.40787,1.57232,0.761482,1.31099,0,2.19778,0,0.817817,0,0,0,0,1.89124,0,0,1,0,1,0,0,w,m
7212,BAD,1,1,0.914143,1.35245,1.38606,0,1.0787,0,2.38321,0,0.637934,0,0,0,0,1.92535,0,0,1,0,1,0,0,w,m
7213,BAD,1,1,0.908373,1.2208,1.28074,0,0.925337,0,2.32744,0,0.725041,0,0,0,0,1.71393,0,0,1,0,1,0,0,w,m
7214,BAD,1,1,0.888497,1.49709,1.64592,0,1.02624,0,2.35198,0,0.775072,0,0,0,0,2.28151,0,0,1,0,1,0,0,w,m
7215,BAD,1,1,0.894734,1.75739,1.70379,0,1.09155,0,2.25975,0,0.75657,0.515292,0,0,0,2.12512,0,0,1,0,0,0,0,w,m
7216,BAD,1,1,0.896009,1.74864,1.66885,0.748135,1.08044,0,2.10547,0,0.699766,0,0,0,0,2.34204,0,0,1,0,0,0,0,w,m
7217,BAD,1,1,0.876725,1.8052,1.43124,0.598579,1.25175,0,2.24551,0,0.627933,0,0,0,0,2.85501,0,0,1,0,0,0,0,w,m
7218,BAD,1,1,0.863653,1.88759,1.5052,0.615196,0.965016,0,1.38122,0,0.761109,0,0.788009,0,0,3.32942,0,0,1,0,0,0,0,w,m
7219,BAD,1,1,0.767112,1.8469,1.56958,0,0.879271,0,1.90648,0,0.750603,0,0.681147,0,0,3.52786,0,0,1,0,0,0,0,w,m
7220,BAD,1,1,0.809248,1.65004,1.4471,0.851832,1.00648,0,1.86886,0,0.68714,0,0.902246,0,0,2.6412,0,0,1,0,0,0,0,w,m
7221,BAD,1,1,0.82596,1.56202,1.41709,0.937946,1.05087,0,1.2794,0,0.896023,0,0.640076,0,0,2.07332,0,0,1,0,0,0,0,w,m
7246,BAD,1,1,0.85008,1.77817,2.3316,0,0.822467,0,1.76713,0,0,0.60908,0,0,0,0.510535,0,0,1,0,1,0,0,w,m
7247,BAD,1,1,0.872784,1.64294,1.72312,0,0.964868,0,1.70674,0,0,0,0,0,0,0,0,0,1,0,1,0,0,w,m
7248,BAD,1,1,0.867039,1.69534,1.89993,0,0.739615,0,1.89006,0,0,0,0,0,0,0.639254,0,0,1,0,1,0,0,w,m
7249,BAD,1,1,0.84101,1.45692,1.84704,0,0.603928,0,1.73039,0,0,0,0,0,0,0.628572,0,0,1,0,1,0,0,w,m
7250,BAD,1,1,0.839708,1.42926,1.64138,0,0.540263,0,2.0863,0,0.532819,0,0,0,0,1.19354,0,0,1,0,0,0,0,w,m
7251,BAD,1,1,0.815284,1.49195,1.82121,0,0.914929,0,1.93223,0,0,0,0,0,0,1.3185,0,0,1,0,0,0,0,w,m
7252,BAD,1,1,0.797401,1.23486,1.59209,0,1.03822,0,2.2889,0,0,0,0,0,0,1.39582,0,0,1,0,0,0,0,w,m
7253,BAD,1,1,0.797441,1.32133,1.68233,0,0.792649,0,2.46116,0,0,0,0.543047,0,0,1.41396,0,0,1,0,0,0,0,w,m
7254,BAD,1,1,0.795981,1.35336,1.59475,0,0.596104,0,2.60643,0,0,0,0.511052,0,0,1.34926,0,0,1,0,0,0,0,w,m
7255,BAD,1,1,0.77472,1.58907,1.59424,0,0.846039,0,2.86979,0,0,0,0.665949,0,0,1.7304,0,0,1,0,0,0,0,w,m
7256,BAD,1,1,0.765878,1.47498,1.52602,0,0.584091,0,2.8427,0,0,0,0,0,0,1.65504,0,0,1,0,0,0,0,w,m
7257,BAD,1,1,0.768869,1.65125,1.58612,0,0.764924,0,2.8493,0,0.500347,0,0,0,0,1.90936,0,0,1,0,0,0,0,w,m
7258,BAD,1,1,0.777218,1.46614,1.33351,0,0.729112,0,2.88036,0,0.521955,0,0,0,0,2.10635,0,0,1,0,0,0,0,w,m
7259,BAD,1,1,0.763813,1.52965,1.45801,0,0.72865,0,2.735,0,0.521626,0,0.653249,0,0,2.06197,0,0,1,0,0,0,0,w,m
7260,BAD,1,1,0.765851,1.43637,1.37141,0,0.78902,0,2.37095,0,0.579603,0,0.660999,0,0,2.10511,0,0,1,0,0,0,0,w,m
7261,BAD,1,1,0.79115,1.45083,1.3908,0,0.762152,0,2.5934,0,0.558265,0,0.698018,0,0,1.90589,0,0,1,0,0,0,0,w,m
7262,BAD,1,1,0.839594,1.2326,1.1259,0,0.967168,0,2.245,0,0.680924,0,0,0,0,1.45139,0,0,1,0,0,0,0,w,m
7263,BAD,1,1,0.85117,1.21018,0.73455,0,0.95594,0,1.70594,0,0.706974,0,0,0,0,0.626184,0,0,1,0,0,0,0,w,m
3138,BAD,1,1,0.894288,0,0,0,1.32176,0,0,0,0,0,0.610154,0,1.55206,1.74779,0,1,1,0,0,0,0,m,w
3139,BAD,1,1,0.887335,0,0,0,1.33654,0,0.500456,0,0,0,0,0,1.45436,2.03499,0,1,1,0,1,0,0,m,w
3140,BAD,1,1,0.907731,0,0,0,1.14246,0,0.593937,0,0,0,0,0,1.21861,2.96986,0,0,1,0,1,0,0,m,w
3141,BAD,1,1,0.891294,0,0,0,0.854144,0,1.03649,0,0,0.570105,0,0,1.01756,3.42696,0,1,1,0,1,0,0,m,w
3142,BAD,1,1,0.874796,0,0,0.574263,0.766498,0,1.03507,0,0,0.671045,0,0,0,2.59556,0.516293,1,0,0,1,0,0,m,w
3143,BAD,1,1,0.899653,0,0,0,1.02263,0,0,0,0,0.543032,0,0,0.76286,1.78801,0,0,1,0,0,0,0,m,w
3144,BAD,1,1,0.945418,0,0,0,1.18264,0,0,0,0,0.700086,0,0,0.778431,0,0,0,1,0,0,0,0,m,w
3145,BAD,1,1,0.94801,0,0,0,1.09266,0,0,0,0,0.618769,0,0,0,0,0,0,1,0,0,0,0,m,w
3146,BAD,1,1,0.970508,0,0,0,1.03955,0,0.58831,0,0,0,0,0,0.558971,0,0,0,0,0,0,0,0,m,w
3147,BAD,1,1,0.966512,0,0,0,0.875582,0,0,0,0,0.900423,0.544738,0,0.661223,0,0,0,1,0,0,0,0,m,w
3148,BAD,1,1,0.94864,0,0,0,0.902784,0,0,0,0,1.20517,0,0,0.562017,0,0,1,1,0,0,0,0,m,w
3149,BAD,1,1,0.948255,0,0,0,0.953837,0,0.773461,0.504597,0,1.42694,0,0.507634,0,0,0,1,0,0,0,0,0,m,w
3154,BAD,1,1,0.734821,0.783305,1.28886,0,0.508192,0,0,0.72568,0.940475,0.82193,0.643842,0.928311,0,0,0,0,1,0,0,0,0,m,w
3157,BAD,1,1,0.879107,1.03445,0.897476,0.708544,0.802532,0,1.12594,0.632412,0,0.826569,0.934252,0.800014,0,0,0,1,1,0,0,1,0,m,w
3158,BAD,1,1,0.925886,0.688609,0.524101,0,1.2222,0,0.586607,0,0.60996,0.839423,0.540307,0.863719,0.798045,0,0,0,1,0,0,1,0,m,w
3159,BAD,1,1,0.92644,0.81969,0,0,1.46811,0,0,0.585076,0.714597,0.809318,0.762483,0.913784,0.610848,0,0,0,0,0,0,1,0,m,w
3160,BAD,1,1,0.936921,0.87373,0.838219,0,1.22979,0,0,0,0.71803,0.807997,0.953568,0.693564,0.754271,0,0,0,1,0,0,1,0,m,w
3183,BAD,1,1,0.87206,0.691665,0,0,0.685329,0,0,0,0,0,1.17546,0,1.44873,1.68718,0,1,0,0,0,0,0,m,w
3184,BAD,1,1,0.914288,0.556466,0,0,0.723767,0,0,0,0,0,0.767829,0,1.60266,1.7786,0,1,0,0,0,0,0,m,w
3185,BAD,1,1,0.822284,0.865059,0,0,0.705912,0,0,0,0,0,1.09116,0,1.59952,1.59542,0,1,0,1,0,0,0,m,w
3186,BAD,1,1,0.862576,0.921489,0,0,0.659487,0,0,0,0,0,0.8375,0,1.13677,0.549274,0,1,0,1,0,0,0,m,w
3187,BAD,1,1,0.877502,0.729992,0,0,0,0,0,0,0,0.553215,1.24317,0.684203,1.0531,0,0,1,0,1,0,0,0,m,w
3195,BAD,1,1,0.866859,0,0,0,0.583665,0,0,0,0,0.844378,0,1.10818,0.696022,0,0,1,0,0,1,0,0,m,w
3446,BAD,1,1,0.958147,0.654893,1.15381,0,0,0,0.97819,0,0.7323,1.41884,0.863629,0.872963,1.03103,0,0,0,1,0,0,0,0,m,w
3449,BAD,1,1,0.951626,0.64777,1.25504,0,0,0,0,0,0.559885,1.40876,0.853896,0.897999,0.822424,0,0,0,1,0,0,0,0,m,w
3459,BAD,1,1,0.892751,0.884163,2.43935,0.885565,0.602477,0,0,0,1.10766,0,0.926629,0.594054,0,0,0,0,1,0,0,0,0,m,w
3460,BAD,1,1,0.922583,0.86243,2.52154,0.641381,0.688099,0,0,0,0.978708,0,0.944727,0.589521,0,0,0,0,1,0,0,0,0,m,w
3469,BAD,1,1,0.812775,0,0.769268,0,0.53831,0,0,0,0.923783,0.990069,0,0.682042,0,0,0,0,1,0,0,0,0,m,w
3470,BAD,1,1,0.818161,0,0.558846,0,0,0,0,0,0.806486,1.27882,0.586378,0.741425,0,0,0,0,1,0,0,0,0,m,w
3471,BAD,1,1,0.870664,0,0.523151,0,0.514101,0,0,0,1.10367,1.0434,0.526407,0.657096,0,0,0,0,1,0,0,0,0,m,w
3472,BAD,1,1,0.797519,0,0,0,0,0,0,0.502981,1.1082,1.36514,0,0.832699,0,0,0,0,1,0,0,0,0,m,w
3473,BAD,1,1,0.859407,0,0,0,0,0,0,0,0.947242,1.14143,0.541208,0.635253,0,0,0,0,1,0,0,0,0,m,w
3475,BAD,1,1,0.815347,0.763522,0.961102,0,0,0,0,0,0,1.33591,0,0,0,0,0,0,0,0,0,0,0,m,w
3476,BAD,1,1,0.801236,0.741521,0.69932,0,0,0,0,0,0,1.62613,0.990539,0,0,0,0,0,0,1,0,0,1,m,w
3479,BAD,1,1,0.776637,0,0.705708,0,0.906401,0,0,0,0.83248,0,0,0,1.11483,3.86889,0,0,1,0,0,0,0,m,w
3480,BAD,1,1,0.764,0,0,0,0,0.506353,0,0.730641,0.90554,1.34134,0,0,0.93612,0,0,0,1,0,1,0,0,m,w
3481,BAD,1,1,0.828111,0,0,0,0,0.668438,0,1.00507,1.0916,2.34204,0.593526,0.981782,0.508493,0,0,0,1,1,1,0,0,m,w
3482,BAD,1,1,0.911094,0,0,0,0,0,0,0.802522,1.03788,2.0158,0,1.06536,0,0,0,0,1,1,1,0,0,m,w
4384,BAD,1,1,0.767108,0.722085,2.12798,1.41869,1.79622,0,0,0,0.86062,0.936706,0,1.17126,0,0,0,0,1,0,0,0,0,m,w
4385,BAD,1,1,0.79003,0.666632,0.884273,0,0.74231,0.644712,0.620873,0.856974,1.27904,1.58333,0.510814,1.43403,0,0,0,0,1,1,0,0,0,m,w
4389,BAD,1,1,0.880786,0.561742,1.27011,1.0198,0.89436,0.738103,0,1.18779,0.932934,1.8909,0.764457,1.12089,0,0,0,1,1,0,1,0,0,m,w
4390,BAD,1,1,0.842292,1.01728,1.33593,0,1.59582,1.1496,0,1.38243,1.78604,1.10982,0.571009,0.590171,0,0,0,0,1,0,1,0,0,m,w
4392,BAD,1,1,0.753135,0,0,0,0,0,0.770942,0,1.18166,0,0,0,0,4.07822,0,0,1,0,1,0,1,m,w
4393,BAD,1,1,0.863977,1.01456,0,0.757207,0.65283,0,0.597903,0,0.86367,0.568975,0,0,1.24321,5,0,0,1,0,0,0,1,m,w
4394,BAD,1,1,0.916251,1.15479,0,0.649152,1.02899,0.578057,0.63462,0,0.812593,0,0.678667,0,0,3.07763,0,0,1,0,0,0,1,m,w
4395,BAD,1,1,0.927212,1.51116,1.00261,0,0.604314,0,1.40495,0,0.889769,0,0.562245,0,0,3.71121,0,0,1,0,1,0,0,m,w
4396,BAD,1,1,0.957198,1.29096,1.41908,0,0.570557,0,1.60585,0,0.79434,0.595666,0,0,0,3.64094,0,0,1,0,1,0,0,m,w
4397,BAD,1,1,0.951068,0.744655,1.23296,0.585363,0.527572,0.575217,1.29084,0.597396,0.719663,0.857663,0,0,0,3.76339,0,0,1,0,0,0,0,m,w
4398,BAD,1,1,0.873336,0,1.58351,0.576981,0.926262,0.511153,0.81472,0.523513,0.575321,0.848767,0,0,0.798431,3.11022,0,0,1,0,0,0,0,m,w
4399,BAD,1,1,0.909896,0,0.817229,0,0,0,1.33162,0.538943,0.754098,0,0,0,0,1.25395,0,0,1,0,0,0,0,m,w
4406,BAD,1,1,0.920075,0,1.24272,0.876754,0,0.657165,1.60232,1.05705,0.609409,1.12983,0,0.596079,0,0,0,0,1,0,0,0,0,m,w
4407,BAD,1,1,0.904691,0,1.7074,0.986426,0,0.659021,1.75526,0.927833,0.620053,0.894458,0.54836,0.568112,0.619479,1.08832,0,0,1,0,0,0,0,m,w
4408,BAD,1,1,0.869671,0,1.79637,1.00125,0,0.598003,1.19886,0.795518,0.558824,0.547415,0.609595,0,0.71265,1.88764,0,0,1,0,1,0,0,m,w
4409,BAD,1,1,0.852708,0,1.3942,0.917015,0,0,0.995165,0.638672,0,0,0.817044,0,0.749378,2.31941,0,1,1,0,1,0,0,m,w
4410,BAD,1,1,0.868059,0.699762,1.1963,1.01431,0,0,0.989808,0,0,0,1.03501,0,0.537933,3.61942,0,1,1,0,1,0,0,m,w
4411,BAD,1,1,0.942357,0.819398,1.41002,1.20323,0,0,1.22071,0,0,0,0.58739,0,0,4.08687,0.51556,1,1,0,1,0,0,m,w
4412,BAD,1,1,0.954731,0.770596,1.02378,1.45718,0,0,1.61776,0,0,0,0.575354,0,0,4.97088,0.629735,1,0,0,1,0,1,m,w
4413,BAD,1,1,0.968336,0.685416,0.939362,1.32049,0,0,1.92054,0,0,0,0,0,0.549326,4.56621,0.682555,1,0,0,1,0,1,m,w
4414,BAD,1,1,0.958,0.859797,0.53414,1.2138,0,0,1.76532,0,0,0,0,0,0,3.5851,0.589336,1,0,0,1,0,1,m,w
4415,BAD,1,1,0.960019,0,0.691853,0.936856,0,0,0.895983,0,0,0,0,0,0,3.32031,0,0,0,0,1,0,0,m,w
4416,BAD,1,1,0.868081,0,0.608105,0,0,0,0,0,0,0.677175,0,0.794979,0,2.69032,0,0,1,0,1,0,0,m,w
4417,BAD,1,1,0.854115,0,0.745366,0,0,0,0,0,0,0.837265,0,0.637298,0,2.3727,0,0,1,0,1,0,0,m,w
4418,BAD,1,1,0.83206,0,0,0,0,0,0,0,0,1.11451,0,0.732072,0,1.4002,0,0,0,0,0,0,0,m,w
4425,BAD,1,1,0.920638,0,0.600194,1.36165,0,0,1.54732,0.660589,0,0.680447,0,0,0,2.20519,0,0,0,0,1,0,0,m,w
4426,BAD,1,1,0.919741,0,0.856528,1.17267,0,0,0.725353,0.679918,0,0,0,0,0,2.6275,0,0,1,0,1,0,0,m,w
4427,BAD,1,1,0.954412,0,0.639513,1.42487,0,0.505581,0.731202,0.67217,0,0,0.920665,0.739745,0.592749,0.967313,0,0,1,0,1,0,0,m,w
4428,BAD,1,1,0.953785,0,1.03266,0.528994,0,0,0,0,0.537599,0.548993,1.23072,0.78862,0.580131,1.06182,0,0,1,1,1,0,0,m,w
4429,BAD,1,1,0.942419,0,0.582017,0,0,0.69803,0,0.9039,0.863726,0.97963,1.53349,1.22491,0,0,0,0,1,0,1,0,0,m,w
4430,BAD,1,1,0.919088,0,0.945098,0,0,0.859558,0,1.09218,1.20318,1.31948,0.990779,1.28997,0.761067,0,0,0,1,1,1,0,0,m,w
4431,BAD,1,1,0.941614,0,1.297,1.09624,0,0.823356,1.3539,1.06156,1.2285,1.47118,1.12584,1.35486,0,0,0,0,1,1,1,0,0,m,w
4432,BAD,1,1,0.954942,0,1.32761,0.877699,0,0.694242,0.770394,1.02103,1.35815,1.82568,0.92256,1.55412,0,0,0,0,1,1,1,0,0,m,w
4433,BAD,1,1,0.92797,0,0,0,0,0,0,0.790979,0.888711,1.96888,0.586445,1.06917,0.683513,0,0,0,1,1,0,0,0,m,w
4434,BAD,1,1,0.887108,0.797153,1.14562,0,0,0,1.95736,0,0,0,0,0,0,0,0,0,1,0,0,0,0,m,w
4435,BAD,1,1,0.915964,0,0,0.53222,0,0,1.54029,0,0.789606,0.986279,0,0,0,0,0,0,0,0,0,0,0,m,w
1,BAD,1,1,0.974876,1.06364,0,0.56998,0,0.900705,0,0.811407,0.905885,0.528124,0,0,0.898117,0.989847,0,0,1,0,0,0,0,m,w
2,BAD,1,1,0.976582,1.0703,0.555543,0.558966,0,0.879682,0.634031,0.749117,1.14092,0.625322,0,0,1.3631,0,0,0,1,0,0,0,0,m,w
3,BAD,1,1,0.974448,0.983237,0,0.555046,0,0.859773,0,0.774022,1.08375,0.600453,0,0,1.11326,0.59837,0,0,1,0,0,0,0,m,w
4,BAD,1,1,0.970286,0.808271,0,0.742334,0,0.815873,0,0.690555,1.10852,0.52208,0,0,1.23647,0,0,0,1,0,0,0,0,m,w
5,BAD,1,1,0.972167,0.71999,0,0,0,0.894311,0,0.799681,0.982468,0.555344,0.512376,0,0.926586,0.769585,0,0,1,0,0,0,0,m,w
6,BAD,1,1,0.974595,0.78591,0,0,0,0.888904,0,0.794605,1.17638,0.681468,0,0,1.01229,0.797369,0,1,1,0,0,0,0,m,w
7,BAD,1,1,0.976435,0.62442,0,0,0,0.869592,0,0.769024,1.10891,0.905604,0,0,1.07138,0.508931,0,0,1,0,0,0,0,m,w
8,BAD,1,1,0.977606,0.533499,0,0.516973,0,0.851332,0,0.719935,1.08857,0.735171,0,0,0.993093,0.683842,0,0,1,0,0,0,0,m,w
24,BAD,1,1,0.956636,0,0,1.03922,0,0.605345,1.03464,0.59947,0.878446,0.848436,0,0,0,0,0,1,1,0,0,0,0,m,w
25,BAD,1,1,0.91001,0,0,0.67811,0,0,1.40963,0.550857,0,0.570734,0,0,0,0,0,1,1,0,0,0,0,m,w
26,BAD,1,1,0.746291,0,0,0,0.513062,0,1.33869,0,0.682163,0,0,0,0,0,0,1,1,0,0,0,0,m,w
27,BAD,1,1,0.985212,0,0,0,0,0,0,0,0,0.72812,0.796928,0,1.13378,0,0,0,1,0,0,0,0,m,w
28,BAD,1,1,0.970127,0,0,0,0.721922,0,0.989753,0,0,0.780905,0,0,0,0,0,1,1,0,0,0,0,m,w
29,BAD,1,1,0.90472,0,0,0,0.772237,0,0.690261,0,0,0.724549,0,0,0,0,0,1,1,0,0,0,0,m,w
30,BAD,1,1,0.853177,0,0.618484,0,1.01552,0,0.883967,0,0,0.66262,0,0,0,0,0,1,1,0,0,0,0,m,w
31,BAD,1,1,0.938782,0,0,0,0.91127,0,0,0,0,0.739976,0,0,0,0,0,0,1,0,0,0,0,m,w
120,BAD,1,1,0.964259,0,0.667877,0,0,0,1.66597,0,0,0,0,0,0,0,0,0,1,0,0,0,1,m,w
121,BAD,1,1,0.965953,0,0.781125,0,0,0,1.72616,0,0,0,0,0,0,0.83335,0,0,1,0,0,0,1,m,w
122,BAD,1,1,0.968458,0,0.572109,0,0,0,1.8719,0,0,0,0,0,0,0.887924,0,0,1,0,0,0,1,m,w
123,BAD,1,1,0.970892,0,0.855339,0,0,0,2.06537,0,0,0,0,0,0,0.730618,0,0,1,1,0,0,1,m,w
124,BAD,1,1,0.971411,0,0.814354,0,0,0,1.7725,0,0,0,0,0,0,0.55548,0,0,1,0,0,0,1,m,w
125,BAD,1,1,0.967094,0,0.991529,0,0,0,1.27315,0,0,0,0,0,0,0,0,0,1,0,0,0,1,m,w
126,BAD,1,1,0.961285,0,0.858097,0,0,0,1.17138,0,0,0,0,0,0,0,0,0,1,0,1,0,0,m,w
127,BAD,1,1,0.966368,0,0.821676,0,0,0,0.814588,0,0,0,0,0,0,0,0,0,1,0,0,0,0,m,w
128,BAD,1,1,0.974105,0,0,0,0,0,0.669685,0,0,0,0,0,0,0,0,0,1,0,0,0,0,m,w
129,BAD,1,1,0.96811,0,0.58358,0.743611,0,0,0.580836,0,0,0,0,0,0,0,0,0,1,0,0,0,0,m,w
201,BAD,1,1,0.923122,1.50457,0.804035,0,0,0,0,0,0,0,1.2455,0,0,0,0,0,0,1,0,0,0,m,w
202,BAD,1,1,0.978677,0,0,0,0,0,0.86994,0,0,0,0.720705,0,0,0,0,0,0,0,1,0,0,m,w
203,BAD,1,1,0.941854,0.839857,0.825993,0,0,0,0,0,0,0,1.32877,0,0,0,0,0,1,1,1,0,0,m,w
204,BAD,1,1,0.927271,0.96144,1.16137,0,0,0,0,0,0,0,1.37306,0,0,0.518586,0,0,1,0,0,0,0,m,w
205,BAD,1,1,0.852275,1.45278,1.03698,0,0,0,0,0,0,0,0.908516,0,0,1.15394,0,0,0,0,0,0,0,m,w
206,BAD,1,1,0.846265,1.33996,1.5109,0,0,0,0,0,0,0,0.799638,0,0,0,0,0,0,0,0,0,0,m,w
207,BAD,1,1,0.854623,1.30904,1.22463,0,0,0,0,0,0,0,0,0,0,0.625865,0,0,1,0,0,0,0,m,w
208,BAD,1,1,0.86412,1.37082,1.53484,0,0,0,0.627853,0,0,0,0.569397,0,0,1.11903,0,0,1,0,0,0,0,m,w
209,BAD,1,1,0.906089,1.2311,1.23305,0,0,0,0,0,0,0,0.608312,0,0,0.878675,0,0,1,0,0,0,0,m,w
2022,BAD,1,1,0.961353,0,0.552302,0.90607,0,0.505774,0,0.57684,1.18451,1.4056,0,0,0.743628,0.599279,0,0,1,0,0,0,0,m,w
2023,BAD,1,1,0.961487,0,0,0.946613,0,0,0.5904,0.536201,1.09647,1.36016,0,0,0.672453,0.63435,0,0,1,0,0,0,0,m,w
2024,BAD,1,1,0.961172,0,0.555052,0.977774,0,0,0.532723,0.559342,1.18046,1.2333,0,0,0,0.705604,0,0,1,0,0,0,0,m,w
2025,BAD,1,1,0.9623,0,0,1.03091,0,0.502983,0,0.553448,1.19837,1.22743,0,0,0,0.754879,0,0,1,0,0,0,0,m,w
2026,BAD,1,1,0.96013,0,0,0.981472,0,0,0.612185,0.542807,1.20285,1.27653,0,0,0,0.716877,0,0,1,0,0,0,0,m,w
2027,BAD,1,1,0.961934,0,0,0.961426,0,0,0.607903,0.534164,1.18436,1.3346,0,0,0.555693,0.662017,0,0,1,0,0,0,0,m,w
2028,BAD,1,1,0.962039,0,0,0.965986,0,0,0.534725,0.502421,1.16119,1.28768,0,0,0.662885,0.626329,0,0,1,0,0,0,0,m,w
2029,BAD,1,1,0.960729,0,0,0.905513,0,0,0,0.512056,1.11336,1.2718,0,0,0.734304,0.51648,0,0,1,0,0,0,0,m,w
2030,BAD,1,1,0.959889,0,0,1.02536,0,0,0.684575,0.513959,0.999025,1.28224,0,0,0.747503,0.524145,0,0,1,0,0,0,0,m,w
2031,BAD,1,1,0.962652,0,0,0.938259,0,0,0.562402,0.509007,1.07276,1.30725,0,0,0.863988,0,0,0,1,0,0,0,0,m,w
2032,BAD,1,1,0.961743,0,0.545226,0.905347,0,0,0.569994,0,1.05162,1.30333,0,0,0.773431,0,0,0,1,0,0,0,0,m,w
2033,BAD,1,1,0.961092,0,0.697874,0.957119,0,0,0.794126,0,1.02131,1.25394,0,0,0.845963,0,0,0,1,0,0,0,0,m,w
2035,BAD,1,1,0.963924,0,0.729787,1.01106,0,0,0.690158,0,1.05163,1.26566,0,0,0.846936,0,0,0,1,0,0,0,0,m,w
2042,BAD,1,1,0.961119,0,0.76225,0.691529,0,0,0,0,0.881796,1.00082,0,0,1.03765,0.695938,0,0,1,0,0,0,0,m,w
2043,BAD,1,1,0.961014,0,0.914655,0.750139,0,0,0,0.540217,0.918206,1.01073,0,0,1.0012,0.52028,0,0,1,0,0,0,0,m,w
2044,BAD,1,1,0.962593,0,1.07318,0.846864,0,0,0,0.523705,0.876277,1.11503,0,0,0.937602,0,0,0,1,0,0,0,0,m,w
2045,BAD,1,1,0.962461,0,1.13117,0.899578,0,0,0.582456,0.514784,0.845108,1.15353,0,0,0.941445,0,0,0,1,0,0,0,0,m,w
2046,BAD,1,1,0.962182,0,1.08819,0.882211,0,0,0.639219,0.515011,0.795753,1.11126,0,0,0.927282,0.569357,0,0,1,0,0,0,0,m,w
2047,BAD,1,1,0.961582,0,1.20861,0.938083,0,0,0.699221,0.558338,0.900543,1.02631,0,0,0.864369,0.624076,0,0,1,0,0,0,0,m,w
2048,BAD,1,1,0.965631,0,1.37292,0.826914,0,0,0.685444,0.561645,0.860902,1.06898,0,0,0.84074,0.536842,0,0,1,0,0,0,0,m,w
2049,BAD,1,1,0.967934,0,1.43463,0.825711,0,0,0.585001,0.578543,0.862363,1.08618,0,0,0.797484,0,0,0,1,0,0,0,0,m,w
2050,BAD,1,1,0.965484,0,1.16715,0.785718,0,0,0.552927,0.554724,0.940066,0.995048,0,0,0.796515,0,0,0,1,0,0,0,0,m,w
2051,BAD,1,1,0.966383,0,1.19508,0.728811,0,0,0.523395,0.531226,0.869792,0.978893,0,0,0.791479,0,0,0,1,0,0,0,0,m,w
2052,BAD,1,1,0.967555,0,1.36632,0.788824,0,0,0.569641,0.516345,0.942756,1.03709,0,0,0.765804,0,0,0,1,0,0,0,0,m,w
2053,BAD,1,1,0.967404,0,1.33677,0.786844,0,0,0.58494,0.509044,0.924204,0.995131,0,0,0.79699,0,0,0,1,0,0,0,0,m,w
1384,BAD,1,1,0.919814,0.983401,0,0,1.39331,0,1.12172,0,0,0.600837,0.624704,0,0,0,0,0,0,1,1,0,0,w,m
1385,BAD,1,1,0.922688,1.06108,0,0,1.23019,0,0.687501,0,0,0,0.856394,0,0,0,0,0,0,1,1,0,0,w,m
1386,BAD,1,1,0.933121,0.919451,0,0,1.34379,0,1.12444,0,0,0,0.902928,0,0,0,0,0,0,1,1,0,0,w,m
1387,BAD,1,1,0.932686,0.932427,0,0,1.27562,0,0.699156,0,0,0,0.974198,0,0,0,0,0,0,1,1,0,0,w,m
1388,BAD,1,1,0.941738,1.0056,0,0,1.24782,0,0.800502,0,0,0,1.06337,0,0,0,0,0,0,1,1,0,0,w,m
1389,BAD,1,1,0.93789,1.10132,0,0,0.976533,0,0,0,0,0,1.00659,0,0,0,0,0,0,1,1,0,0,w,m
1390,BAD,1,1,0.937077,1.11737,0,0,1.04991,0,0.598774,0,0,0.516093,0.852068,0,0,0,0,0,0,1,1,0,0,w,m
1391,BAD,1,1,0.931496,1.06277,0,0.530404,1.04955,0,0.727651,0,0,0,0.970201,0,0,0,0,0,0,1,1,0,0,w,m
1392,BAD,1,1,0.931476,1.088,0.535415,0,1.04341,0,0.600947,0,0,0,0.870497,0,0,0,0,0,0,1,1,0,0,w,m
1393,BAD,1,1,0.930117,1.1032,0.550691,0,1.09148,0,0.760593,0,0,0,0.732032,0,0,0,0,0,0,1,1,0,0,w,m
1394,BAD,1,1,0.935407,1.10126,0.721749,0,1.05094,0,0.638077,0,0,0,0.843568,0,0,0,0,0,0,1,1,0,0,w,m
1395,BAD,1,1,0.928109,0.987137,0.6352,0,0.931832,0,0.66282,0,0,0.527692,0.869441,0,0,0,0,0,0,1,1,0,0,w,m
1396,BAD,1,1,0.930306,0.957954,0.647202,0.779564,0.847463,0,0.797682,0,0,0,0.72137,0,0,0,0,0,0,1,1,0,0,w,m
1397,BAD,1,1,0.92933,0.984885,0.600655,0.612589,0.755903,0,0,0,0,0.515651,0.930272,0.509777,0,0,0,0,0,1,1,0,0,w,m
1398,BAD,1,1,0.92658,0.881664,0.51528,0.50432,0.69496,0,0.57219,0,0,0.579266,0.907421,0,0,0,0,0,0,1,1,0,0,w,m
1399,BAD,1,1,0.933461,0.83495,0.532285,0.526691,0.772679,0,0.528577,0,0,0,0.879879,0,0,0,0,0,0,1,1,0,0,w,m
1400,BAD,1,1,0.926348,0.921782,0.64482,0.627602,1.00939,0,0,0,0,0.705015,0.978048,0,0,0,0,0,0,1,1,0,0,w,m
1401,BAD,1,1,0.925426,0.875498,0.585621,0.55606,0.89331,0,0.673375,0,0,0.656323,0.939109,0.52496,0,0.576314,0,0,0,1,1,0,0,w,m
1402,BAD,1,1,0.929674,0.769792,0.598973,0.602156,0.987485,0,0,0,0,0.750775,1.19059,0.51002,0,0,0,0,0,1,1,0,0,w,m
1403,BAD,1,1,0.925014,0.752707,0,0.623737,0.708324,0,0,0,0,0.670628,0.987812,0.533751,0,0,0,0,0,1,1,0,0,w,m
1404,BAD,1,1,0.884362,0.749416,0,0,0,0,0,0,0,0.795284,1.11539,0.659346,0,0,0,0,0,1,1,0,1,w,m
1405,BAD,1,1,0.902646,0.834197,0,0.575834,0,0,0,0,0,0.813538,0.936685,0.710249,0,0,0,0,0,1,1,0,0,w,m
1435,BAD,1,1,0.926171,0.869238,0,0,1.04897,0,0,0,0,1.02147,0.901241,0,0,0,0,0,0,0,1,0,0,w,m
1436,BAD,1,1,0.92986,0.61401,0,0,0.86089,0,0,0,0,1.08519,0.897759,0.520422,0,0,0,0,0,0,1,0,0,w,m
1437,BAD,1,1,0.919725,0.601586,0,0,1.16133,0,0,0,0,1.02942,0.84907,0,0,0,0,0,0,0,1,0,0,w,m
1438,BAD,1,1,0.926288,0.59771,0,0,0.935698,0,0,0,0,1.02062,0.905226,0,0,0,0,0,0,0,1,0,0,w,m
1439,BAD,1,1,0.92402,0.62399,0,0,1.11595,0,0,0,0,1.01,0.985919,0.502995,0,0,0,0,0,1,1,0,0,w,m
1440,BAD,1,1,0.924858,0.676417,0,0,0.860204,0,0,0,0,1.01073,0.865987,0,0,0,0,0,0,0,1,0,0,w,m
1441,BAD,1,1,0.92606,0.610888,0,0,1.20795,0,0,0,0,0.901304,1.09343,0,0,0,0,0,0,0,1,0,0,w,m
1442,BAD,1,1,0.926008,0.729269,0.578461,0,1.20128,0,0,0,0,0.889363,1.13544,0.525258,0,0,0,0,0,0,1,0,0,w,m
1443,BAD,1,1,0.925698,0.693727,0,0,0.891719,0,0,0,0,1.03192,1.04609,0.578101,0,0,0,0,0,0,1,0,0,w,m
1444,BAD,1,1,0.936531,0.752362,0,0,1.06985,0,0,0,0,0.870191,0.946309,0.524378,0,0,0,0,0,0,0,0,0,w,m
1445,BAD,1,1,0.934282,0.880381,0.649232,0,0.88995,0,0,0,0,1.13489,1.07661,0.561296,0,0,0,0,0,1,1,0,0,w,m
1446,BAD,1,1,0.938602,0.800413,0,0,0.798613,0,0,0,0,1.33843,1.06045,0,0,0,0,0,0,0,0,0,0,w,m
1447,BAD,1,1,0.938121,0.77485,0,0,0.606015,0,0,0,0,1.31788,1.07502,0.543996,0,0,0,0,0,0,0,0,0,w,m
3049,BAD,1,1,0.927208,0.733646,0,1.5743,0,0,0,0,0,1.05522,0.957793,0,0.835782,0,0,0,0,0,1,0,1,w,m
3050,BAD,1,1,0.925599,0.700368,0,1.39218,0,0,0,0,0,0,0.903838,0,0.700584,0,0,0,0,0,1,0,1,w,m
3051,BAD,1,1,0.937461,0.661355,0,1.61705,0,0,0,0,0,0,1.18102,0,0,0,0,0,0,0,1,0,1,w,m
3052,BAD,1,1,0.910301,0.500045,0,1.46862,0,0,0,0,0,0,0.711682,0,0,1.19592,0,0,0,0,1,0,0,w,m
3072,BAD,1,1,0.895152,1.02211,0,1.42656,0,0,0,0,0,0,0,0,0,0,0,1,0,0,1,0,1,w,m
3073,BAD,1,1,0.881064,1.02476,0,1.31342,0,0,0,0,0,0,0,0,0,0,0,1,0,0,0,0,1,w,m
3074,BAD,1,1,0.871908,1.03424,0,1.16414,0,0,0,0,0,0,0,0,0,0,0,1,0,0,0,0,1,w,m
3077,BAD,1,1,0.877651,1.07108,0,1.22936,0,0,0,0,0,0,0.658282,0,0,0,0,1,0,0,1,0,0,w,m
3078,BAD,1,1,0.867631,1.15631,0.633719,1.25043,0,0,0,0,0,0,0.607399,0,0,0,0,1,0,0,1,0,0,w,m
3079,BAD,1,1,0.769115,0.913439,0,1.2074,0,0,0,0,0,0.537839,1.22894,0,0,0,0,0,0,0,0,0,0,w,m
3080,BAD,1,1,0.901288,0.915861,0,1.2943,0,0,0,0,0,0,0.634959,0,0,0,0,0,0,0,1,0,0,w,m
3081,BAD,1,1,0.891131,0.854838,0,1.52956,0,0,0,0,0,0,0.652823,0,0,0,0,0,0,0,1,0,0,w,m
3082,BAD,1,1,0.889475,0.902566,0,1.77376,0,0,0,0,0,0,0.759441,0,0,0,0,1,0,0,1,0,0,w,m
3083,BAD,1,1,0.895786,0.604356,0,1.56726,0,0,0,0,0,0,0.761851,0,0,0,0,0,0,0,1,0,0,w,m
3084,BAD,1,1,0.888536,0.746803,0,1.42386,0,0,0,0,0,0,0.581234,0,0,0,0,1,0,0,1,0,0,w,m
3085,BAD,1,1,0.856323,0.846677,0,1.26304,0,0,0,0,0,0,0,0,0,0,0,1,0,0,1,0,1,w,m
3086,BAD,1,1,0.811754,1.02446,0,1.39824,0,0,0,0,0,0,0,0,0,0,0,1,0,0,1,0,1,w,m
3087,BAD,1,1,0.823669,1.00228,0,1.32926,0,0,0,0,0,0,0.611505,0,0,0,0,1,0,0,1,0,1,w,m
3088,BAD,1,1,0.801235,0.924215,0,1.57597,0,0,0,0,0,0,0.787618,0,0,0,0,1,0,0,1,0,1,w,m
3089,BAD,1,1,0.862508,0.797482,0,1.33763,0,0,0.586354,0,0,0,0.774253,0,0,0,0,1,0,0,1,0,1,w,m
3090,BAD,1,1,0.86969,0.663784,0,1.42033,0,0,1.02512,0,0,0,0.989171,0,0,0,0,1,0,0,1,0,1,w,m
3091,BAD,1,1,0.882063,0,0,1.12784,0,0,1.12464,0,0,0,1.07549,0,0,1.01656,0,1,0,0,1,0,1,w,m
3092,BAD,1,1,0.902562,0,0,1.22894,0,0,1.50105,0,0,0,0.503388,0,0,1.12258,0,1,0,0,1,0,1,w,m
3093,BAD,1,1,0.888134,0,0,0,0,0,1.51983,0,0,0,0,0,0,0.990122,0,0,0,0,1,0,1,w,m
3094,BAD,1,1,0.841454,0,0,0.535974,0,0,0,0,0,0,0,0,0,1.48614,0,0,0,0,1,0,1,w,m
3095,BAD,1,1,0.910901,0,0.680285,0,0,0,0,0,0,0,0,0,0,1.08603,0,0,0,0,0,0,0,w,m
3096,BAD,1,1,0.944278,0,0.636616,0.647324,0,0,0.620249,0,0,0,0,0,0,0,0,0,0,0,0,0,0,w,m
3097,BAD,1,1,0.94939,0,0.670784,0.796205,0,0,1.79575,0,0,0,0,0,0,1.17434,0,0,0,0,0,0,1,w,m
3098,BAD,1,1,0.93968,0,0,0,0,0,2.39042,0,0.90865,1.21577,0,0,1.04226,3.05416,0,0,0,0,0,0,1,w,m
3099,BAD,1,1,0.845823,0,0,0.626576,0,0,2.5843,0,0,0.754683,0,0,0.593605,2.0222,0,0,0,0,0,0,1,w,m
3100,BAD,1,1,0.876474,0,0,0,0,0,1.02041,0,0,0,0,0,1.69044,2.15303,0,0,0,0,1,0,1,w,m
3101,BAD,1,1,0.939486,0,0,0.62244,0,0,0,0,0,0.989915,0,0,1.25017,0.951546,0,0,0,0,1,0,1,w,m
3102,BAD,1,1,0.963971,0,0,1.25675,0,0,0,0,0,1.24884,0.719694,0,0.999227,0,0,0,0,0,1,0,1,w,m
3103,BAD,1,1,0.953666,0,0,0.878938,0,0,0,0,0,0.954439,0.920035,0.551911,1.27006,0,0,0,0,0,1,0,1,w,m
3104,BAD,1,1,0.936471,0.606242,0,0.634171,0,0,0.828678,0,0,1.08877,0.925351,0.630992,1.06181,0,0,0,0,0,0,0,1,w,m
3105,BAD,1,1,0.87886,0,0,0,0,0,0,0,0,0.779258,0.739621,0.522699,0.800613,0,0,0,0,0,0,0,1,w,m
3106,BAD,1,1,0.877095,0,0,0,0,0,0.787821,0,0,0,0,0,0.951284,0,0,0,0,0,0,0,1,w,m
3107,BAD,1,1,0.892658,0,0.680026,0,0.617815,0,0.51123,0,0.76631,0.565755,0,0,1.15956,0,0,0,0,0,0,0,0,w,m
3108,BAD,1,1,0.862888,0,1.12366,0,0.523726,0,0.785613,0.571752,1.45841,0.979796,0,0,1.02449,0,0,0,1,0,0,0,0,w,m
4021,BAD,1,1,0.879847,0.855338,0.760292,2.14102,0,0,1.1789,0,0,1.18638,0,0,0.79898,0,0,0,0,0,1,0,1,w,m
4022,BAD,1,1,0.872304,1.22671,1.05064,2.23326,0,0,1.26648,0,0.726825,1.13492,0,0,0.956499,0,0,0,0,0,1,0,1,w,m
4023,BAD,1,1,0.884078,0.857622,0,2.40807,0,0,1.38062,0,0,1.58268,0,0,0.620531,1.08161,0,0,0,0,1,0,1,w,m
4024,BAD,1,1,0.904328,1.72365,0.880133,1.89993,0,0,0,0.523794,0,0.584915,1.18133,0,1.52715,0,0,1,0,1,1,0,1,w,m
4025,BAD,1,1,0.812856,1.3124,1.84148,0.913203,0,0,0,0,0,0,0.715596,0,0.558549,0,0,0,0,0,1,0,0,w,m
4029,BAD,1,1,0.760421,0.585237,0.949751,1.62823,0,0,0,0,0.591369,0,0.79363,0,1.42781,0,0,1,0,0,1,0,0,w,m
4031,BAD,1,1,0.788318,0,0.890111,0,0,0,0.623425,0,0,0,0,0,1.02308,1.15208,0,1,0,0,1,0,1,w,m
4033,BAD,1,1,0.859946,0.609658,1.12485,1.12998,0,0,0,0,0,0,0,0,0.932424,0.587567,0.725781,1,0,0,0,0,1,w,m
4034,BAD,1,1,0.78617,0.875338,1.55392,1.77313,0,0,0.943004,0,0,0,1.02647,0,0.805966,0.82889,0.741358,1,0,0,1,0,0,w,m
3068,BAD,1,1,0.972947,0,0.797583,0.841747,0.667878,0,0,0,0,0,0,0,0.545312,4.13276,1.16817,0,1,0,0,0,1,m,w
3069,BAD,1,1,0.976921,0,0.881143,0.88097,0.661929,0,0,0,0.548109,0,0,0,0,3.9352,1.17911,0,1,0,0,0,0,m,w
3070,BAD,1,1,0.979202,0,0.958211,1.03379,0.829231,0,0,0,0.551459,0,0,0,0.515097,4.42948,1.17417,0,1,0,0,0,0,m,w
3071,BAD,1,1,0.97961,0,1.28995,1.07438,0.75096,0,0,0,0.69399,0,0.540064,0,0.709229,4.05368,1.11571,0,1,0,0,0,0,m,w
3072,BAD,1,1,0.979198,0,1.22557,1.33336,0.973337,0,0,0,0,0,0,0,0.532648,4.07422,1.11607,0,0,0,0,0,0,m,w
3073,BAD,1,1,0.981032,0,1.57804,1.28515,0.831198,0,0.959132,0,0,0.545627,0,0,0,4.10638,1.14316,0,0,0,0,0,1,m,w
3074,BAD,1,1,0.981923,0,1.42285,1.61588,0.937534,0,1.06979,0,0,0,0,0,0.620415,4.02151,1.15306,0,0,0,0,0,1,m,w
3075,BAD,1,1,0.985004,0,1.36549,1.48663,0.827785,0,1.08253,0,0,0,0,0,0.807194,3.68305,1.18364,0,0,0,0,0,1,m,w
3076,BAD,1,1,0.984531,0,1.49067,1.50089,1.06285,0,1.13208,0,0,0,0,0,0.553332,4.16765,1.18786,0,0,0,0,0,1,m,w
3077,BAD,1,1,0.986373,0,1.75888,1.55731,1.12004,0,1.10693,0,0,0,0,0,0,4.04712,1.13727,0,0,0,0,0,1,m,w
3078,BAD,1,1,0.987113,0,1.63831,1.14405,1.2194,0,0.844582,0,0,0,0,0,0.510913,3.85697,1.10639,0,0,0,0,0,1,m,w
3079,BAD,1,1,0.985635,0,1.74319,1.41377,1.13767,0,0.7968,0,0,0,0,0,0.727786,3.51182,1.03239,0,0,0,0,0,0,m,w
3080,BAD,1,1,0.985377,0,1.75167,1.68484,1.33092,0,0.63597,0,0,0,0,0,0.637561,3.47652,1.04371,0,0,0,0,0,1,m,w
3081,BAD,1,1,0.97706,0,1.90544,1.93823,0.685283,0,1.54461,0,0,0,0,0,0.683052,3.44168,0.805019,0,0,0,0,0,1,m,w
3082,BAD,1,1,0.978193,0,0,0,0,0,0.83584,0,0,0,0.73319,0,0.678981,2.78922,0,0,0,0,1,0,1,m,w
3083,BAD,1,1,0.853203,0,0,0,0,0,0,0,0,0,0,0,0,2.34329,0,0,0,0,0,0,0,m,w
3084,BAD,1,1,0.988692,0,0.571105,0,0,0,1.15599,0,0,0.664107,0,0,0.501283,0,0,0,0,0,0,0,0,m,w
3088,BAD,1,1,0.989068,0,0,0,0,0,1.64962,0,0,0,0.907863,0,0,0,0,0,0,1,1,0,1,m,w
3089,BAD,1,1,0.990966,0,0,0,0,0,1.49166,0,0,0,0.888191,0,0,0,0,0,0,1,1,0,1,m,w
3090,BAD,1,1,0.991722,0,0,0,0,0,2.09705,0,0,0.649666,0.78143,0.592097,0.679914,0,0,0,0,1,1,0,1,m,w
15760,BAD,1,1,0.970953,0,0,2.85254,0,0.627986,1.56532,0,0.554924,0,0,0,0.529432,3.92634,0,1,1,1,0,0,1,w,w
15761,BAD,1,1,0.973365,0,0,2.92808,0,0.671963,1.31812,0,0.668221,0,0,0,0,4.16877,0,1,1,1,0,0,1,w,w
15762,BAD,1,1,0.969631,0,0,3.1328,0,0.724276,1.165,0,0.906727,0.560359,0,0,0,4.38583,0,1,1,1,1,0,1,w,w
15763,BAD,1,1,0.958093,0,0,2.7637,0,0.632738,1.17317,0,1.01467,0.653703,0,0,0,4.6322,0,1,1,1,0,0,0,w,w
15764,BAD,1,1,0.957075,0,0,2.5144,0,0.645386,1.34697,0,0.996915,0.750536,0,0,0,4.14358,0,1,1,1,0,0,0,w,w
15765,BAD,1,1,0.948427,0,0,2.64219,0,0.710374,1.20488,0.523616,0.970639,0.713814,0.613792,0,0,4.01092,0,1,1,1,0,0,0,w,w
15766,BAD,1,1,0.938848,0,0,2.5642,0,0.824368,1.05325,0.527138,1.18389,1.0633,0,0,0,3.94677,0,1,1,1,0,0,0,w,w
15767,BAD,1,1,0.94094,0,0,2.64751,0,0.931429,1.0624,0.608981,1.15564,0.947626,0,0,0,4.02051,0,1,1,1,0,0,0,w,w
15768,BAD,1,1,0.932809,0,0,2.47582,0,0.872718,0.503286,0,1.35981,0.848201,0,0,0,4.2749,0,1,1,1,0,0,0,w,w
15769,BAD,1,1,0.91977,0,0,2.17502,0,0.796381,0,0,1.28373,0.829624,0.559986,0,0,4.62568,0,1,1,1,0,0,0,w,w
15770,BAD,1,1,0.910452,0,0,2.11288,0,0.709055,0,0,1.17931,0.576303,0,0,0.683404,4.23633,0,0,1,1,0,0,0,w,w
15771,BAD,1,1,0.918669,0,0,1.96264,0,0.587565,0,0,1.0572,0,0,0,0,4.3539,0,0,1,1,0,0,0,w,w
15772,BAD,1,1,0.91425,0,0,1.9795,0,0,0,0,0.931586,0,0,0,0,4.29633,0,0,1,1,1,0,1,w,w
15773,BAD,1,1,0.912336,0,0,1.56746,0.580898,0,0.667066,0,0.769024,0,0,0,0,3.86334,0,0,1,1,1,0,1,w,w
15774,BAD,1,1,0.897985,0,0,1.64776,0.643698,0,0,0,0,0,0.600014,0,0,2.13067,0,1,0,1,1,0,1,w,w
15775,BAD,1,1,0.843991,0.725671,0,1.57941,0.723735,0,0,0,0,0,0.526937,0,0,1.63682,0,0,0,1,1,0,1,w,w
15776,BAD,1,1,0.836317,0.959154,0,1.54329,0,0,0,0,0,0,0.757312,0,0,2.76158,0,1,0,1,1,0,1,w,w
15777,BAD,1,1,0.819494,1.29885,0.790701,1.65824,0,0,0,0,0,0,1.20229,0,0,2.21632,0,1,0,1,1,0,1,w,w
15778,BAD,1,1,0.838468,1.39636,0.695514,1.6873,0,0,0,0,0,0,0.949888,0,0,2.376,0,1,0,1,1,0,1,w,w
15779,BAD,1,1,0.819023,1.60046,0.803817,1.46027,0,0,0,0,0,0,1.00008,0,0,2.42399,0,1,0,1,1,0,1,w,w
15780,BAD,1,1,0.812375,1.50699,0.702716,1.8039,0,0,0.812789,0,0,0,0.749778,0,0,2.36616,0,1,0,1,1,0,1,w,w
15781,BAD,1,1,0.811125,1.44375,0.905672,1.57498,0,0,0.587445,0,0,0,0.709324,0,0,2.53496,0,1,0,1,1,0,1,w,w
15782,BAD,1,1,0.8394,1.56094,0.878347,1.88113,0.535684,0,0.6824,0,0,0,0.533379,0,0,2.82178,0.549943,1,0,1,1,0,1,w,w
15783,BAD,1,1,0.85141,1.64533,0.698156,1.71823,0,0,0,0,0,0,0.562662,0,0,3.26418,0,1,0,1,1,0,1,w,w
15784,BAD,1,1,0.825095,1.28381,0.684003,1.78948,0,0,0,0,0,0,0,0,0,3.50855,0.510827,1,0,1,1,0,0,w,w
15785,BAD,1,1,0.838841,1.41564,0,1.82855,0.836179,0,0,0,0,0,0.761118,0,0,2.90624,0,1,0,1,1,0,0,w,w
15786,BAD,1,1,0.859965,0.99268,0.517729,1.91946,0.83006,0,0,0,0,0,0.703372,0,0.525031,3.3356,0,1,0,1,1,0,0,w,w
15787,BAD,1,1,0.847295,1.07219,0.752591,1.62695,0,0,0,0,0,0,0.919368,0.505508,0,3.41817,0,0,0,1,1,0,1,w,w
15788,BAD,1,1,0.856855,1.03505,0.621395,1.84091,0.557494,0,0,0,0,0,0.987481,0.581238,0,3.6825,0,0,1,1,1,0,1,w,w
15789,BAD,1,1,0.849679,0.90506,0,1.3961,0.508839,0,0,0,0,0,0.868677,0.574667,0,4.18883,0,0,1,1,1,0,0,w,w
15790,BAD,1,1,0.845911,0.939831,0,1.35946,0,0,0,0,0.601191,0,1.00335,0.569015,0.504888,4.12837,0,0,1,1,1,0,0,w,w
15791,BAD,1,1,0.837178,0.910888,0,1.39142,0,0,0,0,0.67178,0,0.719806,0.723989,0.554473,3.87681,0,0,1,1,1,0,1,w,w
15792,BAD,1,1,0.85559,1.07873,0,1.45269,0,0,1.01556,0,0.643208,0,0.579029,0.816054,0.831355,3.82657,0,0,1,1,1,0,1,w,w
15793,BAD,1,1,0.861189,0.841194,0,1.19063,0,0,0.872585,0,0.697191,0,0.574193,0.958637,1.09052,3.51696,0,0,1,1,1,0,1,w,w
15794,BAD,1,1,0.863755,0.911495,0.523744,1.27188,0,0,1.0068,0,0.656603,0,0.659893,0.867703,0.855087,3.22223,0,0,1,1,1,0,0,w,w
15795,BAD,1,1,0.8763,0.659384,0,1.11063,0,0,1.13798,0,0.691194,0,0.525299,0.799751,0,3.39418,0,0,1,1,1,0,0,w,w
15796,BAD,1,1,0.888052,0.958018,0,0.789922,0,0,1.00462,0,0.647353,0,0,0.741159,0.806324,2.82779,0,0,1,1,1,0,0,w,w
15797,BAD,1,1,0.874273,0,0,0,0,0,0.537203,0,0,0,0.690926,0.944139,0,2.73469,0,0,1,1,1,0,0,w,w
15798,BAD,1,1,0.901338,0,0,0.540237,0,0,0.648858,0,0.677627,0,0,0.802167,0,3.60888,0,0,1,1,1,0,0,w,w
15799,BAD,1,1,0.832958,0,0,0.699785,0.755642,0.50228,1.03587,0,0.839639,0.92296,0,0.672996,0,2.4767,0,0,1,1,0,0,0,w,w
15800,BAD,1,1,0.861307,0,0.69173,1.48319,0.881987,0,0,0.588645,0.844017,0.954981,0,0,0,2.75913,0,1,1,0,0,0,0,w,w
15801,BAD,1,1,0.898131,0,0.699508,2.05026,1.15011,0,0,0.770295,1.06446,0,0.710182,0.539237,0,2.21646,0,1,1,1,0,0,0,w,w
15802,BAD,1,1,0.964096,0,0,0,1.20534,0,0.757151,0.679527,0.660584,1.16582,0,0,1.67835,1.23483,0,0,1,1,0,0,0,w,w
44331,BAD,1,1,0.956091,0,0,0,0,0.990771,0.767675,1.14773,1.71879,1.96334,0,0,0,2.64238,0,0,1,0,0,0,0,w,w
44332,BAD,1,1,0.959013,0.698451,0.827558,0,0,0.856764,1.0277,0.94846,1.26125,1.8898,0,0,0,2.72473,0,0,1,0,0,0,0,w,w
44333,BAD,1,1,0.974527,0.519701,0.879485,0,0,0.62492,0,0.632393,0.905213,1.20866,0,0,0,2.56047,0,0,1,0,0,0,0,w,w
44334,BAD,1,1,0.886539,0,1.30047,0,0,0.821168,0,0.779024,0.686114,2.52121,1.09011,0.651709,1.6441,4.54663,0,0,0,0,0,0,0,w,w
44335,BAD,1,1,0.797234,0.64712,1.66846,0,0,0,0.741855,0,0,0.765667,1.27447,0,0,4.59633,0,0,0,0,0,1,0,w,w
44336,BAD,1,1,0.733922,0.578514,0.950957,0,0.576322,0.752812,0,0.908335,0,2.20481,0,1.33508,0,1.87515,0,0,1,1,1,1,0,w,w
44341,BAD,1,1,0.741357,1.8535,1.41474,0,0.521873,0,0,0,0,0,0,1.24046,0,1.34155,0,0,1,1,0,1,0,w,w
44342,BAD,1,1,0.733105,2.01938,1.27481,0,0,0,0,0,0,0.563639,0,1.22109,0,1.40905,0,0,1,1,1,1,0,w,w
44352,BAD,1,1,0.752353,1.44287,0.684942,2.2668,1.63184,0,0,0,0,0,0,0.799932,1.80749,2.70569,0,1,0,0,1,0,0,w,w
8706,BAD,1,1,0.85685,0.980249,1.09891,0,0,0,0,0,0.933487,0,0,0,2.30271,0,0,0,1,1,0,0,1,m,m
8707,BAD,1,1,0.828141,1.07849,1.0834,0,0,0,0.650146,0,1.03792,0,0,0,2.41608,0,0,0,0,1,0,0,1,m,m
15114,BAD,1,1,0.978774,0,0,0,0.518889,0.823036,0,0.994826,1.23075,2.29203,0.72438,0,0.892443,0,0,0,1,1,0,0,0,m,m
15115,BAD,1,1,0.980799,0,0,0,0,0.795105,0,0.986105,0.994269,2.14062,0.678806,0,0.830255,0,0,0,1,1,0,0,0,m,m
15116,BAD,1,1,0.983946,0,0,0,0.525882,0.749027,0,0.787556,0.908204,2.0345,0.631676,0,0.797799,1.01816,0,0,1,1,0,0,0,m,m
15117,BAD,1,1,0.974518,0,0,0.611585,0,0.823585,0,0.867119,1.07817,1.75659,0.657145,0,0.819704,1.64783,0,0,1,1,1,0,0,m,m
15118,BAD,1,1,0.979538,0,0,0.803394,0,0.825184,0,0.86803,1.02662,1.48528,0.590521,0,0.885615,1.49644,0,0,1,1,1,0,0,m,m
15119,BAD,1,1,0.982348,0,0,0.836325,0,0.883512,0,0.981171,1.10921,1.64551,0.694523,0,1.07052,2.12018,0,0,1,1,1,0,0,m,m
15120,BAD,1,1,0.983527,0,0,0.770071,0,0.848674,0,0.965138,1.2618,1.52349,0.537225,0,0.983969,1.65608,0,0,1,1,1,0,0,m,m
15121,BAD,1,1,0.980893,0,0,0.713825,0,0.968423,0,1.12733,1.23673,2.04503,0,0.628726,0.556667,1.15897,0,0,1,1,1,0,0,m,m
15122,BAD,1,1,0.955453,0,0,0.95117,0,0.690035,1.03438,0.92255,0.894168,1.56199,0,0.737865,0,0.617319,0,1,1,1,1,0,0,m,m
15145,BAD,1,1,0.94008,0,0,0,0,0,1.05449,0,0,0,0,0,0,0,0,0,0,1,0,0,0,m,m
29400,BAD,1,1,0.982348,0,0.87681,0.567594,0.580598,0,0,0,0.981936,0.895017,0,0,0,1.27711,0,0,0,1,1,0,0,w,w
29402,BAD,1,1,0.9901,0,0,0.991538,0.547688,0,0,0,0.744579,0,0,0,0.723265,0.783836,0,0,0,1,0,0,1,w,w
29403,BAD,1,1,0.988203,0,0,0.901498,0,0,0.919474,0,0,0,0,0,0,0.933312,0,0,0,1,0,0,1,w,w
29404,BAD,1,1,0.982447,0,0,1.05081,0,0,0.809343,0,0,0.539009,0,0,0,1.01349,0,0,0,1,0,0,1,w,w
29405,BAD,1,1,0.985509,0,0,0.784338,0,0,0.924848,0,0,0,0,0,0,1.17604,0,0,0,1,0,0,1,w,w
29406,BAD,1,1,0.986044,0,0,0,0,0,0,0,0,0,0,0,0,1.3261,0,0,0,1,0,0,1,w,w
29407,BAD,1,1,0.980425,0,0,0,0,0,0,0,0,0,0,0,0,1.07098,0,0,0,1,0,0,1,w,w
29408,BAD,1,1,0.97612,0.532336,0,0,0,0,0,0,0,0,0,0,0,1.03672,0,0,0,1,0,0,1,w,w
29409,BAD,1,1,0.975459,0.501473,0,0,0,0,0,0,0,0,0,0,0,0.973066,0,0,0,0,0,0,1,w,w
29410,BAD,1,1,0.975128,0.511148,0,0,0.6012,0,0,0,0,0,0,0,0,1.02198,0,0,0,1,0,0,1,w,w
29411,BAD,1,1,0.975674,0,0,0,0,0,0,0,0,0,0,0,0,1.04975,0,0,0,1,0,0,1,w,w
29412,BAD,1,1,0.975304,0,0,0,0,0,0,0,0,0,0,0,0,1.07638,0,0,0,1,0,0,1,w,w
29413,BAD,1,1,0.975079,0,0,0,0,0,0,0,0,0,0.899013,0,0,0.943126,0,0,0,1,0,0,1,w,w
29414,BAD,1,1,0.980353,0,0,0,0,0,0,0,0,0,0.692658,0.711618,0,0.857488,0,0,0,1,0,0,1,w,w
29415,BAD,1,1,0.980172,0,0,0,0,0,0,0,0,0,0.978597,0.888203,0,0.728391,0,0,0,1,0,0,1,w,w
29416,BAD,1,1,0.983516,0,0,0,0,0,0,0,0,0,1.27162,0.973387,0,0,0,0,0,1,0,0,1,w,w
29417,BAD,1,1,0.983778,0,0,0,0,0,0,0,0,0,1.32579,1.12688,0,0.527305,0,0,0,1,0,0,1,w,w
29418,BAD,1,1,0.985611,0,0,0,0,0,0.505281,0,0,0,1.55087,1.21518,0,0.538459,0,0,0,1,0,0,1,w,w
29419,BAD,1,1,0.984719,0,0,0,0,0,0,0,0,0,1.4382,1.18946,0,0.63612,0,0,0,1,0,0,1,w,w
29420,BAD,1,1,0.986228,0,0,0,0,0,0,0,0,0,1.4417,1.23486,0.549925,0.791275,0,0,0,1,0,0,1,w,w
29421,BAD,1,1,0.986694,0,0,0,0,0,0.633677,0,0,0,1.49443,1.24808,0.615849,0.748,0,0,0,1,0,0,1,w,w
29422,BAD,1,1,0.986426,0,0,0,0,0,0.516122,0,0,0,1.60887,1.08875,0,0.8241,0,0,0,1,0,0,1,w,w
29423,BAD,1,1,0.986008,0,0,0,0,0,0,0,0,0,1.65651,1.11562,0,0.649625,0,0,0,1,0,0,1,w,w
29473,BAD,1,1,0.984059,0,0,0,0.599838,0,0.72473,0.536368,0.878642,0.796417,0.641523,0,0,1.96141,0,0,0,1,1,0,0,w,w
29474,BAD,1,1,0.987766,0,0,0,0.792405,0,0.674588,0.588101,0.783662,0.965539,0,0,0.868836,1.62903,0,0,0,1,1,0,0,w,w
29475,BAD,1,1,0.986426,0,0,0,0.905433,0,1.023,0.631517,0.7753,0.976697,0.503044,0,0.674328,1.58171,0,0,0,1,1,0,0,w,w
29476,BAD,1,1,0.989024,0,0,0,1.37253,0.515582,0.638216,0.575621,0.83208,0.817094,0,0,0.668335,1.70629,0,0,0,0,1,0,0,w,w
29477,BAD,1,1,0.98806,0,0,0,1.1997,0,0.518755,0.518233,0.728886,0.574429,0,0,0,1.16648,0,0,0,1,1,0,0,w,w
29478,BAD,1,1,0.992825,0,0,0,1.48912,0,0.906376,0,0.767088,0,0.509959,0,0,1.09608,0,0,0,1,1,0,0,w,w
29479,BAD,1,1,0.992422,0,0,0,1.46166,0,0.896786,0.605428,0.895723,0.667596,0,0,0,0.543676,0,0,0,1,1,0,0,w,w
29480,BAD,1,1,0.994207,0,0,0,1.41003,0,0.798807,0.581245,1.06339,0.87165,0,0,0.662441,0,0,0,0,1,1,0,0,w,w
29481,BAD,1,1,0.994714,0,0,0,1.41011,0,0,0.546381,1.00244,1.0554,0,0,0.819071,1.0198,0,0,0,1,0,0,0,w,w
29482,BAD,1,1,0.992323,0,0.615378,0.705361,1.0333,0,0,0,0.922262,1.10665,0,0,0,0.942532,0,0,0,1,0,0,0,w,w
29483,BAD,1,1,0.988408,0,0.930866,0.601049,0.579472,0,0.607597,0,0.78422,1.39722,0,0,0,1.18479,0,0,0,1,1,0,1,w,w
29484,BAD,1,1,0.991187,0,1.42817,0.537469,0,0.538375,0.890115,0.581613,0.930329,1.60331,0.50923,0,0,1.2557,0,0,0,1,0,0,1,w,w
29485,BAD,1,1,0.993312,0,1.39314,0,0,0.619488,0.756412,0.716521,0.935584,1.74467,1.00887,0,0,0.930239,0,0,0,1,0,0,0,w,w
29486,BAD,1,1,0.994217,0,1.12767,0.736695,0,0.702932,1.002,0.894754,1.41871,2.10616,1.39821,0,0.55512,0.807266,0,0,1,1,0,0,0,w,w
29487,BAD,1,1,0.993607,0,1.01518,1.11529,0,0.765441,0.824284,0.97737,1.45735,2.25218,1.40458,0,0,0,0,0,1,1,0,0,0,w,w
29488,BAD,1,1,0.991461,0,0.953165,1.50776,0,0,0.93218,0.542634,1.10053,1.59755,1.48929,0,0.674806,1.65914,0,0,0,1,0,0,1,w,w
15727,BAD,1,1,0.986064,0.716378,0,0.731482,0,0,0,0,0,0,0.668431,0,0,0,0,0,0,1,0,0,1,m,m
15728,BAD,1,1,0.988113,0,0,0.617376,0,0,0,0,0,0,0.533801,0,0,0,0,0,0,1,0,0,1,m,m
15729,BAD,1,1,0.988174,0,0,0.50836,0,0,0,0,0,0,0.517886,0,0,0,0,0,0,1,0,0,0,m,m
15730,BAD,1,1,0.989693,0,0,0,0,0,0,0,0,0,0.69154,0,0,0,0,0,0,1,0,0,0,m,m
15731,BAD,1,1,0.987202,0,0,0,0,0,0,0,0,0,0.52059,0,0,0,0,1,0,0,0,0,0,m,m
15732,BAD,1,1,0.988661,0,0,0,0,0,0,0,0,0,0.558913,0,0,0,0,1,0,0,0,0,0,m,m
15733,BAD,1,1,0.983695,0,0,0,0,0,0,0,0,0,0,0,0,0,0,1,0,0,0,0,0,m,m
15734,BAD,1,1,0.983028,0,0,0,0,0,0,0,0,0,0,0,0,0,0,1,0,0,0,0,0,m,m
15735,BAD,1,1,0.982777,0,0,0,0,0,0,0,0,0,0,0,0,0,0,1,0,0,0,0,1,m,m
15736,BAD,1,1,0.982983,0,0,0,0,0,0,0,0,0,0,0,0,0,0,1,0,0,0,0,1,m,m
15737,BAD,1,1,0.982639,0,0,0,0,0,0,0,0,0,0,0,0,0,0,0,0,0,0,0,1,m,m
15738,BAD,1,1,0.979562,0,0,0,0,0,0,0,0,0,0,0,0,0,0,0,0,0,0,0,1,m,m
15739,BAD,1,1,0.979506,0,0,0,0,0,0,0,0,0,0,0,0,0,0,0,0,0,0,0,0,m,m
15740,BAD,1,1,0.983965,0,0,0,0,0,0,0,0,0,0,0,0,0,0,0,0,1,0,0,0,m,m
15741,BAD,1,1,0.98573,0.575727,0,0,0,0,0,0,0,0,0.615917,0,0,0,0,0,0,1,0,0,1,m,m
15830,BAD,1,1,0.94816,1.76403,0,1.68329,0.832103,0,0,0,0,0,0.510749,0.567239,0,0,0.500849,0,0,1,1,0,0,m,m
15831,BAD,1,1,0.916101,1.36059,0,1.14404,1.34756,0,0,0,0,0,0.797485,0,0.607564,0,0,0,0,1,0,0,0,m,m
15832,BAD,1,1,0.900389,0,0,0,1.74378,0,0,0,0,0,1.26415,0,1.83302,1.43987,0,0,0,0,0,0,0,m,m
15833,BAD,1,1,0.983932,1.43214,0,0.516491,0,0,0,0,0,0,0,0,1.01176,2.52677,0.796034,0,0,1,1,0,1,m,m
15834,BAD,1,1,0.981222,0.772196,0,0,0,0,0,0,0,0,0.764155,0,0.846761,3.59416,0.960936,1,0,0,1,0,1,m,m
15835,BAD,1,1,0.981223,0.883403,0,0.607712,0,0,0,0,0,0,0,0,0,2.46503,0.886884,0,0,0,1,0,0,m,m
15836,BAD,1,1,0.91869,1.17822,0.825792,1.17095,1.19404,0,0,0,0,0.620298,0,0.584479,0,2.99928,0,0,0,0,1,0,0,m,m
15839,BAD,1,1,0.826813,2.26059,0.887038,2.28225,2.0553,0.505487,0,0.553747,0.563345,0,0.848244,0.892195,1.31994,3.73269,0,0,0,0,0,0,0,m,m
46589,BAD,1,1,0.911095,2.60296,2.51626,1.93632,1.15252,0,0.527594,0,0,0.727979,0.853087,0.660891,0,0,0,0,1,1,1,0,0,m,m
46590,BAD,1,1,0.882569,2.18877,2.34391,2.42259,0.972009,0,0.879674,0,0,0.665922,0,0.742577,0,0,0,1,1,1,1,0,0,m,m
46592,BAD,1,1,0.809968,1.22325,0.97806,1.06879,1.42118,0,0,0.661599,0,0,0.719496,0,0,0,0,1,1,0,0,0,0,m,m
46593,BAD,1,1,0.747629,1.29033,0.789068,0.661443,1.28612,0.523941,0,0.940131,0,0.555319,0.881222,0,0.639946,0,0,1,1,0,0,0,0,m,m
46602,BAD,1,1,0.744152,0.961683,0,0,1.5329,0.582344,1.33475,0.782015,1.52578,0,0,0,0,3.49417,0,0,1,0,1,0,0,m,m
46603,BAD,1,1,0.910365,1.47176,0.981482,0,1.53474,0.722912,0.886795,0.906371,1.33689,0,0,0,0,1.36241,0,0,1,0,1,0,0,m,m
46604,BAD,1,1,0.921926,2.01612,2.15738,0,1.16009,0.559937,1.05497,0,0.751341,0,0,0,0,0.778592,0,0,1,0,1,0,0,m,m
46605,BAD,1,1,0.762028,2.95937,3.17886,1.24596,1.67537,0,1.40936,0,0,0,0,0.608752,0,0,0,1,1,0,1,1,0,m,m
46606,BAD,1,1,0.87486,2.49602,2.5796,1.17374,1.78808,0,0.955972,0,0.579442,0,0,0,0,0,0,0,1,0,1,0,0,m,m
46607,BAD,1,1,0.8752,2.77391,2.55639,1.51491,2.19276,0,1.33216,0,0.60803,0,0,0,0,0,0,1,1,0,1,0,0,m,m
46623,BAD,1,1,0.91479,1.37958,1.95997,1.76023,0.936075,0.54339,1.13144,0.764322,0.715366,0.751959,0,0,1.08747,0,0,0,1,1,0,0,0,m,m
5583,BAD,1,1,0.814591,1.15634,0.621416,0,0,0,0,0,0,0,0,0,0.589427,1.6122,0,1,0,1,1,0,0,m,m
5604,BAD,1,1,0.750369,0,1.87905,0,0.592435,0,2.13669,0,0,0,0,0,1.18584,3.55979,0,1,0,0,0,0,1,m,m
5605,BAD,1,1,0.81684,0,0,0,0,0,0.524033,0,0,0.619594,0.828453,0.840056,1.22518,0.953855,0.513742,1,0,1,1,1,1,m,m
5606,BAD,1,1,0.955039,0,0,0,0,0,0.625235,0,0,1.19602,0.956865,0,1.93434,0.790809,0.582395,1,0,1,0,0,1,m,m
5607,BAD,1,1,0.955685,0,0,0.628664,0,0,0.885518,0,0,0.676027,0.732335,0,0.955563,0,0,1,0,1,0,0,1,m,m
5608,BAD,1,1,0.953575,0,0,0.657786,0,0,0.75225,0,0,0,0,0,0.737317,0,0.513964,1,0,1,0,0,1,m,m
5609,BAD,1,1,0.948622,0,0,0.559677,0,0,0,0,0,0,0.852189,0,0,0,0.665939,1,0,1,0,0,1,m,m
5610,BAD,1,1,0.915049,0,0,1.03815,0,0,0,0,0,0,1.04347,0,0,2.12082,0.89814,1,0,1,0,0,1,m,m
5611,BAD,1,1,0.910812,0,0,1.14843,0,0,0,0,0,0,0.863023,0,0,1.70109,0.92995,1,0,1,0,0,1,m,m
5612,BAD,1,1,0.915742,0,0,1.26691,0,0,0,0,0,0,1.03934,0,0,2.10665,0.91582,1,0,1,0,0,1,m,m
5613,BAD,1,1,0.928126,0,0,1.02853,0,0,0,0,0,0,0.857321,0,0,1.78407,0.968907,1,0,1,0,0,1,m,m
5614,BAD,1,1,0.956354,0,0,0,0.614207,0,0,0,0,0,0.526949,0,0,1.14678,0.81396,1,0,1,0,0,1,m,m
5615,BAD,1,1,0.956616,0,0,0,0,0,0,0,0,0,0,0,0.701413,0.651675,0.643151,1,0,1,0,0,1,m,m
5616,BAD,1,1,0.950595,0,0,0.507789,0.853088,0,0.78469,0,0,0,0.738985,0,0.534967,0,0,1,0,1,0,1,1,m,m
5617,BAD,1,1,0.943855,0,0,0,0.58952,0,0.696421,0,0,0,0.682717,0,0.508738,0,0.54867,1,0,1,0,1,1,m,m
5618,BAD,1,1,0.941031,0,0,0.585648,0,0,1.34701,0,0,0,0.569001,0,0.775953,0,0,1,0,1,1,1,1,m,m
5619,BAD,1,1,0.941325,0,0,0.518486,0,0,1.4868,0,0,0,0,0,1.05154,0,0,1,0,1,0,1,1,m,m
5620,BAD,1,1,0.945908,0,0,0.559592,0,0,1.08421,0,0,0,0,0,1.32307,0,0,1,0,1,0,0,1,m,m
5621,BAD,1,1,0.94598,0,0,0.768416,0,0,0.974679,0,0,0,0.551874,0,1.33162,0,0,1,0,1,0,0,1,m,m
5622,BAD,1,1,0.946935,0,0,0.624709,0,0,0.827984,0,0,0,0.613891,0,1.13545,0,0,1,0,1,0,0,1,m,m
5623,BAD,1,1,0.943263,0,0,0.589784,0.512775,0,0.943076,0,0,0,0.640117,0,1.26931,0,0,1,0,1,0,0,1,m,m
5624,BAD,1,1,0.949807,0,0,0.791738,0.530091,0,0.922619,0,0,0,0,0,1.26711,0,0,1,0,1,0,0,1,m,m
5805,BAD,1,1,0.838415,0,0,0,0,0.604447,1.42817,0.577794,0.643623,0.570168,0,0,0.615074,0,0,1,1,1,1,0,1,m,m
5806,BAD,1,1,0.971245,0.506983,0,0.714913,0,0,1.23286,0,0,0,0,0,0,1.56853,0,1,0,1,0,0,1,m,m
5807,BAD,1,1,0.944059,0,0,0,0,0.598434,1.94067,0,1.0101,0,0,0.620765,0,0,0,1,1,1,0,0,1,m,m
5808,BAD,1,1,0.778594,0.60828,0,0,0.924682,0.606132,2.10275,0,0,0,0.561289,0,0,0,0,1,0,1,0,0,1,m,m
5809,BAD,1,1,0.952452,0.593683,0.866283,0.808197,0,0,2.40211,0,0,0.871267,1.00599,0.660149,1.41279,0,0,1,0,1,0,0,1,m,m
5810,BAD,1,1,0.939351,0.9155,1.97145,1.4033,0,0,1.39481,0,0,0.663776,1.25277,0.558713,1.32096,0,0.534451,1,0,1,0,0,1,m,m
5811,BAD,1,1,0.847033,1.3493,1.49086,1.52018,0.510625,0,2.59767,0,0,0,0,0.831165,1.60882,1.53527,0,1,0,1,1,0,1,m,m
5812,BAD,1,1,0.794227,0.62401,1.06744,1.7044,0,0,1.37408,0,0,0,1.19201,1.46371,1.8655,0,0,1,0,1,1,0,1,m,m
5822,BAD,1,1,0.817537,1.47775,0.6082,1.10611,0.692515,0,0,0,0,0,1.24761,0,0,1.12008,0.89099,1,0,1,0,0,1,m,m
5823,BAD,1,1,0.833366,1.20052,0,0.717782,0.910286,0,0,0,0,0,1.14038,0,0,1.48635,0.822488,1,0,1,0,0,1,m,m
5824,BAD,1,1,0.817889,0.582724,0.601232,0,1.0566,0,0.694446,0,0,0,0,0,0,0,0,1,0,1,1,0,1,m,m
5825,BAD,1,1,0.787465,1.7805,1.62307,0.518789,0,0.530264,1.64013,0,0,0,0,0,0.772927,0,0,1,0,1,1,0,0,m,m
5826,BAD,1,1,0.773792,1.67874,0.710258,1.11758,0,0.552722,1.96444,0,0,0,0,0,1.37084,0,0,1,0,1,1,0,1,m,m
5827,BAD,1,1,0.861442,0.982922,0.671955,0,0.879048,0,1.21518,0,0,0,0,0,0.798354,0,0,1,0,1,1,0,1,m,m
11750,BAD,1,1,0.850686,1.05051,2.54109,0,0,0.740847,1.01671,0.592257,1.33446,0.944084,0,0,0,0,0,1,1,0,1,0,0,m,m
11751,BAD,1,1,0.872368,1.01539,2.44146,0,0,0.732702,0,0.62642,1.43242,1.39368,0,0,0,0,0,0,1,0,1,0,0,m,m
11774,BAD,1,1,0.790906,0.806165,1.22998,0,0,0,1.52979,0.650043,1.17103,0.817896,0,0,0.507253,2.09434,0,1,1,1,1,0,0,m,m
11775,BAD,1,1,0.864001,1.23991,1.15697,2.03875,0,0,1.65731,0,0,0.944672,0,0,1.27102,0,0,1,0,1,1,0,1,m,m
51122,BAD,1,1,0.965098,0,0,0.561892,0,0.829956,1.13359,0.891531,1.28607,1.67226,0,0,0.624972,2.2248,0,1,1,1,0,0,1,m,m
51123,BAD,1,1,0.958014,0,0,0,0,0.644581,0.741031,0.742477,1.09803,1.73898,0,0,0.971856,1.41164,0,1,0,1,0,0,1,m,m
51161,BAD,1,1,0.931576,0,0,0,0,0.887673,2.04617,1.12739,1.64276,1.39889,0.617014,0,0.706958,2.65418,0,1,1,1,1,0,1,m,m
51162,BAD,1,1,0.935237,0,0.572574,0,0,0.896473,1.64301,1.08328,1.94955,1.56081,0,0,1.11417,2.45283,0,0,1,1,1,0,1,m,m
51163,BAD,1,1,0.875155,0,0,0,0,1.03238,0.593592,1.38652,2.28864,1.81356,0,0,1.93489,1.82681,0.606749,0,1,1,1,0,1,m,m
51165,BAD,1,1,0.949466,0,0,0,0,0.807678,1.22924,1.02633,1.68807,1.29706,0.716829,0,0.776596,1.80016,0,0,1,1,0,0,1,m,m
51166,BAD,1,1,0.955928,0,0,0,0,0.895376,1.55558,1.08217,1.71742,1.25077,0,0,0.892985,1.93832,0,0,1,1,0,0,1,m,m
51167,BAD,1,1,0.954211,0,0,0,0,0.852693,1.6648,1.1036,1.58592,1.78929,0,0,0.786733,2.32252,0,0,1,1,0,0,1,m,m
51171,BAD,1,1,0.927431,0,0,0,0,0.569395,0.727462,0.774348,1.42859,1.04681,0,0,0.80314,0.884986,0,0,1,1,0,0,1,m,m
51172,BAD,1,1,0.945573,0,0,0,0,0.56326,0.747425,0.745771,1.20409,0.644503,0,0,0.889537,0.728195,0,1,1,0,0,0,1,m,m
51173,BAD,1,1,0.95358,0,0,0,0,0.682549,1.02793,0.882946,1.32868,0.97153,0,0,0.581565,0,0,1,1,0,1,0,1,m,m
51174,BAD,1,1,0.96267,0,0,0,0,0.774967,1.25052,0.927205,1.49633,0.894751,0,0,0,0.703941,0,1,1,1,1,0,1,m,m
51175,BAD,1,1,0.945346,0,0,0,0,0.688956,1.71594,0.827024,1.08181,1.15994,0,0,0.737778,1.24343,0,1,1,1,0,0,1,m,m
51176,BAD,1,1,0.953443,0,0,0.803083,0,0.528928,1.70368,0.734593,1.27024,0.945397,0,0,0,0,0,1,1,1,0,0,1,m,m
51177,BAD,1,1,0.938283,1.09954,1.51626,0,0,0,1.27647,0,0.846415,0.526533,0,0,0,0,0.695379,1,1,1,0,0,1,m,m
10993,BAD,1,1,0.956752,0,0,1.28498,0,0,1.60761,0,0,0,0.944976,0.939848,2.90687,0,0,0,0,0,0,0,0,w,w
10994,BAD,1,1,0.958529,0,0.634231,1.09875,0,0,1.6628,0,0,0,0.991615,0.957503,2.50779,0,0,0,0,0,0,0,0,w,w
10995,BAD,1,1,0.956151,0,0,0.978977,0,0,1.39012,0,0,0,1.15222,1.13562,2.67333,0,0,0,0,0,0,0,0,w,w
10996,BAD,1,1,0.951155,0,0,0.785724,0,0,1.62202,0,0,0,0.983827,1.07119,2.66047,0,0,0,0,0,0,0,0,w,w
10997,BAD,1,1,0.94762,0,0,0,0,0,1.20534,0,0,0,1.13507,1.18212,2.49877,0,0,0,0,0,1,0,0,w,w
10998,BAD,1,1,0.959002,0,0,0.791803,0,0,1.23327,0,0,0,1.15302,0.82028,1.99018,0,0,0,0,1,0,0,0,w,w
10999,BAD,1,1,0.961508,0,0,0.728099,0,0,0.515239,0,0,0,1.33121,0.542386,1.26522,0,0,0,0,1,1,0,0,w,w
11000,BAD,1,1,0.956943,0,0,0.938686,0,0,0,0,0,0,1.28647,0.537085,1.37077,0,0,0,0,1,0,0,0,w,w
11001,BAD,1,1,0.959975,0,0,0.792741,0,0,0,0,0,0,0.81359,0.539224,1.36369,0,0,0,0,1,1,0,0,w,w
11002,BAD,1,1,0.966084,0,0,0.63322,0.600017,0,0,0,0,0,0.60323,0,1.28745,0,0,0,0,1,0,0,0,w,w
11003,BAD,1,1,0.962184,0,0,0.770116,0.689929,0,0,0,0,0,0,0.772248,1.02879,0,0,0,0,1,0,0,0,w,w
11004,BAD,1,1,0.957319,0,0.712151,0,0.682292,0,0,0,0,0,0,0,1.14613,0,0,0,0,0,0,0,0,w,w
11005,BAD,1,1,0.945811,0,0.621289,0.536512,0.637917,0,0,0,0,0,0,0,0,0,0,0,0,0,1,0,1,w,w
11006,BAD,1,1,0.945709,0,0.925056,0.816798,0.908078,0,0,0,0,0,0,0,0.628862,0.719934,0.505114,0,0,0,0,0,1,w,w
11007,BAD,1,1,0.952655,0,0.749559,0.835941,1.00013,0,0,0,0,0,0,0,0.527117,1.19408,0,0,0,0,1,0,1,w,w
11008,BAD,1,1,0.955971,0,0,0.744339,0.967956,0,0,0,0,0,0,0,0,1.24698,0,0,0,0,1,0,1,w,w
11009,BAD,1,1,0.954598,0,0,0.865909,0.943811,0,0,0,0,0,0,0,0.593607,1.374,0,0,0,0,1,0,1,w,w
11010,BAD,1,1,0.956378,0,0,0.814829,1.0615,0,0,0,0.583619,0,0.58555,0,0,1.58161,0,0,0,0,1,0,1,w,w
11011,BAD,1,1,0.953726,0,0,0,0.876128,0,0,0,0.563186,0,0.637424,0,0.573421,1.34734,0,0,0,0,1,0,0,w,w
11012,BAD,1,1,0.957096,0,0,0,0.905703,0,0,0,0.999408,0,0.818202,0,0,0.791658,0,0,1,0,1,0,0,w,w
11013,BAD,1,1,0.958218,0,0,0,0.725535,0,0,0,1.13341,0,0.989398,0,0,0.887105,0,0,1,0,1,0,0,w,w
11014,BAD,1,1,0.952832,0,0,0,0.993108,0,0,0,1.1915,0,1.14288,0,0.681661,1.18113,0,0,1,0,1,0,0,w,w
11015,BAD,1,1,0.942943,0,0,0,0.821168,0,0,0,1.28887,0.678495,1.10724,0,0.696645,0.708643,0,0,1,0,1,0,0,w,w
11016,BAD,1,1,0.945501,0,0,0.547,0.95254,0,0,0,1.13721,0.670103,0.961352,0,0.670385,1.22882,0,0,1,0,1,0,0,w,w
11017,BAD,1,1,0.940372,0,0,0.505086,1.13039,0.511173,0,0,0.980612,0.845686,0.937694,0,0.819473,1.06248,0,0,1,0,1,0,0,w,w
11018,BAD,1,1,0.944647,0,0,0.863577,0.955527,0,0,0,1.19522,0.657,1.06165,0,0.554856,1.26373,0,0,1,0,1,0,0,w,w
11019,BAD,1,1,0.940428,0,0,0.981538,0.907274,0.624524,0,0.522383,1.25608,0.518818,1.31318,0,0.670144,1.29048,0,0,1,0,1,0,0,w,w
11020,BAD,1,1,0.946175,0,0,1.07404,1.04711,0.579086,0,0,1.1843,0.712031,1.38599,0,0.75036,1.32692,0,0,1,0,1,0,0,w,w
11021,BAD,1,1,0.945906,0,0,0.953661,0.901289,0.622855,0,0,1.22995,0.734004,1.25154,0,0.623911,1.45816,0,0,1,0,1,0,0,w,w
11022,BAD,1,1,0.946074,0,0,0.859568,0.782058,0.590904,0,0,1.33464,0.623367,1.28159,0,0.686705,0.9132,0,0,1,0,1,0,0,w,w
11038,BAD,1,1,0.970206,0,0,0.878137,0.606651,0.764433,0,0,1.33898,0,1.29879,0,0,2.05903,0,0,1,0,0,0,0,w,w
11039,BAD,1,1,0.973391,0,0,0.786514,0.650282,0.7702,0,0,1.2312,0,1.17246,0,0,1.84204,0,0,1,0,1,0,0,w,w
11040,BAD,1,1,0.972256,0,0,0.687498,0.587513,0.72952,0,0,1.12089,0,0.95568,0,0,2.18017,0,0,1,0,1,0,0,w,w
11041,BAD,1,1,0.9718,0,0,0.762814,0,0.777519,0,0,0.890718,0,1.22276,0,0,1.45775,0,0,1,0,1,0,0,w,w
11042,BAD,1,1,0.971832,0,0,0.775499,0,0.717264,0,0,0.897892,0,1.29489,0,0,1.59923,0,0,1,0,1,0,0,w,w
11043,BAD,1,1,0.969838,0,0,0.632275,0.602717,0.76664,0,0,1.02392,0,1.24993,0,0,1.59446,0,0,1,0,1,0,0,w,w
11044,BAD,1,1,0.96928,0,0,0.551597,0.564466,0.70518,0,0,0.981044,0,1.38403,0,0,1.06738,0,0,1,0,1,0,0,w,w
1,BAD,1,1,0.890658,0,0,0.543096,0,0.664673,0,0.700172,1.26818,1.50711,0,0,0.779231,0,0,0,0,0,1,0,0,w,m
2,BAD,1,1,0.932625,0,0,0,0,0.740256,0,0.734274,1.56514,1.04922,0,0,0,0,0.614228,0,0,0,1,0,0,w,m
3,BAD,1,1,0.951149,0,0,0.672984,0,0.633545,0,0.733131,1.64922,0.719275,0,0,0,0,0.520136,0,0,0,0,0,0,w,m
75,BAD,1,1,0.843582,0.790493,0.665755,1.44811,1.55816,0,1.46574,0,0.661486,0,0,0,1.51752,0,0,1,0,0,1,0,0,w,m
10244,BAD,1,1,0.887901,0.568638,0,1.14288,0,0,1.5489,0,0,0,0,0,0,0.751725,0.772225,0,0,0,0,0,0,w,m
10245,BAD,1,1,0.911084,0.656262,0.562771,2.05375,0,0,1.11176,0,0,0,0.849915,0,0.812074,1.69184,0.703358,0,0,1,1,0,1,w,m
10246,BAD,1,1,0.863048,0.612172,0,1.53401,0.594973,0,0.932282,0,0.621801,0.540284,0.648464,0,1.00681,2.58448,0,0,0,0,1,0,0,w,m
10247,BAD,1,1,0.902737,0,0.555331,1.20909,0,0,1.12305,0,0,0,0,0,0,2.9202,0,0,0,0,1,0,0,w,m
10248,BAD,1,1,0.939644,0,0,0.859294,0.561382,0,0,0,0,0,0,0,0,2.27029,0,0,0,0,1,0,0,w,m
10249,BAD,1,1,0.952158,0,0,0,0.587676,0,0,0,0,0.61983,0.694102,0,0.529096,2.31787,0,0,0,0,1,0,0,w,m
10250,BAD,1,1,0.960839,0,0,0,0.546527,0,0.76286,0,0,0,0,0,0,1.93374,0,0,0,0,1,0,0,w,m
10251,BAD,1,1,0.962294,0,0.516044,0,0.902972,0,0,0,0,0.743122,0,0,0,2.00148,0,0,0,0,1,0,0,w,m
10252,BAD,1,1,0.957622,0.738469,0.592878,0,1.16514,0,0.553815,0,0,1.01479,0,0,0,1.89877,0,0,0,0,1,0,0,w,m
10253,BAD,1,1,0.907857,0.626179,0,0,1.28922,0,0.659402,0,0.543376,0.987807,0.762744,0,0,1.10149,0,0,0,0,1,0,0,w,m
10254,BAD,1,1,0.923547,0.686613,0.539235,0,1.43292,0,0,0,0,1.17437,0,0,0,1.11214,0,0,0,0,1,0,0,w,m
10255,BAD,1,1,0.911441,0.59433,0,0,1.44441,0,0,0,0.505437,1.13539,0.971795,0,0,0.752935,0,0,0,0,1,0,0,w,m
10256,BAD,1,1,0.906985,1.1373,0.700425,0,1.84483,0,0,0,0.538519,0.854472,0.713145,0,0,1.24821,0,0,0,0,1,0,0,w,m
10257,BAD,1,1,0.929168,1.16639,0.557647,0,1.67649,0,0,0,0.621281,1.13262,1.03859,0,0,1.74553,0,0,0,0,1,0,0,w,m
10258,BAD,1,1,0.917781,1.5363,1.11657,0,1.53963,0,0,0.648138,0.630949,1.31642,1.08991,0.59145,0,1.635,0,0,0,0,1,0,0,w,m
10259,BAD,1,1,0.934214,1.09363,0.817536,0,1.81603,0,0,0,0,1.25877,0.900867,0,0,2.11982,0,0,0,0,1,0,0,w,m
10260,BAD,1,1,0.944543,1.35011,0.658499,0,1.58242,0,0,0,0,1.14031,0,0,0,2.70621,0,0,0,0,1,0,0,w,m
10261,BAD,1,1,0.955396,0.904223,0,0,1.52171,0,0,0,0,0.797735,0.830751,0,0,2.54672,0,0,0,0,1,0,0,w,m
10262,BAD,1,1,0.95166,1.15088,0,0,0.97919,0,0,0,0,1.27089,0.751676,0,0,2.86007,0,0,0,0,1,0,0,w,m
10263,BAD,1,1,0.928404,0.514034,0,0,1.45469,0,0,0,0.591419,1.2141,0.738961,0,0,1.67135,0,0,0,0,1,0,0,w,m
10264,BAD,1,1,0.940985,0,0,0,1.35056,0,0,0,0,1.0278,0.667095,0,0,1.40694,0,0,0,0,1,0,0,w,m
10265,BAD,1,1,0.961189,0,0,0,0.893076,0,0,0.51427,0,1.4155,0.71898,0,0,2.28091,0,0,0,0,1,0,0,w,m
10266,BAD,1,1,0.944853,0.548707,0,1.28297,1.03717,0,0,0.696613,0,1.57167,0.767444,0,0,2.76828,0,0,0,0,1,0,0,w,m
10267,BAD,1,1,0.916484,0,0,1.2214,0.870256,0,0.750877,0.831061,0.546591,1.74159,0.91762,0,0,3.16183,0,0,0,0,1,0,0,w,m
10268,BAD,1,1,0.879535,0,0,1.27635,0.991884,0.596973,1.02433,1.01721,0.744486,2.17672,0.57167,0,0,3.40411,0,1,0,0,1,0,0,w,m
10269,BAD,1,1,0.80966,0,0.641865,1.35277,0.9311,0.783849,1.3072,1.29973,0.843963,2.6204,0.658359,0,0.819784,3.22468,0,0,0,0,1,0,0,w,m
10270,BAD,1,1,0.794938,0,0.575232,1.32602,0.696843,0.833067,1.47423,1.33133,0.80438,2.62725,0.867772,0,0.52014,3.16981,0,0,0,0,1,0,0,w,m
10271,BAD,1,1,0.789631,0,0,1.42021,0,0.746588,1.4399,1.34989,0.797575,2.14087,1.06356,0,0,3.00262,0,0,0,0,1,0,0,w,m
10272,BAD,1,1,0.809271,0,0,0.95064,0,0.577133,1.03045,1.1585,0.781888,1.95095,0.776479,0,0,3.05984,0,0,0,0,1,0,0,w,m
10273,BAD,1,1,0.801298,0,0,0.880744,0.530113,0.584899,1.45529,1.19096,0.773884,2.18301,0.816909,0,0,2.48209,0,0,0,0,1,0,0,w,m
10274,BAD,1,1,0.783341,0,0,0.676368,0,0.668834,1.3446,1.38414,0.900515,2.36387,1.07427,0.734366,1.0212,2.71699,0,0,0,0,1,1,0,w,m
10275,BAD,1,1,0.816106,0,0,0.858074,0,0.616868,1.62037,1.34043,0.90441,1.99129,0.915859,0.629604,0,2.8277,0,0,0,0,1,0,0,w,m
10276,BAD,1,1,0.799558,0,0,0.734229,0,0.728107,1.49108,1.46842,1.08796,2.19799,1.25985,0.708336,0.60181,2.62169,0,0,0,0,1,0,0,w,m
10277,BAD,1,1,0.777264,0,0.684401,0.978676,0,1.02291,1.62841,1.62711,1.08569,2.14248,1.21456,0.562318,0.539199,2.41053,0,0,0,0,1,0,0,w,m
10278,BAD,1,1,0.803595,0,0.623072,0.695214,0,1.05058,1.48987,1.64048,0.799379,2.684,1.05541,0,0,2.58693,0,0,0,0,0,0,0,w,m
10279,BAD,1,1,0.842387,0,0,0,0,1.08854,0.533646,1.92742,1.04345,2.83459,1.01264,0,0,1.03595,0,0,0,0,0,1,0,w,m
10280,BAD,1,1,0.821846,0,0,0,0,1.15622,0,1.888,1.05518,2.52951,0,0,0,2.32003,0,0,1,0,0,0,0,w,m
10281,BAD,1,1,0.845597,0,0,0,0,1.02783,0.761714,1.7796,1.06993,2.70136,0.942173,0,0,1.77868,0,0,1,0,0,0,0,w,m
10282,BAD,1,1,0.871925,0,0,0,0,0.919738,0.970581,1.66191,0.929575,2.72784,0.796024,0,0,2.26167,0,0,0,0,0,1,0,w,m
10283,BAD,1,1,0.896221,0,0,0,0,0.787629,1.22073,1.49079,0.970649,2.35224,0,0,0,2.68826,0,0,0,0,0,1,0,w,m
10284,BAD,1,1,0.872349,0,0,0.824677,0,0.808082,1.08874,1.41316,0.875855,2.53947,0.693039,0.570038,0,2.46524,0,0,0,0,0,1,0,w,m
10285,BAD,1,1,0.897621,0,0,1.03216,0,0.787212,1.66585,1.33957,1.0818,2.04818,0.891666,0,0,2.60507,0,0,0,0,0,0,0,w,m
10286,BAD,1,1,0.877249,0,0,0.814431,0,1.05214,1.47987,1.62876,1.02848,2.35701,1.19428,0,0,3.39979,0,0,0,0,0,0,0,w,m
10287,BAD,1,1,0.88864,0,0,0.990212,0,1.007,1.22597,1.46566,1.18425,2.30522,1.02802,0,0,3.35803,0,0,0,0,0,0,0,w,m
10288,BAD,1,1,0.915299,0,0,1.18574,0,1.06942,0.898649,1.59683,0.972408,2.36658,0.813947,0,0,2.88334,0,0,0,0,0,0,0,w,m
10289,BAD,1,1,0.914272,0,0,0.635369,0,0.743108,0.638363,1.23897,0.760417,1.70567,0.556936,0,0,3.19565,0,0,0,0,0,0,0,w,m
10290,BAD,1,1,0.926167,0,0,0.768735,0,0.890744,0,1.50526,1.03754,2.07638,0.57541,0,0,2.53459,0,0,0,0,0,0,0,w,m
10291,BAD,1,1,0.919671,0,0,0.892256,0,0.941869,0,1.52967,0.950219,2.25839,1.32845,0,0,2.58359,0,0,0,0,0,0,0,w,m
10292,BAD,1,1,0.916551,0,0,0.833373,0,0.837003,0,1.46863,0.864447,1.92026,0.861218,0,0,2.8349,0,0,0,0,0,0,0,w,m
10293,BAD,1,1,0.9099,0,0,1.07188,0,0.575027,0,1.19729,0,1.45074,1.13007,0,0,2.67546,0,0,0,0,0,0,0,w,m
10294,BAD,1,1,0.902219,0,0,0.881471,0,0,0,1.01996,0,1.3649,1.02233,0,0,3.29252,0,0,0,0,0,0,0,w,m
10295,BAD,1,1,0.870149,0,0,0.528484,0,0.5641,0,1.14336,0,1.58996,1.13851,0,0,3.10332,0,0,0,0,0,0,0,w,m
10296,BAD,1,1,0.847721,0,0,0,0,0,0,1.03098,0,1.57619,0.908023,0,0,1.79571,0,0,0,0,1,0,0,w,m
10297,BAD,1,1,0.840262,0,0,0,0,0,0,0.777869,0,1.07998,0.83502,0,0,1.86641,0,0,0,0,0,0,0,w,m
10298,BAD,1,1,0.897258,0,0,0,0,0,0,0.677192,0,1.49199,0,0,0,3.06702,0,0,0,0,1,0,0,w,m
10299,BAD,1,1,0.900827,0,0,0,0,0,0,0.87852,0,1.45987,0,0,0,2.29772,0,0,0,0,0,0,0,w,m
10300,BAD,1,1,0.904349,0,0,0,0.557968,0,0,0.783439,0,1.51463,0,0,0,1.79196,0,0,0,0,1,0,0,w,m
10301,BAD,1,1,0.924748,0,0,0,0.698077,0,0,0.543765,0,1.30293,0,0,0,1.16376,0,0,0,0,1,0,0,w,m
10302,BAD,1,1,0.92899,0,0,0,1.03841,0,0,0.526141,0,1.07974,0,0,0,1.56783,0,0,0,0,1,0,0,w,m
10303,BAD,1,1,0.940364,0,0,0,1.38453,0,0,0,0,1.16302,0,0,0,1.90538,0,0,0,0,1,0,0,w,m
10304,BAD,1,1,0.943255,0,1.01694,0,1.56549,0,0,0,0.597099,1.44565,0,0,0,1.79285,0,0,0,0,1,0,0,w,m
10305,BAD,1,1,0.952968,0,1.46401,0,1.84664,0,0,0.629138,0.703527,1.15493,0,0,0,1.51548,0,0,0,0,1,0,0,w,m
10306,BAD,1,1,0.956833,0,1.99928,0,1.68639,0,0,0.689536,0.712297,1.15047,0,0,0,1.8734,0,0,0,0,1,0,0,w,m
10307,BAD,1,1,0.953015,0.57433,1.74715,0,1.81729,0,0,0.691013,0.845166,1.28201,0,0,0,1.72966,0,0,0,0,1,0,0,w,m
10308,BAD,1,1,0.952242,0.951745,1.94238,0,1.88912,0,0,0.666016,0.503628,0.933912,0,0,0,1.8028,0,0,0,0,1,0,0,w,m
10309,BAD,1,1,0.954947,0.825361,1.91604,0,1.78984,0,0,0.757573,0.676079,1.04106,0,0,0,1.84218,0,0,0,0,1,0,0,w,m
10310,BAD,1,1,0.947579,0.945242,1.64301,0,2.04954,0.509508,0,0.774307,0.831095,1.11789,0,0,0.531568,1.65069,0,0,0,0,1,0,0,w,m
10311,BAD,1,1,0.9677,1.1521,1.93118,0,2.18281,0,0,0.761536,0.692526,1.06277,0,0,0.614002,1.47325,0,0,0,0,1,0,0,w,m
10312,BAD,1,1,0.943317,1.32968,1.7835,0,1.65475,0,0,0.673743,0.983099,1.1601,0,0,0,2.09063,0,0,0,0,1,0,0,w,m
10313,BAD,1,1,0.940763,0.967301,1.60576,0,1.88162,0.500847,0,0.750068,0.597228,1.23116,0,0,0,1.95276,0,0,0,0,1,0,0,w,m
10314,BAD,1,1,0.969321,0.738006,1.62627,0,2.12175,0,0,0.809772,0.732762,1.17907,0,0,0,1.17856,0,0,0,0,1,0,0,w,m
10315,BAD,1,1,0.966208,1.1363,2.0277,0,2.30436,0,0,0.800456,0.72662,1.43644,0,0,0,1.49525,0,0,0,0,1,0,0,w,m
8974,BAD,1,1,0.941675,0.620488,0.630023,1.3023,0,0,1.82589,0,0,0,0.692928,0,1.63656,3.63695,0,0,0,1,0,0,0,m,w
8975,BAD,1,1,0.931627,0.65821,0.526055,1.37178,0,0,2.06972,0,0,0,0.82825,0,1.44525,3.19273,0,0,0,1,0,0,0,m,w
8976,BAD,1,1,0.93867,0.784952,0.87111,1.321,0,0,1.94658,0,0,0,1.04789,0.506425,1.11131,3.04611,0,0,0,1,0,0,0,m,w
8977,BAD,1,1,0.933601,0.844491,0.789773,0.9229,0,0,1.87111,0,0,0,1.15377,0.644532,1.44457,3.11781,0,0,0,1,0,0,0,m,w
8978,BAD,1,1,0.937117,0.663622,0.827488,1.31249,0.5737,0,2.00748,0,0,0,1.21062,0.698651,1.24324,3.47024,0,0,0,1,0,0,0,m,w
8979,BAD,1,1,0.936254,0,0.61246,1.05984,0.52747,0,1.76167,0,0,0,1.04045,0.54887,1.07529,3.46095,0,0,0,1,0,0,0,m,w
8980,BAD,1,1,0.939129,0.50831,0.536277,1.07139,0,0,1.73965,0,0,0,1.09475,0.531314,1.03701,3.15118,0,0,0,1,0,0,0,m,w
8981,BAD,1,1,0.939021,0,0.58795,1.24776,0,0,2.03492,0,0,0,1.08361,0.557161,1.30228,3.36386,0,0,0,1,0,0,0,m,w
8982,BAD,1,1,0.93338,0,0,0.953286,0.524814,0,1.92637,0,0,0,0.964158,0.599554,1.19022,3.03335,0,0,0,1,0,0,0,m,w
8983,BAD,1,1,0.930859,0,0,0.922334,0,0,2.03774,0,0,0,0.967731,0.577761,1.22473,3.2298,0,0,0,1,0,0,0,m,w
8984,BAD,1,1,0.941494,0,0,1.15273,0,0,1.63022,0,0,0,1.00703,0.583779,1.04703,3.239,0,0,0,1,0,0,0,m,w
8985,BAD,1,1,0.938926,0,0.564614,1.13075,0,0,1.66598,0,0,0,0.962766,0.571532,1.20072,3.257,0,0,0,1,0,0,0,m,w
8986,BAD,1,1,0.939901,0,0.670351,1.19163,0,0,1.82131,0,0,0,0.920145,0,1.06976,3.13301,0,0,0,1,0,0,0,m,w
8987,BAD,1,1,0.934332,0.500923,0.665633,1.12255,0,0,2.0544,0,0,0,0.830126,0,1.07705,3.33601,0,0,0,1,0,0,0,m,w
8988,BAD,1,1,0.938278,0,0.690796,1.17403,0,0,2.13848,0,0,0,0.817928,0,1.17819,3.20827,0,0,0,1,0,0,0,m,w
8989,BAD,1,1,0.939751,0,0.619321,1.00592,0.514135,0,1.64056,0,0,0,0.622474,0.518527,1.42253,3.01171,0,0,0,1,0,0,0,m,w
8990,BAD,1,1,0.936751,0,0.617092,1.2331,0,0,2.12051,0,0,0,0.575481,0,1.29976,3.1585,0,0,0,1,0,0,0,m,w
8991,BAD,1,1,0.94099,0,0.567042,1.27941,0,0,2.01633,0,0,0,0.61222,0,1.33506,3.12565,0,0,0,1,0,0,0,m,w
8992,BAD,1,1,0.942105,0,0.600762,1.31952,0,0,2.10612,0,0,0,0.795349,0,1.43932,3.35687,0,0,0,1,0,0,0,m,w
8993,BAD,1,1,0.940424,0,0.677173,1.29424,0,0,2.07828,0,0,0,0.652013,0,1.34316,3.33957,0,0,0,1,0,0,0,m,w
8994,BAD,1,1,0.935898,0,0.538719,1.14969,0,0,1.95521,0,0,0,0.655905,0,1.50497,3.15066,0,0,0,1,0,0,0,m,w
8995,BAD,1,1,0.939912,0,0.634203,1.17347,0,0,1.71734,0,0,0,0.696715,0,1.51122,3.49499,0,0,0,1,0,0,0,m,w
8996,BAD,1,1,0.942243,0,0.508482,1.28465,0,0,2.05073,0,0,0,0.719274,0,1.43503,3.23683,0,0,0,1,0,0,0,m,w
8997,BAD,1,1,0.936855,0,0.659716,1.22506,0.531317,0,2.10854,0,0,0,0.686456,0,1.4068,3.59204,0,0,0,1,0,0,0,m,w
8998,BAD,1,1,0.939815,0,0.578474,1.22693,0.501025,0,2.07025,0,0,0,0.755033,0,1.26532,3.22667,0,0,0,1,0,0,0,m,w
8999,BAD,1,1,0.939942,0,0.567628,1.04492,0,0,1.94154,0,0,0,0.679996,0,1.27783,3.26646,0,0,0,1,0,0,0,m,w
9000,BAD,1,1,0.938461,0,0.575272,0.966319,0,0,1.78172,0,0,0,0.647228,0,1.25968,3.39023,0,0,0,1,0,0,0,m,w
9001,BAD,1,1,0.944983,0,0.660172,1.50367,0,0,1.98956,0,0,0,0.993105,0,1.31795,3.59596,0,0,0,1,0,0,0,m,w
9002,BAD,1,1,0.938731,0.54637,0.759566,1.26769,0,0,1.83136,0,0,0,0.744074,0,1.30384,3.30176,0,0,0,1,0,0,0,m,w
12,BAD,1,1,0.970729,0,0,0.924346,0.83449,0,0.676065,0,0,0,0.872792,0,0.624756,4.27208,0,0,0,1,0,0,0,w,m
13,BAD,1,1,0.913156,0,0.801012,0,0.638432,0,0,0,0,0,1.7838,0,0,3.35787,0,0,0,1,0,0,0,w,m
14,BAD,1,1,0.794673,0,0.883764,0,0.810457,0,0,0,0,0,2.22689,0.673184,0,2.11514,0,0,0,1,0,0,0,w,m
15,BAD,1,1,0.726361,0.820461,0.817129,0,0.671421,0.559418,0,0.598019,0.523015,0.813923,1.56755,1.30092,0,1.83992,0,0,1,1,0,1,0,w,m
16,BAD,1,1,0.978885,0,0,0.590726,0,0,0,0,0.646218,0,0,0,0,3.00115,0.804314,0,0,1,0,0,0,w,m
23,BAD,1,1,0.980895,0,0,0.689545,0,0,0.538258,0,0.756324,0.545323,0,0,0.571353,3.10869,0.628817,0,0,1,0,0,0,w,m
29,BAD,1,1,0.966587,0,0,0.862214,0.955901,0,0.631333,0,0.916085,0,0,0,0,2.74976,0,0,1,1,0,0,1,w,m
472,BAD,1,1,0.976936,0,0.5376,1.22659,0,0.500336,0,0,0.653645,0,0,0.66523,1.00895,0,0,1,1,0,0,0,0,m,w
473,BAD,1,1,0.977064,0,0,1.21004,0,0,0,0,0,0,0.505888,0.528605,1.17962,0,0,1,1,1,0,0,0,m,w
474,BAD,1,1,0.97814,0,0,1.03494,0,0.50348,0,0,0.604424,0,0.512447,0,0.856181,0,0,1,1,0,0,0,0,m,w
486,BAD,1,1,0.885331,0.867458,1.10756,0,0,0,0,0,0,0.762929,0,0.702478,2.54867,1.07764,0,1,1,0,0,0,0,m,w
5605,BAD,1,1,0.974257,0,0,0,0,0.651795,0.514044,0.610279,0.925674,1.0843,0,0,0.553104,0,0,0,1,0,0,0,0,m,w
5606,BAD,1,1,0.97472,0,0,0,0,0.631605,0,0.549039,0.86623,1.00587,0,0,0,0,0,0,1,0,0,0,0,m,w
5607,BAD,1,1,0.973773,0,0,0,0,0.636347,0,0.559196,0.885405,0.947284,0,0,0,0,0,0,1,0,0,0,0,m,w
5608,BAD,1,1,0.976588,0,0,0,0,0.618629,0,0.51188,0.889319,0.935708,0,0,0.554174,0,0,0,1,0,0,0,0,m,w
5609,BAD,1,1,0.976773,0,0,0,0,0.592791,0,0,0.92154,0.985683,0,0,0.520019,0,0,0,1,0,0,0,0,m,w
5610,BAD,1,1,0.974711,0,0,0.620827,0,0.588891,0,0.5042,1.00471,1.00478,0,0,0.705223,0,0,0,1,0,0,0,0,m,w
5611,BAD,1,1,0.974028,0,0,0.678999,0,0.604828,0,0.529553,0.978636,0.955349,0,0,0.68227,0,0,0,1,0,0,0,0,m,w
5612,BAD,1,1,0.974434,0,0,0.823864,0,0.616458,0,0.529003,0.891611,0.963784,0,0,0.613011,0,0,0,1,0,0,0,0,m,w
5613,BAD,1,1,0.975049,0,0,0.824481,0,0.655656,0,0.553209,0.911228,0.88333,0,0,0.70777,0,0,0,1,0,0,0,0,m,w
5614,BAD,1,1,0.9767,0,0,0.853596,0,0.622209,0,0.526555,0.910974,0.911379,0,0,0.721331,0,0,0,1,0,0,0,0,m,w
5615,BAD,1,1,0.97682,0,0,0.799647,0,0.620168,0,0.588617,0.930815,1.1315,0,0.516774,0.561009,0,0,0,1,0,0,0,0,m,w
5616,BAD,1,1,0.978951,0,0,0.678926,0,0.614437,0,0.552546,0.952665,1.18279,0,0,0,0,0,0,1,0,0,0,0,m,w
5617,BAD,1,1,0.979845,0,0,0,0,0.612066,0,0.570527,0.945313,1.30696,0,0,0,0,0,0,1,0,0,0,0,m,w
5618,BAD,1,1,0.979213,0,0,0,0,0.57346,0,0.524239,0.891903,1.25923,0,0,0,0,0,0,1,0,0,0,0,m,w
5619,BAD,1,1,0.979391,0,0,0,0,0.575624,0,0.529607,0.839057,1.30595,0,0,0,0,0,0,1,0,0,0,0,m,w
5620,BAD,1,1,0.980915,0,0,0.511783,0,0,0.672683,0,0.77384,1.08058,0,0,0,0,0,0,1,0,0,0,0,m,w
5621,BAD,1,1,0.981336,0,0,0.510549,0,0,0.548204,0,0.742691,1.09541,0,0,0,0,0,0,1,0,0,0,0,m,w
5622,BAD,1,1,0.980374,0,0.517638,0.522177,0,0,0.652263,0,0.672618,1.12158,0,0,0.618899,0,0,0,1,0,0,0,0,m,w
5623,BAD,1,1,0.981338,0,0,0.649715,0,0,0.650706,0,0.638652,1.13948,0,0,0.738389,0,0,0,1,0,0,0,0,m,w
5624,BAD,1,1,0.980546,0,0,0,0,0,0.53475,0,0.703362,1.25192,0,0,0.610813,0,0,0,1,0,0,0,0,m,w
5625,BAD,1,1,0.982568,0,0,0,0,0,0.515738,0,0.609418,1.04756,0,0,0.596614,0,0,0,1,0,0,0,0,m,w
5626,BAD,1,1,0.982321,0,0.545823,0,0,0,0,0,0.648924,1.23041,0,0,0.651755,0,0,0,1,0,0,0,0,m,w
5627,BAD,1,1,0.981329,0,0,0,0,0,0,0,0.559277,1.10157,0,0,0.739462,0,0,0,1,0,0,0,0,m,w
5628,BAD,1,1,0.979814,0,0,0,0,0,0,0,0.574957,1.23382,0,0,1.14844,0,0,0,1,0,0,0,0,m,w
5629,BAD,1,1,0.98146,0,0,0,0,0,0,0,0.584782,1.20394,0,0,1.07577,0,0,0,1,0,0,0,0,m,w
5630,BAD,1,1,0.980676,0,0,0,0,0,0,0,0.552749,1.10456,0,0,1.20532,0,0,0,1,0,0,0,0,m,w
5631,BAD,1,1,0.979861,0,0,0,0,0,0,0,0.553607,1.05778,0,0,1.07061,0,0,0,1,0,0,0,0,m,w
5632,BAD,1,1,0.981385,0,0,0,0,0,0,0,0,0.928508,0,0,1.01426,0,0,0,1,0,0,0,0,m,w
5633,BAD,1,1,0.982685,0,0,0,0,0,0,0,0,0.938239,0,0,1.03808,0,0,0,1,0,0,0,0,m,w
7729,BAD,1,1,0.986027,0,0,0,0,0,0,0,0,0,0.707139,0,0.598779,0,0,0,0,1,0,0,0,m,w
7730,BAD,1,1,0.986656,0,0,0,0,0,0,0,0,0,0.73919,0,0.512295,0,0,0,0,1,0,0,0,m,w
7731,BAD,1,1,0.987206,0,0,0,0,0,0,0,0,0.610159,0.769876,0,0.530119,0,0,0,0,1,0,0,0,m,w
7732,BAD,1,1,0.988064,0,0,0,0,0,0,0,0,0.729353,0.753665,0,0,0,0,0,0,1,0,0,0,m,w
7733,BAD,1,1,0.987653,0,0,0,0,0,0,0,0,0.649836,0.718129,0,0.667505,0,0,0,0,1,0,0,0,m,w
7734,BAD,1,1,0.988011,0,0,0,0,0,0,0,0,0.639284,0.685109,0,0.660587,0,0,0,0,1,0,0,0,m,w
7735,BAD,1,1,0.988288,0,0,0,0,0,0,0,0,0.625993,0.661785,0,0.747992,0,0,0,0,1,0,0,0,m,w
7736,BAD,1,1,0.988199,0,0,0,0,0,0,0,0,0.647073,0.651806,0,0.819868,0,0,0,0,1,0,0,0,m,w
7737,BAD,1,1,0.988035,0,0,0,0,0,0,0,0,0.641603,0.72571,0,0.818143,0,0,0,0,1,0,0,0,m,w
7738,BAD,1,1,0.987486,0,0,0,0,0,0,0,0,0.670886,0.764292,0,0.914026,0,0,0,0,1,0,0,0,m,w
7739,BAD,1,1,0.987136,0,0,0,0,0,0,0,0,0.64833,0.799849,0,0.861982,0,0,0,0,1,0,0,0,m,w
7740,BAD,1,1,0.987154,0,0,0,0,0,0,0,0,0.634001,0.792452,0,0.768654,0,0,0,0,1,0,0,0,m,w
7741,BAD,1,1,0.986851,0,0,0,0,0,0,0,0,0.65818,0.836433,0,0.938381,0,0,0,0,0,0,0,0,m,w
7742,BAD,1,1,0.987311,0,0,0,0,0,0,0,0,0.739038,0.761046,0,0.77295,0,0,0,0,0,0,0,0,m,w
7743,BAD,1,1,0.988003,0,0,0,0,0,0,0,0,0.78776,0.817664,0,0.694193,0,0,0,0,0,0,0,0,m,w
7744,BAD,1,1,0.987902,0,0.630369,0,0,0,0,0,0,0.775449,0.53306,0,0.644696,0,0,0,0,0,0,0,0,m,w
7745,BAD,1,1,0.987758,0,0.598644,0,0,0,0,0,0,0.751974,0.537552,0,0.771325,0,0,0,0,0,0,0,0,m,w
7746,BAD,1,1,0.987901,0,0.744634,0,0,0,0,0,0,0.835074,0.729808,0,0.566496,0,0,0,0,0,0,0,0,m,w
7747,BAD,1,1,0.987603,0,0,0,0,0,0,0,0,0.823364,0.772094,0,0.732302,0,0,0,0,0,0,0,0,m,w
7748,BAD,1,1,0.987492,0,0.544692,0,0,0,0,0,0,0.805196,0.839781,0,0.774541,0,0,0,0,0,0,0,0,m,w
7749,BAD,1,1,0.98683,0,0,0,0,0,0,0,0,0.693285,0.799062,0,0.625874,0,0,0,0,1,0,0,0,m,w
7750,BAD,1,1,0.986952,0,0,0,0,0,0,0,0,0.753627,0.884848,0,0,0,0,0,0,1,0,0,0,m,w
7751,BAD,1,1,0.987153,0,0,0,0,0,0,0,0,0.775546,0.784907,0,0.514186,0,0,0,0,1,0,0,0,m,w
7752,BAD,1,1,0.986998,0,0,0,0,0,0,0,0,0.750812,0.805062,0,0.594391,0,0,0,0,1,0,0,0,m,w
7753,BAD,1,1,0.986744,0,0,0,0,0,0,0,0,0.79104,0.830624,0,0.560121,0,0,0,0,0,0,0,0,m,w
7754,BAD,1,1,0.986738,0,0,0,0,0,0,0,0,0.788304,0.751438,0,0.641977,0,0,0,0,0,0,0,0,m,w
7755,BAD,1,1,0.986556,0,0,0,0,0,0,0,0,0.855201,0.815004,0,0.559988,0,0,0,0,1,0,0,0,m,w
7756,BAD,1,1,0.986491,0,0,0,0,0,0,0,0,0.816609,0.851,0,0,0,0,0,0,1,0,0,0,m,w
7757,BAD,1,1,0.986323,0,0,0,0,0,0,0,0,0.799275,0.940228,0,0,0,0,0,0,1,0,0,0,m,w
