time_stamp,word,frame,success,confidence,AU01_r,AU02_r,AU04_r,AU05_r,AU06_r,AU09_r,AU10_r,AU12_r,AU14_r,AU15_r,AU17_r,AU20_r,AU25_r,AU26_r,AU04_c,AU12_c,AU15_c,AU23_c,AU28_c,AU45_c,speaker_gender,listener_gender
9078,WRITE,1,1,0.889404,0.805286,0,0.664205,0,0,1.30642,0,0,0.852089,0,0,0,0,0.767358,1,0,1,0,0,1,m,m
9079,WRITE,1,1,0.883461,0.887759,0,0.518317,0,0,1.54636,0,0,0.510034,0,0,0,0,0.520983,0,0,1,0,0,1,m,m
9094,WRITE,1,1,0.838642,0.882518,0,1.32257,0.834959,0,0,0,0,0.810152,0,0,0,0,0,0,0,0,0,0,0,m,m
3876,WRITE,1,1,0.913448,1.30708,0,1.22692,0,0,0.83735,0,0,0,1.09605,0,0,0,0,0,0,1,1,0,1,m,w
3877,WRITE,1,1,0.88138,0.783168,0,0.928881,0,0,1.03434,0,0,0,0.812094,0,0,0,0,0,0,1,1,0,1,m,w
3878,WRITE,1,1,0.906976,0.602317,0,0.823393,0,0,1.02384,0,0,0,0,0,0,1.16422,0,0,0,0,1,0,0,m,w
3879,WRITE,1,1,0.932447,0,0,0.828145,0,0,1.40872,0,0,0,0,0,0,1.87228,0,0,0,0,1,0,0,m,w
3880,WRITE,1,1,0.927891,0,0,1.15025,0,0,1.16393,0,0.521599,0,0.654445,0,0,2.00482,0,1,0,0,1,0,1,m,w
3881,WRITE,1,1,0.941668,0,0,0.949178,0,0,1.35307,0,0,0.50346,0.7985,0,0,2.37706,0,0,0,1,1,0,1,m,w
3882,WRITE,1,1,0.94166,0.661773,0,1.50408,0,0,1.29993,0,0,0,1.07216,0,0,1.8714,0,1,0,1,1,0,1,m,w
3883,WRITE,1,1,0.948081,0.516007,0,1.27242,0,0,1.44303,0,0,0,1.04228,0,0.818128,2.80739,0,1,0,1,1,0,1,m,w
3884,WRITE,1,1,0.958086,0.71553,0,1.32219,0,0,1.57552,0,0,0,0.966171,0,0,3.16383,0,1,0,0,1,0,1,m,w
3885,WRITE,1,1,0.954475,0.778458,0,1.79253,0,0,1.25609,0,0,0,1.02566,0,0,3.46694,0,1,0,1,1,0,1,m,w
3886,WRITE,1,1,0.953717,1.16159,0.553949,1.78818,0,0,1.42743,0,0,0,1.00478,0,0,3.34271,0.555123,1,0,1,1,0,1,m,w
3887,WRITE,1,1,0.961161,0.639172,0.723416,1.52737,0,0,1.56244,0,0,0,1.32228,0,0,2.60389,0,1,0,1,1,0,0,m,w
3888,WRITE,1,1,0.961842,0.510915,0.611358,1.66423,0,0,1.3595,0,0,0,1.09791,0,0,3.24482,0,1,0,1,1,0,0,m,w
3889,WRITE,1,1,0.960518,0,0,1.1894,0,0,1.33928,0,0,0,1.13342,0,0,3.57968,0,1,0,1,1,0,0,m,w
3890,WRITE,1,1,0.964256,0.580448,0,1.59454,0,0,1.40193,0,0,0,1.03149,0,0.51525,3.44644,0,1,0,1,1,0,0,m,w
3891,WRITE,1,1,0.969473,0,0,1.41261,0,0,1.24602,0,0,0,0.918979,0,0,3.60085,0,1,0,1,1,0,0,m,w
3892,WRITE,1,1,0.96801,0,0,1.5053,0,0,1.5835,0,0,0,0.872268,0,0.601452,3.49127,0,1,0,1,1,0,0,m,w
3893,WRITE,1,1,0.967231,0,0,1.59956,0,0,1.71351,0,0,0,0,0,0,3.13629,0,1,0,1,1,0,0,m,w
3894,WRITE,1,1,0.971043,0,0,1.66488,0,0,2.03808,0,0,0.542252,0,0,0,2.69005,0,1,0,1,1,0,0,m,w
3895,WRITE,1,1,0.964036,0,0,1.77809,0,0,1.79701,0,0,0.93275,0,0,0,2.52172,0,1,0,0,1,0,0,m,w
3896,WRITE,1,1,0.929267,0,0,1.74555,0,0,2.06172,0.501786,0,1.14327,0,0,0,1.78271,0,1,0,1,1,0,0,m,w
3897,WRITE,1,1,0.928039,0,0.554711,1.6215,0,0,1.57175,0.689638,0,1.54007,0,0,0,1.73029,0,1,0,1,1,0,0,m,w
3898,WRITE,1,1,0.896557,0,0,1.35653,0,0.60773,1.37306,1.05931,0.511751,1.37842,0,0,0,0,0,1,0,1,1,0,0,m,w
3899,WRITE,1,1,0.875033,0,0.591344,0.536033,0,0,0.898195,0.883623,0,1.23695,0,0,0,0,0,1,0,0,1,0,0,m,w
3900,WRITE,1,1,0.844477,0,0,0,0,0,1.29163,0.931767,0,1.24112,0,0,0.967816,0,0,1,0,0,1,0,0,m,w
3901,WRITE,1,1,0.766605,0,0,0,0,0.584021,0.508775,1.02382,0,1.05256,0,0,0.740593,0,0,1,0,0,0,0,1,m,w
3902,WRITE,1,1,0.796793,0.567372,0,0,0,0,0,0.86179,0.523872,1.09409,0,0,0.679794,0,0,1,0,0,0,0,1,m,w
3903,WRITE,1,1,0.756499,0,0,0,0,0.560448,0,0.857761,0.769829,1.15893,0,0,0.636234,0,0,1,0,0,0,0,0,m,w
3920,WRITE,1,1,0.740221,0,0,0,0.594106,0,0,0,0,0,0.800497,0,0,0.544312,0,1,0,0,0,0,0,m,w
3921,WRITE,1,1,0.737005,0,0,0,0.906561,0,0,0,0,0,0.578537,0,0,0,0,1,0,0,1,0,0,m,w
3943,WRITE,1,1,0.949372,1.2909,0,1.14877,0,0,0,0,0.584862,0,0.92649,0,0,0,0.610406,0,0,1,1,0,0,m,w
3944,WRITE,1,1,0.943207,1.1331,0,1.11567,0.69663,0,0,0,0,0,0.847406,0,0,0,0.589567,0,0,1,1,0,0,m,w
3945,WRITE,1,1,0.942451,1.1889,0.505071,1.14853,0.632655,0,0.642448,0,0,0,0.693793,0,0,0,0.572176,0,0,1,1,0,0,m,w
3946,WRITE,1,1,0.92758,1.23408,0,0.858704,0,0,0.783244,0,0,0,0.966211,0,0,0,0.60772,0,0,1,1,0,0,m,w
3947,WRITE,1,1,0.930048,1.11595,0,0.981795,0.644311,0,0.665903,0,0,0,1.05857,0,0,0.659042,0.587738,0,0,1,1,0,0,m,w
3948,WRITE,1,1,0.947974,0.908863,0.87225,1.379,0,0,0,0,0,0,0.818456,0,0,0.591184,0.55007,1,0,0,1,0,0,m,w
3949,WRITE,1,1,0.943049,0.746461,1.01543,0.88064,0.771672,0,0,0,0,0,0.724336,0,0,0,0,1,0,1,1,0,0,m,w
3950,WRITE,1,1,0.913679,0.713468,0.567592,0.840998,0.599713,0,0.985778,0,0,0,0,0,0,0,0,1,0,1,1,0,0,m,w
3951,WRITE,1,1,0.897149,0,0.558559,0.973951,0.750675,0,0.858754,0,0,0,0.615766,0,0,0,0,1,0,1,1,0,0,m,w
3952,WRITE,1,1,0.938171,0.671982,0.639818,1.37444,0,0,0.755937,0,0,0,0.549961,0,0,0,0,1,0,0,1,0,0,m,w
3953,WRITE,1,1,0.93181,0.533445,0.567987,0.911675,0,0,0.70524,0,0,0,0,0,0,0,0,1,0,0,1,0,0,m,w
3954,WRITE,1,1,0.916936,0,0.696204,1.02023,0,0,0.648198,0,0,0,0,0,0,0,0,1,0,1,1,0,0,m,w
3955,WRITE,1,1,0.922668,0.513852,0.931796,1.08478,0,0,0.705898,0,0,0,0,0,0,0,0,1,0,0,0,0,0,m,w
3956,WRITE,1,1,0.921614,0,0.617569,0.971186,0,0,0.506142,0.526098,0,0,0,0,0,0,0,1,0,0,0,0,0,m,w
3957,WRITE,1,1,0.88495,0,0,0.774688,0,0,0.514572,0.522396,0,0.848781,0,0,0,0,0,1,0,0,0,0,0,m,w
4010,WRITE,1,1,0.808166,0,0,0,0.850632,0,0,0.674927,0,1.06787,0.573482,0,0,0,0,0,0,0,0,0,0,m,w
13351,WRITE,1,1,0.970612,0.832914,0,1.74182,0,0,0.699324,0,0,0,0.778498,0,0.570118,2.16444,0.927059,1,0,0,0,0,1,m,w
13352,WRITE,1,1,0.963553,1.19553,0,1.43161,0,0,0,0,0,0,0.933589,0,1.07249,2.41939,0.826511,1,0,0,0,0,1,m,w
13353,WRITE,1,1,0.963311,1.21889,0,1.84294,0,0,0,0,0,0,0.82855,0,0.670418,1.06903,0.87005,1,0,0,0,0,1,m,w
13354,WRITE,1,1,0.967787,1.04191,0,1.73361,0,0,0,0,0,0,0.512723,0,0.658997,1.13428,0.836895,1,0,0,0,0,1,m,w
13355,WRITE,1,1,0.973504,1.12797,0,2.25753,0,0,0,0,0,0,0.68365,0,0,0.957662,0.731837,1,0,1,0,0,1,m,w
13356,WRITE,1,1,0.973024,1.33282,0,2.32327,0,0,0.513511,0,0,0,0,0,0,0,0.760925,1,0,0,0,0,1,m,w
13358,WRITE,1,1,0.972239,1.06763,0,2.14329,0,0,0.639853,0,0,0,0,0,0,0,0.734885,1,0,0,0,0,1,m,w
13359,WRITE,1,1,0.972514,1.14881,0,2.42172,0,0,0.801037,0,0,0,0,0,0,0,0.710093,1,0,0,0,0,1,m,w
13361,WRITE,1,1,0.971283,0.903594,0,2.29461,0,0,0,0,0,0,0,0,0,0,0.726956,1,0,1,1,0,1,m,w
13362,WRITE,1,1,0.975218,0.776829,0,2.17689,0,0,0,0,0,0.794673,0,0,0.720761,1.75986,0.677114,1,0,0,0,0,1,m,w
13363,WRITE,1,1,0.973853,0,0,1.60643,0,0,0,0,0,1.22041,0,0,1.31563,1.45896,0.537854,1,0,0,1,0,1,m,w
13364,WRITE,1,1,0.972687,0,0,1.36215,0,0,0,0,0,1.50166,0,0,1.51902,1.238,0,1,0,0,0,0,1,m,w
13365,WRITE,1,1,0.966632,0,0,1.61209,0,0,0,0,0,1.41796,0,0,1.23672,0,0,1,0,0,0,0,1,m,w
13366,WRITE,1,1,0.969017,0,0,1.31216,0,0,0,0,0,1.79681,0,0,1.51394,0,0,1,0,0,1,0,1,m,w
13367,WRITE,1,1,0.964964,0,0,1.40712,0,0,0,0,0,1.78535,0,0,1.61328,1.36578,0,0,0,0,0,0,1,m,w
13368,WRITE,1,1,0.942101,0,0,1.39419,0,0,0,0,0,2.15998,0.80591,0.546097,1.7628,2.092,0,1,0,0,0,0,1,m,w
13369,WRITE,1,1,0.832903,0,0,1.28037,0,0,0,0.599538,0,1.83767,0.746857,0,1.63649,3.27244,0,1,1,0,0,0,0,m,w
13370,WRITE,1,1,0.825946,0,0,1.85691,0,0,0,0,0,1.39789,0.877517,0,0.941225,3.48781,0,1,0,0,0,0,0,m,w
13371,WRITE,1,1,0.766751,0,0,1.41091,0,0,0,0,0,1.34968,0,0,0.780006,3.59358,0,1,0,0,0,0,0,m,w
13372,WRITE,1,1,0.890509,0,0,1.73301,0.632087,0,0,0,0,1.15026,0.666999,0,0.807769,4.92767,0,1,0,0,0,0,0,m,w
13373,WRITE,1,1,0.970578,0,0,2.06085,0,0,0,0,0.669445,1.19726,0.607218,0.617742,1.38407,5,0,1,0,0,0,0,0,m,w
13374,WRITE,1,1,0.97913,0,0,1.90223,0,0.516959,0,0.511765,0.643608,1.30607,1.17266,0.514792,1.77911,5,0,1,0,0,0,0,0,m,w
13375,WRITE,1,1,0.982745,0,0,2.09306,0.575553,0.551004,0,0.593874,0,1.02892,1.26986,0.750978,1.816,5,0,1,1,1,0,0,0,m,w
13376,WRITE,1,1,0.971783,0,0,1.98096,0,0,0,0,0,0.814895,0,0.551506,0.867749,4.2796,0,1,0,0,0,0,0,m,w
13377,WRITE,1,1,0.817082,0,0,0,0.816112,0,0,0,0,0,0,0,0,0.539373,0,1,0,0,0,0,1,m,w
13378,WRITE,1,1,0.726074,0.650737,2.26937,0,0.715211,0,0,0,0,0,0,0.699144,0,0,0.681856,1,0,1,0,0,0,m,w
13518,WRITE,1,1,0.972854,0,0,0,0,0,0,0,0,1.9918,0.641591,1.05363,1.40344,0,0,0,0,0,0,0,1,m,w
13519,WRITE,1,1,0.97338,0,0,0,0,0,0,0,0,1.89691,0.664557,0.995506,1.51646,0,0,0,0,0,0,0,1,m,w
13520,WRITE,1,1,0.976246,0,0,0,0,0,0,0,0,1.80604,0.561681,0.83877,1.49244,0,0,0,0,0,0,0,1,m,w
13525,WRITE,1,1,0.975932,0,0,0,0,0,0,0,0,2.02897,1.09382,0.934744,1.46553,0,0,0,0,0,0,0,1,m,w
13526,WRITE,1,1,0.978229,0,0,0,0,0,0,0.520675,0,2.02062,1.11959,0.863962,1.4202,0,0,0,0,0,0,0,1,m,w
13527,WRITE,1,1,0.977061,0,0,0,0,0,0,0.598791,0,2.00336,1.06927,0.873116,1.3006,0,0,0,1,0,0,0,1,m,w
13528,WRITE,1,1,0.973879,0,0,0,0,0,0,0.785273,0.645564,1.87565,0.884505,0.712736,0.817259,0,0,0,0,0,0,0,1,m,w
13529,WRITE,1,1,0.969073,0.51681,0,0,0,0.504045,0,0.80713,0.632284,1.75859,0.924814,0.72503,0.677602,0,0,0,0,0,0,0,1,m,w
13530,WRITE,1,1,0.97464,0.752939,0,0,0,0,0,0.661733,0,1.52779,0.697499,0.52309,0,0,0,0,0,0,0,0,1,m,w
13531,WRITE,1,1,0.974606,0.582176,0,0,0,0,0,0.758096,0,1.37546,0.689907,0,0,0,0,0,0,0,0,0,1,m,w
13532,WRITE,1,1,0.961765,0.697424,0,0.580882,0,0.521846,0.741396,0.818832,0,1.08276,0,0,0.57245,0,0,0,0,0,0,0,1,m,w
13533,WRITE,1,1,0.956642,0.781364,0,0,0,0,0.663149,0.787381,0,1.15017,0,0,0.664552,0,0,0,0,0,0,0,1,m,w
13534,WRITE,1,1,0.969556,0.778096,0,0.874852,0,0.51427,0.768287,0.761024,0,1.03102,0,0,0.639077,0,0,0,0,0,0,0,1,m,w
13535,WRITE,1,1,0.969641,0.677468,0,0.570402,0,0.514812,0.900802,0.777888,0,1.1737,0,0,0.796879,0,0,0,0,0,0,0,1,m,w
13536,WRITE,1,1,0.977145,1.00746,0,0.582776,0,0.533104,0.992205,0.819235,0,1.07996,0,0,0.86329,0,0,0,0,0,0,0,1,m,w
13537,WRITE,1,1,0.978436,1.00231,0,0.614376,0,0,1.12141,0.736528,0,0.92952,0,0,1.01822,0,0,0,0,0,1,0,1,m,w
13538,WRITE,1,1,0.977889,0.965618,0,0.583318,0,0,0.53511,0.614363,0,0.682342,0,0,1.03147,0,0,0,0,0,1,0,1,m,w
13539,WRITE,1,1,0.97725,0.748766,0,0.542244,0,0,0.559521,0.561666,0,0.626714,0,0,1.07779,0,0,0,0,0,0,0,1,m,w
13540,WRITE,1,1,0.975881,0.86998,0,0.636412,0,0,0,0.548393,0,0.695075,0,0,0.784595,0,0,0,0,0,1,0,1,m,w
13541,WRITE,1,1,0.974354,0.690836,0,0,0,0,0,0.577489,0,0.667348,0.51583,0,0.912207,0,0,0,0,0,0,0,1,m,w
13542,WRITE,1,1,0.975341,0,0,0.577823,0,0.503697,0,0.650019,0,1.33329,0.622015,0,0.807085,0,0,0,0,0,0,0,1,m,w
13543,WRITE,1,1,0.973351,0,0,0,0,0.52934,0,0.74526,0,1.63444,0.634553,0,1.05842,0,0,0,1,0,0,0,1,m,w
13544,WRITE,1,1,0.976853,0,0,0,0,0,0,0,0,1.68015,0.577283,0.761778,1.43203,0,0,0,0,0,0,0,1,m,w
13545,WRITE,1,1,0.982941,0,0,0,0,0,0,0,0,1.61819,0.690121,0.862737,1.5554,0,0,0,0,0,0,0,1,m,w
13546,WRITE,1,1,0.978081,0,0,0,0,0,0,0,0,1.73104,0.630192,1.07685,1.47594,0,0,0,0,0,0,0,1,m,w
13547,WRITE,1,1,0.980125,0,0,0,0,0,0,0,0,1.70615,0,1.07996,1.69078,0,0,0,0,0,0,0,1,m,w
13548,WRITE,1,1,0.982429,0,0,0,0,0,0,0,0,1.63316,0,0.994258,1.50971,0,0,0,0,0,0,0,1,m,w
13549,WRITE,1,1,0.981748,0,0,0,0,0,0,0,0,1.57269,0,1.02455,1.42381,0,0,0,0,0,0,0,1,m,w
13550,WRITE,1,1,0.979258,0,0,0,0,0,0,0,0,1.47204,0.562423,0.936371,1.37883,0,0,0,0,0,0,0,1,m,w
13551,WRITE,1,1,0.979441,0,0,0,0,0,0,0,0,1.44485,0,0.874368,1.50371,0,0,0,0,0,0,0,1,m,w
13552,WRITE,1,1,0.980435,0,0,0,0,0,0,0,0,1.45055,0,0.783409,1.29235,0,0,0,0,0,0,0,1,m,w
13553,WRITE,1,1,0.981778,0,0,0,0,0,0,0,0,1.51748,0,0.753533,1.41682,0,0,0,0,0,0,0,1,m,w
13554,WRITE,1,1,0.983233,0,0,0,0,0,0,0,0,1.55587,0,0.795723,1.30506,0,0,0,0,0,0,0,1,m,w
13555,WRITE,1,1,0.982074,0,0,0,0,0,0,0,0,1.6473,0,0.828204,1.29296,0,0,0,0,0,0,0,1,m,w
13556,WRITE,1,1,0.983171,0,0,0,0,0,0,0,0,1.63437,0,0.785136,1.61202,0,0,0,0,0,0,0,1,m,w
13557,WRITE,1,1,0.981998,0,0,0,0,0,0,0,0.52983,1.8913,0,0.855553,1.37431,0,0,0,0,0,0,0,1,m,w
13558,WRITE,1,1,0.980426,0,0,0,0,0,0,0,0,1.56105,0,0.717885,1.21378,0,0,0,0,0,0,0,1,m,w
13942,WRITE,1,1,0.979009,0,0,0,0,0.7433,0,0.92023,0.712723,1.78709,0,0,1.31263,0,0,0,1,0,0,0,0,m,w
13943,WRITE,1,1,0.978228,0,0,0,0,0.775721,0,0.945004,0.77803,1.70126,0,0,1.35234,0,0,0,1,0,0,0,0,m,w
13944,WRITE,1,1,0.977951,0,0,0,0,0.772216,0,0.928714,0.719036,1.79815,0,0,1.36792,0,0,0,1,0,0,0,0,m,w
13945,WRITE,1,1,0.977863,0,0,0,0,0.786612,0,0.919347,0.756913,1.79683,0,0,1.25094,0,0,0,1,0,0,0,0,m,w
13946,WRITE,1,1,0.979137,0,0,0,0,0.808341,0,0.968254,0.771169,1.67531,0,0,1.26372,0,0,0,1,0,0,0,0,m,w
13947,WRITE,1,1,0.976932,0,0,0,0,0.785564,0,0.950727,0.788005,1.67997,0,0,1.32843,0,0,0,1,0,0,0,0,m,w
13948,WRITE,1,1,0.975977,0,0,0,0,0.78851,0,0.968434,0.830621,1.68883,0,0,1.36204,0,0,0,1,0,0,0,0,m,w
13949,WRITE,1,1,0.975196,0,0,0,0,0.806887,0,0.985807,0.804686,1.68838,0,0,1.26818,0,0,0,1,0,0,0,0,m,w
13950,WRITE,1,1,0.974892,0,0,0,0,0.846634,0,1.0224,0.898872,1.69623,0,0,1.24027,0,0,0,1,0,0,0,0,m,w
13951,WRITE,1,1,0.974657,0,0,0,0,0.855252,0,1.02204,0.940183,1.59568,0,0,1.08796,0,0,0,1,0,0,0,0,m,w
13952,WRITE,1,1,0.972819,0,0,0,0,0.863688,0,1.03426,0.906812,1.59572,0,0,1.1937,0,0,0,1,0,0,0,0,m,w
13953,WRITE,1,1,0.976051,0,0,0,0,0.878819,0,1.08557,1.04903,1.61088,0,0,1.12536,0,0,0,1,0,0,0,0,m,w
13954,WRITE,1,1,0.975249,0,0,0,0,0.874641,0,1.07563,1.00668,1.66671,0,0,1.18478,0,0,0,1,0,0,0,0,m,w
13955,WRITE,1,1,0.975473,0,0,0,0,0.879483,0,1.09855,1.04006,1.7132,0,0,1.04011,0,0,0,1,0,0,0,0,m,w
13956,WRITE,1,1,0.975196,0,0,0,0,0.858692,0,1.06494,0.903959,1.64081,0,0,0.815482,0,0,0,1,0,0,0,0,m,w
13957,WRITE,1,1,0.975198,0,0,0,0,0.903513,0,1.12319,1.02996,1.80895,0,0,1.25051,0,0,0,1,0,0,0,0,m,w
13958,WRITE,1,1,0.975161,0,0,0,0,0.870948,0,1.07795,0.972806,1.77733,0,0,1.29693,0,0,0,1,0,0,0,0,m,w
13959,WRITE,1,1,0.977365,0,0,0,0,0.843953,0,1.0205,1.06277,1.72398,0,0,1.12904,0,0,0,1,0,0,0,0,m,w
13960,WRITE,1,1,0.976327,0,0,0,0,0.89425,0,1.09605,1.07985,1.78204,0,0,1.25135,0,0,0,1,0,0,0,0,m,w
13961,WRITE,1,1,0.975562,0,0,0,0,0.902968,0,1.09997,1.08845,1.7654,0,0,1.22223,0,0,0,1,0,0,0,0,m,w
13962,WRITE,1,1,0.974429,0,0,0,0,0.876059,0,1.0642,1.06675,1.75132,0,0,1.35329,0,0,0,1,0,0,0,0,m,w
13963,WRITE,1,1,0.97408,0,0,0,0,0.848765,0,1.02538,0.947522,1.78084,0,0,1.25347,0,0,0,1,0,0,0,0,m,w
13964,WRITE,1,1,0.972378,0,0,0,0,0.835069,0,1.03698,0.927281,1.74835,0,0,1.37834,0,0,0,1,0,0,0,0,m,w
13965,WRITE,1,1,0.973656,0,0,0,0,0.83812,0,1.046,0.870096,1.71266,0,0,1.32415,0,0,0,1,0,0,0,0,m,w
13966,WRITE,1,1,0.971967,0,0,0,0,0.857003,0,1.03369,0.868028,1.73955,0,0,1.22119,0,0,0,1,0,0,0,0,m,w
13967,WRITE,1,1,0.975944,0,0,0,0,0.859899,0,1.02893,0.822192,1.90611,0,0,1.2892,0,0,0,1,0,0,0,0,m,w
13968,WRITE,1,1,0.977323,0,0,0,0,0.888102,0,1.05592,0.913604,1.81863,0,0,1.30615,0,0,0,1,0,0,0,0,m,w
13969,WRITE,1,1,0.978682,0,0,0,0,0.910589,0,1.09049,1.03298,1.62223,0,0,1.2634,0,0,0,1,0,0,0,0,m,w
13970,WRITE,1,1,0.9772,0,0,0,0,0.886846,0,1.05094,1.00311,1.64249,0,0,1.22663,0,0,0,1,0,0,0,0,m,w
13971,WRITE,1,1,0.97716,0,0,0,0,0.872096,0,1.03583,0.845448,1.71658,0,0,1.00214,0,0,0,1,0,0,0,0,m,w
13972,WRITE,1,1,0.976064,0,0,0,0,0.860383,0,1.07409,0.86884,1.60029,0,0,0.861004,0,0,0,1,0,0,0,0,m,w
13973,WRITE,1,1,0.976659,0,0,0,0,0.921188,0.579596,1.18608,0.851919,1.91845,0,0,0.963414,0,0,0,1,0,0,0,0,m,w
13974,WRITE,1,1,0.97726,0,0,0,0,0.860667,0,1.15134,0.854438,1.78159,0,0,0.965301,0,0,0,1,0,0,0,0,m,w
13975,WRITE,1,1,0.976997,0,0,0,0,0.857531,0,1.15057,0.860624,1.78567,0,0,0.96498,0,0,0,1,0,0,0,0,m,w
13976,WRITE,1,1,0.976602,0,0,0,0,0.873759,0,1.15323,0.899972,1.80714,0,0,0.996758,0,0,0,1,0,0,0,0,m,w
13977,WRITE,1,1,0.977195,0,0,0,0,0.855937,0,1.1223,0.869471,1.77821,0,0,0.940631,0,0,0,1,0,0,0,0,m,w
13978,WRITE,1,1,0.976876,0,0,0,0,0.87208,0,1.15575,0.843203,1.83364,0,0,0.975561,0,0,0,1,0,0,0,0,m,w
13979,WRITE,1,1,0.977253,0,0,0,0,0.922242,0,1.20501,0.927129,1.90799,0,0,0.932009,0,0,0,1,0,0,0,0,m,w
13980,WRITE,1,1,0.977321,0,0,0,0,0.923939,0,1.18283,1.01121,1.83969,0,0,1.11026,0,0,0,1,0,0,0,0,m,w
13981,WRITE,1,1,0.977171,0,0,0,0,0.943035,0,1.21679,1.04064,1.83157,0,0,1.11019,0,0,0,1,0,0,0,0,m,w
13982,WRITE,1,1,0.97787,0,0,0,0,0.925692,0,1.18813,1.03152,1.88557,0,0,1.1384,0,0,0,1,0,0,0,0,m,w
13983,WRITE,1,1,0.977245,0,0,0,0,0.917912,0,1.17052,1.05529,1.81034,0,0,1.16482,0,0,0,1,0,0,0,0,m,w
13984,WRITE,1,1,0.978435,0,0,0,0,0.913347,0,1.16008,1.01049,1.82553,0,0,1.22306,0,0,0,1,0,0,0,0,m,w
13985,WRITE,1,1,0.977727,0,0,0,0,0.912317,0,1.16284,1.06551,1.6735,0,0,1.12339,0,0,0,1,0,0,0,0,m,w
13986,WRITE,1,1,0.977799,0,0,0,0,0.942207,0,1.21126,1.09094,1.68951,0,0,1.00124,0,0,0,1,0,0,0,0,m,w
13987,WRITE,1,1,0.977055,0,0,0,0,0.95174,0.535139,1.24663,0.86377,1.78394,0,0,0.835543,0,0,0,1,0,0,0,0,m,w
13988,WRITE,1,1,0.977125,0,0,0,0,0.933169,0.574342,1.20213,0.878116,1.73687,0,0,0.822266,0,0,0,1,0,0,0,0,m,w
13989,WRITE,1,1,0.978574,0,0,0,0,0.941798,0.557898,1.22457,0.914395,1.82338,0,0,0.946128,0,0,0,1,0,0,0,0,m,w
13990,WRITE,1,1,0.97693,0,0,0,0,0.908438,0,1.16862,0.834396,1.72839,0,0,0.978911,0,0,0,1,0,0,0,0,m,w
13991,WRITE,1,1,0.975233,0,0,0,0,0.903449,0,1.13901,0.974161,1.5872,0,0,1.07028,0,0,0,1,0,0,0,0,m,w
13992,WRITE,1,1,0.975188,0,0,0,0,0.865792,0,1.1027,0.929629,1.55145,0,0,0.988318,0,0,0,1,0,0,0,0,m,w
13993,WRITE,1,1,0.975171,0,0,0,0,0.889768,0,1.14346,0.983474,1.59639,0,0,0.900984,0,0,0,1,0,0,0,0,m,w
13994,WRITE,1,1,0.974173,0,0,0,0,0.867417,0,1.1085,0.980496,1.609,0,0,1.05565,0,0,0,1,0,0,0,0,m,w
13995,WRITE,1,1,0.973792,0,0,0,0,0.853811,0,1.08241,0.920203,1.5289,0,0,0.958948,0,0,0,1,0,0,0,0,m,w
13996,WRITE,1,1,0.975241,0,0,0,0,0.896457,0,1.135,0.873393,1.71527,0,0,0.9851,0,0,0,1,0,0,0,0,m,w
13997,WRITE,1,1,0.975741,0,0,0,0,0.916358,0,1.13289,1.06395,1.59204,0,0,1.12188,0,0,0,1,0,0,0,0,m,w
13998,WRITE,1,1,0.975076,0,0,0,0,0.883883,0,1.11264,1.06388,1.59106,0,0,1.24328,0,0,0,1,0,0,0,0,m,w
13999,WRITE,1,1,0.974436,0,0,0,0,0.880444,0,1.10546,1.06107,1.6698,0,0,1.25053,0,0,0,1,0,0,0,0,m,w
14000,WRITE,1,1,0.973483,0,0,0,0,0.887029,0.609231,1.1015,1.03413,1.68724,0,0,1.21847,0,0,0,1,0,0,0,0,m,w
14001,WRITE,1,1,0.974367,0,0,0,0,0.935666,0,1.16268,1.11116,1.62713,0,0,1.0028,0,0,0,1,0,0,0,0,m,w
14002,WRITE,1,1,0.976156,0,0,0,0,0.960262,0,1.21407,1.17999,1.61431,0,0,0.906852,0,0,0,1,0,0,0,0,m,w
14003,WRITE,1,1,0.975762,0,0,0,0,0.909609,0,1.16292,1.26149,1.5931,0,0,0.951684,0,0,0,1,0,0,0,0,m,w
14004,WRITE,1,1,0.976994,0,0,0,0,0.924157,0,1.17039,1.14587,1.6012,0,0,0.743232,0,0,0,1,0,0,0,0,m,w
14005,WRITE,1,1,0.976007,0,0,0,0,0.906819,0,1.14954,1.05226,1.72007,0,0,1.10065,0,0,0,1,0,0,0,0,m,w
14006,WRITE,1,1,0.976385,0,0,0,0,0.935024,0,1.19376,1.0699,1.81233,0,0,0.98117,0,0,0,1,0,0,0,0,m,w
14007,WRITE,1,1,0.97864,0,0,0,0,0.921146,0,1.18632,1.29476,1.64945,0,0,0.988197,0,0,0,1,0,0,0,0,m,w
14008,WRITE,1,1,0.976642,0,0,0,0,0.919515,0,1.15064,1.27191,1.63049,0,0,0.991421,0,0,0,1,0,0,0,0,m,w
14009,WRITE,1,1,0.975734,0,0,0,0,0.888795,0,1.07958,1.17056,1.68587,0,0,1.13103,0,0,0,1,0,0,0,0,m,w
14010,WRITE,1,1,0.976007,0,0,0,0,0.907573,0,1.11819,1.22352,1.49643,0,0,1.10247,0,0,0,1,0,0,0,0,m,w
14011,WRITE,1,1,0.975702,0,0,0,0,0.916821,0,1.14856,1.25521,1.58183,0,0,1.23118,0,0,0,1,0,0,0,0,m,w
14012,WRITE,1,1,0.975747,0,0,0,0,0.918572,0,1.16014,1.2921,1.54919,0,0,1.23103,0,0,0,1,0,0,0,0,m,w
14013,WRITE,1,1,0.975969,0,0,0,0,0.91792,0,1.15285,1.32943,1.52061,0,0,1.24684,0,0,0,1,0,0,0,0,m,w
14014,WRITE,1,1,0.974632,0,0,0,0,0.942915,0,1.15146,1.37531,1.58266,0,0,1.26791,0,0,0,1,0,0,0,0,m,w
14015,WRITE,1,1,0.973085,0,0,0,0,0.976234,0,1.20011,1.414,1.60012,0,0,1.1118,0,0,0,1,0,0,0,0,m,w
14016,WRITE,1,1,0.973323,0,0,0,0,0.956094,0,1.18183,1.31255,1.63857,0,0,1.22521,0,0,0,1,0,0,0,0,m,w
14017,WRITE,1,1,0.974194,0,0,0,0,0.962689,0,1.21928,1.27373,1.60357,0,0,1.19479,0,0,0,1,0,0,0,0,m,w
14018,WRITE,1,1,0.973827,0,0,0,0,0.940368,0,1.18384,1.21969,1.57234,0,0,1.24229,0,0,0,1,0,0,0,0,m,w
14019,WRITE,1,1,0.97334,0,0,0,0,0.922181,0,1.18002,1.08277,1.65849,0,0,1.16845,0,0,0,1,0,0,0,0,m,w
14020,WRITE,1,1,0.973067,0,0,0,0,0.935533,0,1.19789,1.1689,1.56837,0,0,0.877647,0,0,0,1,0,0,0,0,m,w
14021,WRITE,1,1,0.972255,0,0,0,0,0.932583,0,1.17826,1.07292,1.59191,0,0,0.842829,0,0,0,1,0,0,0,0,m,w
14022,WRITE,1,1,0.971979,0,0,0,0,0.933425,0,1.16679,1.06578,1.46909,0,0,0.93064,0,0,0,1,0,0,0,0,m,w
14023,WRITE,1,1,0.971856,0,0,0,0,0.944153,0,1.15773,1.07889,1.59137,0,0,0.876738,0,0,0,1,0,0,0,0,m,w
14024,WRITE,1,1,0.968506,0,0,0,0,0.956869,0,1.18693,1.05189,1.46458,0,0,0.998316,0,0,0,1,0,0,0,0,m,w
14025,WRITE,1,1,0.969982,0,0,0,0,0.920179,0,1.12963,1.09087,1.34299,0,0,0.845221,0,0,0,1,0,0,0,0,m,w
14026,WRITE,1,1,0.966292,0,0,0,0,0.944344,0,1.14081,1.0137,1.32988,0,0,1.0821,0,0,0,1,0,0,0,1,m,w
14027,WRITE,1,1,0.967352,0,0,0,0,0.950522,0,1.12347,1.14101,1.33488,0,0,0.986643,0,0,0,1,0,0,0,1,m,w
14028,WRITE,1,1,0.966473,0,0,0,0,0.984664,0,1.15994,1.32107,1.2827,0,0,1.11099,0,0,0,1,0,0,0,1,m,w
14029,WRITE,1,1,0.969076,0,0,0,0,1.01797,0,1.20074,1.42481,1.15177,0,0,0.854951,0,0,0,1,0,0,0,1,m,w
14030,WRITE,1,1,0.968506,0,0,0,0,1.01698,0,1.18819,1.45339,1.13176,0,0,1.08381,0,0,0,1,0,0,0,1,m,w
14031,WRITE,1,1,0.968444,0,0,0,0,0.99483,0,1.15276,1.39417,1.08817,0,0,1.16201,0,0,0,1,0,0,0,1,m,w
14109,WRITE,1,1,0.958799,0,0,0,0,0.912012,0,1.05577,0.958805,1.6001,0,0,0.787407,0,0,0,1,0,0,0,0,m,w
14110,WRITE,1,1,0.944779,0,0,0.901385,0,0.739927,0.544796,0.643516,1.15739,1.24662,0,0,0,0,0,0,1,0,0,0,0,m,w
14111,WRITE,1,1,0.898258,0.544422,0,0,0,0.674153,0,0.558215,1.09117,1.23808,0,0,0.862208,0,0,0,1,0,0,0,0,m,w
14112,WRITE,1,1,0.740233,0.93872,0,0,0,0,0,0,0.906012,0.595883,0,0,0.632178,1.65457,0,0,1,0,0,0,1,m,w
14116,WRITE,1,1,0.910044,1.21185,0,0.611431,0,0,0,0,0.90998,0.503284,0,0,0.696271,1.38396,0,0,1,0,0,0,0,m,w
14117,WRITE,1,1,0.933768,1.31846,0,0.665355,0,0,0,0,0.746234,0,0,0,0.798414,2.62769,0,0,1,0,0,0,0,m,w
14118,WRITE,1,1,0.938063,1.35832,0,0,0,0.513191,0.546361,0,0.964068,0,0,0,0.846488,3.33268,0,0,1,0,0,0,0,m,w
14119,WRITE,1,1,0.977113,1.15764,0.622031,0.757262,0,0.734176,1.65093,0,1.04585,0,0,0,1.21137,4.13924,0,0,1,0,1,0,0,m,w
14120,WRITE,1,1,0.982776,0.915912,0,0.911484,0,1.02184,1.88922,0.654288,1.45679,0.78785,0,0,1.07582,3.44724,0,0,1,0,1,0,0,m,w
14121,WRITE,1,1,0.981523,0.70099,0,1.03694,0,1.13995,2.26143,0.794785,1.55273,0.922749,0,0,1.0271,3.57563,0,0,1,0,1,0,0,m,w
14122,WRITE,1,1,0.98273,0.609604,0,1.04245,0,1.22696,1.7767,0.881058,1.63889,0.801898,0,0,0.972697,4.06018,0,0,1,0,0,0,0,m,w
14123,WRITE,1,1,0.981556,0.702523,0.553179,0.932684,0,1.29581,1.68397,0.973437,1.64957,0.960784,0,0,0.776218,3.9419,0,0,1,0,0,0,0,m,w
14124,WRITE,1,1,0.982589,0.514927,0,1.00813,0,1.27639,1.64799,0.890907,1.69201,0.749208,0,0,0.789856,3.71814,0,0,1,0,0,0,0,m,w
14125,WRITE,1,1,0.982072,0.626257,0.502136,0.971149,0,1.30626,1.74733,0.92332,1.75861,0.727856,0,0,0.628661,4.05863,0,0,1,0,0,0,0,m,w
14126,WRITE,1,1,0.981939,0,0,0.785847,0.578566,1.30539,1.41031,0.886492,1.81725,0.513389,0,0,0.758991,4.15565,0,0,1,0,1,0,0,m,w
14127,WRITE,1,1,0.981225,0,0,0.705988,0,1.23678,0.995353,0.830393,1.62041,0,0,0,0,4.30999,0,0,1,0,1,0,0,m,w
14128,WRITE,1,1,0.97545,0,0,1.19527,0.824722,1.02637,0.954769,0.630175,1.35351,0,0,0,0.565378,4.00157,0,1,1,0,1,0,0,m,w
14129,WRITE,1,1,0.849535,0,0,0.629764,1.09125,0.904617,0,0.523047,1.2279,0,0,0,0,4.16776,0,1,1,0,0,0,0,m,w
14130,WRITE,1,1,0.969384,0,0,1.0719,0.689637,1.11216,0.997758,0.993377,1.24489,1.11506,0,0,0.662939,1.44161,0,0,1,0,0,0,0,m,w
14131,WRITE,1,1,0.9376,0,0.638302,0,1.23679,1.13234,0,1.17939,1.25791,0.95567,0,0,0,1.51652,0,0,1,0,0,0,0,m,w
14132,WRITE,1,1,0.831379,0,0,0,1.72072,0.855842,0,0.912489,0.88509,0.722812,0,0,0,1.27545,0,1,1,0,0,0,0,m,w
14133,WRITE,1,1,0.753707,0,0.583171,0,2.12915,0.915822,0,1.08677,1.14254,0.697806,0,0,0,1.29766,0,0,1,0,0,0,0,m,w
14134,WRITE,1,1,0.798891,0,0.557836,0,1.42828,0.917547,0,1.16236,1.02764,0.798717,0,0,0,1.35089,0,0,1,0,0,0,0,m,w
14135,WRITE,1,1,0.922378,0,0,0,1.0376,1.04431,0,1.412,1.40384,0.797425,0,0,0,0,0,0,1,0,0,0,0,m,w
14585,WRITE,1,1,0.981201,0.951848,0,0,0,0,0,0,0,1.28081,0,0,0.708379,0,0,0,0,0,0,0,1,m,w
14586,WRITE,1,1,0.983596,0.923328,0,0,0,0,0,0,0,1.33241,0,0,0.859503,0,0,0,0,0,0,0,1,m,w
14587,WRITE,1,1,0.982713,0.924861,0,0,0,0,0,0,0.528362,1.13038,0,0,0.615316,0,0,0,0,0,0,0,1,m,w
14588,WRITE,1,1,0.983721,0.685912,0,0,0,0,0,0,0,1.3003,0.56317,0,0.650708,0,0,0,0,0,0,0,1,m,w
14616,WRITE,1,1,0.962381,0.830573,0,0.796755,0,0,0.778508,0,0,1.1518,0,0,0,0,0,1,0,0,0,0,1,m,w
14619,WRITE,1,1,0.929674,0.871308,0.735555,0,0,0.511068,0.69697,0,0.538573,0.717206,0,0.736905,0,0,0,1,1,0,0,0,0,m,w
14636,WRITE,1,1,0.945402,0,0,0,0,0,0,0.579482,0.735732,1.11542,0,0,0,2.53776,0,0,1,0,0,0,0,m,w
14637,WRITE,1,1,0.957404,0,0,0.518814,0,0,0,0.69254,0.653695,1.59267,0,0,0,2.74908,0.533629,0,1,0,1,0,0,m,w
16340,WRITE,1,1,0.984622,0.500541,0.568215,0,0,0,0,0.512548,0,1.31274,0,0,1.81826,0,0,0,1,0,0,0,1,m,w
16341,WRITE,1,1,0.984489,0.576573,0.513938,0,0,0,0,0,0.50333,1.36541,0,0,1.69733,0,0,0,1,0,0,0,1,m,w
16342,WRITE,1,1,0.984843,0.53823,0.539898,0,0.506116,0,0,0.554638,0.523403,1.27716,0,0,1.76997,0,0,0,1,0,0,0,1,m,w
16343,WRITE,1,1,0.984857,0.572249,0.617068,0,0.542803,0,0,0.601443,0.515027,1.30612,0,0,1.67931,0,0,0,1,0,0,0,1,m,w
16344,WRITE,1,1,0.985957,0.617286,0.658464,0,0,0,0,0.594284,0.519891,1.3663,0,0,1.54693,0,0,0,1,0,0,0,1,m,w
16345,WRITE,1,1,0.985951,0.5865,0.70821,0,0,0,0,0.638016,0.551465,1.40468,0,0,1.4401,0,0,0,1,0,0,0,1,m,w
16346,WRITE,1,1,0.986926,0.60222,0.728903,0,0.605801,0,0,0.634113,0.577633,1.44584,0,0,1.40038,0,0,0,1,0,0,0,1,m,w
16347,WRITE,1,1,0.986656,0.601633,0.726254,0,0.520604,0,0,0.628697,0.598157,1.43428,0,0,1.469,0,0,0,1,0,0,0,1,m,w
16348,WRITE,1,1,0.986216,0.872206,0.694849,0,0.515764,0,0,0.580397,0.640576,1.40997,0,0,1.624,0,0,0,1,0,0,0,1,m,w
16349,WRITE,1,1,0.984856,0.886591,0.718597,0,0,0,0,0.551759,0.618507,1.39295,0,0,1.73086,0,0,0,1,0,0,0,1,m,w
16350,WRITE,1,1,0.985655,0.77527,0.607269,0,0,0,0,0.539828,0.588969,1.4746,0,0,1.68952,0,0,0,1,0,0,0,1,m,w
16351,WRITE,1,1,0.98618,0.72487,0,0,0.597578,0,0,0.568398,0.672654,1.62044,0,0,1.75654,0,0,0,1,0,0,0,1,m,w
16352,WRITE,1,1,0.98648,0.683271,0,0,0.63079,0,0,0.570007,0.674569,1.41962,0,0,1.78002,0,0,0,1,0,0,0,1,m,w
16353,WRITE,1,1,0.986314,0.719267,0,0,0.573176,0,0,0.587245,0.666201,1.47537,0,0,1.77707,0,0,0,1,0,0,0,1,m,w
16354,WRITE,1,1,0.986512,0.701946,0,0,0.562985,0,0,0.600204,0.715351,1.45398,0,0,1.82127,0,0,0,1,0,0,0,1,m,w
16355,WRITE,1,1,0.98655,0.68068,0,0,0,0,0,0.612314,0.671317,1.54931,0,0,1.95671,0,0,0,1,0,0,0,1,m,w
16356,WRITE,1,1,0.98635,0.68519,0,0,0.620702,0,0,0.600859,0.726325,1.53283,0,0,1.71874,0,0,0,1,0,0,0,1,m,w
16357,WRITE,1,1,0.986353,0.73841,0.552632,0,0.666956,0,0,0.595586,0.645904,1.52334,0,0,1.48779,0,0,0,1,0,0,0,1,m,w
16358,WRITE,1,1,0.987004,0.701405,0.528649,0,0.724657,0,0,0.612051,0.710932,1.52806,0,0,1.43091,0,0,0,1,0,0,0,1,m,w
16359,WRITE,1,1,0.987373,0.702033,0.604707,0,0.685466,0,0,0.626518,0.709712,1.58048,0,0,1.42472,0,0,0,1,0,0,0,1,m,w
16360,WRITE,1,1,0.987147,0.706308,0.555472,0,0.66684,0,0,0.635022,0.748836,1.56984,0,0,1.36226,0,0,0,1,0,0,0,1,m,w
16361,WRITE,1,1,0.986294,0.721203,0,0,0.549431,0,0,0.66631,0.790668,1.52505,0,0,1.53145,0,0,0,1,0,0,0,1,m,w
16362,WRITE,1,1,0.986041,0.771673,0,0,0.632002,0,0,0.650547,0.781776,1.52525,0,0,1.41317,0,0,0,1,0,0,0,1,m,w
16363,WRITE,1,1,0.985803,0.805165,0.501684,0,0.526374,0,0,0.605911,0.698055,1.56552,0,0,1.3304,0,0,0,1,0,0,0,1,m,w
16364,WRITE,1,1,0.987532,0.83135,0,0,0.521458,0,0,0.576124,0.686517,1.50695,0,0,1.23416,0,0,0,1,0,0,0,1,m,w
16365,WRITE,1,1,0.98769,0.812755,0,0,0.559002,0,0,0.634977,0.779485,1.60373,0,0,1.31098,0,0,0,1,0,0,0,1,m,w
16366,WRITE,1,1,0.987021,0.816407,0,0,0.508162,0,0,0.561651,0.773134,1.52595,0,0,1.32579,0,0,0,1,0,0,0,1,m,w
16367,WRITE,1,1,0.98674,0.900546,0.619148,0,0.527166,0,0,0.524108,0.646028,1.61477,0,0,1.17764,0,0,0,1,0,0,0,1,m,w
16368,WRITE,1,1,0.986207,0.760124,0,0,0.635016,0,0,0.556671,0.821449,1.49089,0,0,1.2993,0,0,0,1,0,0,0,1,m,w
16369,WRITE,1,1,0.986036,0.784245,0,0,0.517821,0,0,0.555221,0.809263,1.45374,0,0,1.21842,0,0,0,1,0,0,0,1,m,w
16370,WRITE,1,1,0.986053,0.772593,0,0,0.510103,0,0,0.561373,0.793123,1.58351,0,0,1.22083,0,0,0,1,0,0,0,1,m,w
16371,WRITE,1,1,0.986002,0.794726,0,0,0.538788,0,0,0.572312,0.800697,1.52882,0,0,1.22592,0,0,0,1,0,0,0,1,m,w
16372,WRITE,1,1,0.985765,0.617906,0,0,0.577445,0,0,0.660296,0.912349,1.59313,0,0,1.10568,0,0,0,1,0,0,0,1,m,w
16373,WRITE,1,1,0.984633,0.62711,0,0,0.5658,0,0,0.585397,0.906147,1.54893,0,0,1.03408,0,0,0,1,0,0,0,1,m,w
16374,WRITE,1,1,0.983911,0.679008,0,0,0.506678,0,0,0.566655,0.773815,1.47468,0,0,1.13635,0,0,0,1,0,0,0,0,m,w
16375,WRITE,1,1,0.982565,0.69599,0,0,0.506628,0,0,0.572888,0.823231,1.45745,0,0,1.20792,0,0,0,1,0,0,0,0,m,w
16376,WRITE,1,1,0.982506,0.660868,0,0,0.504332,0,0,0.559868,0.787449,1.46822,0,0,1.06238,0,0,0,1,0,0,0,0,m,w
16377,WRITE,1,1,0.982596,0.713676,0,0,0,0,0,0.572957,0.84557,1.44206,0,0,1.12921,0,0,0,1,0,0,0,0,m,w
16378,WRITE,1,1,0.984562,0.608837,0,0,0,0,0,0.592435,0.876746,1.58522,0,0,1.21979,0,0,0,1,0,0,0,1,m,w
16379,WRITE,1,1,0.985148,0.532853,0,0,0,0,0,0.616377,0.888087,1.55915,0,0,1.47754,0,0,0,1,0,0,0,1,m,w
16380,WRITE,1,1,0.985414,0.561129,0,0,0,0,0,0.561252,0.861534,1.53609,0,0,1.39308,0,0,0,1,0,0,0,1,m,w
16381,WRITE,1,1,0.985519,0.539641,0,0,0,0,0,0.569087,0.895801,1.39544,0,0,1.21675,0,0,0,1,0,0,0,1,m,w
16382,WRITE,1,1,0.985904,0.522153,0,0,0,0,0,0.586388,0.883988,1.38113,0,0,1.33457,0,0,0,1,0,0,0,1,m,w
16383,WRITE,1,1,0.985989,0.564154,0,0,0,0,0,0.574134,0.847689,1.3452,0,0,1.35788,0,0,0,1,0,0,0,1,m,w
16384,WRITE,1,1,0.986051,0.526492,0,0,0,0,0,0.603112,0.80438,1.33701,0,0,1.34671,0,0,0,1,0,0,0,1,m,w
16385,WRITE,1,1,0.987336,0.581821,0,0,0.566245,0,0,0.637293,0.808166,1.42333,0,0,1.24868,0,0,0,1,0,0,0,1,m,w
16386,WRITE,1,1,0.98636,0.648521,0,0,0.548563,0,0,0.58167,0.75948,1.4665,0,0,1.24191,0,0,0,1,0,0,0,1,m,w
16387,WRITE,1,1,0.985384,0.631889,0,0,0.507144,0,0,0.564617,0.724116,1.43568,0,0,1.20441,0,0,0,1,0,0,0,1,m,w
16388,WRITE,1,1,0.983884,0.661627,0,0,0,0,0,0.532154,0.62795,1.31409,0,0,1.2512,0,0,0,1,0,0,0,0,m,w
16389,WRITE,1,1,0.983731,0.629272,0,0,0,0,0,0.5477,0.707051,1.31856,0,0,1.2322,0,0,0,1,0,0,0,0,m,w
16390,WRITE,1,1,0.985877,0.677677,0,0,0,0,0,0.570267,0.822976,1.28504,0,0,1.07002,0,0,0,1,0,0,0,0,m,w
16391,WRITE,1,1,0.985793,0.72739,0,0,0,0,0,0.593855,0.796124,1.28129,0,0,1.03585,0,0,0,1,0,0,0,0,m,w
16392,WRITE,1,1,0.985865,0.704599,0,0,0,0,0,0.595033,0.766899,1.2854,0,0,1.07342,0,0,0,1,0,0,0,1,m,w
16393,WRITE,1,1,0.985922,0.673368,0,0,0,0,0,0.58685,0.722612,1.33767,0,0,1.01253,0,0,0,1,0,0,0,1,m,w
16394,WRITE,1,1,0.986579,0.718537,0,0,0,0,0,0.579015,0.784277,1.26753,0,0,1.0471,0,0,0,1,0,0,0,0,m,w
16395,WRITE,1,1,0.986594,0.684599,0,0,0,0,0,0.591924,0.773521,1.31699,0.537762,0,1.06605,0,0,0,1,0,0,0,1,m,w
16396,WRITE,1,1,0.987103,0.690753,0,0,0,0,0,0.618933,0.773964,1.44034,0,0,0.913039,0,0,0,1,0,0,0,1,m,w
16397,WRITE,1,1,0.987102,0.684927,0,0,0,0,0,0.62098,0.804478,1.40021,0,0,0.798737,0,0,0,1,0,0,0,1,m,w
16398,WRITE,1,1,0.986938,0.586463,0,0,0,0,0,0.606985,0.783254,1.35453,0,0,0.981505,0,0,0,1,0,0,0,0,m,w
16399,WRITE,1,1,0.986651,0.579462,0,0,0,0,0,0.625637,0.785591,1.34561,0,0,1.03685,0,0,0,1,0,0,0,0,m,w
16400,WRITE,1,1,0.986751,0.574963,0,0,0,0,0,0.605062,0.784305,1.29951,0,0,1.09866,0,0,0,1,0,0,0,0,m,w
16401,WRITE,1,1,0.986686,0.573609,0,0,0,0,0,0.628092,0.804889,1.27185,0,0,1.08015,0,0,0,1,0,0,0,0,m,w
16402,WRITE,1,1,0.986928,0.57151,0,0,0,0,0,0.635055,0.787757,1.31847,0,0,1.12904,0,0,0,1,0,0,0,1,m,w
16403,WRITE,1,1,0.986978,0.551651,0,0,0,0,0,0.656793,0.743986,1.38801,0,0,1.22831,0,0,0,1,0,0,0,1,m,w
16404,WRITE,1,1,0.987124,0.557617,0,0,0,0,0,0.674764,0.776492,1.41546,0,0,1.29796,0,0,0,1,0,0,0,1,m,w
16405,WRITE,1,1,0.987535,0.556462,0,0,0,0,0,0.705519,0.811641,1.54142,0,0,1.16436,0,0,0,1,0,0,0,1,m,w
16406,WRITE,1,1,0.987643,0.568494,0,0,0,0,0,0.693544,0.817338,1.53187,0,0,1.16153,0,0,0,1,0,0,0,1,m,w
16407,WRITE,1,1,0.987494,0.595601,0,0,0,0,0,0.689777,0.803555,1.49445,0,0,1.15947,0,0,0,1,0,0,0,1,m,w
16408,WRITE,1,1,0.987076,0.553823,0,0,0,0,0,0.71202,0.760341,1.47553,0,0,1.14976,0,0,0,1,0,0,0,0,m,w
16409,WRITE,1,1,0.986499,0.621648,0,0,0,0,0,0.709002,0.708312,1.50377,0,0,1.2254,0,0,0,1,0,0,0,0,m,w
16410,WRITE,1,1,0.987044,0.68073,0,0,0,0,0,0.756895,0.849901,1.5359,0,0,1.24064,0,0,0,1,0,0,0,1,m,w
16411,WRITE,1,1,0.987206,0.690384,0,0,0,0,0,0.682971,0.806692,1.42689,0,0,1.16928,0,0,0,1,0,0,0,0,m,w
16412,WRITE,1,1,0.98748,0.66214,0,0,0,0,0,0.670631,0.820596,1.45748,0,0,1.1637,0,0,0,1,0,0,0,0,m,w
16413,WRITE,1,1,0.987942,0.733576,0,0,0,0,0,0.673933,0.880743,1.43268,0,0,1.03634,0,0,0,1,0,0,0,0,m,w
16414,WRITE,1,1,0.988084,0.7247,0,0,0,0,0,0.645951,0.853993,1.37614,0,0,1.14394,0,0,0,1,0,0,0,0,m,w
16415,WRITE,1,1,0.987574,0.723329,0,0,0,0,0,0.638154,0.762803,1.44287,0,0,1.30255,0,0,0,1,0,0,0,1,m,w
16416,WRITE,1,1,0.98773,0.638532,0,0,0,0,0,0.597821,0.760486,1.42544,0,0,1.23468,0,0,0,1,0,0,0,0,m,w
16417,WRITE,1,1,0.987473,0.680307,0,0,0,0,0,0.608198,0.760274,1.3018,0,0,1.33618,0,0,0,1,0,0,0,0,m,w
16418,WRITE,1,1,0.98774,0.654419,0,0,0,0,0,0.610545,0.786649,1.30989,0,0,1.32192,0,0,0,1,0,0,0,0,m,w
16419,WRITE,1,1,0.987583,0.766382,0,0,0,0,0,0.615918,0.824111,1.26387,0,0,1.09768,0,0,0,1,0,0,0,0,m,w
16420,WRITE,1,1,0.988234,0.697981,0,0,0,0,0,0.58381,0.815004,1.23722,0,0,1.38644,0,0,0,1,0,0,0,0,m,w
16421,WRITE,1,1,0.98748,0.689754,0,0,0,0,0,0.617188,0.864374,1.22628,0,0,1.09614,0,0,0,1,0,0,0,1,m,w
16422,WRITE,1,1,0.987588,0.662004,0,0,0,0,0,0.604605,0.824546,1.19851,0,0,1.39907,0,0,0,1,0,0,0,1,m,w
16423,WRITE,1,1,0.987438,0.703024,0,0,0,0,0,0.61706,0.857211,1.29951,0,0,1.05698,0,0,0,1,0,0,0,1,m,w
16424,WRITE,1,1,0.987486,0.728369,0,0,0,0,0,0.590645,0.758311,1.1355,0,0,1.17611,0,0,0,1,0,0,0,1,m,w
16425,WRITE,1,1,0.987276,0.726885,0,0,0,0,0,0.601228,0.769209,1.21769,0,0,1.12111,0,0,0,1,0,0,0,1,m,w
16426,WRITE,1,1,0.987532,0.766159,0,0,0,0,0,0.547376,0.775566,1.0274,0,0,1.0347,0,0,0,1,0,0,0,1,m,w
16427,WRITE,1,1,0.988365,0.814703,0,0,0,0,0,0.594391,0.830184,1.14918,0,0,0.925058,0,0,0,1,0,0,0,1,m,w
16428,WRITE,1,1,0.988321,0.782707,0,0,0,0,0,0.568292,0.753174,1.04527,0,0,0.983446,0,0,0,1,0,0,0,1,m,w
16429,WRITE,1,1,0.987962,0.691435,0,0,0.510023,0,0,0.500615,0.655012,1.00902,0,0,1.1041,0,0,0,1,0,0,0,0,m,w
16430,WRITE,1,1,0.987799,0.700287,0,0,0.555325,0,0,0.538991,0.698201,1.03838,0,0,1.0769,0,0,0,1,0,0,0,0,m,w
16431,WRITE,1,1,0.987501,0.77728,0,0,0.500768,0,0,0.507885,0.683561,1.00223,0,0,1.0978,0,0,0,1,0,0,0,0,m,w
16432,WRITE,1,1,0.987195,0.809339,0,0,0,0,0,0,0.629226,0.934494,0,0,1.09696,0,0,0,1,0,0,0,0,m,w
16433,WRITE,1,1,0.987106,0.825764,0,0,0,0,0,0,0.520361,0.938648,0,0,1.02387,0,0,0,0,0,0,0,1,m,w
16434,WRITE,1,1,0.98714,0.815722,0,0,0,0,0,0,0.63227,0.933568,0,0,0.683003,0,0,0,1,0,0,0,1,m,w
20913,WRITE,1,1,0.901442,0,0,0.60773,0,0,0,0,0,0,0,0.614765,0,0,0,1,0,0,0,0,0,m,w
20926,WRITE,1,1,0.974058,0.618513,0,0,0,0,0,0,0.614506,0,0,0,0.775181,0,0,0,0,0,0,0,1,m,w
20927,WRITE,1,1,0.965345,0.60658,0,0,0,0,0,0,0.528492,0,0.520788,0,0.878024,0,0,0,0,0,0,0,1,m,w
20928,WRITE,1,1,0.967043,0.571826,0,0,0,0,0,0,0,0,0.645701,0,0.960396,0,0,0,0,0,0,0,1,m,w
20929,WRITE,1,1,0.968047,0,0,0,0,0,0,0,0.571732,0,0,0,0.975825,0,0,0,0,0,0,0,1,m,w
20930,WRITE,1,1,0.96545,0.510845,0,0,0,0,0,0,0.607484,0,0.629199,0,1.09852,0,0,0,0,0,0,0,1,m,w
20931,WRITE,1,1,0.960893,0.555003,0,0,0,0,0,0,0.521855,0,0.633478,0,1.04461,0,0,0,0,0,0,0,1,m,w
20932,WRITE,1,1,0.962888,0.551956,0,0,0,0,0,0,0.573549,0,0.637542,0,0.900802,0,0,0,0,0,0,0,1,m,w
20933,WRITE,1,1,0.964176,0.589987,0,0,0,0,0,0,0.577221,0,0.660132,0,0.896109,0,0,0,0,0,0,0,1,m,w
20934,WRITE,1,1,0.967377,0.632549,0,0,0,0,0,0,0.576754,0,0.636113,0,0.986988,0,0,0,0,0,0,0,1,m,w
20935,WRITE,1,1,0.969112,0.606127,0,0,0,0,0,0,0.560951,0,0.821115,0,0.919639,0,0,0,0,0,0,0,1,m,w
20936,WRITE,1,1,0.971627,0.628545,0,0,0,0,0,0,0.52111,0,0.807474,0,0.873726,0,0,0,0,0,0,0,1,m,w
20937,WRITE,1,1,0.971678,0.682655,0,0,0,0,0,0,0,0,0.863194,0,0.859016,0,0,0,0,1,0,0,1,m,w
20938,WRITE,1,1,0.972833,0.632195,0,0,0,0,0.531642,0,0,0,0.909501,0,0.801468,0,0,0,0,1,0,0,1,m,w
20939,WRITE,1,1,0.975202,0.747097,0,0,0,0,0.602594,0,0,0,0.770301,0,0.725481,0,0,0,0,0,0,0,1,m,w
20940,WRITE,1,1,0.975085,0.573018,0,0,0,0,0,0,0,0,0.723902,0,0.708362,0,0,0,0,0,0,0,1,m,w
20941,WRITE,1,1,0.975332,0.700643,0,0,0,0,0.562032,0,0,0,0.769901,0,0.663021,0,0,0,0,0,0,0,1,m,w
20942,WRITE,1,1,0.974552,0.640809,0,0,0,0,0.693068,0,0,0,0,0,0.790364,0,0,0,0,0,0,0,1,m,w
20943,WRITE,1,1,0.971924,0.552646,0,0,0,0,0,0,0,0,0.592513,0,0.821392,0,0,0,0,0,0,0,1,m,w
20944,WRITE,1,1,0.974181,0.522089,0,0,0,0,0.657035,0,0,0,0.618675,0,0.801672,0,0,0,0,0,0,0,1,m,w
20945,WRITE,1,1,0.973701,0.633297,0,0,0,0,0.577606,0,0,0,0.670234,0,0.889969,0,0,0,0,0,0,0,1,m,w
20946,WRITE,1,1,0.973415,0.592841,0,0,0,0,0.727133,0,0,0,0.771743,0,0.928048,0,0,0,0,0,0,0,1,m,w
20947,WRITE,1,1,0.973771,0.553216,0,0,0,0,0.717367,0,0,0,0.868387,0,0.941752,0,0,0,0,0,0,0,1,m,w
20948,WRITE,1,1,0.974991,0.618764,0,0,0,0,0.793342,0,0,0,0.684206,0,0.890352,0,0,0,0,0,0,0,1,m,w
20949,WRITE,1,1,0.977664,0.53799,0,0,0,0,0.54093,0,0,0,0.811688,0,0.956142,0,0,0,0,0,0,0,1,m,w
20950,WRITE,1,1,0.976689,0.613712,0,0,0,0,0.67991,0,0,0,0.823319,0,0.957276,0,0,0,0,0,0,0,1,m,w
20951,WRITE,1,1,0.976869,0.632787,0,0,0,0,0.735048,0,0,0,0.783362,0,0.958431,0,0,0,0,0,0,0,1,m,w
20952,WRITE,1,1,0.975756,0.728881,0,0,0,0,0.693837,0,0,0,0.766271,0,0.851459,0,0,0,0,0,0,0,1,m,w
20953,WRITE,1,1,0.974433,0.652064,0,0,0,0,0.794735,0,0,0,0.777465,0,0.518888,0,0,0,0,0,0,0,1,m,w
20954,WRITE,1,1,0.976749,0.627383,0,0,0,0,0.574947,0,0,0,0.780518,0,0.70168,0,0,0,0,0,0,0,1,m,w
20955,WRITE,1,1,0.976475,0.501344,0,0,0,0,0.637889,0,0,0,0.783125,0,0.729463,0,0,0,0,0,0,0,1,m,w
20956,WRITE,1,1,0.975484,0,0,0,0,0,0.72904,0,0,0,0.828921,0,0.734163,0,0,0,0,0,0,0,1,m,w
20957,WRITE,1,1,0.973196,0,0,0,0,0,0.715738,0,0,0,0.570508,0,0.657811,0,0,0,0,0,0,0,1,m,w
20958,WRITE,1,1,0.973941,0,0,0,0,0,0.505036,0,0,0,0.552822,0,0.569537,0,0,0,0,0,0,0,1,m,w
20959,WRITE,1,1,0.976605,0,0,0,0,0,0.520947,0,0,0,0,0,0.523007,0,0,0,0,0,0,0,1,m,w
20960,WRITE,1,1,0.97772,0.515633,0,0,0,0,0.525695,0,0,0,0.738219,0,0.529592,0,0,0,0,0,0,0,1,m,w
20961,WRITE,1,1,0.972457,0.74596,0,0,0,0,0.997032,0,0,0,0.599111,0,0.6759,0,0,0,0,0,0,0,1,m,w
20962,WRITE,1,1,0.972265,0.66618,0,0,0,0,0.561985,0,0,0,0.675684,0,0.754292,0,0,0,0,0,0,0,1,m,w
20979,WRITE,1,1,0.969806,0.99836,0,0.67536,0,0,0.798946,0,0,0,0,0,0,0,0,0,0,1,0,0,1,m,w
20980,WRITE,1,1,0.97473,0.880154,0,0.906858,0,0,0.780359,0,0.505628,0,0.634058,0,0,0.579565,0,1,0,1,0,0,1,m,w
20981,WRITE,1,1,0.974894,0.859877,0,0.804399,0,0,0.902074,0,0,0,0,0,0,0,0,1,0,1,1,0,1,m,w
20982,WRITE,1,1,0.97705,0.777613,0,1.25235,0,0,0.972724,0,0.632108,0.640244,0,0,0,1.03195,0,1,0,1,0,0,1,m,w
20983,WRITE,1,1,0.975055,0.820515,0,1.09926,0,0,0.989052,0,0.601223,0.540653,0,0,0,0.870056,0,1,0,1,0,0,1,m,w
20984,WRITE,1,1,0.973244,0.91919,0,1.63602,0,0,1.45725,0,0.644772,0.885796,0.738091,0,0,1.2275,0,1,1,1,1,0,1,m,w
20985,WRITE,1,1,0.968205,0.905471,0,1.49646,0,0,1.39768,0,0.535038,0.755453,0.769334,0,0,1.32746,0,1,0,1,1,0,1,m,w
20986,WRITE,1,1,0.966304,0.713754,0,1.3517,0.548197,0,1.13651,0,0.550538,0.850381,0.639097,0,0,2.05422,0,1,0,0,1,0,1,m,w
20987,WRITE,1,1,0.949945,0.548206,0,1.29588,0.528526,0,0.649139,0.508247,0.502742,0.870389,0.865058,0,0,2.13155,0,1,0,0,0,0,1,m,w
20988,WRITE,1,1,0.963872,0.59012,0,1.47688,0.526516,0,0,0,0,0.856598,1.35014,0,0.518044,3.30324,0,1,0,0,0,0,1,m,w
20989,WRITE,1,1,0.978576,0.500961,0.709031,1.90022,0.607962,0,0,0.576037,0.638207,1.27995,1.29269,0.665725,0,3.36265,0,1,0,0,0,0,0,m,w
20990,WRITE,1,1,0.962244,0,0.925041,1.53711,0.535047,0,0,0,0.923331,1.39196,1.10161,0.868551,1.02064,3.18288,0,1,0,0,0,0,0,m,w
20991,WRITE,1,1,0.891455,0.605361,0.957605,1.78536,1.21695,0,0,0,1.41823,1.27896,1.47478,1.02844,1.23881,2.77132,0,1,0,0,0,0,0,m,w
20992,WRITE,1,1,0.769237,0,1.49262,1.5217,1.19657,0.806175,0,0,1.84919,1.51553,1.07449,0.941723,1.37153,2.1128,0,1,0,0,0,0,0,m,w
20994,WRITE,1,1,0.73491,0,1.75804,1.1468,1.36371,1.07924,0,0.656283,2.69609,1.48216,0.662563,0,1.4567,1.9216,0,1,1,0,0,0,0,m,w
21001,WRITE,1,1,0.832358,0.906633,1.97286,0.546926,1.36414,0.622063,0,0,2.54602,0,0,0,0,1.64131,0,0,0,0,1,0,0,m,w
21002,WRITE,1,1,0.798107,1.05269,1.97498,0.799791,1.5018,0.560831,0,0,2.61842,0,0.667614,0,0,1.60664,0,0,0,0,0,0,0,m,w
21003,WRITE,1,1,0.840253,1.23581,1.88461,1.06718,1.55396,0,0,0,2.36169,0,0.763986,0,0,1.07036,0,0,0,0,0,0,0,m,w
21004,WRITE,1,1,0.889655,1.3746,1.59457,1.66569,1.41755,0,0,0,2.1018,0,0.927688,0.74646,0,1.31653,0,0,0,0,0,0,0,m,w
21005,WRITE,1,1,0.914394,1.08737,1.40035,1.71622,1.52877,0,0,0,1.86796,0,0.703176,0.904537,0,1.02912,0,1,0,0,0,0,0,m,w
21006,WRITE,1,1,0.952776,0.718949,1.1583,1.5722,1.25503,0,0,0,1.19703,0.643814,0.794309,0.788943,0,0.751225,0,1,0,0,0,0,0,m,w
21007,WRITE,1,1,0.954095,0,0.570245,0.910331,1.10236,0.535899,0,0,0.906583,1.02084,0.56294,0.7325,0,0.593545,0,1,0,0,0,0,0,m,w
21008,WRITE,1,1,0.956093,0,0.506234,1.19356,0.734969,0.549353,0,0,0.69331,1.51298,0.642509,0.627437,0,1.04243,0,1,0,0,0,0,0,m,w
21009,WRITE,1,1,0.960752,0,0,1.14596,0.714243,0,0,0.606228,0.640971,1.60726,0.688017,0.566146,0,1.33558,0,1,0,0,0,0,0,m,w
21010,WRITE,1,1,0.971792,0,0,1.05335,0.563372,0,0.867294,0.573897,0.578654,1.62274,0,0,0.555359,1.82269,0,0,0,0,0,0,0,m,w
21011,WRITE,1,1,0.975618,0,0,0.806364,0.584541,0,0.688506,0.67466,0,1.51609,0,0,0.876122,1.44333,0,0,1,0,0,0,0,m,w
21012,WRITE,1,1,0.981797,0,0,0.645804,0.667175,0,0,0.636947,0.594083,1.64049,0,0,0.942773,2.19088,0,0,1,0,0,0,0,m,w
21013,WRITE,1,1,0.980124,0,0,0,0,0,0,0.674621,0.50947,1.55317,0,0,1.25944,1.5665,0,0,1,0,0,0,0,m,w
21014,WRITE,1,1,0.98015,0,0,0,0.500358,0.533878,0,0.746253,0.690869,1.79465,0,0,1.23856,1.37093,0,0,1,0,0,0,0,m,w
21015,WRITE,1,1,0.981444,0,0,0.556823,0.618413,0.532164,0,0.780177,0.60272,1.75696,0,0,0.968404,1.49265,0,0,1,0,0,0,0,m,w
21016,WRITE,1,1,0.986441,0,0,0,0,0.534828,0,0.724159,0.632514,1.80563,0,0,1.20522,0.744402,0,0,1,0,0,0,0,m,w
21017,WRITE,1,1,0.986836,0,0,0,0.571594,0.531856,0,0.811227,0.677255,1.79098,0,0,0.550191,0.577737,0,0,1,0,0,0,0,m,w
21018,WRITE,1,1,0.989621,0,0,0,0,0,0,0.78494,0.863979,1.9863,0.65451,0,0.849883,0,0,0,1,0,0,0,0,m,w
21019,WRITE,1,1,0.988249,0,0,0,0,0.510696,0,0.812711,0.61448,1.95735,0.658045,0,0.890161,0,0,0,1,0,0,0,0,m,w
21020,WRITE,1,1,0.988353,0,0.516552,0,0,0,0,0.694488,0.725454,1.8198,0.937285,0,0.729766,0,0,0,1,0,0,0,0,m,w
21021,WRITE,1,1,0.988821,0,0,0,0,0,0,0.785817,0.70995,1.72615,0.749674,0,0.771885,0,0,0,1,0,0,0,0,m,w
21022,WRITE,1,1,0.991686,0,0.538432,0,0,0,0,0.533531,0.691315,1.55251,0.88645,0,0,0,0,1,0,0,0,0,0,m,w
21023,WRITE,1,1,0.992419,0,0.557528,0,0,0,0,0.527941,0.530213,1.65679,1.05505,0,0.697685,0,0,0,0,1,0,0,0,m,w
21024,WRITE,1,1,0.989648,0,0.734786,0,0,0,0,0,0.598846,1.77158,1.06343,0,0,0,0,0,0,1,0,0,0,m,w
