time_stamp,word,frame,success,confidence,AU01_r,AU02_r,AU04_r,AU05_r,AU06_r,AU09_r,AU10_r,AU12_r,AU14_r,AU15_r,AU17_r,AU20_r,AU25_r,AU26_r,AU04_c,AU12_c,AU15_c,AU23_c,AU28_c,AU45_c,speaker_gender,listener_gender
2518,COMMUNITY,1,1,0.946886,0,0.658775,1.16745,0,0,1.30703,0.511099,0,0.903478,0.601159,0,1.4693,1.68897,0.847284,1,0,1,1,0,1,w,m
2519,COMMUNITY,1,1,0.952349,0.864535,0.937455,0.908633,0,0.554583,1.37694,0.712423,0,0.996563,0,0,1.14189,1.92098,0.67906,1,0,1,1,0,1,w,m
2520,COMMUNITY,1,1,0.944868,1.09012,0.901485,1.26885,0,0.561349,1.99388,0.657293,0,1.08405,0,0,0.891695,1.63479,0.674878,1,0,1,1,0,1,w,m
2521,COMMUNITY,1,1,0.946326,1.58812,1.16149,1.60369,0,0,2.41864,0,0,0.832439,0,0,0,1.76405,0.718461,1,0,1,1,0,1,w,m
2522,COMMUNITY,1,1,0.954378,1.32801,0.628822,1.82154,0,0,2.33618,0,0,0.711245,0.950683,0,0,1.96413,0.852124,1,0,1,1,0,1,w,m
2523,COMMUNITY,1,1,0.955202,1.38685,0.508982,1.31061,0,0,2.07357,0,0,0.735972,0.873217,0,0,1.84077,0.830462,1,0,0,1,0,1,w,m
2524,COMMUNITY,1,1,0.957086,1.38521,0,1.31878,0,0,1.91838,0,0,0.806497,0.759126,0,0,2.03287,0.857377,1,0,0,0,0,1,w,m
2525,COMMUNITY,1,1,0.963003,1.25813,0,1.26814,0,0,1.74624,0,0,0.968172,0.854201,0,0,2.11457,0.857017,1,0,0,1,0,1,w,m
2526,COMMUNITY,1,1,0.972,1.22305,0,1.5231,0,0,2.07368,0,0,0,0,0,0,1.9978,0.670808,1,0,0,1,0,1,w,m
2527,COMMUNITY,1,1,0.983974,0,0,1.36577,0,0,1.89207,0,0,0,0,0,0,1.52383,0,1,0,0,1,0,1,w,m
2528,COMMUNITY,1,1,0.97788,0,0,1.12772,0.629732,0,1.47008,0,0,0,1.07578,0,0,0,0,0,0,1,1,0,0,w,m
2529,COMMUNITY,1,1,0.957556,0,0,0.654936,0,0,0.578153,0,0,0,1.05613,0.513732,0,0,0,0,0,1,1,0,0,w,m
2530,COMMUNITY,1,1,0.943069,0,0,0,0,0,0.599269,0,0,1.32889,1.58725,0.748752,0,0,0,0,0,1,1,0,0,w,m
2531,COMMUNITY,1,1,0.924337,0,0,0,0,0,0.95061,0,0.670043,1.50625,0.714486,0.553529,0.841754,1.24686,0,1,1,1,1,0,0,w,m
2532,COMMUNITY,1,1,0.929636,0,0,0.53432,0,0,1.77376,0.540281,0.867962,2.02393,0,0.515545,0.856013,1.71871,0,1,1,0,1,0,0,w,m
2533,COMMUNITY,1,1,0.943056,0,0,0,0,0.679762,1.97999,0.945695,0.755486,2.46658,0,0.793543,0,0,0,1,1,1,1,0,0,w,m
2534,COMMUNITY,1,1,0.97274,0,0,0.95342,0,0.538533,2.06712,0.739582,0,1.77489,0,0.727531,0,0,0,1,1,1,1,0,0,w,m
2535,COMMUNITY,1,1,0.981018,0.574319,0,0.708412,0,0,1.3552,0.572456,0,2.12734,0.940261,0,0.640749,0,0,1,0,1,1,0,0,w,m
2536,COMMUNITY,1,1,0.986837,0,0,0.752487,0,0,0.976253,0,0,2.08875,0.606138,0,0,0,0,1,0,0,1,0,0,w,m
2537,COMMUNITY,1,1,0.984645,0,0,0.620698,0,0,0.769228,0.571931,0,1.94894,0.778855,0,0,0,0,1,0,0,1,0,0,w,m
2538,COMMUNITY,1,1,0.986062,0,0,0.804033,0,0,0.510351,0.510879,0,1.91956,0.791821,0,0,0,0,1,1,0,1,0,0,w,m
2539,COMMUNITY,1,1,0.984213,0,0,0.629396,0,0,0,0.522381,0,1.8756,0.755541,0,0,0,0,1,0,0,1,0,0,w,m
2546,COMMUNITY,1,1,0.977839,0,0,0,0.599687,0,0,0,0,0.641428,0,0,0,0,0,1,0,0,1,0,0,w,m
2547,COMMUNITY,1,1,0.957571,0,0,0,0,0,0,0,0,0,0.539138,0,0,0.626706,0,0,0,0,1,0,0,w,m
2548,COMMUNITY,1,1,0.965094,0,0,0,0,0,0,0,0,0,1.08381,0,0,0.832549,0,0,0,0,1,0,0,w,m
2549,COMMUNITY,1,1,0.951569,1.10436,0,0,0,0,0,0,0,0,1.33371,0,0,1.7025,0.527554,0,0,0,1,0,0,w,m
2550,COMMUNITY,1,1,0.966711,0.94622,0,0,0,0,0,0,0,0,0.871683,0,0,1.84516,0.575492,0,0,0,1,0,1,w,m
2551,COMMUNITY,1,1,0.975239,0.727195,0,0,0.506451,0,0.599517,0,0,0,0.723255,0,0,1.45295,0,0,0,0,1,0,0,w,m
2552,COMMUNITY,1,1,0.962802,0,0,0,0.673998,0,1.13326,0,0,0,1.16783,0,0,0.904124,0,0,0,1,1,0,0,w,m
2553,COMMUNITY,1,1,0.95732,0,0,0,0.761318,0,1.3127,0,0,0.69146,0.954595,0,0,0,0,0,0,1,1,0,0,w,m
2554,COMMUNITY,1,1,0.952337,0,0,0,0.745635,0,1.67387,0,0,0.656591,0,0,0.879347,0,0,0,0,1,1,0,0,w,m
2555,COMMUNITY,1,1,0.952566,0,0,0,0.626811,0,1.53959,0.509964,0,0.760873,0.546152,0,1.33148,0,0,0,0,1,1,0,0,w,m
2556,COMMUNITY,1,1,0.964535,0,0,0.617599,1.09096,0,1.68977,0.512349,0,0.595069,0,0,1.18924,0,0,0,0,1,1,0,0,w,m
2557,COMMUNITY,1,1,0.964436,0,0,0,1.12441,0,1.07599,0.526139,0.511742,0.76839,0,0,1.3939,0,0,0,1,1,1,0,0,w,m
2558,COMMUNITY,1,1,0.969319,0,0,0.722382,1.10419,0,1.60268,0,0.650253,0.809436,0,0,1.05668,0,0,0,1,1,0,0,0,w,m
2559,COMMUNITY,1,1,0.969873,0,0.547418,0.665475,1.26493,0,0.813116,0,0.537598,0.630732,0,0,1.14848,0,0,0,1,1,0,0,0,w,m
528,COMMUNITY,1,1,0.86941,0.835412,1.40995,1.17776,0.615084,0,0,0,0,0,0,0,0,0,0,1,0,0,0,0,0,w,w
533,COMMUNITY,1,1,0.81951,0,1.5147,0,1.16195,0,0,0.791899,0,0,0.758487,0.539448,1.4279,0,0,0,0,0,1,0,0,w,w
534,COMMUNITY,1,1,0.835354,0.547495,1.99267,0,0.711098,0,0,0.983726,0,1.22412,1.23187,0.553692,1.23959,0,0,0,0,0,1,0,0,w,w
547,COMMUNITY,1,1,0.949683,0,2.13248,0,0,0,0,0,0,0.565729,0,0,0,0,0,0,0,0,0,0,0,w,w
548,COMMUNITY,1,1,0.950149,0,1.00786,0,0,0,0,0.531853,0,0,0,0,0,0,0,0,0,0,1,0,0,w,w
563,COMMUNITY,1,1,0.893044,1.54711,2.10751,0,0,0,0.552103,1.09885,0,0.959952,1.41304,0,0,0,0,0,0,0,1,0,0,w,w
564,COMMUNITY,1,1,0.946481,0.992629,2.34429,0,0,0,0.651186,1.02001,0,1.02747,1.42061,0,0,0,0,0,0,0,0,0,0,w,w
565,COMMUNITY,1,1,0.956108,0.877423,2.51828,0,0,0,0,1.09243,0,0.773923,0.981245,0,0,0,0,0,0,0,0,0,0,w,w
572,COMMUNITY,1,1,0.937239,0.898846,2.03322,0,0,0,0,0.97995,0,0.844357,0.692819,0,0,0,0,0,0,0,0,0,0,w,w
573,COMMUNITY,1,1,0.936423,0.922599,2.14579,0,0,0,0,0.893491,0,0.862708,0.752154,0,0,0,0,0,0,0,0,0,0,w,w
574,COMMUNITY,1,1,0.925716,0.718316,1.73317,0,0.509928,0,0,0.935494,0,1.03804,0.801246,0,0,0,0,0,0,0,0,0,0,w,w
578,COMMUNITY,1,1,0.939089,0.903932,2.5451,0,0,0,0,0.873486,0,0.825619,0,0,0,0.952095,0,0,0,0,0,0,0,w,w
579,COMMUNITY,1,1,0.955772,1.22117,2.62673,0,0,0,0,0.842907,0,0,0.547711,0,0,0.688128,0,0,0,0,0,0,0,w,w
580,COMMUNITY,1,1,0.965256,1.22392,2.53689,0,0,0,0,0.645039,0,0.731055,0.726882,0,0,0.73675,0,0,0,0,0,0,0,w,w
581,COMMUNITY,1,1,0.972919,0.681893,2.45125,0,0,0,0,0.532238,0,0.800148,0.631824,0,0,0,0,0,0,0,0,0,0,w,w
582,COMMUNITY,1,1,0.960765,0,0.906138,0,0,0,0.913785,0,0,0.624758,0.576887,0,0,0,0,1,0,0,0,0,0,w,w
583,COMMUNITY,1,1,0.914849,0.694658,0,0,0,0,0.584092,0,0,0,0,0.654468,0,0,0,1,0,0,1,0,0,w,w
588,COMMUNITY,1,1,0.977862,1.28761,3.27213,0,0,0,0,0.526148,0,0.908028,0.92923,0.533424,0,0,0,0,0,1,0,0,0,w,w
589,COMMUNITY,1,1,0.969771,0,2.5968,0,0,0,0,0.534318,0,1.18449,1.06635,0.723036,0.690837,0,0,0,0,1,0,0,0,w,w
590,COMMUNITY,1,1,0.955178,0,1.24425,0,0,0,0,0,0,0.920132,0.896241,0.785305,0.88998,0,0,0,0,1,1,0,0,w,w
591,COMMUNITY,1,1,0.959069,0,0.549442,0,0,0,0,0.610972,0,0.721096,0.764137,0.937545,0,0,0,0,0,0,1,0,0,w,w
592,COMMUNITY,1,1,0.978844,0,0.667292,0,0,0,0,0,0,1.26322,1.04536,1.19621,0.576584,0,0,0,0,1,1,0,0,w,w
593,COMMUNITY,1,1,0.978046,0,1.37573,0,0,0,0,0.552421,0,0.953909,1.43087,1.07273,1.02441,0,0,0,0,1,1,0,0,w,w
594,COMMUNITY,1,1,0.974274,0.506901,1.93785,0,0,0,0,0,0,0.739048,1.30131,0.565374,0,0,0,0,0,1,0,0,0,w,w
595,COMMUNITY,1,1,0.972947,0,2.46603,0,0,0,0,0,0,0.860783,1.12288,0.539552,0.614618,0,0,0,0,0,0,0,0,w,w
596,COMMUNITY,1,1,0.973281,0,2.19629,0,0,0,0,0.500932,0,1.14532,1.2995,0.523446,0,0,0,0,0,1,0,0,0,w,w
597,COMMUNITY,1,1,0.978159,0.524953,1.84348,0,0,0,0,0,0,0.878469,1.28549,0.579668,0,0,0,0,0,1,1,0,0,w,w
598,COMMUNITY,1,1,0.977366,0.52535,2.21882,0,0,0,0,0,0,0.756601,1.19905,0.572461,0,0,0,0,0,1,0,0,0,w,w
600,COMMUNITY,1,1,0.97896,0.923035,2.24311,0,0,0,0,0,0,1.03044,1.68056,0,0,0,0,0,0,1,0,0,0,w,w
601,COMMUNITY,1,1,0.976817,0.512373,2.33785,0,0,0,0,0,0,0,1.26388,0,0,0,0,0,0,1,0,0,0,w,w
602,COMMUNITY,1,1,0.9742,0,1.88381,0,0,0,0,0,0,0,1.22427,0,0.584019,0,0,0,0,1,0,0,0,w,w
618,COMMUNITY,1,1,0.959756,0.982633,2.41161,0,0,0,0,0,0,0.515772,1.06369,0,0,0,0,0,0,1,0,0,0,w,w
631,COMMUNITY,1,1,0.959449,1.2046,2.04353,0,0,0,0,0.688685,0,1.17907,0.527333,0.513526,0.776262,0,0,0,0,1,0,0,0,w,w
632,COMMUNITY,1,1,0.961036,1.14344,2.24747,0,0,0,0,0.640366,0,1.09705,0.782404,0,0.769232,0,0,0,0,1,0,0,0,w,w
633,COMMUNITY,1,1,0.965332,0.871718,1.98995,0,0,0,0,0.636649,0,0.647421,0.642957,0,0.726897,0,0,0,0,0,0,0,0,w,w
634,COMMUNITY,1,1,0.967668,0.771913,2.3727,0,0,0,0,0.624801,0,0.858405,0.751246,0,0.698722,0,0,0,0,0,0,0,0,w,w
635,COMMUNITY,1,1,0.967994,0.750673,2.07865,0,0,0,0,0.625169,0,0.949658,0.840333,0,1.00242,0,0,0,0,1,0,0,0,w,w
636,COMMUNITY,1,1,0.976007,0,2.05499,0,0,0,0,0.815462,0,1.28443,0.801819,0,1.26783,0,0,0,0,1,0,0,0,w,w
637,COMMUNITY,1,1,0.981688,0,1.86816,0,0,0,0,1.11336,0.669837,1.90534,0,0.856823,1.70015,0,0,0,1,1,0,0,0,w,w
638,COMMUNITY,1,1,0.935774,0,0.767457,0,0.818356,0.779561,0.729865,1.31741,1.07056,2.15612,0.661439,0,1.27344,0.599994,0,0,1,0,0,0,0,w,w
639,COMMUNITY,1,1,0.83173,0.54369,0,0,0.558871,0.570228,0,1.06119,1.3258,1.64473,1.06644,0,0,1.34791,0,1,1,0,0,1,0,w,w
640,COMMUNITY,1,1,0.96245,0,0,0,0,0,0,0,0.847526,1.81819,1.27586,0.611185,1.72,0.608202,0,0,1,1,1,0,0,w,w
641,COMMUNITY,1,1,0.958691,0,0,0,0,0,0,0,1.20769,1.57991,1.41021,0.678492,0.914038,0,0,0,1,1,1,0,0,w,w
642,COMMUNITY,1,1,0.96587,0,0,0,0.538913,0,0,0,1.26682,1.96344,1.06943,0.692018,1.47358,0.797194,0,0,1,1,1,0,0,w,w
643,COMMUNITY,1,1,0.954583,0,0,0.64107,0,0,0,0,1.2027,1.91927,0.962522,0.822592,1.4912,0,0,0,1,1,1,0,0,w,w
644,COMMUNITY,1,1,0.956706,0.607485,0,0.620813,0,0,0,0,1.11534,2.00544,0.938753,0.889603,1.65802,0,0,0,1,1,0,0,0,w,w
645,COMMUNITY,1,1,0.967244,0.805638,0,0.708927,0,0,0,0,1.27641,2.19309,1.06787,0.829755,1.59384,0.564078,0,0,1,1,0,0,0,w,w
646,COMMUNITY,1,1,0.972624,0.613536,0,0.686409,0,0,0,0,1.06504,2.32803,0.980354,0.924981,1.84752,0.503918,0,0,1,1,1,0,0,w,w
647,COMMUNITY,1,1,0.972298,0.79198,0,0.61411,0,0,0,0,1.31175,2.33225,0.69769,0.801985,2.28509,0.747476,0,0,1,1,0,0,0,w,w
648,COMMUNITY,1,1,0.968586,0.782277,0,0,0,0,0,0,1.17144,2.10202,1.22887,0.727082,1.98563,0.673746,0,0,1,1,1,0,0,w,w
649,COMMUNITY,1,1,0.969186,0.887576,0,0.522831,0,0,0,0,1.22248,2.17789,1.36848,0.782324,1.99649,0.621299,0,0,1,1,1,0,0,w,w
650,COMMUNITY,1,1,0.96273,0.964945,0,0,0,0,0,0,1.26703,2.10336,1.29321,0.670767,1.68911,0.58771,0,0,1,1,1,0,0,w,w
651,COMMUNITY,1,1,0.963834,0.767498,0,0,0,0,0,0,1.14833,2.20122,1.40551,0.77151,1.69929,0.720894,0,0,1,1,1,0,0,w,w
652,COMMUNITY,1,1,0.961134,0.799185,0,0,0,0,0,0,1.07073,2.03682,1.21689,0.72351,1.80116,0.842745,0,0,1,1,0,0,0,w,w
653,COMMUNITY,1,1,0.956432,0.832112,0,0.610897,0,0,0,0,1.23582,2.03058,1.06439,0.783654,1.67954,0.732413,0,0,1,1,1,0,0,w,w
654,COMMUNITY,1,1,0.95898,0.804986,0,0,0,0,0,0,1.1541,2.0037,1.05711,0.716286,1.62438,0.663676,0,0,1,1,1,0,0,w,w
655,COMMUNITY,1,1,0.959634,0.936851,0,0,0,0,0,0,1.04689,2.03462,1.04604,0.928067,1.70459,0,0,0,1,1,1,0,0,w,w
656,COMMUNITY,1,1,0.953711,0.958453,0,0.547939,0,0.593494,0,0.5659,1.22068,2.3252,1.08391,0.972405,1.44613,0,0,0,1,1,1,0,0,w,w
657,COMMUNITY,1,1,0.9389,0.841934,0.521627,0.622996,0,0.700482,0.584418,0.620796,1.20537,1.8822,0.975176,1.03335,1.5591,0,0,0,1,1,1,0,0,w,w
658,COMMUNITY,1,1,0.921778,0,0,0,0,0.771696,0,0.622684,1.30443,1.44287,1.15076,0.883517,1.7234,0,0,0,1,1,1,0,1,w,w
659,COMMUNITY,1,1,0.875626,0,0,0.576665,0,0.688398,0,0.537708,1.0357,1.07983,1.70958,0.676397,0.811696,0,0,0,1,1,1,0,1,w,w
660,COMMUNITY,1,1,0.798628,0,0,0.6902,0,0,0,0,0,0,1.62696,0.655868,1.08083,0.612979,0.572531,0,1,1,0,0,1,w,w
661,COMMUNITY,1,1,0.934314,0,0,0,0,0,0,0.57346,0,1.19304,0,0.885327,1.3022,0.531916,0,0,1,0,0,0,1,w,w
662,COMMUNITY,1,1,0.967006,0,0,0,0.637,0,0,0,0,0,0,0.576355,1.00498,0,0,0,1,0,0,0,1,w,w
663,COMMUNITY,1,1,0.955787,0,1.00336,0,0.77032,0,0,0,0.517772,0,0,0.811517,0.895648,0,0,0,1,0,0,0,1,w,w
664,COMMUNITY,1,1,0.956748,0,1.01728,0,1.02936,0,0,0,0.800286,0,0,0.803434,1.17036,0,0,0,1,0,0,0,1,w,w
665,COMMUNITY,1,1,0.956727,0,0.881498,0,0.971745,0,0,0.509469,0.73412,0,0,0.662938,1.09267,0,0,0,1,0,0,0,1,w,w
666,COMMUNITY,1,1,0.967273,0,0.665853,0,0.999267,0,0,0,0.67443,0,0,0.70909,1.09121,0,0,0,1,0,0,0,1,w,w
667,COMMUNITY,1,1,0.967677,0,0.872779,0,0.79002,0,0,0,0.783462,0,0,0.65169,1.0054,0,0,0,1,0,0,0,1,w,w
668,COMMUNITY,1,1,0.970645,0,0.740621,0,0.744166,0,0,0,0.792867,0,0,0.696813,0.999814,0,0,0,1,0,0,0,1,w,w
669,COMMUNITY,1,1,0.974721,0.553301,0.968969,0,0.818154,0,0,0.502372,0.78861,0,0,0.662735,1.13228,0,0,0,1,0,0,0,1,w,w
670,COMMUNITY,1,1,0.975958,0,0.941036,0,0.597457,0,0,0,0.806196,0,0.569611,0.664902,0.854412,0,0,0,1,0,0,0,1,w,w
671,COMMUNITY,1,1,0.977276,0,1.09837,0,0.655044,0,0,0.534141,0.882373,0,0.533077,0.595139,0.854906,0,0,0,1,0,0,0,1,w,w
672,COMMUNITY,1,1,0.973709,0,1.02313,0,0.873237,0,0,0,0.721635,0,0.67846,0.604517,0.829778,0,0,0,1,0,0,0,1,w,w
673,COMMUNITY,1,1,0.975407,0,0.993582,0,0.768042,0,0,0.51215,0.743438,0,0.741382,0.653094,0.868488,0,0,0,1,0,0,0,1,w,w
674,COMMUNITY,1,1,0.974105,0,1.09911,0,0,0,0,0.585286,0.868276,0,0.675638,0.631049,0.838103,0,0,0,1,0,0,0,1,w,w
675,COMMUNITY,1,1,0.97395,0,1.03534,0,0.768072,0,0,0.626638,0.810913,0,0.55833,0.612544,0.875375,0,0,0,1,0,0,0,1,w,w
676,COMMUNITY,1,1,0.976498,0,1.00593,0,0.843432,0,0,0.607547,0.709057,0,0.660264,0.590892,0.893306,0,0,0,1,0,0,0,1,w,w
677,COMMUNITY,1,1,0.977259,0,0.889689,0,0.679102,0,0,0.625637,0.786523,0,0.522146,0.619271,0.997053,0,0,0,1,0,0,0,1,w,w
678,COMMUNITY,1,1,0.977857,0,0.987464,0,0.797686,0,0,0.602742,0.720943,0.517212,0.596843,0.589004,1.15449,0,0,0,1,0,0,0,0,w,w
679,COMMUNITY,1,1,0.97821,0.504559,1.11489,0,0.796751,0,0,0.641428,0.683998,0.569049,0.531023,0.644887,0.953762,0,0,0,1,0,0,0,0,w,w
680,COMMUNITY,1,1,0.980362,0,0.906133,0,0.752842,0,0,0.74099,0.822574,0.664016,0,0.630077,1.09686,0,0,0,1,0,0,0,0,w,w
681,COMMUNITY,1,1,0.980794,0,0.871396,0,0.697071,0,0,0.771314,0.847626,0.551431,0.516791,0.60291,0.962141,0,0,0,1,0,0,0,0,w,w
682,COMMUNITY,1,1,0.980928,0,0.960888,0,0.567559,0,0,0.817235,1.02029,0.889264,0,0.620655,1.12814,0,0,0,1,0,0,0,0,w,w
683,COMMUNITY,1,1,0.979755,0,0.774526,0,0.633858,0,0,0.883038,1.05796,1.02044,0,0.690667,1.2419,0,0,0,1,0,0,0,0,w,w
684,COMMUNITY,1,1,0.97611,0,0.869,0,0,0,0,0.980215,1.0921,1.23238,0,0.728265,1.27088,0,0,0,1,0,0,0,0,w,w
685,COMMUNITY,1,1,0.975625,0,1.18523,0,0,0,0,1.16926,1.06534,1.62643,0,0.782141,1.29085,0,0,0,1,1,1,0,0,w,w
686,COMMUNITY,1,1,0.979409,0,1.09096,0,0,0,0,1.29174,1.27159,1.82586,0.589307,0.72266,0.946111,0,0,0,1,1,1,0,0,w,w
687,COMMUNITY,1,1,0.979593,0,1.18459,0,0,0,0,1.33757,1.27833,1.88147,0.523459,0.826137,0.998725,0,0,0,1,1,1,0,0,w,w
688,COMMUNITY,1,1,0.980369,0,1.08229,0,0,0,0,1.30364,1.19126,1.9172,0,0.86192,1.05573,0,0,0,1,1,1,0,0,w,w
689,COMMUNITY,1,1,0.979887,0,1.18091,0,0,0,0,1.29474,1.23739,1.81401,0,0.772364,0.870406,0,0,0,1,1,1,0,0,w,w
690,COMMUNITY,1,1,0.97845,0,1.30432,0,0,0.571515,0,1.40498,1.31815,1.94653,0,0.808845,0.861604,0,0,0,1,1,1,0,0,w,w
691,COMMUNITY,1,1,0.977387,0,1.14576,0,0,0.546956,0,1.34131,1.25944,1.87025,0.662721,0.825288,0.964258,0,0,0,1,1,1,0,0,w,w
692,COMMUNITY,1,1,0.977862,0,1.16003,0,0,0.569635,0,1.31065,1.16039,1.92526,0.507536,0.779373,1.23465,0,0,0,1,1,1,0,0,w,w
693,COMMUNITY,1,1,0.978772,0,1.16965,0,0,0.572688,0,1.32607,1.17912,1.95743,0,0.728173,0.993612,0,0,0,1,1,1,0,0,w,w
694,COMMUNITY,1,1,0.977802,0,1.23318,0,0,0.609674,0,1.37578,1.29026,1.78568,0,0.729869,0.944563,0,0,0,1,1,1,0,0,w,w
695,COMMUNITY,1,1,0.977298,0,1.27848,0,0,0.637904,0.54436,1.40107,1.26694,1.82777,0,0.770888,0.895091,0,0,0,1,1,1,0,0,w,w
696,COMMUNITY,1,1,0.977766,0,1.23877,0,0,0.643772,0,1.42502,1.36138,1.76769,0,0.687582,0.794838,0,0,0,1,1,1,0,0,w,w
697,COMMUNITY,1,1,0.977434,0,1.28595,0,0,0.632235,0,1.39224,1.43702,1.58337,0,0.687592,0.779683,0,0,0,1,1,1,0,0,w,w
698,COMMUNITY,1,1,0.976337,0,1.32112,0,0,0.584036,0,1.3114,1.43709,1.60123,0,0.665233,0.858579,0,0,0,1,1,1,0,0,w,w
699,COMMUNITY,1,1,0.976375,0,1.50238,0,0,0.61563,0,1.35947,1.30534,1.75136,0,0.756733,1.13653,0,0,0,1,1,1,0,0,w,w
700,COMMUNITY,1,1,0.977123,0,1.57866,0,0,0.598766,0,1.28913,1.33587,1.80086,0,0.771858,1.20841,0,0,0,1,1,1,0,0,w,w
701,COMMUNITY,1,1,0.978327,0,1.39835,0,0,0.611478,0,1.31074,1.3813,1.72159,0,0.797467,0.794911,0,0,0,1,1,1,0,0,w,w
702,COMMUNITY,1,1,0.978873,0,1.47913,0,0,0.622387,0,1.33682,1.29651,1.78785,0,0.870757,0.950679,0,0,0,1,1,1,0,0,w,w
703,COMMUNITY,1,1,0.979084,0,1.345,0,0,0.631178,0,1.32882,1.18642,1.65172,0.551573,0.833776,0.912505,0,0,0,1,1,1,0,0,w,w
704,COMMUNITY,1,1,0.978742,0,1.33524,0,0.55861,0.589179,0,1.30117,1.13376,1.64062,0,0.724788,1.00015,0,0,0,1,1,1,0,0,w,w
705,COMMUNITY,1,1,0.97809,0,1.26267,0,0.754189,0.566297,0,1.32119,1.2121,1.6429,0,0.693848,1.18009,0,0,0,1,1,1,0,0,w,w
706,COMMUNITY,1,1,0.977677,0,1.30763,0,0.634723,0.58294,0,1.32965,1.24113,1.58093,0,0.718268,1.16598,0,0,0,1,1,1,0,0,w,w
707,COMMUNITY,1,1,0.977516,0,1.4111,0,0.573284,0.60729,0,1.35129,1.36167,1.72858,0,0.720881,0.96516,0,0,0,1,1,1,0,0,w,w
708,COMMUNITY,1,1,0.978509,0,1.49229,0,0.63473,0.59832,0,1.31866,1.30277,1.71358,0,0.671183,1.07934,0,0,0,1,1,1,0,0,w,w
709,COMMUNITY,1,1,0.978286,0,1.39805,0,0.576933,0.632404,0,1.31855,1.40039,1.69484,0.515779,0.623277,0.950106,0,0,0,1,1,0,0,0,w,w
710,COMMUNITY,1,1,0.978015,0,1.38752,0,0.618177,0.625183,0,1.26825,1.44477,1.55184,0,0.56112,0.83374,0,0,0,1,1,0,0,0,w,w
711,COMMUNITY,1,1,0.979547,0,1.41547,0,0,0.609908,0,1.28246,1.48854,1.60908,0,0.534818,0.927745,0,0,0,1,1,1,0,0,w,w
712,COMMUNITY,1,1,0.980763,0,1.23585,0,0.552441,0.64235,0,1.29629,1.38086,1.7405,0,0,0.924397,0,0,0,1,1,0,0,0,w,w
713,COMMUNITY,1,1,0.980461,0,1.24905,0,0.505394,0.704574,0,1.33652,1.43577,1.75544,0,0,0.939253,0,0,0,1,1,1,0,0,w,w
714,COMMUNITY,1,1,0.981678,0,1.20725,0,0,0.720419,0,1.36013,1.40251,1.69257,0,0,0.890692,0,0,0,1,1,0,0,0,w,w
715,COMMUNITY,1,1,0.98194,0,1.08771,0,0.54907,0.732451,0,1.34463,1.39963,1.54561,0,0,1.05103,0,0,0,1,1,0,0,0,w,w
1267,COMMUNITY,1,1,0.73019,2.07226,0,0.569399,0,0,0,0,0.898353,0,0,0,0.721591,1.59196,0,0,1,0,0,0,0,w,w
1281,COMMUNITY,1,1,0.76449,0.929632,0,2.06783,0.75347,0,0,0,0.663773,0.808144,0,1.27119,2.33344,0.855839,0,1,1,1,1,1,0,w,w
1282,COMMUNITY,1,1,0.901846,0.917645,0,2.52807,0,0.503777,0,0,0.537924,1.47581,0.582564,0.747541,2.60518,0.852467,0.602637,1,1,1,0,1,0,w,w
1295,COMMUNITY,1,1,0.805804,2.6553,0,2.39652,0.957127,0,0,0,0,0.622453,2.20343,0,1.46291,2.86047,0,1,0,1,1,0,0,w,w
1296,COMMUNITY,1,1,0.876948,2.83941,0,2.39931,1.32166,0,0.55061,0,0,0.510252,2.08039,0,1.43961,3.05069,0,1,0,1,1,1,0,w,w
1297,COMMUNITY,1,1,0.798567,3.25742,0,2.92161,1.00061,0,0,0,0,0,1.96002,0,1.1075,2.73935,0,1,0,1,1,1,0,w,w
1298,COMMUNITY,1,1,0.835647,2.53457,0,2.56698,1.31882,0,0,0,0,0.76474,2.20656,0,0.863693,1.13051,0,1,0,1,0,0,0,w,w
1299,COMMUNITY,1,1,0.829662,2.62037,0,1.85775,1.05558,0,0,0,0,1.18242,1.97522,0,0,2.15687,0,1,0,1,0,1,0,w,w
1307,COMMUNITY,1,1,0.746247,1.79551,0.512166,2.4213,0.991775,0,0.69234,0,0,0,1.68809,0.606908,2.39449,2.61823,0,1,1,1,1,0,0,w,w
1331,COMMUNITY,1,1,0.928675,0.838749,0,1.64849,0.943215,0,0,0,0.638195,0,0,0.629863,2.32437,2.30103,0.530542,1,1,1,0,0,0,w,w
1338,COMMUNITY,1,1,0.833846,1.64507,0,0,1.15207,0,0,0,0.506083,0,0,0.81986,2.53313,1.62682,0.514932,0,1,0,0,0,0,w,w
1339,COMMUNITY,1,1,0.863767,1.59466,0,0,1.48372,0,0,0,0.545095,0,0,0.833043,2.57041,1.89723,0,0,1,0,0,0,0,w,w
1365,COMMUNITY,1,1,0.816819,2.29056,0,1.79437,0.535511,0,0,0,0,0,2.48763,0,1.61797,1.72387,0.627904,0,0,1,0,0,0,w,w
1366,COMMUNITY,1,1,0.798376,1.8649,0,1.78908,0.758023,0,0,0,0,0.74356,1.93519,0,1.98448,2.63109,0,0,0,1,1,0,0,w,w
5081,COMMUNITY,1,1,0.900749,1.21657,0,2.29639,0.6644,0,0,0,0,0,0.741644,0.628943,1.12175,1.57944,0,1,0,0,0,0,1,w,w
5082,COMMUNITY,1,1,0.914311,1.51461,0,1.66434,0.716942,0,1.22372,0,0,0.58939,0,0.792114,1.91199,1.33727,0,1,0,0,1,0,0,w,w
5083,COMMUNITY,1,1,0.766522,1.58807,0,2.07713,0.546991,0,0.843993,0,0,0,0,1.10745,1.98342,2.45377,0,0,1,1,1,1,0,w,w
5084,COMMUNITY,1,1,0.777586,0,0,1.57505,0,0,0,0,0,0,0,1.11554,1.81271,0.842455,0.747147,1,0,0,1,0,1,w,w
5088,COMMUNITY,1,1,0.896979,1.3249,0,1.55141,0,0,0.836038,0,0.713254,1.00816,0,0.917755,2.02515,1.28717,0.518982,1,1,0,1,0,0,w,w
5089,COMMUNITY,1,1,0.85112,0.637802,0,1.66716,0,0.739885,1.51892,0.717742,1.21212,2.09952,0,1.28261,2.58093,0.623542,0.561644,0,1,0,0,0,0,w,w
5090,COMMUNITY,1,1,0.911863,1.05203,0,1.935,0,0,1.38329,0,0.675697,0.822208,0.936517,0.6968,1.49137,1.16578,0.642084,0,0,1,0,0,1,w,w
5091,COMMUNITY,1,1,0.896099,0,0,1.16331,0,0,0,0,0.586309,0.847169,0.741181,0,1.66087,2.27171,0.536643,0,1,1,0,0,0,w,w
5092,COMMUNITY,1,1,0.802656,0,0,0.836748,0,0,2.19564,0,0.525653,0.625632,0,0,1.35794,1.05104,0,1,0,0,0,0,0,w,w
5093,COMMUNITY,1,1,0.905583,0.882342,0,1.96735,0,0,1.91199,0,0,0.642361,0,0.643179,1.67491,1.38131,0,1,1,0,1,0,0,w,w
5094,COMMUNITY,1,1,0.868487,0,0,0.674086,0,0,0.925697,0,0,0,0.905996,0,0,1.47164,0.787577,0,0,0,0,0,0,w,w
5095,COMMUNITY,1,1,0.842674,0,0,0.773389,0,0,0.523787,0,0,0,2.33574,0.569922,1.75484,0,0.91656,0,0,1,0,0,0,w,w
5143,COMMUNITY,1,1,0.906956,1.30227,0,0.609865,0.702708,0,0,0,0.569265,0.666263,0.75553,0,0.650629,1.08848,0.90047,0,1,0,0,0,0,w,w
5144,COMMUNITY,1,1,0.905342,0.74112,0,0.626531,0.708136,0,0,0,0,0.780884,0.611979,0,0.710613,1.70351,0.904533,0,0,0,0,0,0,w,w
5145,COMMUNITY,1,1,0.917283,1.50437,0.853162,0,0.609291,0,0,0,0,0.867402,1.09641,0,0,1.89488,0.780399,0,0,0,0,0,0,w,w
5146,COMMUNITY,1,1,0.924842,1.08724,1.01127,0,1.19466,0,0,0,0,0.866027,0.501002,0.718686,0.581103,0.695283,0.751738,0,0,0,1,0,0,w,w
5147,COMMUNITY,1,1,0.875288,0.757109,0.928286,0,0.558965,0,0,0,0,0.754282,0,0.735433,0,0.821255,0.578137,0,0,0,0,0,0,w,w
5148,COMMUNITY,1,1,0.866061,0,1.05679,0,0.68875,0,0,0,0,0.80898,0,0.943594,0,0.580127,0.579546,0,0,0,0,0,0,w,w
5149,COMMUNITY,1,1,0.805703,0,0.704679,0,0,0,0,0,0,0.562435,0,0.843326,0,1.41417,0.66222,0,0,0,0,0,0,w,w
5150,COMMUNITY,1,1,0.784684,0,1.06918,0,0,0,0,0,0,0,0,0.938787,0,0,0,0,0,1,1,0,0,w,w
5151,COMMUNITY,1,1,0.755277,0,1.67301,0,1.04364,0,0,0,0,0,0,0,0,0,0,0,0,0,1,0,0,w,w
5152,COMMUNITY,1,1,0.745692,1.11203,1.29298,0,0.664486,0,0.698354,0,0,1.06835,0,0.69213,2.44854,0.737436,0.659401,0,0,0,0,0,0,w,w
5153,COMMUNITY,1,1,0.843588,1.9835,2.74254,0,1.76388,0,0,0,0,0,0,0,0,0,0,0,0,0,0,0,0,w,w
5154,COMMUNITY,1,1,0.779982,0.607055,2.5199,0,2.4881,0,0,0,0,0,0,0,0,1.35861,0,0,0,0,0,0,0,w,w
5155,COMMUNITY,1,1,0.817342,0.73797,1.41369,0,2.52446,0,0,0,0,0,0,1.33309,0.553088,1.56384,0,0,0,1,1,1,0,w,w
5156,COMMUNITY,1,1,0.855202,0,1.34506,0.535045,1.90029,0,0,0,0,0.678166,0,1.35765,0.749897,0.762743,0,0,0,0,0,1,0,w,w
5157,COMMUNITY,1,1,0.839608,0.541228,2.11151,0.582544,2.21087,0,0,0,0,1.22002,0,1.87927,0.815288,0,0,0,0,1,0,1,0,w,w
5158,COMMUNITY,1,1,0.848271,0,1.46953,0,1.70782,0,0,0,0.539691,1.40183,0,1.72458,1.08038,0,0,0,1,1,0,1,0,w,w
5159,COMMUNITY,1,1,0.907435,0,1.762,0,1.53579,0,0,0.510415,0.629039,2.22996,0,1.92424,1.36638,0,0,0,1,1,0,1,0,w,w
5160,COMMUNITY,1,1,0.879432,0.686255,1.82924,0,0.993247,0,0,0.5221,0.838107,2.35547,0,1.33664,0.552263,1.05761,0,0,1,1,0,0,0,w,w
5161,COMMUNITY,1,1,0.937273,0,0.841387,1.19378,0.825852,0,0.963228,0,0.710978,1.86178,0,0.954063,0,0.926675,0,0,0,1,0,0,0,w,w
5162,COMMUNITY,1,1,0.949864,0.883952,0.90234,0.911801,0.741607,0,0.601014,0,0.853002,1.74677,0.771642,0.610556,0,0.948151,0,0,0,1,1,0,0,w,w
5163,COMMUNITY,1,1,0.923447,1.39387,1.17647,0,0,0.636701,0,0.512801,0.696048,2.37855,0.762435,1.67034,1.10417,0,0,0,0,1,0,0,0,w,w
5164,COMMUNITY,1,1,0.893973,0,0,0.67009,0,0,0,0,0.561034,1.76117,0.734017,1.22238,1.08806,0,0.549606,0,0,1,0,0,0,w,w
5165,COMMUNITY,1,1,0.833304,0,0.752088,0,0.74595,0,0,0.667436,1.03286,1.25451,1.53686,0.95319,1.11216,1.6547,0,0,1,1,0,0,0,w,w
5166,COMMUNITY,1,1,0.836691,0,0,0.655673,0,0,0,0,0.614247,1.30859,1.27494,1.3914,1.47424,0,0,0,0,1,0,0,0,w,w
5167,COMMUNITY,1,1,0.867513,0,0,0,0,0,0.853796,0,0,1.055,1.11826,1.28665,1.06156,0,0,0,0,1,1,0,0,w,w
5168,COMMUNITY,1,1,0.869636,0,0.737407,0,0,0,1.07121,0,0,0.536157,1.4765,1.09976,0,0.521419,0,0,0,1,1,0,0,w,w
5169,COMMUNITY,1,1,0.946457,0,1.04009,0,0,0,1.21674,0,0,0,1.54916,1.22401,0,0.982708,0,0,0,1,1,0,0,w,w
5170,COMMUNITY,1,1,0.970762,0.779225,1.12554,0,0,0,1.59021,0,0,0.812089,1.0518,0.976648,0.562058,1.73226,0,0,0,1,0,0,0,w,w
5171,COMMUNITY,1,1,0.966834,0.798478,1.49256,0,0,0.566653,2.2421,0.754526,0,1.34935,0.689051,0.885283,0,2.41915,0,0,0,0,0,0,0,w,w
5172,COMMUNITY,1,1,0.892229,0,1.15195,0,0,0.891998,1.584,0.998169,0.776091,1.55156,0.735646,0,0,2.32044,0,0,1,1,1,0,0,w,w
5173,COMMUNITY,1,1,0.951897,0,1.53209,0,0,0.897568,1.66219,1.22148,0.575976,1.69354,0.629359,0.914517,0,2.2974,0,0,1,1,1,0,0,w,w
5174,COMMUNITY,1,1,0.943138,0.746178,2.30103,0,0.623594,0.799685,1.54902,0.900421,0.919579,1.46951,0.750183,0.525226,0,2.36243,0,0,1,0,1,0,0,w,w
5175,COMMUNITY,1,1,0.947567,0.912537,2.05816,0,0.620811,0.781405,1.19604,0.918301,0.939552,1.52959,0.765913,0.62651,0,3.48497,0,0,1,0,0,1,0,w,w
5176,COMMUNITY,1,1,0.953543,0,1.49019,0,0,0.677768,1.33287,0.740248,0.841531,1.68741,0.759137,0.674304,0,2.92354,0,0,1,1,1,0,0,w,w
5177,COMMUNITY,1,1,0.882765,1.1101,1.29732,0.726659,0,0.520756,1.69625,0.623379,0,1.68036,0.958886,1.10304,0,0.777221,0,0,1,1,0,0,0,w,w
5178,COMMUNITY,1,1,0.923066,0.906699,0.765358,0,0.764825,0,1.33637,0,0.954369,1.68631,1.14785,0.814239,0,0,0,0,1,1,0,0,0,w,w
5179,COMMUNITY,1,1,0.834749,1.02724,0,0,0,0.512042,1.18283,0,1.07543,1.11333,1.9559,0,0,0.680297,0,0,1,1,1,0,0,w,w
5206,COMMUNITY,1,1,0.906585,0,0.60473,0.900256,0,0,0,0,0.780331,1.00416,0,0.634141,0,0.560857,0,0,1,0,0,0,1,w,w
5207,COMMUNITY,1,1,0.869618,1.06087,1.86071,0.577765,0,0,0,0,0,0,0,0,0.794129,0,0.620641,0,0,0,1,0,0,w,w
5230,COMMUNITY,1,1,0.882806,1.28104,0.546719,1.3836,0,0,1.02889,0,0,0,0,0,2.72756,1.0732,0,0,0,1,1,0,0,w,w
5231,COMMUNITY,1,1,0.912691,1.0012,0,1.11739,0.650047,0,0.744526,0,0,0.989924,0,0.659386,1.97596,0.716002,0,0,1,1,1,0,0,w,w
18739,COMMUNITY,1,1,0.873882,0,0,1.27376,0,1.55573,0,1.35348,2.13124,0.812248,0,0,0,2.5458,0,1,1,0,0,0,1,w,w
18740,COMMUNITY,1,1,0.877376,0,0,1.64634,0,1.51972,0,1.37652,2.04663,0.854468,0,0,0,3.20224,0,1,1,0,0,0,0,w,w
18741,COMMUNITY,1,1,0.886079,0,0,1.75633,0,1.37744,1.06542,1.28316,2.15822,1.63027,0,0,0,2.56177,0,1,1,0,0,0,0,w,w
18742,COMMUNITY,1,1,0.879404,0,0,1.22461,0,1.40882,0.703171,1.38503,2.18005,1.62556,0,0,0,2.40241,0,1,1,0,0,0,0,w,w
18743,COMMUNITY,1,1,0.878567,0,0,1.55467,0,1.30258,0.634084,1.30163,1.93101,1.6509,0,0,0,2.50119,0,1,1,0,0,0,0,w,w
18744,COMMUNITY,1,1,0.855275,0,0,1.80917,0,1.18365,1.3372,1.17482,1.82228,1.76859,0,0,0,1.95827,0,1,1,0,0,0,0,w,w
18745,COMMUNITY,1,1,0.816559,0,0,1.60904,0,1.24202,0,1.33068,1.86208,1.80048,0,0,0,2.19551,0,1,1,0,0,0,0,w,w
18746,COMMUNITY,1,1,0.815428,0,0,1.94846,0,1.14122,0.901419,1.08833,1.77305,1.78218,0,0,0,2.17074,0,1,1,0,0,0,0,w,w
18747,COMMUNITY,1,1,0.840726,0,0,2.62973,0,1.23976,0.889724,1.26072,1.81947,1.88586,0,0,0.539517,3.00445,0,1,1,0,0,0,0,w,w
18748,COMMUNITY,1,1,0.826222,0,0,2.56742,0,1.23074,0.815576,1.2478,1.78809,1.9356,0,0,0.605921,2.56482,0,1,1,0,0,0,0,w,w
18749,COMMUNITY,1,1,0.87005,0,0,1.81793,0,1.17094,1.43606,1.28265,1.75577,1.85783,0,0,1.36476,3.1071,0,1,1,0,0,0,0,w,w
18750,COMMUNITY,1,1,0.809769,0.816587,0.713168,2.34366,0,1.11794,1.05125,1.13863,1.56938,1.59906,0,0,0,3.0748,0,0,1,0,0,0,0,w,w
18751,COMMUNITY,1,1,0.775883,0.619183,0.512491,1.97644,0.714293,1.17305,0,1.03232,1.77346,1.88234,0.741917,0,0.940131,2.97922,0,0,1,0,0,0,0,w,w
18752,COMMUNITY,1,1,0.77013,0,0.57796,2.12549,0.550374,1.29328,0.565234,1.19244,1.71242,1.81574,0.569952,0,0,2.13785,0,1,1,0,0,0,0,w,w
18753,COMMUNITY,1,1,0.766402,0.797723,0.840386,2.14778,0,1.10573,0.824394,1.13531,1.60303,2.30851,0,0.594812,0.661689,1.7332,0,1,1,0,0,0,0,w,w
18754,COMMUNITY,1,1,0.754209,0.634037,0.655655,2.0222,0.60746,1.2127,0.950938,1.07733,1.83916,2.26753,0,0.598354,1.04389,1.54898,0,0,1,0,0,0,0,w,w
18755,COMMUNITY,1,1,0.819283,0.616,0.603898,2.7162,0,0.86916,0.874698,1.03448,1.4726,2.33563,0,0.608795,1.16639,1.69209,0,1,1,0,0,0,0,w,w
18756,COMMUNITY,1,1,0.87118,0.534962,0.807165,2.91098,0,1.06483,0.648424,1.20993,1.68041,2.42685,0.504786,0.794911,1.9143,2.46106,0,1,1,0,0,0,0,w,w
18757,COMMUNITY,1,1,0.850442,0.650334,0.835079,2.80962,0,0.931056,0.953831,1.13701,1.50299,2.30227,0,0.736429,1.97801,2.12305,0,1,1,0,0,0,0,w,w
18758,COMMUNITY,1,1,0.851156,0.955608,1.11528,2.71929,0,1.09881,0.70678,1.11952,1.44257,2.29481,0.915206,0.813026,1.50148,1.90537,0,1,1,0,0,0,0,w,w
18759,COMMUNITY,1,1,0.789709,0.901614,0.829949,2.66423,0,0.942403,1.08108,1.13618,1.20151,2.20479,0.623628,0.801745,1.54204,2.09168,0,1,1,0,0,0,0,w,w
18761,COMMUNITY,1,1,0.744523,0.921706,0.708001,1.99362,0,0.970549,0.801445,1.01862,1.57968,2.139,0,0.626031,0.886931,1.23061,0,0,1,0,0,0,0,w,w
18762,COMMUNITY,1,1,0.809352,0.982793,0.999046,2.87506,0,1.11325,0.837515,1.21123,1.53076,2.49662,0.556655,0.941668,1.51073,1.97927,0,1,1,0,0,0,0,w,w
18764,COMMUNITY,1,1,0.776812,0.712361,1.11372,2.46669,0,1.00134,0.722454,1.04227,1.70278,1.82631,0,0.776777,1.41495,1.82315,0,0,1,0,0,1,0,w,w
18765,COMMUNITY,1,1,0.746605,0.67294,1.10635,2.37035,0,0.926442,0.974757,1.03231,1.47723,2.21011,0.6743,0.765059,1.39667,1.86717,0,0,1,0,0,1,0,w,w
18766,COMMUNITY,1,1,0.786916,1.15865,0.735671,2.97203,0,0.990771,0.971184,0.931426,1.40851,2.28313,0,0.655516,1.18692,2.19874,0,1,1,0,0,1,0,w,w
18769,COMMUNITY,1,1,0.778643,1.01572,0.884646,2.53412,0,1.10425,0.943508,1.13317,1.57047,2.35685,0,0.799908,1.14002,2.00865,0,1,1,0,0,0,0,w,w
18770,COMMUNITY,1,1,0.788631,0.500769,0.616999,2.36567,0,1.04135,1.05264,1.14573,1.82087,2.1166,0,0.642536,1.04376,2.31086,0,0,1,0,0,0,0,w,w
18771,COMMUNITY,1,1,0.782455,0,0.767492,2.06569,0,1.01818,0.800091,1.0289,1.65725,1.69853,0,0.641554,0.766845,1.9933,0,0,1,0,0,0,0,w,w
18772,COMMUNITY,1,1,0.753177,0,0.807279,2.10666,0,1.08723,0.599956,1.0391,1.71253,2.03923,0.608202,0.765936,0.682354,1.91792,0,0,1,0,0,0,0,w,w
18773,COMMUNITY,1,1,0.828643,0.833771,0.906581,2.85635,0,1.06356,0.956241,1.21556,1.43568,2.2639,0.500556,0.812986,1.11621,2.28417,0,1,1,0,0,0,0,w,w
18774,COMMUNITY,1,1,0.731897,0.882558,0.78204,1.65222,0,1.13416,0.829718,0.976239,1.62147,2.10051,0,0.772431,0,1.65789,0,0,1,0,0,0,0,w,w
18775,COMMUNITY,1,1,0.79944,0.645043,1.00028,2.68058,0,1.12526,1.23874,1.1045,1.52704,2.34308,0,0.94284,1.17034,1.95291,0,1,1,0,0,0,0,w,w
18776,COMMUNITY,1,1,0.784348,0.696206,0.741661,2.08884,0,1.12527,1.09855,0.9905,1.77201,2.44973,0,0.959888,0.595972,1.10276,0,0,1,0,0,0,0,w,w
18777,COMMUNITY,1,1,0.860879,1.12532,1.22952,3.09423,0,1.06804,0.854445,1.04522,1.51818,2.44451,0.612365,1.0803,1.12598,1.30029,0,1,1,0,0,0,0,w,w
18778,COMMUNITY,1,1,0.890183,0.849261,0.811187,2.82808,0,0.848257,1.26225,0.97616,1.32108,2.5515,0.746196,1.28572,1.33723,0,0,1,1,0,0,0,0,w,w
18779,COMMUNITY,1,1,0.862353,0.933765,0.988259,2.36984,0,0.920247,0.771152,1.01107,1.41336,2.22577,0.641557,1.26034,1.76668,0,0,0,1,0,0,0,0,w,w
18780,COMMUNITY,1,1,0.877952,1.15428,0.769574,2.65908,0,0.897894,0.98201,1.00248,1.50969,2.45736,0.711511,1.36613,1.27595,0.615238,0,1,1,0,0,0,0,w,w
18781,COMMUNITY,1,1,0.842059,0.949754,1.24894,2.97798,0,0.928396,0.688528,0.918539,1.24171,2.13241,0,1.41427,1.4171,0.977768,0,0,1,0,0,1,0,w,w
18782,COMMUNITY,1,1,0.783573,0.74469,0.828801,2.31483,0,0.95678,0.586145,0.925256,1.69394,2.46005,0.607637,1.1749,1.30704,0.937394,0,0,1,0,0,0,0,w,w
18783,COMMUNITY,1,1,0.795178,0.836994,1.17625,2.48077,0,1.0221,1.25458,1.03788,1.72702,2.43544,0,1.14818,1.31997,1.27412,0,0,1,0,0,0,0,w,w
18784,COMMUNITY,1,1,0.800264,1.00833,1.23411,2.54186,0,0.905123,0.898614,0.943684,1.33643,2.30917,0.699147,1.24476,1.66658,0.900709,0,0,1,0,0,0,0,w,w
18789,COMMUNITY,1,1,0.807605,0,0.824218,2.64524,0,0.902412,1.19909,0.839303,1.266,2.28009,0.59468,1.36472,1.22264,1.27444,0,1,1,0,0,1,0,w,w
18796,COMMUNITY,1,1,0.826594,1.15384,1.02283,2.47192,0,0.911217,1.0676,0.840211,1.29021,2.16002,0.631017,0.864591,1.41451,2.04223,0,0,1,0,0,0,0,w,w
18797,COMMUNITY,1,1,0.792575,1.21551,0.892531,2.31987,0,0.994334,1.10603,0.922657,1.34103,2.13729,0,0.900902,1.0629,1.57917,0,0,1,0,0,0,0,w,w
18798,COMMUNITY,1,1,0.764682,1.00414,1.2235,2.19864,0,1.04608,0.929425,0.963333,1.44319,2.43288,0,0.94255,1.45534,2.04178,0,0,1,0,0,0,0,w,w
18799,COMMUNITY,1,1,0.80668,1.15619,1.08516,3.10145,0,0.892722,0.783162,0.811094,1.53832,2.58046,0,0.967146,0.744084,2.46531,0,1,1,0,0,0,0,w,w
18800,COMMUNITY,1,1,0.788828,1.1145,1.0981,2.76553,0,0.957404,0.998582,0.866621,1.51475,2.519,0,0.91956,1.30044,2.07787,0,1,1,0,0,0,0,w,w
18801,COMMUNITY,1,1,0.806709,1.04896,1.03425,2.16179,0,0.918098,0.892113,0.827653,1.44475,2.5883,0,0.842037,1.26627,2.28774,0,0,1,0,0,0,0,w,w
18802,COMMUNITY,1,1,0.791132,0.821258,1.01037,1.76125,0,0.926511,0.584843,0.823334,1.44334,2.40344,0,0.968467,1.27891,1.51571,0,0,1,0,0,1,0,w,w
18803,COMMUNITY,1,1,0.826103,0.963027,1.32761,2.26432,0,0.984457,0.704211,0.975286,1.2955,2.34318,0,0.944627,1.62013,1.41445,0,0,1,0,0,0,0,w,w
18804,COMMUNITY,1,1,0.865892,1.02427,1.67258,2.41428,0,0.969323,0.712902,0.965817,1.4471,2.33945,0,0.759831,1.56865,2.18338,0,0,1,0,0,0,0,w,w
18805,COMMUNITY,1,1,0.826041,1.25573,1.41457,2.35424,0,0.996526,1.14462,0.857888,1.36779,2.16406,0,0.729966,1.4529,2.34861,0,0,1,0,0,0,0,w,w
18806,COMMUNITY,1,1,0.747548,0.844573,1.16822,2.01738,0,0.986697,0.800424,0.883814,1.55536,2.29779,0,0.713673,0.990776,1.92267,0,0,1,0,0,0,0,w,w
18807,COMMUNITY,1,1,0.800604,0.745583,1.22914,2.54501,0,0.967535,0.886975,0.927988,1.71872,2.37498,0,0,0.973117,2.1091,0,1,1,0,0,0,0,w,w
18808,COMMUNITY,1,1,0.794873,0.685446,1.15385,2.31274,0,0.95129,0.777918,0.955406,1.70213,2.36787,0,0,0.907803,2.23317,0,0,1,0,0,0,0,w,w
18809,COMMUNITY,1,1,0.768406,0.798984,1.02812,2.10791,0,0.977098,1.26886,0.945262,1.69124,2.38499,0,0.575179,1.07308,2.11071,0,1,1,0,0,0,0,w,w
18811,COMMUNITY,1,1,0.813195,0.94506,1.07794,2.15292,0,1.0823,0.832968,1.04983,1.5828,2.50926,0,0.733727,1.403,2.3718,0,0,1,0,0,0,0,w,w
18812,COMMUNITY,1,1,0.76824,0.737008,0.929236,1.97465,0,0.941315,1.17878,0.842582,1.47899,1.94641,0,0,0.85089,2.35491,0,0,1,0,0,0,0,w,w
18813,COMMUNITY,1,1,0.794356,0.660277,0.589935,2.38722,0,0.86627,0.93389,0.955402,1.63302,2.0921,0,0,0.789024,2.79113,0,0,1,0,0,0,0,w,w
18814,COMMUNITY,1,1,0.792518,0.904039,1.02827,2.6421,0,1.01754,0.621959,0.96447,1.62902,2.41343,0,0,0.749407,2.31841,0,1,1,0,0,0,0,w,w
18815,COMMUNITY,1,1,0.754192,1.13982,1.07388,2.29001,0,1.02406,0.5169,0.951812,1.52638,2.1947,0,0.590736,0.83525,2.65069,0,1,1,0,0,0,0,w,w
18816,COMMUNITY,1,1,0.750886,0.976642,0.705269,2.51361,0,1.04327,1.00186,0.983341,1.59719,2.5576,0,0.531158,1.03869,2.53043,0,1,1,0,0,0,0,w,w
18817,COMMUNITY,1,1,0.809342,0,0,2.34736,0,0.951604,1.15199,0.931047,1.48418,2.29059,0,0.519104,1.11603,2.18015,0,1,1,0,0,0,0,w,w
18818,COMMUNITY,1,1,0.800241,0,0,2.47325,0,0.865747,0.641276,0.981004,1.52395,2.12605,0,0,0.646589,2.28481,0,1,1,0,0,0,0,w,w
18821,COMMUNITY,1,1,0.798778,1.09987,0.650737,2.36376,0,0.985331,0.933657,0.979116,1.63675,2.33717,0,0.521345,0,2.49381,0,1,1,0,0,0,0,w,w
18825,COMMUNITY,1,1,0.788451,0.645444,0.539267,2.42518,0,0.895348,0,0.873108,1.43566,2.20272,0,0.59509,0.939247,2.74527,0,1,1,0,0,0,0,w,w
18826,COMMUNITY,1,1,0.765638,0,0,1.96158,0,0.690474,0.793721,0.721793,1.66823,2.05328,0,0,0.752627,2.14018,0,1,1,0,0,0,0,w,w
18827,COMMUNITY,1,1,0.739733,0.569478,0.753556,1.65299,0,0.771195,0.640966,0.754698,1.9054,1.56945,0,0,0,2.13706,0,1,1,0,0,0,0,w,w
18828,COMMUNITY,1,1,0.755057,0,0,2.19242,0,0.766138,0.936222,0.639296,1.7865,1.76328,0,0,0.584524,2.34956,0,1,1,0,0,0,0,w,w
18829,COMMUNITY,1,1,0.750581,0.815448,0.877408,2.87884,0,0.808209,0.99722,0.899378,1.51773,2.3147,0,0.597139,0.525802,2.70707,0,1,1,0,0,0,0,w,w
18832,COMMUNITY,1,1,0.750856,0,0,2.30603,0,0.842573,0,0.832717,1.97498,2.1951,0,0.544123,1.13733,2.56337,0,1,1,0,0,0,0,w,w
18833,COMMUNITY,1,1,0.760356,0,0.746534,1.96386,0.500084,0.777979,0.814598,0.81608,1.83193,1.91411,0,0,0.584256,1.84347,0,1,1,0,0,0,0,w,w
18837,COMMUNITY,1,1,0.731765,0,0,2.7204,0,0.747448,0,0.855694,1.8791,2.29832,0,0.56816,1.00333,2.33901,0,1,1,0,0,0,0,w,w
18845,COMMUNITY,1,1,0.762336,0,0.690115,2.07359,0,1.02792,0,1.07149,2.01197,1.96664,0,0.563167,0.90689,1.67814,0,1,1,0,0,0,0,w,w
18846,COMMUNITY,1,1,0.758583,0.882961,0.917537,2.24506,0,1.13548,0,1.08996,1.99363,2.12199,0,0.765723,0.84968,2.45912,0,1,1,0,0,0,0,w,w
18847,COMMUNITY,1,1,0.768069,0.955728,0.686588,2.39187,0,1.06801,0.504039,1.01366,1.94511,2.26394,0,0.761075,0.70442,2.40916,0,1,1,0,0,0,0,w,w
18848,COMMUNITY,1,1,0.74635,0.668544,0,1.81621,0,1.08697,0.574,0.959705,1.9778,2.12053,0,0,0.567646,2.70303,0,1,1,0,0,0,0,w,w
18849,COMMUNITY,1,1,0.757834,0.61671,0,1.70005,0,1.0941,0.74404,1.02269,2.04839,2.0968,0,0,0.525576,2.13323,0,0,1,0,0,0,0,w,w
18853,COMMUNITY,1,1,0.735329,0.661062,0,2.03604,0,1.0818,0,1.04527,1.9305,1.88231,0,0,0,2.53997,0,1,1,0,0,0,0,w,w
18854,COMMUNITY,1,1,0.736364,0.853358,0.500674,2.33714,0,1.10782,0.555393,1.09474,1.96684,2.2309,0,0.605683,0,2.42542,0,1,1,0,0,0,0,w,w
18855,COMMUNITY,1,1,0.728525,0.73331,0,2.33544,0,1.0817,0.641913,1.03844,1.99821,2.21123,0,0.503531,0,2.66519,0,1,1,0,0,0,0,w,w
18856,COMMUNITY,1,1,0.760311,0.717249,0,1.90674,0,1.10822,0.700614,1.03966,1.90295,2.05599,0,0,0.76443,2.21603,0,1,1,0,0,0,0,w,w
18857,COMMUNITY,1,1,0.732511,0.571555,0,1.54996,0,1.05645,0.66689,1.10611,1.79016,2.06226,0,0,0.733081,2.10215,0,0,1,0,0,0,0,w,w
18883,COMMUNITY,1,1,0.73227,0.593336,0.909472,2.19181,0,1.08917,1.2595,1.14739,2.07715,1.93437,0,0,0.703118,2.16419,0,1,1,0,0,0,0,w,w
18884,COMMUNITY,1,1,0.736758,0.57115,0.969678,2.03698,0,1.08336,1.41346,1.16947,2.08761,2.11063,0,0,0.738345,2.17797,0,0,1,0,0,0,0,w,w
18885,COMMUNITY,1,1,0.729632,0.578598,0.898866,2.02892,0,1.08507,1.15627,1.17658,1.9207,2.24519,0,0,0.875217,2.13119,0,0,1,0,0,0,0,w,w
18887,COMMUNITY,1,1,0.726523,0.626315,0.710186,1.89214,0,1.06031,0.992196,1.08037,2.04193,2.17237,0,0,0.73163,1.93031,0,0,1,0,0,0,0,w,w
18888,COMMUNITY,1,1,0.742375,0.540405,0.804922,2.09263,0,1.07926,1.18797,1.15969,1.92197,2.09758,0,0,0.73344,2.15086,0,1,1,0,0,0,0,w,w
18889,COMMUNITY,1,1,0.750342,0.81011,1.11048,2.00096,0,1.10164,1.37854,1.1605,1.87629,2.0316,0,0,0.998207,2.12306,0,0,1,0,0,0,0,w,w
18890,COMMUNITY,1,1,0.755861,0.826336,0.935966,2.19875,0,1.0817,1.47724,1.15325,1.97392,2.23548,0,0,0.791557,2.20251,0,1,1,0,0,0,0,w,w
18891,COMMUNITY,1,1,0.749641,0.584555,0.77751,2.21455,0,1.10818,1.35142,1.1797,1.94067,2.15838,0,0,1.22457,2.28491,0,1,1,0,0,0,0,w,w
18896,COMMUNITY,1,1,0.7273,1.19005,0.501712,2.07857,0.6049,1.04591,0.863926,1.06949,1.97911,1.94797,0,0,0.59107,2.43051,0,0,1,0,0,0,0,w,w
18897,COMMUNITY,1,1,0.744872,0.980328,0.716025,1.93646,0.610608,1.07316,0.800291,1.15474,1.86566,2.06379,0,0,0.87267,2.58107,0,0,1,0,0,0,0,w,w
18898,COMMUNITY,1,1,0.7747,0.946859,0.745312,2.0257,0.590791,1.07378,0.69608,1.14307,1.78437,2.13655,0,0,0.985618,2.76538,0,0,1,0,0,0,0,w,w
18899,COMMUNITY,1,1,0.770634,0.976509,0.697112,2.13772,0.565476,1.07939,0.683415,1.12333,1.78768,2.2232,0,0,1.27769,2.63063,0,0,1,0,0,0,0,w,w
18900,COMMUNITY,1,1,0.781915,0.803518,0.671158,1.90477,0,1.01892,0.670155,1.0884,1.88375,2.16661,0,0,1.1785,2.66106,0,0,1,0,0,0,0,w,w
18901,COMMUNITY,1,1,0.783173,0.833346,0.648367,1.92575,0.570475,1.03127,0.737457,1.09798,1.92957,2.09565,0,0,0.973552,2.97058,0,0,1,0,0,0,0,w,w
18902,COMMUNITY,1,1,0.746133,0.906409,0.670271,1.69213,0.711886,1.01222,0.641089,1.06718,1.94138,1.91169,0,0,1.04102,2.6945,0,0,1,0,0,0,0,w,w
18903,COMMUNITY,1,1,0.757473,0.877644,0.719125,1.69133,0.58092,1.03036,0.619525,1.08853,1.97358,2.12141,0,0,0.799971,2.40074,0,0,1,0,0,0,0,w,w
18904,COMMUNITY,1,1,0.782031,0.956012,0,1.92476,0.565973,1.05541,0.807453,1.12902,1.87332,2.12947,0,0,0.985723,2.535,0,0,1,0,0,0,0,w,w
18905,COMMUNITY,1,1,0.778325,0.895937,0.607364,1.9975,0.546574,1.05201,1.09733,1.15138,1.87002,2.13409,0,0,0.935797,2.49499,0,0,1,0,0,0,0,w,w
18906,COMMUNITY,1,1,0.785441,0.804892,0,2.08266,0.549428,1.04583,0.922711,1.0647,1.83198,2.13906,0,0,0.81776,2.30831,0,0,1,0,0,0,0,w,w
18907,COMMUNITY,1,1,0.776207,0.87722,0.500755,1.71576,0,1.02959,0.834562,1.06766,1.94042,2.21223,0,0,0.576531,2.52324,0,0,1,0,0,0,0,w,w
18908,COMMUNITY,1,1,0.751777,0.806336,0,1.56227,0,0.965113,0.602078,0.950735,1.89631,2.02119,0,0,0.591354,2.67244,0,0,1,0,0,0,0,w,w
18909,COMMUNITY,1,1,0.743737,0.850986,0,1.86485,0,0.981664,0.619728,1.00344,1.89654,1.97761,0,0,0.769273,2.48835,0,0,1,0,0,0,0,w,w
18910,COMMUNITY,1,1,0.78568,1.05996,0.554699,1.9912,0,0.960817,0,1.0025,1.81347,2.292,0,0,0.81408,3.22783,0,1,1,0,0,0,0,w,w
18911,COMMUNITY,1,1,0.843311,0.562022,0.895661,2.49088,0,0.911959,0,0.992489,1.61702,2.69976,0,0,1.03549,3.01641,0,1,1,0,0,0,0,w,w
18912,COMMUNITY,1,1,0.769748,0,0.588314,2.16939,0,0.891069,1.0164,0.994958,1.65696,2.09038,0,0.523936,0.776969,2.4435,0,1,1,0,0,0,0,w,w
18913,COMMUNITY,1,1,0.841434,0.849049,1.29158,2.57607,0.840634,1.09936,0,1.2759,1.9766,2.51521,0,0,1.22269,2.826,0,0,1,0,0,0,0,w,w
18914,COMMUNITY,1,1,0.868114,0,0.989952,1.92942,0,0.868337,0.671058,1.10764,1.86864,2.16549,0,0,1.26288,2.53834,0,0,1,0,0,0,0,w,w
18918,COMMUNITY,1,1,0.910141,1.14434,1.28629,1.11653,0.552372,0.631607,0,0.818013,1.45892,2.11337,0,0,1.84865,2.20261,0,0,1,0,0,0,0,w,w
18919,COMMUNITY,1,1,0.842932,1.43851,1.3059,0.77444,0,0.798094,0,0.964556,1.70129,1.90936,0,0.745701,1.76377,1.94428,0,0,1,0,0,0,0,w,w
