time_stamp,word,frame,success,confidence,AU01_r,AU02_r,AU04_r,AU05_r,AU06_r,AU09_r,AU10_r,AU12_r,AU14_r,AU15_r,AU17_r,AU20_r,AU25_r,AU26_r,AU04_c,AU12_c,AU15_c,AU23_c,AU28_c,AU45_c,speaker_gender,listener_gender
4107,BUT,1,1,0.838783,1.31204,0,0,0.867284,0,0.994299,0,0.57031,0,0.830707,0.637354,1.34106,1.42467,0,0,0,1,0,0,0,w,w
7808,BUT,1,1,0.917444,0,0,0,1.01422,0,0,0,0,0.607356,0,0.641209,0,0,0,0,0,0,0,0,0,w,m
7829,BUT,1,1,0.846195,2.00371,1.9919,0,0,0,0,0,0.928848,0,0,0,0,0,0,0,0,0,0,0,0,w,m
7830,BUT,1,1,0.871292,1.91394,1.73424,0,0.5234,0,0,0,0.876909,0.674232,0,0,0,0,0.513085,0,0,0,0,0,0,w,m
7831,BUT,1,1,0.854013,2.01803,1.98903,0,0.612979,0,0.527579,0,0.78645,0.709561,0,0,0,0,0.582958,0,0,0,0,0,0,w,m
7832,BUT,1,1,0.853867,1.83002,1.92427,0,0,0,0.874759,0,0,0.777488,0.524846,0,0,0,0.533074,0,0,0,0,0,0,w,m
7833,BUT,1,1,0.855609,1.62622,1.97038,0,0,0,0.95079,0,0.639869,1.03067,0.671344,0,0,0,0.534065,0,0,0,0,0,0,w,m
7850,BUT,1,1,0.872834,0.896839,1.53841,0,1.45571,0,0.729396,0,0,0.700463,0,0,0,0,0,0,0,0,0,0,0,w,m
7851,BUT,1,1,0.876487,0.685831,1.47099,0,1.22917,0,0.760945,0,0,0.586405,0,0,0,0,0,0,0,0,0,0,0,w,m
7852,BUT,1,1,0.869914,0.792465,1.5138,0,1.35,0,0.839151,0,0,0.78978,0,0,0,0,0,0,0,0,0,0,0,w,m
7853,BUT,1,1,0.875433,0,0.931912,0,1.40649,0,0.51131,0,0.512322,0.808236,0.558602,0,0,0,0,0,0,0,0,0,0,w,m
7854,BUT,1,1,0.864292,0,1.07033,0,1.63822,0,0.598658,0,0,1.045,0.601174,0,0,0,0,0,0,0,0,0,0,w,m
7855,BUT,1,1,0.850501,0.546622,0.905846,0,1.82628,0,0.545317,0,0.565553,1.00315,0.504595,0,0,0,0,0,0,0,0,0,0,w,m
7856,BUT,1,1,0.849851,0,0.726871,0,1.64619,0,0.986212,0,0.52415,1.14154,0.566171,0,0,0,0,0,0,0,0,0,0,w,m
7857,BUT,1,1,0.848887,0.527899,0.837742,0,1.48231,0,0.668661,0.515197,0,1.25345,0,0,0,0,0,0,0,0,0,0,0,w,m
7860,BUT,1,1,0.913437,0,0.623021,0,1.63164,0,0,0,0,0.977979,0.618173,0,0.523316,0,0,0,0,0,0,0,0,w,m
7861,BUT,1,1,0.92623,0,0,0,1.48155,0,0.759557,0.713427,0.616892,1.48905,0.516496,0,0.734024,0,0,0,1,0,0,0,0,w,m
5907,BUT,1,1,0.938258,0.511291,1.45703,0,0,0.759222,0,1.21094,1.32302,1.04818,0,0.538605,0,1.83263,0,0,1,1,0,0,0,w,m
5908,BUT,1,1,0.935326,0,1.55188,0.664735,0,0.767272,0,1.24129,1.3644,1.05659,0,0.554181,0,1.767,0,0,1,1,0,0,0,w,m
5909,BUT,1,1,0.934737,0,1.50176,0.514261,0,0.781525,0,1.26395,1.38103,1.21678,0,0.655299,0,1.89073,0,0,1,1,0,0,0,w,m
5910,BUT,1,1,0.931456,0,1.65887,0,0,0.734046,0,1.20395,1.42335,1.14754,0,0.532939,0,1.77484,0,0,1,1,0,0,0,w,m
5911,BUT,1,1,0.920617,0,1.55092,0,0,0.73309,0,1.2148,1.62388,1.26779,0,0.642716,0,1.86057,0,0,1,1,0,0,0,w,m
5912,BUT,1,1,0.923113,0,1.6247,0,0,0.775044,0,1.27133,1.59907,1.37634,0,0.5596,0,1.75827,0,0,1,1,0,0,0,w,m
5913,BUT,1,1,0.911302,0,1.6386,0,0,0.845462,0,1.37501,1.5761,1.39951,0,0.541969,0,1.73391,0,0,1,1,0,0,0,w,m
5914,BUT,1,1,0.891377,0,1.74695,0,0,0.807145,0,1.34685,1.45552,1.20588,0,0,0,1.67918,0,0,1,1,0,0,0,w,m
5915,BUT,1,1,0.88697,0,1.58241,0,0,0.814087,0,1.38739,1.58233,1.31661,0,0.619224,0,1.44362,0,0,1,1,0,0,0,w,m
5916,BUT,1,1,0.905697,0,1.47283,0,0,0.767625,0,1.2101,1.43847,1.37353,0,0,0,1.71099,0,0,1,0,0,0,0,w,m
5917,BUT,1,1,0.903852,0,1.38527,0,0,0.760596,0,1.2496,1.41732,1.30398,0,0.51518,0,1.67236,0,0,1,1,0,0,0,w,m
5918,BUT,1,1,0.906523,0,1.52942,0,0,0.690763,0,1.13553,1.28501,1.19578,0,0,0,1.57081,0,0,1,1,0,0,0,w,m
5919,BUT,1,1,0.902614,0,1.5319,0,0,0.634015,0,1.09885,1.29159,1.14795,0,0,0,1.50715,0,0,1,1,0,0,0,w,m
5920,BUT,1,1,0.906789,0,1.34739,0,0,0.619543,0,0.995015,1.24516,1.20546,0,0,0,1.85433,0,0,1,1,0,0,0,w,m
5921,BUT,1,1,0.90529,0.542947,1.10545,0,0,0.595309,0,1.03141,1.21822,1.20219,0,0,0,1.7917,0,0,1,1,0,0,0,w,m
5922,BUT,1,1,0.920782,0,1.14667,0,0,0.50491,0,0.849025,1.03499,1.17819,0,0,0,1.89709,0,0,1,1,0,0,0,w,m
5923,BUT,1,1,0.919915,0.775687,1.01431,0,0,0,0,0.788811,0.983387,1.28448,0,0,0,1.32967,0,0,1,1,0,0,0,w,m
5924,BUT,1,1,0.938177,0.976346,1.51402,0,0,0,0,0.664379,0.93631,1.16864,0,0,0,1.57356,0,0,1,0,0,0,0,w,m
5925,BUT,1,1,0.952234,1.02741,1.4806,0,0,0,0,0.604626,0.739486,1.32594,0,0,0,1.00085,0,0,1,1,0,0,0,w,m
5926,BUT,1,1,0.956798,1.04802,1.0705,0,0,0,0,0,0.77795,1.01024,0,0,0,0.938597,0,0,1,0,1,0,0,w,m
5927,BUT,1,1,0.963016,0.932994,1.2082,0,0,0,0,0,0.812636,0.869459,0,0,0,1.12739,0,0,1,0,0,0,0,w,m
5928,BUT,1,1,0.967193,0.95473,1.1525,0.61519,0,0,0,0,0.599555,0.837341,0,0,0,1.15634,0,0,1,0,0,0,0,w,m
5929,BUT,1,1,0.972158,0.810849,1.157,0,0,0,0,0,0,0.573507,0,0,0,1.40877,0,0,0,0,0,0,0,w,m
5930,BUT,1,1,0.972607,0.846453,1.01322,0.609094,0,0,0,0,0,0,0,0,0,0.930399,0,0,0,0,0,0,0,w,m
5931,BUT,1,1,0.972139,0.78311,1.03229,0,0,0,0,0,0,0,0,0,0,0.656225,0,0,0,1,0,0,0,w,m
5932,BUT,1,1,0.963419,0.975241,0.6531,0,0,0,0,0,0,0,0,0,0,0,0,0,0,1,0,0,1,w,m
5933,BUT,1,1,0.96184,0.75275,0.635473,0,0,0,0,0,0,0,0,0,0,0,0.520329,0,0,1,0,0,1,w,m
5934,BUT,1,1,0.966334,0.602167,0.589755,0,0,0,0,0,0,0,0.566624,0,0,0,0.630321,0,0,1,0,0,1,w,m
5935,BUT,1,1,0.966043,0.817867,0.842773,0,0,0,0,0,0,0,0,0,0,0.55367,0.661423,0,0,1,0,0,1,w,m
5936,BUT,1,1,0.970399,0.564014,0.522498,0,0,0,0,0,0,0,0,0,0,0,0.625726,0,0,1,0,0,1,w,m
5937,BUT,1,1,0.973756,0.56083,0.82013,0,0,0,0,0,0,0,0,0,0,0,0,0,0,1,1,0,1,w,m
5938,BUT,1,1,0.977783,0.788473,0.714835,0,0,0,0,0,0,0,0,0,0.505494,0,0,0,0,0,1,0,1,w,m
5939,BUT,1,1,0.978337,1.00972,0.686266,0,0.606174,0,0,0,0,0,0,0,0.508359,0,0,0,0,0,1,0,0,w,m
5940,BUT,1,1,0.974985,0.940754,0.540239,0,0.63544,0,0,0,0.676748,0,0,0,0.792334,0.668178,0.576769,0,0,1,1,0,0,w,m
5941,BUT,1,1,0.975479,1.04967,0.685255,0,0.533169,0,0,0,0.775186,0.541281,0,0,0.748407,0.803865,0.635242,0,1,0,1,0,0,w,m
5942,BUT,1,1,0.9759,1.21966,0.827061,0,0,0,0.660006,0,0.645046,0,0,0,0.81475,0,0.5617,0,1,1,0,0,0,w,m
5943,BUT,1,1,0.973352,1.17617,1.05652,0,0.52773,0,0.502673,0,0.593761,0,0,0,1.18635,0,0.526393,0,0,1,0,0,0,w,m
5944,BUT,1,1,0.968902,1.0846,1.23399,0,0,0,0,0,0.560342,0,0,0,0.837662,0,0.580099,0,0,1,0,0,0,w,m
5945,BUT,1,1,0.969982,1.20351,0.946259,0,0,0,0.518928,0,0.599542,0.600376,0,0,0.90709,0.749105,0.568349,0,0,1,0,0,0,w,m
5946,BUT,1,1,0.972929,1.25195,1.33806,0,0,0,0.54672,0,0.740432,0.77957,0,0,0.963414,0.560588,0.620968,0,0,0,0,0,0,w,m
5947,BUT,1,1,0.970648,1.15367,1.01679,0,0,0,0.687379,0,0.748089,0.897175,0,0,1.22314,0.975162,0.530794,0,0,0,0,0,0,w,m
5948,BUT,1,1,0.974306,0.869694,0.637373,0,0,0,0.629611,0,0.796285,1.05696,0,0,1.14128,1.72982,0.521441,0,1,0,0,0,0,w,m
5949,BUT,1,1,0.969213,0,0.560919,0,0,0,0,0,0.917634,1.06154,0,0,0.689412,1.7957,0,0,1,0,1,0,0,w,m
5950,BUT,1,1,0.965877,0,0.705299,0.520527,0,0,0,0,0.79868,0.918577,0,0,0.638313,2.22675,0,0,1,0,1,0,1,w,m
5951,BUT,1,1,0.967832,0,0.681912,0,0,0,0,0.585477,0.799076,0.92723,0,0,0,2.51201,0,0,1,0,1,0,1,w,m
5952,BUT,1,1,0.966518,0,0.734088,0.730179,0,0.558724,0,0.84127,0.692773,0.991353,0.610242,0,0,2.40473,0,0,1,0,0,0,1,w,m
5953,BUT,1,1,0.962477,0,0.966091,0.71222,0,0.701988,0,0.97036,0.882242,1.02849,0,0,0,2.63758,0,0,1,1,1,0,1,w,m
5954,BUT,1,1,0.964229,0,1.23543,0.847809,0,0.787893,0,1.06522,1.11531,1.03988,0,0,0,2.71696,0,0,1,1,1,0,0,w,m
5955,BUT,1,1,0.958882,0,1.3607,0.891281,0,0.725371,0,1.02744,0.996457,1.08747,0,0,0,2.85705,0,0,1,0,0,0,0,w,m
5956,BUT,1,1,0.953291,0,1.16269,0.87962,0,0.709862,0,1.00868,1.05405,0.94076,0,0,0,2.69575,0,0,1,0,0,0,0,w,m
5957,BUT,1,1,0.957263,0,1.31949,0.864069,0.566607,0.692162,0,0.985292,1.0876,1.07848,0,0,0,2.80675,0,0,1,0,0,0,0,w,m
5958,BUT,1,1,0.949288,0,1.23082,1.0655,0,0.713052,0,1.04066,1.07175,1.17075,0,0,0,2.73298,0,0,1,1,0,0,0,w,m
5959,BUT,1,1,0.950888,0,1.20293,1.21234,0,0.756221,0,1.04721,1.14392,1.24251,0.636946,0.577016,0,2.85427,0,0,1,1,0,0,0,w,m
5960,BUT,1,1,0.95236,0,1.18117,0.997143,0,0.648854,0,1.01112,0.975981,1.16852,0.593712,0.565529,0,2.49729,0,0,1,1,0,0,0,w,m
5961,BUT,1,1,0.952684,0,1.306,0.897959,0,0.715141,0,1.09133,1.11097,1.21091,0.564987,0.557486,0,2.5683,0,0,1,1,0,0,0,w,m
5962,BUT,1,1,0.956123,0,1.22724,0.911712,0,0.636822,0,1.01802,1.13639,1.15193,0.589266,0,0,2.70909,0,0,1,1,0,0,0,w,m
5963,BUT,1,1,0.956543,0,1.35257,0.965267,0,0.660401,0,0.999556,0.875796,1.16244,0.84664,0.508045,0,2.79249,0,0,1,1,0,0,0,w,m
5964,BUT,1,1,0.949336,0,1.14301,1.24671,0,0.647646,0,0.975189,0.886793,0.87287,0.840518,0,0,2.62561,0,0,1,1,0,0,0,w,m
5965,BUT,1,1,0.942848,0,1.05127,0.65741,0,0.658216,0,0.952837,1.14042,1.02492,0.893204,0,0,2.41198,0,0,1,1,0,0,0,w,m
5966,BUT,1,1,0.931467,0,1.12784,0.782355,0,0.732774,0,1.02359,1.05698,1.0081,1.12889,0,0,2.49292,0,0,1,1,0,0,0,w,m
5967,BUT,1,1,0.929261,0,0.894181,0.521697,0,0.753921,0,0.989888,1.01739,0.822555,0.910358,0,0,2.91362,0,0,1,1,0,0,0,w,m
5968,BUT,1,1,0.934754,0,1.01249,0.588518,0,0.767013,0,1.04801,1.1225,0.783931,1.04079,0,0,2.46289,0,0,1,1,0,0,0,w,m
5969,BUT,1,1,0.945107,0,1.13513,0,0,0.764567,0,1.0784,1.01792,0.964749,1.0225,0,0,2.45885,0,0,1,1,0,0,0,w,m
5970,BUT,1,1,0.950884,0,1.01975,0,0,0.719681,0,0.991245,0.914282,0.915476,0.854264,0,0,2.41853,0,0,1,1,0,0,0,w,m
5971,BUT,1,1,0.957054,0,0.932967,0.620346,0,0.756875,0,1.03809,1.05439,1.00649,0.902451,0,0,2.35041,0,0,1,1,0,0,1,w,m
5972,BUT,1,1,0.958365,0,0.841643,0.673467,0,0.750667,0,0.99607,0.873958,1.03303,0.84604,0,0,2.25203,0,0,1,1,0,0,0,w,m
5973,BUT,1,1,0.910737,0,0.843212,0.88375,0,0.713073,0.558537,0.954925,0.763667,1.03427,0.934236,0,0,2.45237,0,0,1,1,0,0,0,w,m
5974,BUT,1,1,0.907234,0,0.961678,1.3494,0,0.526737,0.795265,0.828995,0,0.830356,1.25393,0.798456,0.503779,1.70486,0,0,1,1,0,0,0,w,m
5975,BUT,1,1,0.916718,0,0.792451,1.11907,0,0.565057,1.27297,0.937461,0,1.10196,0.819796,0.928461,0,1.45685,0,0,1,1,1,0,0,w,m
5976,BUT,1,1,0.924125,0,0.957594,1.30865,0,0.544154,1.00599,0.774703,0,0.621703,0.914982,1.21422,0,0.77558,0,0,1,1,0,0,0,w,m
5977,BUT,1,1,0.904952,0,0.961264,1.23291,0.65107,0.6523,0.525414,0.840559,0,0,0.938715,1.20101,0,0.822632,0,0,0,1,1,0,0,w,m
5978,BUT,1,1,0.946122,0,0.722193,1.24781,0,0.550344,0,0.874062,0,0.776097,1.81152,1.06432,0.60349,0.797985,0,0,0,1,0,0,0,w,m
5979,BUT,1,1,0.892704,0,1.05232,1.13355,0.684926,0.559819,0,0.802442,0,0,1.61324,0.680529,0.568592,0.712805,0,0,1,1,0,0,0,w,m
5980,BUT,1,1,0.946977,0,1.09905,1.34799,0.5296,0.693967,0,1.09304,0.841649,0.961798,0.958481,0.78133,0,0.898468,0,0,1,1,1,0,0,w,m
5981,BUT,1,1,0.95225,0,0.760233,0.811265,0,0.785923,0,1.2436,0.925927,1.15183,0.89978,0.622907,0,0.878428,0,0,1,1,0,0,0,w,m
5982,BUT,1,1,0.961584,0,0.960562,1.10242,0,0.828093,0.501337,1.36464,1.18064,1.3894,0.659578,0.539971,0,1.50423,0,0,1,1,0,0,0,w,m
5983,BUT,1,1,0.961801,0,0.887094,0.860654,0,0.949116,0,1.53807,1.34833,1.55641,0.620696,0.528739,0,1.81973,0,0,1,1,0,0,0,w,m
5984,BUT,1,1,0.964942,0,0.72207,0.772029,0,0.967696,0,1.47093,1.43182,1.40854,0.556301,0,0,1.85704,0,0,1,1,0,0,1,w,m
13051,BUT,1,1,0.760104,0.858397,0,0.57615,0.878315,0,0,0,0.85143,0,0,0.593877,0,1.51826,0,0,1,0,0,0,0,w,w
13052,BUT,1,1,0.866681,2.06078,0,0,1.45542,0,0,0,0.815839,0,0,0,0,1.54053,0,0,1,1,0,0,0,w,w
13053,BUT,1,1,0.894855,2.70808,1.84822,0,1.37562,0,0,0,1.36174,0,0,0,0,1.31721,0,0,1,1,0,0,0,w,w
13054,BUT,1,1,0.868481,2.47573,2.27493,0,1.25389,0,0,0,1.65699,0,0.684413,0,0,2.66108,0,0,1,0,0,0,0,w,w
13055,BUT,1,1,0.902829,2.54457,2.64081,0.7686,1.63403,0,0,0,1.5722,0,0.961452,0,0,2.05271,0,0,1,0,0,0,0,w,w
13056,BUT,1,1,0.892402,2.50279,2.05929,0.956734,1.71087,0,0,0,1.64346,0,0,0,0,0,0,0,1,0,0,0,0,w,w
13057,BUT,1,1,0.881527,2.56778,1.95807,0.646553,1.41612,0,0,0,1.40258,0,0,0,0,0,0,0,1,0,0,0,0,w,w
13058,BUT,1,1,0.891278,2.08147,1.89198,0.811322,1.36981,0,0,0,0.931779,0,0.551029,0,0,1.08331,0,0,1,0,0,0,0,w,w
13059,BUT,1,1,0.858856,2.78789,1.85687,0.748206,0.867831,0,0.658641,0,1.0995,0.849647,0,0,1.01125,0.93623,0,0,1,1,0,0,0,w,w
13060,BUT,1,1,0.845104,2.74934,2.27087,1.02459,0.806886,0,1.14582,0,0.572023,1.23125,0,0,1.38695,0,0,1,1,1,0,0,0,w,w
13061,BUT,1,1,0.901449,3.545,2.66938,1.08385,1.0281,0,1.16419,0.587258,0.820979,1.32521,0,0,1.66401,0,0,0,1,1,0,0,0,w,w
13079,BUT,1,1,0.970064,0.750864,1.04002,0,0.908661,0,0,0,0,1.64092,0,0,1.3001,0,0,0,1,1,0,0,0,w,w
13080,BUT,1,1,0.962409,1.04902,1.16667,0,0.57014,0,0,0.653559,0,1.24256,1.08592,0.556565,1.46484,0,0,0,1,1,0,0,0,w,w
13081,BUT,1,1,0.856966,1.24747,0.928123,0.501155,1.28386,0,0.918759,0.823208,0,0.739168,1.29114,0,1.16513,0,0,0,1,1,1,0,0,w,w
13082,BUT,1,1,0.982739,0,0.976064,0,0.538617,0,0,0,0,1.84529,0,0.573498,1.61617,0,0,0,1,1,0,0,0,w,w
13083,BUT,1,1,0.924374,0.857488,1.1543,0,0,0,0.802123,0,0,0.946653,0,0,1.49739,0.899995,0,0,1,1,0,0,0,w,w
13084,BUT,1,1,0.896042,0.574512,0.637231,1.39392,0,0,0,0,0,0,0,0,0.709389,2.1005,0,1,0,1,0,0,0,w,w
13085,BUT,1,1,0.798474,0,0,1.32053,0,0,0,0,0,0,0.592705,0.697823,0.781031,2.49919,0,1,1,1,1,0,0,w,w
13086,BUT,1,1,0.830034,0,0,1.66125,0,0,0,0,0,0,0.511863,0.960017,0.823713,3.4424,0,1,1,1,1,0,0,w,w
13087,BUT,1,1,0.890937,0.550696,0,1.29841,0,0,0,0,0,0,0.6741,0.914286,0,4.14076,0,0,1,1,1,1,0,w,w
13088,BUT,1,1,0.88959,0,0,1.18851,0,0,0.83489,0,0,0,0,0.720368,0.8895,3.99518,0.608937,0,0,1,1,1,0,w,w
13089,BUT,1,1,0.927371,0,0,1.08594,0,0,0.766794,0,0,0,0,0.66171,0.723343,2.77506,0.70227,0,0,1,0,1,0,w,w
13090,BUT,1,1,0.948662,0,0,1.78746,0,0,1.1957,0,0,0.553128,0,0.65682,1.16543,2.35827,0.766211,0,0,1,1,1,0,w,w
13091,BUT,1,1,0.946483,0,0,1.65123,0,0,0.705369,0,0,0,0,0.625178,0.883128,2.39983,0.750542,0,0,1,0,1,0,w,w
13092,BUT,1,1,0.932428,0,0,2.19825,0,0,1.08171,0,0,0.555469,0,0.554775,0.746861,1.98385,0.764983,0,0,1,0,1,0,w,w
13093,BUT,1,1,0.930932,0,0,2.04409,0,0,1.45634,0,0,0,0,0,1.06872,2.18514,0.641032,0,0,1,0,1,0,w,w
13094,BUT,1,1,0.944528,0,0,2.01231,0,0,0.902445,0,0,0,0,0,1.12237,2.0908,0.620864,1,0,1,0,1,0,w,w
13095,BUT,1,1,0.956021,0,0,2.3258,0,0,0.885963,0,0,0,0,0,1.01119,2.28406,0.514647,1,0,1,0,1,0,w,w
13096,BUT,1,1,0.971802,0,0,2.6477,0,0,0.929352,0,0,0,0,0,0.784283,3.06125,0.518168,1,0,1,0,0,1,w,w
13097,BUT,1,1,0.968541,0,0,2.58869,0,0,0.810655,0,0,0,0,0,0.52178,3.8576,0.669555,1,0,1,0,0,1,w,w
13098,BUT,1,1,0.971307,0,0,2.9378,0,0,1.07634,0,0,0,0,0,0.613551,4.14441,0.618693,1,0,1,0,0,1,w,w
13099,BUT,1,1,0.939431,0,0,2.23988,0,0,0.980979,0,0,0,0,0,0,3.88512,0,1,0,1,0,0,1,w,w
15349,BUT,1,1,0.875237,0,0,0,0,0,0,0,0,0,1.60262,0,0.902671,2.78805,0.651735,0,0,1,1,0,0,w,w
15350,BUT,1,1,0.796596,0,0,0,0,0,0,0,0,0,1.30734,0,0.783318,3.4778,0.896965,0,0,1,0,0,0,w,w
15351,BUT,1,1,0.886613,0,0,0,0,0,0,0,0,0,1.17426,0,0.6657,2.24816,0.938794,0,0,1,0,0,0,w,w
15352,BUT,1,1,0.925692,0,0,0,0,0,0,0,0,0,1.26103,0,0.814557,2.55865,1.04664,0,0,1,0,0,0,w,w
15353,BUT,1,1,0.961655,0,0,0,0,0,0.59442,0,0,0,1.61381,0,0,1.2192,0.993985,0,0,1,0,0,0,w,w
15354,BUT,1,1,0.963669,0.729059,0.832326,0,0.660269,0,0.668077,0,0,0,0,0,0.640992,0,0.519553,0,0,1,0,0,0,w,w
15355,BUT,1,1,0.961275,0.560117,0.72642,0,0.810679,0,0.781265,0,0,0,0,0,1.06452,0,0.565204,0,0,0,0,0,0,w,w
15356,BUT,1,1,0.969332,0.730485,0.534961,0,0.6431,0,0.507241,0,0,0,0,0,0.51404,0,0.531817,0,0,0,0,0,0,w,w
15357,BUT,1,1,0.956486,0.969403,0,0,0,0,0,0,0,0,1.29247,0,0,0,0.781285,0,0,1,1,0,0,w,w
15358,BUT,1,1,0.946225,1.16592,0,0,0,0,0,0,0,0,0.955987,0,0.732914,2.24114,0.941636,0,0,1,1,0,0,w,w
15359,BUT,1,1,0.924633,1.02395,0,0,0.650509,0,0,0,0,0,0.801481,0,0,2.24354,0.744265,0,0,1,1,0,0,w,w
15360,BUT,1,1,0.926123,0.702983,0,0,0.628469,0,0,0,0,0,1.09973,0,0,2.24069,0.753498,0,0,1,1,0,0,w,w
15361,BUT,1,1,0.926829,0.940807,0,0,0.580103,0,0,0,0,0,1.02507,0,0,3.32971,0.814477,0,0,1,1,0,0,w,w
15362,BUT,1,1,0.923805,0.83856,0,0,0.572988,0,0,0,0,0,0.705591,0,0,2.94756,0.751778,0,0,1,1,0,0,w,w
15363,BUT,1,1,0.945811,0.680032,0,0,0.713902,0,0,0,0,0,0.947029,0,0,2.57121,0.594264,0,0,1,1,0,0,w,w
15364,BUT,1,1,0.959905,1.17304,1.13069,0,0.93645,0,0,0,0,0,1.13993,1.02952,0.583533,0,0.61494,0,0,1,1,1,0,w,w
15365,BUT,1,1,0.964003,0.613115,0.953234,0,1.0015,0,0,0,0,0,1.40248,1.16168,0,0,0.633625,0,0,1,1,1,0,w,w
15366,BUT,1,1,0.959797,0,0,0,0.986463,0,0,0,0,0,1.24928,0.780541,0,0,0.799652,0,0,1,1,1,0,w,w
15367,BUT,1,1,0.905431,0,0,0,0,0,0,0,0,0,1.60522,0,0,1.49279,1.30212,0,0,1,1,0,0,w,w
15368,BUT,1,1,0.954501,0.644258,0.579087,0,0,0,0,0,0,0,1.54942,0,0,1.3337,1.36426,0,0,1,1,0,0,w,w
15369,BUT,1,1,0.970718,0.642924,0.51697,0,0,0,0,0,0,0,1.18316,0,0,2.85243,1.36689,0,0,1,1,0,0,w,w
15370,BUT,1,1,0.977464,0.871493,0.839258,0,0,0,0.767409,0.509997,0.704191,0.680631,1.42964,0,0,3.45516,1.30923,0,0,1,0,0,0,w,w
15371,BUT,1,1,0.971133,1.27481,1.32332,0,0.706856,0.782543,1.16981,0.998341,1.29819,1.09128,1.27632,0,0,3.29624,1.18244,0,1,1,1,0,0,w,w
15372,BUT,1,1,0.9745,1.04362,1.05702,0,0.53898,1.00455,1.15456,1.32523,1.79344,1.72285,1.39992,0,0.677829,3.15622,1.07555,0,1,1,1,0,0,w,w
15373,BUT,1,1,0.976899,1.0492,1.25412,0,0.552934,1.08593,1.37918,1.36689,1.72104,1.70535,0.937806,0,0,3.74498,1.03647,0,1,1,1,0,0,w,w
15374,BUT,1,1,0.981822,0.846156,1.51081,0,0.725425,1.08065,1.57522,1.19936,1.95136,2.18345,0.522646,0,0,2.45258,0.590243,0,1,0,1,0,0,w,w
15375,BUT,1,1,0.984131,0.870684,1.65129,0,0,0.898937,1.52406,0.857341,1.18181,1.78823,0,0,0,1.04526,0,0,1,1,1,0,0,w,w
15376,BUT,1,1,0.987855,0.896712,1.30851,0.542387,0.663296,0.634023,1.22797,0.57559,0.797273,1.48441,0,0.813227,0,0.532415,0,0,1,1,1,0,0,w,w
15377,BUT,1,1,0.986063,0.791964,1.27217,0.518735,0.723948,0,1.33851,0,0,0.902448,0.616205,1.18783,0,0,0,0,0,1,1,0,0,w,w
15378,BUT,1,1,0.978909,0,0.880924,0.733943,1.06254,0,0,0,0,0,0.870153,0.98596,0,0,0,0,0,1,1,0,0,w,w
15379,BUT,1,1,0.977958,0,0.661618,0,0.918752,0,0,0,0,0,0.87493,0.910404,0,0,0,0,0,1,1,0,0,w,w
15380,BUT,1,1,0.969835,0,0.625988,0,0.764053,0,0,0,0,0,0.885023,0.9081,0,0,0,0,0,1,1,0,0,w,w
15381,BUT,1,1,0.962997,0,0.799932,0,0.85579,0,0,0,0,0,0.918092,0.83389,0,0,0,0,0,1,1,0,0,w,w
15382,BUT,1,1,0.948205,0,0.532826,0,0.983873,0,0.725033,0,0,0,1.37019,0,0,0,0.561257,0,0,1,1,0,1,w,w
15383,BUT,1,1,0.865032,0.917949,0,0,0.50533,0,0,0,0,0,1.70644,0,0,0.679146,1.34024,0,0,1,1,0,1,w,w
15384,BUT,1,1,0.853692,0.884704,0.684039,0,0,0,0,0,0,0,1.95094,0,0,1.55052,1.34439,0,0,1,1,0,1,w,w
15385,BUT,1,1,0.925596,0.783711,0.518278,0,1.09911,0,0,0,0,0,1.64535,0,0,0,0.935332,0,0,1,1,0,1,w,w
15386,BUT,1,1,0.921178,0,0.745015,0,0.890285,0,0.728353,0,0,0,0.647299,0.510047,0,0,0.677839,0,0,0,0,0,0,w,w
15387,BUT,1,1,0.894496,0,0,0,0.871487,0,0,0,0,0,0.551454,0,0.975024,1.48462,0,0,0,0,0,0,1,w,w
2228,BUT,1,1,0.76705,0,0,0.797347,1.60197,0,0,0.839502,0.723416,1.34087,0,0.79953,0.872017,1.6953,0,1,1,0,1,0,0,m,w
2229,BUT,1,1,0.852627,0,0,0,1.21084,0,0,0.914414,0.552209,1.194,0,0.873327,1.37646,1.16334,0,1,1,0,1,0,0,m,w
2230,BUT,1,1,0.864386,0.762687,0,0,1.23344,0.554398,0,0.895274,0.871317,0.694768,0,0.690829,1.3016,0,0,0,1,0,1,0,0,m,w
2231,BUT,1,1,0.877834,0.880676,0,0,0.970143,0.59078,0.608097,1.06091,1.01793,0.9014,0,0.686631,1.37065,0,0,0,1,0,1,0,0,m,w
15065,BUT,1,1,0.986592,0.669273,0.527877,1.14142,0,0,0.778459,0,0,0,0,0,0.955172,0.838144,0,1,1,0,1,0,0,m,w
15066,BUT,1,1,0.927056,0,0,0,0.734943,0,1.02983,0,0,0,0.504195,0,0,3.00705,0,1,1,0,1,0,0,m,w
15067,BUT,1,1,0.910896,0,0,0,0.552736,0,0.753571,0,0.535781,0,0,0,0,4.03843,0,0,1,0,1,0,0,m,w
15068,BUT,1,1,0.923675,0,0,0,0.525172,0,0.88447,0,0.656671,0,0,0,0,4.24528,0,0,1,0,1,0,0,m,w
15069,BUT,1,1,0.961253,0,0,0,0,0,2.00139,0,0.829276,0,0,0,0,2.77833,0,0,1,0,1,0,0,m,w
15070,BUT,1,1,0.958639,0,0,0,0,0.523283,2.73629,0,1.14712,0,0,0,0,1.96189,0,0,1,0,0,0,0,m,w
15071,BUT,1,1,0.965623,0,0,0,0,0,2.45833,0,1.01496,0,0,0,0,1.23337,0,0,1,0,0,0,0,m,w
15072,BUT,1,1,0.962936,0,0,0,0,0.522361,2.54942,0,1.1004,0,0,0,0,1.33974,0,0,1,0,0,0,0,m,w
15073,BUT,1,1,0.956461,0,0,0,0,0.615417,2.00201,0,1.18822,0,0,0,0,1.13147,0,0,1,0,0,0,0,m,w
15074,BUT,1,1,0.937298,0,0,0,0,0.674343,2.16095,0,1.34443,0,0,0,0,1.01349,0,0,1,0,0,0,0,m,w
15075,BUT,1,1,0.953862,0,0,0,0,0.559612,2.12629,0,1.18179,0,0,0,0.694768,1.09784,0,0,1,0,0,0,0,m,w
15076,BUT,1,1,0.961796,0,0,0,0,0.517882,2.64117,0,1.26309,0,0,0,0.841036,1.48884,0,0,1,0,0,0,0,m,w
15077,BUT,1,1,0.965781,0,0,0,0,0,2.23535,0,1.2378,0,0,0,0.586623,1.49227,0,0,1,0,0,0,0,m,w
15078,BUT,1,1,0.967598,0,0,0,0,0.502249,2.58107,0,1.32866,0,0,0,0,1.63344,0,0,1,0,0,0,0,m,w
15079,BUT,1,1,0.967463,0,0,0,0,0.510606,2.01637,0,1.50718,0,0,0,0,1.90235,0,0,1,0,0,0,0,m,w
15080,BUT,1,1,0.970711,0,0,0,0,0,2.11896,0,1.46597,0,0,0,0.571723,1.77121,0,0,1,0,0,0,0,m,w
15081,BUT,1,1,0.969792,0,0,0,0,0.533418,2.07516,0,1.51303,0.666772,0,0,0.578541,2.14188,0,0,1,0,0,0,0,m,w
15082,BUT,1,1,0.968536,0,0,0,0,0.560616,2.02921,0,1.30761,0,0,0,0,2.31408,0,0,1,0,0,0,0,m,w
15083,BUT,1,1,0.966758,0,0,0,0,0.555699,1.67394,0,1.36998,0.554444,0,0,0,2.61392,0,0,1,0,0,0,0,m,w
15084,BUT,1,1,0.967825,0,0,0,0,0,1.71657,0,1.39016,0,0,0,0,2.12671,0,0,1,0,0,0,0,m,w
15085,BUT,1,1,0.967759,0,0,0,0,0,1.81596,0,1.44932,0,0,0,0,2.25213,0,0,1,0,0,0,0,m,w
15086,BUT,1,1,0.967429,0,0,0,0,0.54766,1.95449,0,1.52492,0,0,0,0,2.4832,0,0,1,0,0,0,0,m,w
15087,BUT,1,1,0.970342,0,0,0,0,0.529176,1.88127,0,1.4009,0,0,0,0,2.48894,0,0,1,0,0,0,0,m,w
15088,BUT,1,1,0.965229,0,0,0,0,0,1.82578,0,1.29847,0,0,0,0,2.87914,0,0,1,0,0,0,0,m,w
15089,BUT,1,1,0.966391,0,0,0,0,0,1.65672,0,1.17356,0,0,0,0.535845,3.18538,0,0,1,0,0,0,0,m,w
15090,BUT,1,1,0.968025,0.646227,0,0,0,0,1.27981,0,0.910294,0,0,0,0,3.2794,0,0,1,0,0,0,0,m,w
15091,BUT,1,1,0.957435,1.13378,0.783427,0,0,0,0,0,0.775376,0,0,0,0,2.92981,0,0,1,0,1,0,0,m,w
15092,BUT,1,1,0.951632,1.33974,1.20797,0,0,0,0,0,0,0,0.892079,0,0,3.21384,0,0,1,0,1,0,0,m,w
15093,BUT,1,1,0.955285,1.65903,1.64052,0,0,0,0,0,0,0,1.46409,0,0,2.50572,0,0,1,1,1,0,0,m,w
15094,BUT,1,1,0.948684,1.73052,1.77988,0.911875,0,0,0.519012,0,0,0,2.11524,0.523372,0,2.05535,0,1,0,1,1,0,0,m,w
15095,BUT,1,1,0.830393,1.37919,1.41885,0.941043,0.809014,0,0,0,0,0.625651,2.09402,1.07164,0.725615,1.53616,0,1,0,1,1,0,0,m,w
15096,BUT,1,1,0.827888,1.03817,1.3381,0.85098,0,0,0,0,0,0,0.973022,0.557558,0,0.71535,0,1,0,1,0,0,1,m,w
5559,BUT,1,1,0.778446,1.71537,2.99366,0,0.68981,0.745703,0,0.966649,2.23898,1.10573,0,0,2.25893,0,0,0,1,0,0,0,0,w,m
14034,BUT,1,1,0.976447,0.625688,1.34581,0,0,0,0,0,1.06628,0.730823,0,0,1.93864,0,0,0,0,1,0,0,0,w,m
14035,BUT,1,1,0.979231,0.74507,1.65603,0,0.508625,0,0,0,0.605548,0.595135,0,0,1.64768,0.614083,0,0,0,1,0,0,0,w,m
14036,BUT,1,1,0.983416,0.584592,1.33548,0,0.727001,0,0,0,0,0,0,0,1.76681,1.01447,0,0,0,1,0,0,0,w,m
14037,BUT,1,1,0.980782,0.733775,1.70504,0,0.760342,0,0,0,0.561358,0,0,0,1.91512,0.83134,0,0,0,0,0,0,0,w,m
14038,BUT,1,1,0.978366,0.564301,1.61348,0,0.691796,0,0,0,0.544049,0,0,0,1.78918,0.520396,0,1,0,0,0,0,0,w,m
14039,BUT,1,1,0.973764,0.76383,1.55568,0,0.897414,0,0,0,0.785635,0,0,0,1.76646,0.808723,0,1,0,0,0,0,0,w,m
23868,BUT,1,1,0.875327,2.05545,1.79712,0,0.677099,0,1.07746,0,0,0,0,0,1.45469,0,0,1,1,1,1,0,0,w,m
23869,BUT,1,1,0.941707,2.22472,0.868786,0,1.26036,0,0,0,0,0,0,0,0,0,0,0,0,0,1,0,1,w,m
23870,BUT,1,1,0.923763,1.86276,0.612731,0,1.07854,0,0,0,0,0,0,0,0,0,0,0,0,0,1,0,1,w,m
23871,BUT,1,1,0.871123,2.01695,0.99001,0,1.07073,0,0,0,0,0,0,0,0,0.642037,0,0,0,0,0,0,1,w,m
23872,BUT,1,1,0.886594,1.90091,1.10408,0,1.53325,0,0.797361,0,0.552843,0,0,0,0,0,0,0,0,0,0,0,1,w,m
23873,BUT,1,1,0.931287,2.22399,0.645137,0,1.31648,0,0,0,0,0,0,0,0,0,0,0,0,0,1,0,1,w,m
23874,BUT,1,1,0.953032,2.41545,0,0,0.941229,0,0,0,0.629715,0,0,0,0,1.52469,0,0,0,0,1,0,1,w,m
23875,BUT,1,1,0.962458,2.37509,0.908901,0,0,0,0,0,0.541465,0,0,0,0,1.19302,0.526191,0,0,0,1,0,1,w,m
23876,BUT,1,1,0.978782,1.99316,1.0211,0,0.802737,0,0,0,0,0,0,0,0,0.862056,0.563194,0,0,0,1,0,1,w,m
23877,BUT,1,1,0.915289,2.11018,1.35064,0,0.864471,0,0,0,0,0,0,0,0,0.563666,0.569655,0,0,0,0,0,1,w,m
23878,BUT,1,1,0.86323,1.94284,1.63136,0,0.629049,0,0,0,0,0,0.519559,0,0,0,0.534796,0,0,0,0,0,1,w,m
23879,BUT,1,1,0.792974,2.03092,1.66288,0,0.588617,0,0,0,0,0,0.731991,0,0,0,0,1,0,0,0,0,1,w,m
23880,BUT,1,1,0.870295,1.51175,1.53942,0.994741,0.700239,0,0,0,0,0,0.573529,0,0,0,0,1,0,0,1,0,1,w,m
23881,BUT,1,1,0.875506,1.91794,1.75832,2.54164,0,0,1.37248,0,0,0,0,0,0,0,0.574914,1,0,0,1,0,1,w,m
23882,BUT,1,1,0.90585,1.69401,1.38312,2.44889,0,0,1.65998,0,0,0,0,0,0,0,0.599145,1,0,1,1,0,1,w,m
23883,BUT,1,1,0.909857,1.43578,1.47343,2.60895,0,0,2.10444,0,0,0,0,0,0.648189,0,0.54214,1,0,0,0,0,1,w,m
23884,BUT,1,1,0.92433,1.30357,1.32665,2.90012,0,0,1.83872,0,0,0,0,0,0.990234,0,0.513029,1,0,0,0,0,1,w,m
23885,BUT,1,1,0.926695,0.93439,1.15915,2.48104,0,0,0.976476,0,0,0,0,0,1.6438,0,0,1,0,1,0,0,1,w,m
23886,BUT,1,1,0.941604,0.579837,1.12873,2.68795,0,0,0.507377,0,0,0,0,0,1.8651,0,0,1,0,1,0,0,1,w,m
23909,BUT,1,1,0.921849,0,0,1.66765,0,0.544582,1.25436,0.801289,0.947168,1.09858,0.869983,0,0,0.778831,0,1,1,1,0,0,0,w,m
23910,BUT,1,1,0.983163,0,0,1.43096,0,0.589981,2.23751,0.767566,0.967405,1.05902,0,0,0,1.35251,0,1,1,1,0,0,1,w,m
23911,BUT,1,1,0.970125,0.602632,0,1.49125,0,0.687414,2.18964,0.954417,0.926378,0.803133,0.576385,0,0,1.96006,0,1,1,1,1,0,1,w,m
23912,BUT,1,1,0.978694,0.994554,0,1.6171,0,0.70738,2.48269,0.967274,0.677603,1.22184,0.507515,0,0.558007,1.96268,0,1,1,0,1,0,1,w,m
23913,BUT,1,1,0.978947,0.814049,0,1.18009,0,0.736192,2.18657,1.03769,0.738399,1.2061,0,0,0,2.02348,0,1,1,0,1,0,1,w,m
23914,BUT,1,1,0.974784,0.620561,0,1.19591,0,0.697875,2.29891,0.987486,0.968132,1.06259,0,0,0,1.48629,0,1,1,0,1,0,1,w,m
23915,BUT,1,1,0.973833,0,0,0.832405,0,0.668143,2.27556,0.954682,0.902035,1.20375,0,0,0,0.997503,0,1,1,0,0,0,1,w,m
23916,BUT,1,1,0.973455,0,0,1.02713,0.551939,0.50597,2.31659,0.767387,0.667951,0.936908,0,0,0,1.10798,0,1,1,0,0,0,1,w,m
23917,BUT,1,1,0.975281,0.808291,0,0.922984,0.599179,0,1.77818,0.593763,0.55086,0,0,0,0,1.05475,0,1,1,0,1,0,1,w,m
23918,BUT,1,1,0.976729,1.10293,0,0.538752,0.557573,0,0.917803,0,0,0,0.516334,0,0,0.622854,0,1,0,0,1,0,1,w,m
23919,BUT,1,1,0.974861,1.22157,0,0.568953,0.563924,0,0.699503,0,0,0,0,0,0,0,0,1,0,0,1,0,1,w,m
23920,BUT,1,1,0.970749,1.31994,0,0.578015,0.504297,0,0.58085,0,0,0,0.736729,0,0,0,0,1,0,0,1,0,1,w,m
23921,BUT,1,1,0.970434,1.28552,0,0,0.505116,0,0.60256,0,0,0,0.755867,0,0,0,0,1,0,0,1,0,1,w,m
23922,BUT,1,1,0.96911,1.04984,0,0.547083,0.53274,0,0.788574,0,0,0,0.813338,0,0,0,0,1,0,1,1,0,1,w,m
23923,BUT,1,1,0.967362,1.13378,0,0.685644,0.607492,0,0.816107,0,0,0,0.853453,0,0,1.52737,0,1,0,1,1,0,1,w,m
23924,BUT,1,1,0.957617,1.13966,0,1.04222,0.546788,0,1.3519,0,0,0,0.790353,0,0,2.61432,0.513378,1,0,1,1,0,1,w,m
23925,BUT,1,1,0.962101,1.31633,0,0.901153,0,0,1.18052,0,0.560462,0,0.630242,0,0,2.98677,0.510089,1,0,1,1,0,1,w,m
52900,BUT,1,1,0.979189,0,0,0.895625,0,0,0,0,0,0,0,0,0.567127,0,0,1,0,0,0,0,1,w,m
52901,BUT,1,1,0.978062,0,0,1.2026,0,0,0,0,0,0,0,0,0,0,0,1,0,0,0,0,1,w,m
52902,BUT,1,1,0.973813,0,0,1.40664,0,0,0.771049,0,0,1.0018,0,0,0,0.560243,0,1,0,0,0,0,1,w,m
52903,BUT,1,1,0.938147,0,0,0.888335,0.52636,0,0,0,0,1.23379,0.538736,0,0,1.00715,0,1,0,0,0,0,0,w,m
52904,BUT,1,1,0.911166,0,0,0.895904,0.50999,0,0,0,0,0,0,0,0,1.45642,0,1,0,0,0,0,1,w,m
52905,BUT,1,1,0.922231,0.795319,0,1.03738,0,0,0.589354,0,0,0,0,0,0,1.80078,0.681094,1,0,0,0,0,1,w,m
52906,BUT,1,1,0.956519,0.939339,0,1.25489,0,0,1.03138,0,0,0,0,0,0,1.05431,0.726664,1,0,0,0,0,1,w,m
52907,BUT,1,1,0.966328,0.936962,0,1.2053,0,0,1.15854,0,0,0,0,0,0,0.91648,0.592469,1,0,0,0,0,1,w,m
52908,BUT,1,1,0.974105,0.668976,0,1.27828,0,0,0.931983,0,0,0,0,0,0,0.636402,0,1,0,0,1,0,1,w,m
52909,BUT,1,1,0.972762,0.671714,0,1.29048,0,0,0.873476,0,0,0,0,0,0.527157,0,0,1,0,0,0,0,1,w,m
52910,BUT,1,1,0.972291,0.667047,0,1.25521,0,0,0.827791,0,0,0,0,0,0,0.629049,0.579976,1,0,0,1,0,1,w,m
52911,BUT,1,1,0.971468,0.828114,0,1.2429,0,0,0.869717,0,0,0,0,0,0,0.611022,0.539234,1,0,0,1,0,1,w,m
52912,BUT,1,1,0.97319,0.756008,0,1.14558,0,0,0.720794,0,0,0,0,0,0,0.638066,0.545815,1,0,0,1,0,1,w,m
52913,BUT,1,1,0.973702,0.696069,0,1.30836,0,0,0.787602,0,0,0,0,0,0,0.850099,0.55923,1,0,0,1,0,1,w,m
52914,BUT,1,1,0.973411,0.693066,0,1.27373,0,0,0.788011,0,0,0,0,0,0,0.932882,0.573067,1,0,0,1,0,1,w,m
52915,BUT,1,1,0.971674,0.781356,0,1.27258,0,0,0.685927,0,0,0,0,0,0,0.924185,0.604109,1,0,0,1,0,1,w,m
52916,BUT,1,1,0.974582,0.750804,0,1.464,0,0,0.772718,0,0,0,0,0,0,0.937796,0.542327,1,0,0,1,0,1,w,m
52917,BUT,1,1,0.974223,0.767458,0,1.49949,0,0,0.936262,0,0,0,0,0,0,1.09311,0.531558,1,0,0,1,0,1,w,m
52918,BUT,1,1,0.977198,0.661007,0,1.49225,0,0,0.524215,0,0,0,0,0,0,1.1052,0.5052,1,0,0,1,0,1,w,m
52919,BUT,1,1,0.976626,0.781183,0,1.59012,0,0,0.582754,0,0,0,0,0,0,1.12213,0.500764,1,0,0,1,0,1,w,m
52920,BUT,1,1,0.975649,0.554713,0,1.54136,0,0,0,0,0,0,0,0,0,0.911079,0,1,0,0,1,0,1,w,m
52921,BUT,1,1,0.978526,0.892462,0,1.5587,0,0,0.664761,0,0,0,0,0,0,0.981733,0.503846,1,0,0,0,0,1,w,m
52922,BUT,1,1,0.980217,0.652232,0,1.45733,0,0,0.611288,0,0,0,0,0,0,1.11569,0,1,0,0,0,0,1,w,m
52923,BUT,1,1,0.979067,0.828389,0,1.71613,0,0,0.700841,0,0,0,0,0,0,0.828816,0,1,0,0,0,0,1,w,m
52924,BUT,1,1,0.976413,0.855187,0,2.06451,0,0,0.780269,0,0,0,0,0,0,0.826669,0,1,0,0,0,0,1,w,m
52925,BUT,1,1,0.977135,0,0.600463,1.76652,0,0,0,0,0,0,0.545119,0,0,0.763438,0,1,0,0,0,0,1,w,m
52926,BUT,1,1,0.977758,0.589435,0,1.59218,0,0,0,0,0,0,0,0,0.695784,0,0,1,0,1,0,0,1,w,m
52927,BUT,1,1,0.978361,0,0,1.75759,0,0,0.529526,0,0,0,0.694827,0,0.958166,0,0,1,0,1,0,0,1,w,m
52928,BUT,1,1,0.980618,0,0,1.77778,0,0,0.84055,0,0,0,0,0,0.841306,0,0,1,0,1,0,0,1,w,m
52929,BUT,1,1,0.980134,0,0,2.08224,0,0,1.02405,0,0,0,0,0,1.10575,0,0,1,0,1,0,0,1,w,m
52930,BUT,1,1,0.976087,0,0.567905,1.78415,0,0,0.978924,0,0,0,0,0,1.02839,0,0,1,0,1,0,0,1,w,m
52931,BUT,1,1,0.976805,0,0.695483,1.99847,0,0,1.02445,0,0,0,0,0,1.29356,0,0,1,0,1,0,0,1,w,m
52932,BUT,1,1,0.980656,0,0,1.84397,0,0,0.773522,0,0,0,0,0,1.41721,0,0,1,0,1,0,0,1,w,m
52933,BUT,1,1,0.980016,0,0,2.15062,0,0,0.951263,0,0,0,0,0,1.77594,0,0,1,0,1,0,0,1,w,m
52934,BUT,1,1,0.980792,0,0,1.89361,0,0,0.758404,0,0,0,0,0,1.95175,0,0,1,0,1,0,0,1,w,m
52935,BUT,1,1,0.980323,0,0.562894,2.06094,0,0,0.723718,0,0,0,0,0,1.89688,0,0,1,0,1,0,0,1,w,m
52936,BUT,1,1,0.978306,0,0,1.81806,0,0,0.724302,0,0,0,0,0,1.72871,0,0,1,0,1,0,0,1,w,m
52937,BUT,1,1,0.976851,0,0,1.8908,0,0,0,0,0,0,0,0,1.60639,0,0,1,0,1,0,0,1,w,m
52938,BUT,1,1,0.979138,0,0,1.71762,0,0,0.53451,0,0,0,0,0,1.75117,0,0,1,0,1,0,0,1,w,m
52939,BUT,1,1,0.97646,0,0,1.87223,0,0,0,0,0,0,0,0.570865,1.59638,0,0,1,0,1,0,0,1,w,m
52940,BUT,1,1,0.979018,0,0.696665,1.70256,0,0,0,0,0,0,0,0,1.7012,0,0,1,0,1,0,0,0,w,m
35594,BUT,1,1,0.751229,0.998578,1.2192,1.30262,1.48586,0,0.574021,0,0,0,0,0,0.596438,2.8001,0,0,0,0,0,0,0,w,w
11652,BUT,1,1,0.978068,0,0,0,0,0,1.23679,0,0,0,0,0.581975,0,1.08331,0,0,0,1,0,1,1,w,w
11653,BUT,1,1,0.972115,0,0,0,0.754214,0,1.1163,0,0,0,0,0,0,0.667267,0,0,0,1,0,1,1,w,w
11654,BUT,1,1,0.98254,0,0,0,0.75531,0,0.713414,0,0,0,0,0,0,0,0,0,0,1,0,1,1,w,w
11655,BUT,1,1,0.985573,0,0,0,0.681917,0,0,0,0,0,0,0,0,0,0,0,0,1,0,1,1,w,w
11656,BUT,1,1,0.985591,0,0,0,0.500322,0,0,0,0,0,0,0,0,1.04167,0,0,0,1,0,0,1,w,w
11657,BUT,1,1,0.985985,0,0,0,0,0,0,0,0,0,0,0,0,0.82094,0,0,0,1,0,1,1,w,w
11658,BUT,1,1,0.983636,0,0,0,0.536452,0,0.595463,0,0,0,0,0,0,0.993762,0,0,0,1,0,1,1,w,w
11659,BUT,1,1,0.977593,0,0,0,0.854649,0,0.741822,0,0,0,0,0,0,0,0,0,0,1,0,1,1,w,w
11660,BUT,1,1,0.985644,0,0,0,0.981276,0,0,0,0,0,0,0,0.744038,0,0,0,0,1,0,1,1,w,w
11661,BUT,1,1,0.990006,0,0,0,0.561412,0,0.908631,0,0,0,0,0,0.970895,0,0,0,0,1,0,1,0,w,w
11662,BUT,1,1,0.988974,0,0,0,0.802997,0,0.636796,0,0,0,0,0,0.743079,0,0,0,0,1,0,1,0,w,w
11663,BUT,1,1,0.988982,0,0,0,0.867131,0,1.04168,0,0,0,0,0,0,0,0,0,0,1,0,1,0,w,w
11664,BUT,1,1,0.980349,1.02146,0.855064,0,0.54356,0,1.7722,0,0,0,0,0,0,0,0,0,0,1,0,0,1,w,w
32627,BUT,1,1,0.945066,0,0.802846,0,0,0.570479,0,0.853285,1.14677,0.544178,0.76201,0,1.69633,0.592585,0,0,0,1,0,0,0,w,w
32628,BUT,1,1,0.838014,0.57904,0.652173,0,0,1.17152,0,1.3599,1.37238,1.06339,0,0.696324,2.66934,0,0,0,0,1,0,0,0,w,w
32629,BUT,1,1,0.795813,1.43478,2.01338,0,0,1.20411,0,1.40912,1.22342,1.7033,0,0.779601,2.55548,0.871125,0,0,0,1,0,0,0,w,w
32630,BUT,1,1,0.82526,1.17164,1.99436,0,0,1.01163,0,1.35204,1.31922,2.0293,0,0.659634,2.70493,2.28799,0,0,0,1,0,0,0,w,w
32631,BUT,1,1,0.821142,1.29072,1.89271,0,0,1.04485,0,1.43192,1.58601,2.12877,0,0.766809,2.22502,1.49655,0,0,0,1,0,0,0,w,w
32632,BUT,1,1,0.817151,1.6,1.04311,0,0,0.787351,0.798316,1.08215,1.19038,0.879185,0,0,1.87943,0,0,0,0,0,0,0,0,w,w
32633,BUT,1,1,0.873108,1.03578,0.98231,0.552878,0,0,1.47952,0,0.823106,0,0,0,1.03439,1.44939,0,0,0,0,1,0,0,w,w
32634,BUT,1,1,0.753273,1.22568,1.33841,0.969978,0.74193,0,1.35831,0,0.798442,0,0,0,1.61111,2.12903,0,0,0,1,0,0,0,w,w
32635,BUT,1,1,0.775675,1.2065,1.17704,1.02611,0,0,0.739569,0,0.646021,0,0,0.54585,1.50293,2.14538,0,1,0,1,1,0,0,w,w
32636,BUT,1,1,0.834589,1.4782,1.26881,1.2205,0.653969,0,0.683988,0,0,0,0,0.515099,0.682324,0,0,1,0,0,0,0,0,w,w
33977,BUT,1,1,0.937321,0.903878,0,0,0,0,0.617794,0,0,0,0.563374,0,0.533666,1.65333,1.1952,0,0,0,0,0,1,w,w
33978,BUT,1,1,0.948537,0.723809,0,0,0,0,0.88797,0,0,0,0.694861,0,0.811126,1.7183,1.23839,0,0,0,0,0,1,w,w
33979,BUT,1,1,0.946702,0,0,0,0,0,0.652596,0,0,0,0,0,0.7847,2.1091,1.13376,0,0,0,0,0,1,w,w
33980,BUT,1,1,0.951709,0.786434,0,0,0,0,0,0,0,0,0,0,0.885194,1.93655,1.13343,0,0,0,0,0,1,w,w
33981,BUT,1,1,0.957058,0.713998,0,0,0,0,0.714168,0,0,0,0,0,0.746046,2.15492,1.05025,0,0,0,0,0,1,w,w
33982,BUT,1,1,0.957629,0.559931,0,0,0,0,0.740449,0,0,0,0,0,0.89998,1.48354,0.870768,0,0,0,0,0,1,w,w
33983,BUT,1,1,0.956499,0.650528,0,0,0,0,0.84938,0,0,0,0,0,0.769124,1.35617,0.8207,0,0,0,0,0,1,w,w
33984,BUT,1,1,0.965574,0.60824,0,0,0,0,0.823324,0,0,0,0,0,0.626119,1.18267,0.779646,0,0,0,0,0,1,w,w
33985,BUT,1,1,0.967639,0.578571,0,0,0,0,0.703605,0,0,0,0,0,0.58184,1.04412,0.774798,0,0,0,0,0,1,w,w
33986,BUT,1,1,0.974148,0.522319,0,0,0,0,0.689404,0,0,0,0,0,0.525371,0,0.615246,0,0,1,0,0,1,w,w
33987,BUT,1,1,0.980097,0,0,0,0,0,0.871565,0,0,0,0,0,1.04498,0,0,0,0,1,0,0,1,w,w
33988,BUT,1,1,0.984523,0,0,0,0,0,1.1203,0,0,0,0,0.632014,1.03764,0,0,0,0,1,0,0,1,w,w
33989,BUT,1,1,0.983905,0,0,0,0,0,1.36749,0,0,0,0,0.620361,1.0205,0,0,0,0,1,0,0,1,w,w
33990,BUT,1,1,0.982941,0,0,0,0,0,1.41825,0,0,0,0,0,0,0,0,0,0,1,0,0,1,w,w
33991,BUT,1,1,0.982746,0,0,0,0,0,1.31011,0,0,0,0,0,0,0,0,0,0,1,0,0,1,w,w
33992,BUT,1,1,0.986261,0,0,0,0,0,1.35049,0,0,0,0,0,0.667957,0,0,0,0,1,0,0,1,w,w
33993,BUT,1,1,0.98673,0,0,0,0,0,0.874425,0,0,0,0,0,0,0,0,0,0,1,0,0,1,w,w
33994,BUT,1,1,0.986462,0,0,0,0,0,1.1026,0,0,0,0,0,0.7025,0,0,0,0,1,0,0,1,w,w
33995,BUT,1,1,0.986993,0,0,0,0,0,1.03922,0,0,0,0,0,0,0.64437,0,0,0,1,0,0,1,w,w
33996,BUT,1,1,0.987161,0,0,0,0,0,0.803398,0,0,0,0,0,0,0.833829,0,0,0,1,0,0,1,w,w
33997,BUT,1,1,0.985753,0,0,0,0,0,0.624569,0,0,0,0,0,0,1.42367,0,0,0,1,0,0,1,w,w
33998,BUT,1,1,0.986431,0,0,0.746999,0,0,0.892019,0,0,0,0,0,0,1.41195,0,1,0,1,0,0,1,w,w
33999,BUT,1,1,0.980112,0,0,1.12597,0,0,0.999274,0,0,0,0.739904,0.522441,0,1.54261,0,1,0,0,1,0,1,w,w
34000,BUT,1,1,0.980891,0,0,0,0,0,0,0,0.601859,0.527029,1.14083,0,0,2.6247,0,0,0,1,0,0,0,w,w
34001,BUT,1,1,0.981789,0,0,0.744346,0,0,0,0,0,0,1.10514,0,0,3.2922,0,1,0,1,0,0,1,w,w
34002,BUT,1,1,0.979711,0,0.601202,0.55334,0,0,0.71614,0,0,0.89253,1.01449,0,0.614155,3.32196,0,1,0,1,0,0,1,w,w
34003,BUT,1,1,0.978694,0,0,0,0,0,0,0,0,0.641694,1.09907,0.573735,0.961271,3.20857,0,0,0,1,1,0,1,w,w
34004,BUT,1,1,0.977046,0,0.822034,0,0,0,0,0,0,0,0.945413,0.61896,0.718441,2.35949,0,0,0,1,1,0,0,w,w
34005,BUT,1,1,0.978419,0,1.38494,0,0,0,0,0,0,0.526316,1.15022,0.546167,0.729784,2.30352,0,0,0,1,0,0,0,w,w
34006,BUT,1,1,0.980385,0,1.23797,0,0,0,0,0,0,0,1.07711,0.598302,0.781211,2.12258,0,0,0,1,1,0,0,w,w
34007,BUT,1,1,0.978483,0,1.46471,0,0,0,0,0,0,0,1.25294,0.617432,1.02358,1.96581,0,0,0,1,1,0,0,w,w
34008,BUT,1,1,0.978197,0.855603,1.62841,0,0,0,0,0,0,0,1.07934,0.608489,0.629043,1.72839,0,0,0,1,1,0,0,w,w
34009,BUT,1,1,0.973096,0.947619,1.21903,0,0,0,0,0,0,0,1.17974,0,0.870125,1.70236,0,0,0,1,1,0,0,w,w
34010,BUT,1,1,0.975711,1.30997,1.34455,0,0,0,0,0,0,0,1.03414,0,1.11849,2.10283,0,0,0,1,1,0,0,w,w
34011,BUT,1,1,0.967144,2.35034,1.47334,0,0.541238,0,0,0,0,0,0,0,0.980695,2.23469,0,0,0,1,0,0,0,w,w
34012,BUT,1,1,0.904522,2.34682,1.11478,0,1.09378,0,0,0,0,0,0.569086,0,0.918505,2.10646,0,0,0,1,0,0,0,w,w
34013,BUT,1,1,0.926184,1.6283,0.703705,0,0.733701,0,0,0,0,0,0,0,0.954193,2.38684,0.51616,0,0,1,0,0,1,w,w
34014,BUT,1,1,0.876864,1.51888,0,0,0,0,0,0,0.725318,0,0,0,1.9558,2.32064,0.502719,0,0,1,0,0,1,w,w
34015,BUT,1,1,0.914254,1.39014,0.957131,0,0,0,2.00327,0,1.36089,0.837554,1.00413,0,1.87249,1.40765,0,0,0,1,0,0,0,w,w
34016,BUT,1,1,0.88863,0.927145,0.522199,0,0,0,1.14963,0,0,0.57336,1.43442,0,0.81755,1.61465,0.508081,0,0,1,0,0,0,w,w
34017,BUT,1,1,0.92324,0,1.11718,0,0,0,0,0,0.562165,0,0.541168,0,2.13661,2.1947,0,0,0,1,0,0,0,w,w
34018,BUT,1,1,0.963682,0.671194,0.907387,0,0,0,0,0,0,0,1.09273,0,1.6174,1.49979,0.623344,0,0,1,0,0,1,w,w
34019,BUT,1,1,0.982496,0,0.713023,0,0,0,0,0,0,0,1.62354,0,1.30867,2.49103,0,0,0,1,0,0,1,w,w
34020,BUT,1,1,0.986802,0,0.784432,0,0,0,0,0,0,0,1.24214,0,0,1.88329,0,0,0,1,0,0,1,w,w
34021,BUT,1,1,0.990138,0,0,0,0,0,0,0,0,0,1.12323,0,0,2.21321,0,0,0,1,0,0,1,w,w
34022,BUT,1,1,0.990431,0,0,0,0,0,0,0,0,0,1.17584,0,0,2.30663,0,0,0,1,0,0,1,w,w
34023,BUT,1,1,0.990773,0,0,0,0,0,0,0,0,0,1.17089,0,0.651052,2.39013,0,0,0,1,0,0,1,w,w
34024,BUT,1,1,0.990516,0,0.607518,0,0,0,0,0,0,0,1.20896,0,0.722612,1.98901,0,0,0,1,0,0,1,w,w
34025,BUT,1,1,0.991264,0,0.701448,0,0,0,0,0,0,0,1.18038,0,0.623302,1.79146,0,0,0,1,0,0,1,w,w
41441,BUT,1,1,0.984631,0,0,0,0,0,0,0,0,0,0.639559,0,2.06755,1.74334,0,1,0,1,0,0,1,w,w
41442,BUT,1,1,0.967985,0,0,0,0,0,0,0,0,0,1.22627,0,1.41604,1.43393,0,0,0,1,0,0,1,w,w
41443,BUT,1,1,0.942758,0,0,0,0,0,0,0,0,0,1.64736,0,1.12702,0,0.570404,0,0,1,0,0,1,w,w
41444,BUT,1,1,0.943003,0,1.50508,0,0,0,0.948378,0,0.527801,0,0.606614,0,1.8921,0.783799,0.725956,1,0,1,1,0,1,w,w
41445,BUT,1,1,0.856614,0,0,0,0,0,0,0,0,0,1.87116,1.07633,1.57092,0,0,0,0,1,1,0,1,w,w
41446,BUT,1,1,0.890642,0,0,0,0,0,0.51846,0,0,0,0.658326,0.642498,1.97806,0.629946,0,0,0,1,0,0,1,w,w
41447,BUT,1,1,0.897285,0,0,0,0,0,0,0,0,0,1.11609,0.514686,1.81112,0.906415,0,1,0,1,0,0,1,w,w
41448,BUT,1,1,0.847932,0,0,0,0,0,0.50067,0,0,0,1.91387,0.573333,2.01267,1.16315,0,1,0,1,0,0,0,w,w
41449,BUT,1,1,0.894712,0,0,0,0,0.760225,0,1.10654,0.814888,0,1.25704,1.00522,1.86284,0,0,0,0,1,0,0,0,w,w
41450,BUT,1,1,0.85947,0,0,0,0,0.725902,0.576409,1.25597,1.37145,0,1.08823,0.938706,0,0.805088,0,0,0,1,0,0,0,w,w
41451,BUT,1,1,0.765103,0,0,0,0,0.849126,0,1.46771,0.769931,0.56304,0.727634,0.77333,0,1.70132,0,0,0,0,0,0,0,w,w
41452,BUT,1,1,0.743406,0,1.47006,0,0,0.699276,0.626373,0.987936,0.540188,1.01772,0.766271,1.15265,0.867649,1.32398,0,1,0,1,1,0,0,w,w
41453,BUT,1,1,0.903324,0,1.01661,0,0,0.777645,0,0.935282,1.06278,1.33292,0,0,2.06305,1.6349,0,1,0,1,0,0,0,w,w
41454,BUT,1,1,0.886359,0,0,0,0,0.640587,0,1.2145,1.22169,1.46836,1.78184,0,2.46313,2.34516,0,1,0,1,1,0,0,w,w
41455,BUT,1,1,0.919909,0,0.581842,0.521938,0,1.03349,0,1.55983,1.51285,2.31882,2.06598,0.755772,1.65396,0.678693,0,0,1,1,1,0,0,w,w
41456,BUT,1,1,0.927206,0,1.13738,0.902779,0,0.81293,0,1.15578,0.828466,2.18896,1.66652,0.710039,0.568457,0,0,1,0,1,0,1,0,w,w
41457,BUT,1,1,0.93722,0,0.652515,0.840221,0,0,0,0.575972,0.722579,1.48964,1.26327,0,0,0.574032,0,1,0,0,0,0,0,w,w
41458,BUT,1,1,0.971175,0,0,0.947322,0,0,0.612373,0,0.669532,1.41658,0.968656,0,0.845028,1.05807,0,1,0,1,0,0,0,w,w
41459,BUT,1,1,0.982433,0,0,0.931793,0,0,0,0,0,0,2.00318,0,0.731788,1.23096,0,1,0,1,0,0,1,w,w
41460,BUT,1,1,0.966053,0,0,1.00151,0,0,0,0,0,0,1.16389,0,0.609926,1.03754,0,1,0,1,0,0,1,w,w
41461,BUT,1,1,0.909426,0,0,2.23295,0,0,0,0,0,0,0.715784,0,0.709317,0,0,1,0,1,0,1,1,w,w
39630,BUT,1,1,0.75495,2.40277,1.85563,0.622289,0.617686,0,0,0,0.56385,0,0,1.11711,2.4302,2.38922,0,1,0,1,0,0,0,m,m
39643,BUT,1,1,0.833944,1.28567,1.31412,0,0,0,0,0,0.612417,0,0,0.822411,2.56934,1.63236,0,1,0,1,1,0,1,m,m
39644,BUT,1,1,0.826133,1.25386,1.38745,0,0.763059,0,0,0,0.663783,0,0,0,1.95791,1.51158,0,1,0,0,0,0,1,m,m
39645,BUT,1,1,0.831096,1.36448,1.09645,0,0.700049,0,0,0,0.700693,0.686285,0,0.637206,1.82818,1.17228,0,1,0,0,0,0,0,m,m
39646,BUT,1,1,0.805637,1.10803,1.2755,0,0.688738,0,0,0,0.647063,1.23702,0,0.632039,2.03654,1.20046,0,1,0,0,0,0,0,m,m
39647,BUT,1,1,0.744872,1.04403,0.913221,0,0,0,0,0,0.772872,1.23788,0,0.523615,2.07941,1.6961,0,1,0,0,0,0,0,m,m
39648,BUT,1,1,0.811955,0.752986,1.07346,0,0,0,0,0,0.642421,0.97878,0,0.547208,2.00199,1.46803,0,1,0,0,0,0,0,m,m
39649,BUT,1,1,0.783483,0.938181,1.12558,0,0,0,0,0,0.684434,1.13901,0,0.513702,1.94737,1.60642,0,1,0,0,0,0,0,m,m
39650,BUT,1,1,0.814293,0.747816,0.861794,0,0,0,0,0,0.568473,0.91994,0,0,1.57995,1.68811,0,1,0,0,0,0,0,m,m
39651,BUT,1,1,0.877035,0.92451,0.739326,0,0.64959,0,0,0,0.727891,0.974783,0,0.573433,1.98652,2.012,0,1,0,0,0,0,0,m,m
39652,BUT,1,1,0.889006,0,0.583987,0,0,0,0,0,0,1.15407,0,0.763225,1.80317,1.49213,0,1,0,0,0,0,0,m,m
39653,BUT,1,1,0.910536,0,0,0,0,0,0,0,0,1.92535,0,1.02419,1.9224,1.56822,0,1,0,0,0,0,0,m,m
39656,BUT,1,1,0.726306,0.84826,1.91403,0,0,0,1.20234,0.681321,1.04928,0.717344,0,1.007,1.91855,1.42117,0,1,1,1,1,0,0,m,m
39660,BUT,1,1,0.86896,1.08513,1.53418,0,0.954393,0.901851,0,1.10639,2.11843,1.61118,0,0,0,2.81222,0,1,1,0,1,0,0,m,m
39661,BUT,1,1,0.826249,0.523195,1.87021,0,0,1.19998,0,1.36585,1.08125,2.12747,0.86277,0.807838,0,1.86422,0,1,0,1,0,0,0,m,m
39662,BUT,1,1,0.815258,0.52175,2.16393,0,0.752451,1.10922,0,1.1178,1.20424,2.32254,0.548126,0.721627,0,1.79739,0,1,1,1,0,1,0,m,m
39671,BUT,1,1,0.83405,0.503749,1.98359,0,0.624891,0.601741,0,1.1412,0.770267,0.723256,0,0.898476,1.73766,2.23885,0,1,0,1,1,0,1,m,m
39672,BUT,1,1,0.847996,0,1.9223,0,0.683891,0.641376,0,1.06351,0.849883,0.699135,0,0.822339,2.45859,2.93262,0,1,0,0,1,0,1,m,m
39673,BUT,1,1,0.848824,0.82913,1.86122,0,0,0.681465,0,1.11164,0.885028,0.987578,0,0.942774,2.8014,2.61519,0,1,0,1,1,0,1,m,m
39674,BUT,1,1,0.866751,0.824546,2.04167,0,0.54494,0.524893,0,0.946061,0.866199,1.23939,0,0.821599,2.70197,2.40394,0,1,0,1,0,0,0,m,m
39675,BUT,1,1,0.862477,0.932984,1.89978,0,0,0.511061,0,0.829743,0.80719,1.28145,0,0.880364,2.49417,2.06472,0,1,0,0,0,0,0,m,m
39676,BUT,1,1,0.875662,0.80594,2.15883,0,0,0,0,0.726765,0.662915,1.52065,0,0.670488,2.20775,2.47017,0,1,0,0,0,0,0,m,m
39677,BUT,1,1,0.903034,0.836861,2.11507,0,0,0,0,0.552286,0,1.19714,0,0.572826,2.20289,1.56479,0,1,0,1,0,0,0,m,m
39678,BUT,1,1,0.911995,0.990764,1.85183,0,0,0,0,0,0,0.540174,1.04792,0,1.64917,0.953734,0,1,0,1,0,0,0,m,m
39679,BUT,1,1,0.91545,0,1.00376,1.11907,0,0,0,0,0,0,1.04899,0.662374,1.46194,1.35257,0.609741,1,0,1,0,0,0,m,m
39680,BUT,1,1,0.896855,0,0.69208,1.60569,0,0,0,0,0,0,1.45421,0,1.48694,2.47775,0.731219,1,0,1,0,0,1,m,m
46100,BUT,1,1,0.976522,0,0,0,0,1.1759,0.919592,1.35688,2.03745,1.60727,0,0,0,1.93301,0,0,1,1,1,0,1,m,m
46101,BUT,1,1,0.965068,0,0,0,0,1.1325,0.722388,1.29194,1.79275,1.59674,0.888323,0,0,2.1648,0,0,1,1,1,0,1,m,m
46102,BUT,1,1,0.979648,0,0,0,0,1.0534,0.92561,1.18606,1.67311,1.68866,1.14189,0,0.982999,2.52133,0,0,1,1,1,0,1,m,m
46103,BUT,1,1,0.974873,0,0,0,0,1.02989,0.633833,1.16797,1.77287,2.04633,0.781797,0,0.934169,2.42508,0,0,1,1,0,0,1,m,m
46104,BUT,1,1,0.973372,0,0,0,0,0.938288,1.15848,1.12997,1.77926,2.18341,0.608209,0,1.26995,2.19738,0,0,1,1,0,0,1,m,m
46113,BUT,1,1,0.952685,0,0,0,0,0.811059,0,1.02501,1.76056,2.38029,0.516186,0,0.734198,2.26039,0.515558,0,1,1,0,0,0,m,m
46114,BUT,1,1,0.953139,0,0,0,0,0.938575,0,1.15664,1.94498,1.74902,0.951139,0,0,1.87553,0.546717,0,1,1,1,0,0,m,m
46115,BUT,1,1,0.953421,0,0,0,0,1.09842,0,1.30363,2.10006,1.52815,0.829062,0,0,2.09207,0.616442,0,1,1,0,0,0,m,m
46116,BUT,1,1,0.79733,0,0,0,0,0.643214,0,0.753441,1.44268,1.04113,0,0,0.705066,0.925577,0,0,0,1,0,0,1,m,m
46117,BUT,1,1,0.83541,0,0.869983,0,0,0.564946,0,0.643599,1.57813,1.62425,0,0,0.758152,1.13765,0.834517,0,1,1,1,0,1,m,m
46118,BUT,1,1,0.794655,0,1.06165,0,0,0,0.591281,0,1.24501,0,0,0,1.24609,0.566382,0.674245,0,0,1,0,0,1,m,m
46134,BUT,1,1,0.941657,1.46093,2.01954,0.606282,0,0.64802,1.37678,0.960509,0.883815,1.25745,0.671199,0,1.71759,2.07385,0,0,0,1,1,0,0,m,m
46135,BUT,1,1,0.736935,0,1.15465,0.758021,0,0.629908,0,0.870751,0.623913,0.708676,1.99025,0,1.35269,0,0,0,0,1,1,0,1,m,m
46144,BUT,1,1,0.919797,0,1.3733,0,0,0.862207,1.10083,1.13549,1.55018,1.367,0.885009,0,1.13091,2.13701,0,1,1,1,0,0,1,m,m
46145,BUT,1,1,0.797854,0.686419,2.07162,0,0,0.528714,0.779724,0.716761,0.857317,1.66719,1.18648,0,1.47622,1.59193,0.698651,1,1,1,0,0,0,m,m
46149,BUT,1,1,0.949902,0,0,0,0,0.962341,0.617254,1.21795,1.36752,1.98601,0.761754,0,0,2.0362,0.648335,1,1,1,1,0,1,m,m
46150,BUT,1,1,0.912074,0,0,0,0,1.01569,0,1.43039,1.71105,1.36819,0.762831,0,0,1.56613,0,1,1,1,1,0,0,m,m
46151,BUT,1,1,0.950189,0,0,0,0,0.989251,0,1.4127,1.53829,1.52195,0.879112,0,0,2.08968,0,1,1,1,1,0,0,m,m
46152,BUT,1,1,0.951331,0,0.614274,0,0,0.881607,0,1.09464,1.72816,1.76419,0.693837,0,0,3.2445,0.58938,1,1,1,1,0,1,m,m
46153,BUT,1,1,0.949116,0,0.778051,0,0,0.89049,0.762947,0.989334,1.88567,1.73319,0.893905,0,0,3.24679,0.9293,0,1,1,1,0,1,m,m
46154,BUT,1,1,0.912915,0,0,0,0,0.577343,0,0.636458,1.81578,1.57513,0,0,0,3.27619,1.26925,0,1,1,1,0,1,m,m
2728,BUT,1,1,0.802631,0,1.18176,0,0.785808,0.612819,0.701893,1.12452,0.862694,1.6071,0,0,0,2.05923,0,0,1,0,0,0,0,m,w
2730,BUT,1,1,0.773849,0.656202,0.679786,0,0.565199,0.797703,1.69642,1.20515,1.38038,1.29046,0,0,0,2.15263,0,0,1,0,0,0,0,m,w
2731,BUT,1,1,0.776718,0.757911,0.684903,0,0,0.581239,1.04149,0.969286,1.12577,0.820478,0,0,0,1.7073,0,0,1,0,0,0,0,m,w
2745,BUT,1,1,0.741634,2.12659,1.31061,0,0.779223,0,0,0,0.598501,0,0,0,0,0,0,0,1,0,1,0,0,m,w
2758,BUT,1,1,0.919286,2.53201,1.91604,0,0,0,1.9518,0,1.19262,0,0.631871,0,0.605235,0,0,0,0,1,0,0,0,m,w
2759,BUT,1,1,0.906796,2.07726,1.67266,0,0.809682,0,1.07272,0,0.987742,0,0.756198,0,0.659988,0,0,0,0,1,1,0,0,m,w
2760,BUT,1,1,0.926386,1.68387,1.28623,0,1.3891,0,0.720194,0,0.721503,0,0,0,0,0.905618,0.560038,0,0,0,1,0,0,m,w
2761,BUT,1,1,0.916562,2.11546,1.77236,0,0.920413,0,1.3476,0,0.537618,0,0,0,0.570274,1.47068,0.563906,0,0,0,1,0,0,m,w
2762,BUT,1,1,0.933356,2.23721,1.82223,0,1.71414,0,0.93489,0,0,0,0,0,0.619787,2.15855,0.637454,0,0,0,1,0,0,m,w
2763,BUT,1,1,0.948548,2.06949,2.03963,0,1.42956,0,0.983705,0,0.714067,0,0,0,0.637496,2.64965,0.551616,0,0,0,1,0,0,m,w
2764,BUT,1,1,0.945375,1.88206,1.56858,0,1.21169,0,0.525,0,0,0,0,0,0,2.1887,0,0,0,0,1,0,0,m,w
2765,BUT,1,1,0.951919,1.85181,1.87982,0,1.02101,0,0.739813,0,0,0,0,0,0,1.56866,0,0,0,0,1,0,0,m,w
2766,BUT,1,1,0.951888,1.68239,1.60492,0,1.02461,0,0.837702,0.551204,0.634728,0,0,0,0.883507,0.843213,0,0,0,0,1,0,0,m,w
2767,BUT,1,1,0.951946,1.56045,1.67994,0,1.21973,0,1.05169,0.611493,0.570735,0,0,0,0.880779,0.957395,0,0,0,0,1,0,0,m,w
2768,BUT,1,1,0.94613,1.34863,1.51774,0,0.853895,0,1.11,0.731752,0.72433,0,0,0,0.625438,1.25966,0,0,0,0,1,0,0,m,w
2769,BUT,1,1,0.944562,1.218,1.58659,0,0.634823,0,0.630122,0.745498,0.732314,0,0,0,0.582156,0.958159,0,0,0,0,1,0,0,m,w
2770,BUT,1,1,0.939503,1.15379,1.71193,0,0.7933,0.513821,0.71812,0.831747,0.650779,0.53077,0,0,0.721047,0.949049,0,0,0,0,1,0,0,m,w
2771,BUT,1,1,0.944769,1.01406,1.92875,0,1.15268,0.573871,0.884897,0.858232,0.66182,1.0058,0,0,1.08499,1.71353,0,0,0,0,1,0,0,m,w
2772,BUT,1,1,0.935232,0.709178,1.55206,0,1.68253,0.639206,0,0.950254,0.86585,0.882133,0,0,1.05607,1.52257,0,0,1,0,1,0,0,m,w
2773,BUT,1,1,0.932284,0.626576,1.31342,0,1.57178,0.622354,0,0.919457,0.575701,0.77865,0,0,0.757445,1.46487,0,0,1,0,1,0,0,m,w
2774,BUT,1,1,0.912575,0.789324,1.24877,0,1.13851,0.683649,0.695726,0.97999,0.833317,1.19093,0,0,1.06853,2.80876,0,0,1,0,1,0,0,m,w
2775,BUT,1,1,0.862372,0,1.44566,0,0.814312,0.686079,0,0.906804,0.844014,1.7027,0,0,0.644565,3.43848,0,0,1,0,1,0,0,m,w
2777,BUT,1,1,0.731851,0,1.06249,0,0.667535,1.01975,0,1.19437,0.978401,2.64273,0,0,0,4.32778,0,0,1,0,1,0,0,m,w
2790,BUT,1,1,0.728665,0,0,0,0.827043,1.24812,0,1.58418,1.01557,1.45854,0,0,0,1.02312,0,0,1,0,0,0,0,m,w
2799,BUT,1,1,0.853171,0,0,0,0.892125,0.770468,0.91762,1.1383,0,0.680214,0,0,0,0,0,0,0,0,1,0,1,m,w
2800,BUT,1,1,0.855475,0,0.827903,0,0,0.678494,0,0.804964,0,0.98149,0,0,1.04626,1.42104,0,0,0,0,1,0,0,m,w
2801,BUT,1,1,0.799173,0,0.709447,0,0,0.781599,0,0.964104,0.699049,1.1025,0.832559,0,0.652606,2.50031,0,0,1,0,1,0,0,m,w
2802,BUT,1,1,0.773008,0,0.671928,0,0.754344,0.736258,0,0.78204,0,0.732184,0.898314,0.72324,0,2.83542,0,0,0,1,1,0,0,m,w
2803,BUT,1,1,0.876767,0,1.13424,1.0224,0,0.50553,1.47143,0,0,0.732753,0.755306,0,0.571945,3.10779,0,0,0,1,1,0,0,m,w
2804,BUT,1,1,0.897659,0.538164,1.14559,0.994896,0,0,1.58951,0,0,0.73113,0.879471,0,0.852639,3.38444,0,0,0,1,1,0,0,m,w
2805,BUT,1,1,0.874325,0,1.64641,1.38527,0,0.739448,1.5628,0.525007,0,1.35477,0.959026,0,0,4.71348,0,0,0,1,1,0,0,m,w
2806,BUT,1,1,0.863695,1.01486,1.43138,1.61906,0,0.814029,1.69324,0.65616,0.589553,1.21389,0.59188,0,0,5,0,0,0,1,1,0,0,m,w
2807,BUT,1,1,0.788322,1.36698,2.04623,1.03602,0,0.702492,1.16384,0,0.855272,0,0,0,0,4.97438,0.567277,0,0,1,1,0,0,m,w
2808,BUT,1,1,0.831473,0.990483,1.69662,0.696203,0,0.680698,0.662336,0,0.874461,0,0,0,0,3.83404,0.687696,0,0,1,1,0,0,m,w
2809,BUT,1,1,0.8209,0.902722,1.40602,1.47541,0,0.563361,0,0,0.988236,0,0,0,0,4.22593,0.576787,1,0,1,1,0,0,m,w
2818,BUT,1,1,0.861149,0,0,2.46626,0,0.512298,0,0,1.31646,1.14919,0.818189,0,0,4.04932,0,1,0,1,1,0,0,m,w
2819,BUT,1,1,0.806882,0,0.605833,2.60311,0,0,1.37157,0,1.22725,0.963181,0,0,0,5,0,1,0,0,1,0,0,m,w
2820,BUT,1,1,0.826917,0,0.658561,2.54122,0,0.500309,0.736382,0,1.31885,0.920493,0,0,0,4.93849,0,1,0,0,1,0,0,m,w
2821,BUT,1,1,0.855574,0,0,2.09274,0,0,1.18003,0,0.951724,0.79716,0.67308,0,0,5,0,1,0,0,1,0,0,m,w
2822,BUT,1,1,0.916576,0,0,2.39626,0,0.666669,1.94612,0.517225,0.55137,0.99641,0,0,0,4.12947,0,1,0,0,1,0,0,m,w
2823,BUT,1,1,0.734235,0,0,1.23306,0,0.519393,0,0,0,1.14262,0,0,0,2.63059,0,1,0,0,0,0,0,m,w
2926,BUT,1,1,0.790247,0,1.07752,0,0.736266,0.688809,0,0.814361,1.10837,2.06137,0,0,0,0,0,0,1,0,0,0,0,m,w
2927,BUT,1,1,0.807313,0,0.699396,0,0.862328,0.725615,0,0.829207,1.14765,1.67432,0.696851,0,0,0,0,0,1,0,0,0,0,m,w
2928,BUT,1,1,0.743382,0,1.04873,0,0,0.945079,0.629217,1.09567,1.32899,1.54577,0,0.594609,0,0,0,0,1,0,0,0,0,m,w
2930,BUT,1,1,0.742684,0,1.13729,0,1.04968,0.926379,0.501102,1.05576,1.02429,2.1518,0.580528,0.712836,0,0,0,0,1,1,0,0,0,m,w
2931,BUT,1,1,0.766996,0,0,0.552595,0,0.591547,0,0,0,1.56226,0,0,0.933306,0,0,0,0,1,1,0,0,m,w
8704,BUT,1,1,0.967032,1.02973,0,0.554565,0.606439,0,0,0,0,0,1.02159,1.12265,0,0,0,0,0,1,0,0,0,m,m
8705,BUT,1,1,0.969781,0.564944,0,0.571914,0.734565,0,0,0,0,0,1.63687,1.07943,0,0,0,0,0,1,1,0,0,m,m
8706,BUT,1,1,0.972943,1.35814,0,0.701394,0.773371,0,0.53187,0,0,0,1.5695,0.697099,0,0,0,0,0,1,1,0,0,m,m
8707,BUT,1,1,0.975368,1.43595,1.12763,0.514786,0.744785,0,1.45048,0,0,0,1.4132,0.695015,0,0,0,1,0,1,1,0,0,m,m
8708,BUT,1,1,0.970905,1.39937,1.24268,0.911697,0,0,1.62832,0,0,0,1.32321,0.741318,0,0,0,0,0,1,1,0,0,m,m
8709,BUT,1,1,0.969511,1.4386,0.858815,0,0,0,0,0,0,0,1.21186,0.955022,0,0,0,0,0,1,1,0,1,m,m
8710,BUT,1,1,0.971162,1.23486,0.637576,0,0,0,0,0,0,0,1.3532,0.92005,0,0,0,0,0,1,1,0,0,m,m
8711,BUT,1,1,0.970965,1.418,1.10894,0,0,0,0,0,0,0,1.53515,0.553381,0,0,0,0,0,1,1,0,0,m,m
8712,BUT,1,1,0.967786,1.28549,0.873897,0,0,0,0,0,0,0,1.50852,0.532061,0,0,0,0,0,1,1,0,0,m,m
8713,BUT,1,1,0.97263,1.50796,0.725369,0,0,0,0.652831,0,0,0,1.46507,0.741156,0,0,0,0,0,1,1,0,0,m,m
8714,BUT,1,1,0.975285,1.2595,0.51851,0,0.57935,0,0.563601,0,0,0,1.46089,0.838219,0,0,0,0,0,1,1,0,0,m,m
8715,BUT,1,1,0.971627,1.0636,1.02558,0,0.722053,0,0.827216,0,0,0,1.45184,0.541577,0,0,0,0,0,1,1,0,0,m,m
8716,BUT,1,1,0.969083,1.50153,1.46074,0.746925,0,0,1.5286,0,0,0,1.59703,0.650855,0,0,0,1,0,1,1,0,0,m,m
8717,BUT,1,1,0.966204,1.39553,1.33005,0,0,0,1.0467,0,0,0,1.63031,0.596032,0,0,0,1,0,1,1,0,0,m,m
