time_stamp,word,frame,success,confidence,AU01_r,AU02_r,AU04_r,AU05_r,AU06_r,AU09_r,AU10_r,AU12_r,AU14_r,AU15_r,AU17_r,AU20_r,AU25_r,AU26_r,AU04_c,AU12_c,AU15_c,AU23_c,AU28_c,AU45_c,speaker_gender,listener_gender
33901,NEXT-YEAR,1,1,0.842444,0.922562,0,1.24607,0.572351,0,0,0.638133,0.73582,1.36206,0,0.571879,0.591513,0,0,1,1,0,1,0,0,m,w
33902,NEXT-YEAR,1,1,0.857383,0,0,1.38234,0,0,0.673683,0.590901,0,0,0,0,1.14522,0,0,1,0,1,1,0,0,m,w
33903,NEXT-YEAR,1,1,0.881076,0,0,0.78533,0,0,1.20041,0.860944,0,0,0,0,1.43977,0,0,1,0,0,1,0,0,m,w
33904,NEXT-YEAR,1,1,0.888611,0,0,0,0,0,1.08104,0.601745,0,0,0,0.567147,1.86513,0,0,1,0,0,1,0,0,m,w
33907,NEXT-YEAR,1,1,0.948192,0,0,0.590004,0,0,1.44269,1.00397,0,0,0,0.500259,0,0,0,1,0,1,1,0,1,m,w
33908,NEXT-YEAR,1,1,0.946845,0,0,0,0,0,1.2521,0.816698,0.526569,0,0,0,0,0.605343,0,1,0,1,1,0,0,m,w
33909,NEXT-YEAR,1,1,0.964833,0,0,0,0,0,1.37374,0.676506,0,0,0.598712,0,0,0,0,1,0,1,1,0,0,m,w
33910,NEXT-YEAR,1,1,0.971969,0,0,0,0,0,1.60297,0.586328,0,0,0,0.746202,0,0,0,1,0,1,1,0,0,m,w
33911,NEXT-YEAR,1,1,0.968252,0,0,0,0,0,1.51512,0.640647,0,0,0.691794,0.684367,0.544193,0,0,1,0,1,1,0,0,m,w
33917,NEXT-YEAR,1,1,0.986766,0,0,0.553247,0,0,1.98552,0.513069,0,0,0,0,0,0,0,1,0,0,1,0,0,m,w
33918,NEXT-YEAR,1,1,0.987905,0,0,0.638562,0,0,2.20037,0,0,0,0.530442,0,0,0,0,1,0,0,1,0,0,m,w
33919,NEXT-YEAR,1,1,0.987338,0,0,0.845467,0,0,2.29808,0.502444,0,0,0,0,0,0,0,1,0,0,1,0,0,m,w
33920,NEXT-YEAR,1,1,0.981078,0,0,1.00724,0,0,2.01758,0,0,0,0.590018,0,0,0,0,1,0,0,1,0,0,m,w
33924,NEXT-YEAR,1,1,0.970185,0,0,0.887272,0,0,1.70295,0.552699,0,0,0.64889,0,0,0.69657,0,1,0,0,1,0,0,m,w
33925,NEXT-YEAR,1,1,0.972832,0,0,0.674404,0,0,1.41728,0.516373,0,0,0,0,0.518045,0,0,1,0,0,1,0,0,m,w
142,NEXT-YEAR,1,1,0.961568,0,0,0,0.61735,0,0,0,0.748176,0.867095,0,0,1.653,0,0,0,1,1,0,0,1,w,m
143,NEXT-YEAR,1,1,0.966438,0,0,0,0.776814,0,0,0,0.553055,0.966959,0,0,1.46082,0,0,0,1,1,0,0,1,w,m
144,NEXT-YEAR,1,1,0.968642,0,0,0,0.682975,0,0,0,0,0,0,0,0,0,0,1,1,0,0,0,1,w,m
145,NEXT-YEAR,1,1,0.955382,0,0,0,0,0,0,0,0,0,0,0,0,0,0,1,1,0,0,0,1,w,m
146,NEXT-YEAR,1,1,0.93144,0,0,0,0,0,0,0,0.595656,0,0,0,0,0.98448,0,1,0,0,0,0,1,w,m
147,NEXT-YEAR,1,1,0.942329,0,0,0,0,0,0,0,0,0,0,0,0,1.14411,0,1,1,0,1,0,1,w,m
148,NEXT-YEAR,1,1,0.95171,0,0,0,0,0,0,0,0,0,0,0.516636,0,0.862883,0,1,0,0,0,0,0,w,m
149,NEXT-YEAR,1,1,0.957033,0,0,0,0,0,0,0,0,0,0,0.557968,0,0,0,1,0,0,0,0,0,w,m
150,NEXT-YEAR,1,1,0.965056,0,0,0,0,0,0,0,0,0,0,0,0,0.677238,0,1,0,0,0,0,0,w,m
151,NEXT-YEAR,1,1,0.97309,0,0,0,0,0,0,0,0,0,0,0,0,0,0,1,0,0,0,0,0,w,m
152,NEXT-YEAR,1,1,0.95418,0,0,0,0,0,0,0,0,0,0,0,0,0,0,1,0,0,0,0,0,w,m
153,NEXT-YEAR,1,1,0.973791,0,0,0,0,0,0,0,0,0,0,0,0,0,0,1,0,0,0,0,0,w,m
154,NEXT-YEAR,1,1,0.986285,0,0,0,0,0,0,0,0,0.92549,0,0,0,0,0,1,1,0,0,0,0,w,m
155,NEXT-YEAR,1,1,0.984992,0,0,0,0,0,0,0,0,1.11563,0,0,0,0,0,1,1,0,0,0,0,w,m
156,NEXT-YEAR,1,1,0.979029,0,0,0,0.535111,0,0,0,0,0.957303,0,0,0.626064,0,0,1,1,0,0,0,0,w,m
157,NEXT-YEAR,1,1,0.979816,0,0,0,0,0,0,0,0,0.956567,0,0.504006,1.04475,0.776224,0,1,1,0,0,0,0,w,m
158,NEXT-YEAR,1,1,0.976019,0,0,0,0,0,0,0,0.584299,0.897848,0,0.639445,0.963714,0,0,1,1,0,0,0,0,w,m
159,NEXT-YEAR,1,1,0.967702,0,0,0,0,0,0,0,0.576993,0.901809,0,0.76961,0.737298,0,0,1,0,0,0,0,0,w,m
160,NEXT-YEAR,1,1,0.895912,0,0.919834,0,0,0,0,0,0.606682,0.548916,0,0.741127,0,0.653135,0,1,0,0,0,0,0,w,m
161,NEXT-YEAR,1,1,0.802668,0.764533,1.73404,0,0,0,0,0,0,0,0.659858,0,0,1.40117,0,1,0,0,0,0,0,w,m
162,NEXT-YEAR,1,1,0.942522,0,1.44496,0.792631,0.72088,0,1.45096,0,0,1.21981,0,0,1.16698,1.47322,0,1,1,0,1,0,0,w,m
163,NEXT-YEAR,1,1,0.891477,0.839766,1.99281,0.78839,0,0,0,0,0.568475,0.718091,0,0,0.645851,1.4525,0,1,1,0,0,0,0,w,m
164,NEXT-YEAR,1,1,0.901315,0.643866,1.92525,0,0,0,0,0,0.672121,0,0,0,0,1.41669,0,1,1,0,0,0,0,w,m
59507,NEXT-YEAR,1,1,0.976655,0,0,0,0,0,0.578731,0,0,1.64568,0.693709,0,0,0,0,1,0,1,1,0,1,m,m
59508,NEXT-YEAR,1,1,0.979759,0,0,0,0,0,0.577355,0,0,1.46767,0.527454,0,0,0,0,1,0,1,1,0,1,m,m
59509,NEXT-YEAR,1,1,0.981397,0,0,0,0,0,0,0,0,1.47306,0.728596,0,0,0,0,1,0,1,1,0,1,m,m
59510,NEXT-YEAR,1,1,0.982711,0,0,0,0,0,0,0,0,1.46522,0.681787,0,0,0,0,1,0,1,1,0,1,m,m
59511,NEXT-YEAR,1,1,0.981379,0,0,0,0,0,0,0,0,1.26903,0.574797,0,0,0,0,1,0,1,1,0,1,m,m
59512,NEXT-YEAR,1,1,0.980365,0,0,0,0,0,0,0,0,1.25039,0,0,0,0,0,1,0,1,1,0,1,m,m
59513,NEXT-YEAR,1,1,0.977578,0,0,0,0,0,0,0,0,1.29357,0,0,0,0,0,0,0,1,1,0,1,m,m
59514,NEXT-YEAR,1,1,0.976132,0,0,0,0,0,0,0,0,1.37573,0,0,0,0,0,1,0,1,1,0,1,m,m
59515,NEXT-YEAR,1,1,0.974232,0,0,0,0,0,0,0,0,1.39836,0,0,0,0,0,1,0,1,1,0,1,m,m
898,NEXT-YEAR,1,1,0.911339,0.918148,0,0.687801,0,0,1.09955,0,0,0,0,0,0.804789,1.60524,0.691476,1,0,0,0,0,1,w,w
899,NEXT-YEAR,1,1,0.940218,0.815064,0,0.844103,0,0,1.74159,0,0,0,0,0,0.735831,0.652455,0.638608,1,0,1,0,0,1,w,w
900,NEXT-YEAR,1,1,0.967573,0.72662,0.610632,1.39222,0,0,2.15634,0,0,1.11105,0,0,0.862244,0.839926,0,1,0,1,0,0,1,w,w
901,NEXT-YEAR,1,1,0.964499,0.597619,0,1.14724,0,0,1.72439,0,0,1.13974,0.691982,0,1.19136,0.583535,0,1,0,1,0,0,1,w,w
902,NEXT-YEAR,1,1,0.967883,0,0,1.52039,0,0,2.01232,0,0,1.30225,0.765785,0,1.42516,1.04733,0,1,0,1,0,0,1,w,w
903,NEXT-YEAR,1,1,0.969853,0,0,0.864497,0,0,1.81856,0,0,1.37308,0.844303,0,1.12384,1.35693,0,1,0,1,1,0,1,w,w
904,NEXT-YEAR,1,1,0.977873,0,0.751782,1.03468,0,0,1.6725,0,0,1.06793,0.839651,0,0.894623,0.719291,0,1,0,1,1,0,1,w,w
905,NEXT-YEAR,1,1,0.988791,0,0.641185,0.891869,0,0,1.54984,0.565723,0,0.975462,0.91997,0,0,0.733685,0,1,0,1,0,0,1,w,w
906,NEXT-YEAR,1,1,0.99026,0,0,1.32197,0,0,1.82742,0.643233,0,0.814221,0.611303,0,0.76376,0.711108,0,1,0,1,1,0,1,w,w
907,NEXT-YEAR,1,1,0.986786,0,0.75187,0.955282,0,0,1.57953,0.655682,0,0.962555,0,0,0.937185,0,0,1,0,1,0,0,1,w,w
908,NEXT-YEAR,1,1,0.984013,0,0.902204,1.30361,0,0,1.24465,0.566095,0.578112,0.83747,0,0,0.636476,0,0,1,0,1,0,0,1,w,w
