time_stamp,word,frame,success,confidence,AU01_r,AU02_r,AU04_r,AU05_r,AU06_r,AU09_r,AU10_r,AU12_r,AU14_r,AU15_r,AU17_r,AU20_r,AU25_r,AU26_r,AU04_c,AU12_c,AU15_c,AU23_c,AU28_c,AU45_c,speaker_gender,listener_gender
2857,NOW,1,1,0.927762,0,0,2.32474,0,0.834232,0,0.767111,1.4013,1.15041,0,0,0.971427,1.38191,0.534676,0,1,1,0,0,0,m,w
2858,NOW,1,1,0.921915,0,0,2.72657,0,0.828976,0.645022,0.687492,1.31426,0.611424,0,0,0.598064,1.92659,0.507877,0,1,1,0,0,0,m,w
2859,NOW,1,1,0.909333,0,0,2.81236,0,0.841501,0.849626,0.73272,1.37994,0,0,0,0,2.01753,0.53231,1,1,1,0,0,1,m,w
2860,NOW,1,1,0.916382,0,0,3.09042,0,0.790524,0.901458,0.687467,1.17018,0,0,0,0,2.16835,0,1,1,1,0,0,0,m,w
2861,NOW,1,1,0.909942,0.550275,0,3.1064,0,0.738334,0.787238,0.696165,1.2381,0,0,0,0,1.699,0.511213,1,1,1,0,0,0,m,w
2862,NOW,1,1,0.89695,0,0,3.03223,0,0.743551,0.770528,0.622961,1.08484,0,0,0,0,1.13246,0,1,1,1,0,0,0,m,w
2863,NOW,1,1,0.916135,0,0,3.02459,0,0.764048,0.550511,0.683849,1.0535,0,0,0,0,1.05838,0,1,0,1,0,0,0,m,w
2864,NOW,1,1,0.898056,0,0,2.65482,0,0.731661,0,0.617019,0.837662,0,0,0,0,1.19375,0,1,0,1,0,0,0,m,w
2865,NOW,1,1,0.904302,0,0,2.69901,0,0.712658,0.847563,0.606702,0.747254,0,0,0,0,1.29598,0,1,0,1,0,0,1,m,w
2866,NOW,1,1,0.952244,0,0,2.55401,0,0.605189,0.820763,0.542757,0.505549,0,0.590422,0,0,1.24963,0,1,0,1,0,0,1,m,w
2867,NOW,1,1,0.945881,0,0,2.72007,0,0.668208,1.39041,0.574265,0.540529,0,0,0,0,1.98107,0.598116,1,0,1,0,0,1,m,w
2868,NOW,1,1,0.986045,0,0,3.21145,0,0.677477,2.02303,0.578882,0.62755,0,0,0,0,2.34248,0.791998,1,0,1,1,0,1,m,w
2869,NOW,1,1,0.988875,0.724234,0,3.31638,0,0.623908,2.42564,0.580662,0,0,0.534086,0,0,3.26693,0.668101,1,0,1,1,0,1,m,w
2870,NOW,1,1,0.989065,0.769036,0.599664,3.3215,0,0.593464,2.43296,0.506077,0.518238,0,0,0,0,3.25768,0.648681,1,0,1,1,0,1,m,w
2871,NOW,1,1,0.985708,0.551975,0,3.15297,0,0.598501,2.15221,0.549006,0.747989,0,0.506724,0,0,3.2409,0.67921,1,0,1,1,0,1,m,w
2872,NOW,1,1,0.98243,0.503523,0,2.98743,0,0.526508,1.93932,0.501105,0.723598,0,0.583961,0,0,3.48667,0.802225,1,0,1,1,0,1,m,w
2873,NOW,1,1,0.982349,0,0,3.06786,0.500761,0.53856,1.42617,0.747271,0.978794,0,1.40846,0,0,3.55707,0.636904,1,0,1,1,0,1,m,w
2874,NOW,1,1,0.981834,0.871647,0.769972,3.3599,0.964563,0.606245,1.71047,0.781073,1.30117,1.03691,1.15166,0,0,3.42522,0,1,1,1,1,0,0,m,w
2875,NOW,1,1,0.963403,1.07719,0.969637,3.23621,0.816214,0.707441,1.64073,1.01824,1.47777,1.41636,1.25128,0,0,3.20862,0,1,1,1,1,0,0,m,w
2876,NOW,1,1,0.961039,1.00199,0.944729,3.15965,0.899533,0.781119,1.54733,1.00391,1.34066,1.70249,0.939112,0.543787,0,3.879,0,1,1,1,1,0,0,m,w
2877,NOW,1,1,0.965829,0.77222,0.82496,3.37045,0.655758,0.729237,1.84283,0.928673,1.28421,1.48864,0.910291,0,0.504091,3.73679,0,1,1,1,1,0,0,m,w
2878,NOW,1,1,0.969659,0,0.759161,3.64363,0.928557,0.780499,1.79807,0.985351,1.08968,1.79398,0.868597,0,0.725455,3.03733,0,1,1,1,1,0,0,m,w
2879,NOW,1,1,0.966207,0,0,3.48361,0.599304,0.764079,1.53977,1.01475,0.795594,1.70799,0.955286,0,1.00448,2.91343,0,1,1,1,1,0,0,m,w
2880,NOW,1,1,0.968783,0,0,3.77189,0.518165,0.772832,1.70636,1.02471,0.91943,1.7178,0.792356,0,1.31521,2.85688,0,1,1,1,1,0,1,m,w
2881,NOW,1,1,0.964967,0,0,3.50759,0,0.776426,1.56197,1.02065,0.757224,1.94617,0.633265,0,1.22494,2.4145,0,1,1,1,1,0,1,m,w
2882,NOW,1,1,0.965206,0,0,3.7541,0.596952,0.755751,1.73751,0.942628,0.661294,1.80396,0.879996,0,1.15528,2.38426,0,1,1,1,1,0,0,m,w
2883,NOW,1,1,0.966695,0,0,3.66704,0.623867,0.679729,1.84911,0.920705,0.557695,1.72617,0.621943,0,1.37719,2.2407,0,1,1,1,1,0,0,m,w
2884,NOW,1,1,0.969961,0,0,3.35032,0.636818,0.663906,1.52752,0.838482,0.57621,1.61641,0.778106,0,1.39256,2.54657,0,1,1,1,1,0,0,m,w
2885,NOW,1,1,0.967663,0,0,3.40207,0.547372,0.660673,1.2278,0.868613,0.535896,1.60065,0,0,1.439,2.58059,0,1,1,1,1,0,0,m,w
2886,NOW,1,1,0.958941,0,0,3.28994,0,0.583311,1.00002,0.741106,0,1.38552,0,0,1.63222,2.73066,0,1,1,1,1,0,0,m,w
2887,NOW,1,1,0.951352,0,0,3.21406,0,0.578812,1.07604,0.754458,0.56869,1.32205,0,0,1.4211,2.92418,0,1,1,0,1,0,0,m,w
2888,NOW,1,1,0.951345,0,0,3.15354,0,0.59988,1.08577,0.793858,0,1.46014,0,0,1.78477,3.3225,0,1,1,0,1,0,0,m,w
2889,NOW,1,1,0.971367,0,0,3.04184,0.513628,0.576635,1.06626,0.82455,0,1.4146,0,0,1.56268,3.55799,0,1,1,0,0,0,0,m,w
2890,NOW,1,1,0.981745,0,0,3.18077,0,0.505377,1.17808,0.737716,0,1.52612,0,0,1.37677,3.24142,0,1,1,0,1,0,0,m,w
2891,NOW,1,1,0.988541,0,0,3.04959,0,0.532656,1.38159,0.790982,0,1.51941,0,0,1.59555,2.97863,0,1,1,0,1,0,0,m,w
2892,NOW,1,1,0.989906,0,0,2.8932,0,0.506524,1.44164,0.752341,0,1.39648,0,0,1.4775,2.55209,0,1,1,0,1,0,0,m,w
2893,NOW,1,1,0.990925,0,0,3.13991,0,0.509254,1.75682,0.839128,0,1.4783,0,0,1.36057,2.16634,0,1,1,0,0,0,0,m,w
2894,NOW,1,1,0.987673,0,0,2.35139,0,0,0.777384,0,0,1.22365,0,0,0.938006,1.37064,0,1,1,0,0,0,0,m,w
2895,NOW,1,1,0.954282,0,0,2.44692,0,0,0,0,0,0,0,0,0,0,0,1,0,0,0,0,0,m,w
2896,NOW,1,1,0.733911,1.64437,2.66574,0.948193,1.56077,0,0,0,0,0,0.796532,0,0,0,0,0,0,1,0,0,0,m,w
2897,NOW,1,1,0.965757,0.551775,0,0.676569,0,0,0,0.725047,0.974041,1.04193,0,0,0.926486,0,0,0,1,0,0,0,0,m,w
693,NOW,1,1,0.966127,0,0.691419,1.18513,0.744397,0.778672,1.08569,0.641521,0.804168,0.502775,0,0.52001,1.39097,0,0,0,1,1,0,0,1,w,w
694,NOW,1,1,0.966071,0,1.08821,1.27783,0.738479,0.741578,1.25723,0.562655,0.688422,0.72857,0,0.568425,1.56588,0,0,0,1,1,0,0,1,w,w
695,NOW,1,1,0.964527,0,0.967747,1.37298,0.52731,0.782546,1.50494,0.679155,0.777751,0.747116,0,0.613556,1.5951,0,0,0,1,1,0,0,1,w,w
696,NOW,1,1,0.967019,0,0.91266,1.41001,0.627145,0.716851,1.50261,0.624832,0.803806,0.82221,0,0.706976,1.58572,0,0,0,1,1,1,0,1,w,w
697,NOW,1,1,0.971945,0,0.779777,1.3852,0.872253,0.740846,1.52994,0.725162,0.754985,0.85467,0,0.755186,1.6052,0.607131,0,1,1,1,1,0,1,w,w
698,NOW,1,1,0.962498,0,0,1.54642,0.657962,0.777286,1.25104,0.741664,0.987905,1.21373,0,0.791479,1.82852,0.723224,0.552549,1,1,1,1,0,1,w,w
699,NOW,1,1,0.965891,0,0.557011,1.50118,0.626495,0.744244,1.28182,0.74304,0.990721,1.33423,0,0.795124,1.75692,0.838039,0.644248,1,1,1,1,0,1,w,w
700,NOW,1,1,0.963813,0,0.51382,1.35937,0.65518,0.771917,1.36559,0.759441,0.934669,1.25704,0,0.847826,1.71411,0.893744,0.566619,0,1,1,1,0,1,w,w
701,NOW,1,1,0.964486,0,0,1.38129,0.647331,0.757031,1.55991,0.786346,0.946221,1.15565,0,0.741289,1.45597,0,0.566413,1,1,1,1,0,1,w,w
702,NOW,1,1,0.950148,0,0,1.46029,0.755206,0.770812,1.57976,0.838653,1.05839,1.22232,0.650109,0.595461,1.58415,0,0.560022,1,1,1,1,0,1,w,w
703,NOW,1,1,0.949107,0,0,1.45289,0.582727,0.673721,1.70755,0.723058,0.951978,1.15649,0.61041,0.613352,1.09486,0,0,1,1,1,1,0,1,w,w
704,NOW,1,1,0.955875,0,0,1.45427,0.641413,0.680782,1.99916,0.751329,0.785031,1.05352,0,0.720619,1.25268,0,0,1,1,1,1,0,1,w,w
705,NOW,1,1,0.943246,0,0,1.28258,0.619048,0.564631,1.97268,0.678345,0.726483,1.1814,0.600867,0.775418,0.910364,0,0,1,1,1,1,0,1,w,w
706,NOW,1,1,0.956249,0.537099,0,0.980095,0.662866,0.615447,1.04807,0.633522,0.950061,1.17682,0.733822,0.855384,0.88081,0,0,0,1,1,1,0,1,w,w
707,NOW,1,1,0.96968,0,0,1.32201,0.813097,0.675677,1.36119,0.631875,0.961904,1.08203,0.697239,0.800155,0.717959,0,0,1,1,1,1,0,1,w,w
708,NOW,1,1,0.975852,0,0,1.43876,0.978135,0.671578,1.47617,0.553882,0.892872,1.06414,0,0.724508,0.607261,0,0,1,1,1,1,0,1,w,w
709,NOW,1,1,0.972722,0,0,1.55868,0.931151,0.745881,1.50204,0.611,0.916217,1.29165,0,0.794453,0.72959,0,0,1,1,1,1,0,1,w,w
710,NOW,1,1,0.96554,0,0,1.81344,0.530885,0.707955,1.8258,0.584497,0.812127,1.19136,0.516704,0.922124,0.848812,0,0,1,1,1,1,0,1,w,w
711,NOW,1,1,0.964041,0.70468,0.568571,1.59958,0.728683,0.779044,1.79994,0.701366,0.781774,1.34459,0,0.934461,0.963595,0,0,1,1,1,1,0,1,w,w
712,NOW,1,1,0.959828,0.608798,0.788487,1.71361,0.582614,0.766643,2.16253,0.665069,0.772974,1.58669,0,0.782006,1.03659,0,0,1,1,1,1,0,1,w,w
713,NOW,1,1,0.960659,0.725433,0.910133,1.38839,0.521448,0.764375,1.91803,0.738242,0.871343,1.73189,0,0.83855,1.3304,0,0,1,1,1,1,0,1,w,w
714,NOW,1,1,0.963924,0.500103,0.727549,1.53728,0,0.800027,2.03357,0.795658,0.997222,1.87555,0,0.777888,1.24875,0,0,1,1,1,1,0,1,w,w
715,NOW,1,1,0.964309,0.719877,0.591125,1.68172,0.671381,0.827147,2.34091,0.857541,1.02288,1.71344,0.660371,0.818271,1.16088,0,0,1,1,1,1,0,1,w,w
716,NOW,1,1,0.974661,0.533555,0.657215,1.97126,0.567439,0.888955,2.17849,0.926974,1.08007,1.58183,0.587272,0,1.16838,0,0,1,1,1,1,0,1,w,w
717,NOW,1,1,0.965839,0,1.11362,1.77085,0.558854,0.875525,1.96525,0.993267,1.06886,1.64154,0.704116,0.506905,1.52252,0,0,1,1,1,1,0,1,w,w
718,NOW,1,1,0.972636,0,0.973262,1.6857,0.536211,0.893026,1.71795,0.995178,1.15842,1.98696,0.762705,0,1.41834,0,0,1,1,1,1,0,0,w,w
719,NOW,1,1,0.972007,0,0.619391,1.12089,0.581655,0.944904,1.23298,1.04479,1.4924,1.84059,0,0,1.4314,0,0,0,1,1,1,0,0,w,w
720,NOW,1,1,0.974963,0,0.799531,1.33052,0.625727,1.11414,1.50968,1.26034,1.42915,1.78628,0,0.56686,1.00929,0,0,0,1,1,0,0,0,w,w
721,NOW,1,1,0.975246,0,0,0.758581,0,0.982891,0.950934,1.01764,1.41941,1.58762,0,0,1.12117,2.01208,0,0,1,1,0,0,0,w,w
722,NOW,1,1,0.974624,0,0,0.754141,0.700697,0.861619,0,0.901193,1.43179,1.75433,0,0,0.964149,1.90152,0,0,1,1,0,0,0,w,w
50095,NOW,1,1,0.803191,1.36694,2.09114,1.06888,1.11865,0,0,0.78143,0,0.544112,0,1.05497,0,0,0,1,1,0,1,0,0,m,w
12048,NOW,1,1,0.959464,0.830124,0,0,0,0,0,0,0,0,1.18767,0,1.16224,1.19471,0,0,0,0,1,0,0,w,m
12049,NOW,1,1,0.964124,0.672123,0,0,0,0,0,0,0,0,0.946229,0,0.987652,1.04254,0,0,0,0,1,0,0,w,m
12050,NOW,1,1,0.960233,0.691061,0,0,0,0,0.784698,0,0,0,0.970052,0,1.16978,0,0,0,0,0,1,0,0,w,m
12051,NOW,1,1,0.955573,0.532999,0,0,0,0,1.06726,0,0,0,0.987052,0,0.883285,0,0,0,0,0,1,0,0,w,m
12052,NOW,1,1,0.947028,0.538323,0,0,0.554266,0,0.801981,0,0,0,1.00864,0,1.20899,0.716332,0,0,0,0,1,0,0,w,m
12053,NOW,1,1,0.949196,0.894724,0,0.848287,0,0,1.02876,0,0,0,1.32763,0,0.682945,0.972321,0,0,0,0,1,0,1,w,m
12054,NOW,1,1,0.936464,0.688504,0.55939,0.766887,0,0,0,0,0,0,1.46593,0.561539,1.36962,0.805132,0,0,0,0,1,0,1,w,m
12055,NOW,1,1,0.932497,0.82746,0,0.815657,0,0,0,0,0,0,1.84924,0.819492,1.04297,0,0,0,0,1,1,0,1,w,m
12056,NOW,1,1,0.921847,0,0,0.709532,0,0,0,0,0,0,1.41767,0.744764,0.914501,0.551363,0,0,0,1,1,0,1,w,m
12057,NOW,1,1,0.938599,0,0,0.638217,0,0,0.601154,0,0,0.579328,1.88496,0.70607,0.873579,1.25617,0,0,0,1,1,0,1,w,m
12058,NOW,1,1,0.93331,0,0,0,0,0,0,0,0,0.998715,1.59729,0.616554,0.81041,0.7423,0,0,0,0,1,0,1,w,m
12059,NOW,1,1,0.9447,0,0,0.924839,0,0,0,0,0,1.1476,1.60323,0.541015,0.66699,1.01288,0,0,0,0,1,0,1,w,m
12060,NOW,1,1,0.947247,0,0,0.599455,0.500852,0,0.601452,0.633017,0,1.33739,1.20024,0.520267,0,0.547578,0,0,0,0,1,0,1,w,m
12061,NOW,1,1,0.932504,0,0,1.064,0,0.526154,0,0.776828,0,1.27529,1.2285,0,0,1.60318,0,0,0,0,1,0,0,w,m
12062,NOW,1,1,0.923646,0,0,0.588036,0,0.730011,0.628217,1.08384,0,1.70824,0.988484,0,0,1.39305,0,0,0,0,1,0,0,w,m
12063,NOW,1,1,0.914587,0,0,0,0,0.852071,0,1.22408,0,2.02135,0.833256,0,0,0.691194,0,0,0,0,1,0,0,w,m
12064,NOW,1,1,0.923611,0,0,0,0,0.809759,0,1.29909,0,1.84726,0.654669,0,0,0,0,0,0,0,1,0,0,w,m
12065,NOW,1,1,0.931139,0,0,0,0,0.751267,0,1.23293,0.543623,2.19651,0,0,0.571506,0,0,0,0,0,1,0,0,w,m
12066,NOW,1,1,0.898695,0,0,0,0,0.779489,0,1.32288,0,2.02,0,0,0,0,0,0,0,0,1,0,0,w,m
12067,NOW,1,1,0.893545,0,0,0,0,0.670445,0,1.072,0.86716,1.94868,0,0,0.901378,0,0,0,0,0,1,0,1,w,m
12068,NOW,1,1,0.79284,0,0,0,0,0.667982,0,1.1215,0.878831,2.14393,0,0,0.857878,0,0,0,0,0,1,0,1,w,m
12069,NOW,1,1,0.848617,0,0,0,0,0.684721,0,1.16379,0.907552,2.12946,0.554851,0,1.26104,0,0,0,0,0,1,0,1,w,m
12070,NOW,1,1,0.86169,0,0,0,0.75569,0.835952,0,1.48691,1.09019,2.23834,0.81228,0,0.520623,0,0,0,0,0,1,0,1,w,m
12071,NOW,1,1,0.870582,0,0,0,1.22471,0.715496,0,1.28744,0.834469,1.73564,0.757921,0,0.967581,0,0,0,0,0,1,0,1,w,m
12088,NOW,1,1,0.923649,0,0,0,0,0.660316,1.53549,1.24986,0,1.7314,0.599032,0,0.685932,0,0,0,0,1,1,0,1,w,m
12089,NOW,1,1,0.905978,0.659167,0,0,0,0,2.15745,1.02664,0,1.65228,0.729017,0,1.25207,0,0,0,0,1,1,0,1,w,m
12090,NOW,1,1,0.948506,0.5586,0,0.650698,0,0,1.75163,0.853129,0,1.27996,0,0,1.10225,0,0,0,0,0,1,0,1,w,m
12091,NOW,1,1,0.952724,0.615553,0,0.71895,0,0,1.84835,0.732395,0,1.2289,1.05706,0,0.810348,0.726886,0,0,0,0,1,0,1,w,m
12092,NOW,1,1,0.941577,0.728569,0,0.564365,0,0,1.64006,0.607545,0,1.24842,0.857951,0,0.795225,1.4126,0,0,0,0,1,0,1,w,m
12093,NOW,1,1,0.932766,0.86689,0,0.808631,0,0,2.35922,0.636092,0,0.849913,0.626248,0,0,1.30532,0,0,0,0,1,0,1,w,m
12094,NOW,1,1,0.917466,1.04763,0.831443,0.578013,0,0,2.00535,0.536905,0,0.743205,0.764843,0,0.528303,1.87408,0,0,0,0,1,0,1,w,m
12095,NOW,1,1,0.93914,0.876115,1.07323,0.514989,0,0,1.92633,0,0,0.88369,0.743974,0,0,1.1553,0,0,0,0,1,0,1,w,m
12096,NOW,1,1,0.95397,1.09731,1.0703,1.24796,0,0,1.86338,0,0,0.731819,0.581284,0,0,0,0,0,0,0,1,0,1,w,m
12097,NOW,1,1,0.946523,0.817965,0.573775,1.23915,0,0,1.56043,0,0,0,0.803792,0,0,0.816468,0,0,0,0,1,0,1,w,m
12098,NOW,1,1,0.923758,1.02817,1.20253,1.23955,0,0,1.66616,0,0,0.545699,0.724675,0,0.839906,1.22364,0,0,0,0,1,0,1,w,m
12099,NOW,1,1,0.917217,0,0.730634,1.70334,0,0,1.72583,0,0,0,0.657159,0,0.680994,1.51863,0,0,0,0,1,0,1,w,m
12100,NOW,1,1,0.904396,0.562624,0.526151,1.07644,0,0,1.203,0,0,0,0.532068,0,0,1.40146,0,0,0,0,1,0,1,w,m
12101,NOW,1,1,0.91569,0,0,0.845684,0,0,1.08275,0,0,0,0.578187,0,0,0,0,0,0,0,1,0,1,w,m
12102,NOW,1,1,0.891415,0.831345,0.528551,0,0,0,1.32308,0,0,0,0.619306,0,0,0,0,0,0,0,1,0,1,w,m
12103,NOW,1,1,0.891564,0,0.787274,0.993779,0,0,1.25842,0,0,0,0.641549,0,0,0.721599,0,0,0,0,1,0,1,w,m
12104,NOW,1,1,0.900979,0.53491,0.500365,0.836762,0,0,1.83834,0,0,0,0.786391,0,0,1.19934,0,0,0,0,1,0,1,w,m
12105,NOW,1,1,0.919947,0.738048,0.527588,0.523863,0,0,1.99445,0,0,0,0.723291,0,0,1.08399,0,0,0,0,1,0,1,w,m
12106,NOW,1,1,0.932463,0.983212,0.844971,0.822357,0,0,1.69864,0,0,0,0.740534,0,0,1.20953,0,0,0,0,1,0,1,w,m
12107,NOW,1,1,0.939033,0.961164,1.05826,1.08039,0,0,1.70549,0,0,0.718219,0.796022,0,0,0.899119,0,0,0,0,1,0,1,w,m
12108,NOW,1,1,0.94777,0.963246,0.749271,0.978461,0,0,1.71439,0,0,0,0.545908,0,0,0,0,0,0,0,1,0,1,w,m
12109,NOW,1,1,0.96043,0.781477,0.761899,1.36376,0,0,1.11933,0,0,0.837061,0,0,0,1.12249,0,0,0,0,1,0,1,w,m
12110,NOW,1,1,0.953827,0.929427,0.674858,0.668965,0,0,1.34443,0,0,1.03867,0,0,0.766755,0.956126,0,0,0,0,1,0,1,w,m
12111,NOW,1,1,0.957369,0.703379,1.03366,0.501488,0,0,0.810494,0,0,0.922116,0,0.64637,0.92019,1.08263,0,0,0,0,1,0,1,w,m
12112,NOW,1,1,0.948253,1.06944,0.55676,0,0,0,0,0,0,1.16143,0,0.905953,0,0,0,0,0,0,1,0,1,w,m
12113,NOW,1,1,0.958253,1.2405,1.19487,0,0,0,0,0,0,0.825309,0.757422,1.029,0.52778,0,0,0,0,0,1,0,0,w,m
12114,NOW,1,1,0.942666,0.977509,0.992133,0,0,0,0,0,0,1.21809,1.08558,0.918535,0,0,0,0,0,1,1,0,0,w,m
12115,NOW,1,1,0.905234,0.918359,1.1076,0,0,0,0,0,0,1.96055,1.0212,0,2.18131,0,0,0,0,1,1,0,0,w,m
12116,NOW,1,1,0.791822,1.12269,0.84494,0,0,0.627706,0.554492,0.826628,0.737798,1.55507,0.902239,0.923272,0,0,0,0,0,0,1,0,1,w,m
12117,NOW,1,1,0.926583,0.716498,1.24102,0,0,0,0,0,0,1.61146,0.827503,1.01496,0,0,0,0,0,0,1,0,0,w,m
12118,NOW,1,1,0.908274,1.11082,0,0,0,0,0,0,0,1.3389,0,0.740853,0,0,0,0,0,0,1,0,0,w,m
12119,NOW,1,1,0.89367,0.791818,0,0,0,0,0,0,0,1.12089,0,0,0,0,0,0,0,0,1,0,0,w,m
12120,NOW,1,1,0.863199,0.613412,0,0,0,0,0,0,0,1.05067,0,0,0,2.19418,0,0,0,0,1,0,0,w,m
12121,NOW,1,1,0.826904,0,0,0,0,0,0,0,0,1.01776,0,0,0,1.37418,0,0,0,0,1,0,0,w,m
12122,NOW,1,1,0.777391,0,0,0,0,0,0,0,0,0.706464,0,0,0,1.76333,0,0,0,0,1,0,0,w,m
12123,NOW,1,1,0.875926,0,0,0,0,0,0,0,0,0.846562,0,0,0,2.03971,0,0,0,0,1,0,0,w,m
12124,NOW,1,1,0.872062,0,0,0,0,0,0,0,0,0,0,0,0,0,0,0,0,0,1,0,0,w,m
12125,NOW,1,1,0.86076,0.61057,0,0,0,0,0,0,0,0,0,0.531615,0,0,0,0,0,0,1,0,0,w,m
12126,NOW,1,1,0.816373,0.684656,1.02956,0,0,0,0,0,0,0,0,0.589071,0,0,0,0,0,0,1,0,0,w,m
12127,NOW,1,1,0.862403,0.605348,0.660265,0,0,0,0.649754,0,0,0,0,0,0,0,0,0,0,0,1,0,0,w,m
12128,NOW,1,1,0.863655,0,0.6102,0,0,0,0,0,0,0,0,0,0.634254,0.694328,0,0,0,0,1,0,0,w,m
12129,NOW,1,1,0.881216,0,0,0,0,0,0,0,0,0,0,0,0.597416,1.39383,0.538099,0,0,0,1,0,0,w,m
12130,NOW,1,1,0.905705,0,1.01303,0,0,0,0.650946,0,0,0.590687,0,0,0,0.85331,0,0,0,0,1,0,0,w,m
12131,NOW,1,1,0.95391,0.702757,1.07539,0.520298,0,0,0.958716,0,0,0.779958,0.924421,0,0.870603,1.54095,0,0,0,0,1,0,0,w,m
12132,NOW,1,1,0.959907,0.793143,0.978926,0,0,0,1.18851,0,0,0.670925,0.918968,0,0,2.2078,0,0,0,0,1,0,0,w,m
12133,NOW,1,1,0.942468,0.689502,0.804018,0,0,0,1.24381,0,0,0.620753,0.935248,0,0,1.7246,0,0,0,0,1,0,1,w,m
12134,NOW,1,1,0.943202,0.606551,1.05732,0,0,0,0.809283,0,0,0.746038,0.876258,0,0,1.65852,0,0,0,0,1,0,1,w,m
12135,NOW,1,1,0.944381,0.60095,0.75705,0.594402,0,0,1.09365,0,0,0.73415,0.764582,0,0,2.09207,0,0,0,0,1,0,1,w,m
12136,NOW,1,1,0.942722,0,0.706082,0,0,0,0.781353,0,0,0.79211,0.851692,0,0.586754,2.23598,0,0,0,0,1,0,1,w,m
12137,NOW,1,1,0.950386,0.637326,1.41189,0,0,0,0.904101,0,0,0.910984,1.04303,0,0,1.64351,0,0,0,0,1,0,1,w,m
12138,NOW,1,1,0.944939,0,0,0,0,0,0.972574,0,0,1.01556,0.756918,0,0,1.40344,0,0,0,0,1,0,1,w,m
12139,NOW,1,1,0.931015,0.81107,0,0,0,0,1.75613,0,0,0.911661,0.709503,0,0,2.21727,0.612676,0,0,0,1,0,0,w,m
12140,NOW,1,1,0.942145,0.832249,0.76845,0,0,0,1.49797,0,0,0.922747,0.64822,0,0.536312,2.10225,0.545964,0,0,0,1,0,0,w,m
12141,NOW,1,1,0.943753,0,0,0,0,0,1.68318,0.500835,0,1.2192,0,0,0.695863,2.11493,0.55765,0,0,0,1,0,1,w,m
12142,NOW,1,1,0.950808,0.754423,0.514363,0,0,0,1.58443,0,0,0.846856,0.714937,0,0,2.20514,0.50512,0,0,0,1,0,1,w,m
12143,NOW,1,1,0.941261,0.78509,0,0.705606,0,0,1.79411,0,0,0.94085,0.663997,0,0,2.26568,0,0,0,0,1,0,1,w,m
12144,NOW,1,1,0.931828,1.44211,0.694724,1.05366,0,0,2.19831,0,0,0,1.16863,0,0.819305,1.75866,0.601282,0,0,0,1,0,1,w,m
12145,NOW,1,1,0.942163,1.80068,0.802546,1.03538,0,0,2.41232,0,0,0,1.26471,0,0.857767,1.46939,0.632607,0,0,0,1,0,1,w,m
12146,NOW,1,1,0.947071,1.50797,0.840535,1.26469,0,0,2.0613,0,0,0,1.12977,0,0.844771,1.80325,0.650791,0,0,0,1,0,1,w,m
12147,NOW,1,1,0.955863,0.990796,0.954229,1.749,0,0,1.98006,0,0,0,1.53182,0,0.669172,1.51991,0.598993,0,0,1,1,0,1,w,m
12148,NOW,1,1,0.945828,0.959251,0.956908,1.61794,0,0,1.95576,0,0,0,1.79303,0,0.68153,1.6978,0.683755,0,0,1,1,0,1,w,m
12149,NOW,1,1,0.942556,0.602366,0.623725,1.68991,0,0,1.66901,0,0,0,1.25957,0,0,1.33059,0.610443,0,0,1,1,0,1,w,m
12150,NOW,1,1,0.942772,0.534632,0.69906,0.967214,0,0,0.836266,0,0,0,1.26121,0,0,1.27533,0.624054,0,0,1,1,0,1,w,m
12151,NOW,1,1,0.949865,0.614778,0,1.34525,0,0,0.858179,0,0,0,1.62218,0,0,1.1289,0.510041,0,0,1,1,0,1,w,m
12152,NOW,1,1,0.946226,0,0,0.832381,0,0,0,0,0,0,1.39127,0,0,0.751761,0,0,0,1,1,0,1,w,m
12153,NOW,1,1,0.924389,0,0,0.875339,0,0,0.76224,0,0.652301,0,1.44122,0,0,0,0,0,0,1,1,0,1,w,m
12154,NOW,1,1,0.755822,0,0,0,0,0,1.26173,0,0,0,0.735233,0,1.70525,0,0,0,0,1,1,0,1,w,m
12155,NOW,1,1,0.793819,0,0,1.25635,0,0,1.88857,0,0.767538,0,2.03955,0,0,0,0,1,0,0,1,0,1,w,m
12172,NOW,1,1,0.749405,1.46458,0.825312,1.58331,0,0,2.2304,0,0,0.522852,0.657145,0,1.1023,1.37999,0.615092,1,0,0,1,0,0,w,m
12173,NOW,1,1,0.764378,1.33936,0.562759,1.80225,0,0,2.23322,0,0.63428,0.577365,0.73746,0,1.10646,0.883417,0.650638,1,0,0,1,0,0,w,m
12174,NOW,1,1,0.771089,1.59844,1.06441,1.71607,0,0,2.02193,0,0.80313,0,0.607078,0,1.20015,1.29757,0.704771,1,0,0,1,0,0,w,m
12175,NOW,1,1,0.866943,1.66845,1.28195,1.54832,0,0,1.99579,0,0.555753,0.505138,0.674023,0,1.42227,1.32275,0.743524,1,0,0,1,0,0,w,m
12176,NOW,1,1,0.895601,1.74075,1.29641,1.38905,0,0,0.892014,0,0.700013,0,0,0,1.08452,0.664518,0.722898,1,0,0,1,0,0,w,m
12181,NOW,1,1,0.846297,1.46185,1.17965,1.7745,0.526519,0.521092,0.926699,0,0.851081,0,0,0,1.2069,0,0.558805,1,0,0,1,0,0,w,m
12189,NOW,1,1,0.932402,1.12549,1.1845,2.45221,0,0,1.95717,0,0,0,0,0,0,0,0.591799,0,0,0,0,0,0,w,m
12190,NOW,1,1,0.929878,1.43765,0.983451,2.17977,0,0,1.26113,0,0,0,0,0,0,0,0,0,0,0,0,0,0,w,m
12191,NOW,1,1,0.921731,1.30956,0.729408,2.12117,0,0,1.5065,0,0,0,0.702868,0,0,0,0,0,0,0,0,0,0,w,m
12192,NOW,1,1,0.929423,1.37454,0,1.72022,0.60812,0,1.23918,0,0,0,0.553985,0,0.738579,1.12965,0,0,0,0,0,0,0,w,m
12193,NOW,1,1,0.935826,1.20733,0,1.61841,0.771292,0,1.21343,0,0,0,0,0,0,0.800202,0,0,0,0,0,0,0,w,m
12194,NOW,1,1,0.92867,1.46674,0.624273,1.3074,0,0,1.03467,0,0,0,0.629301,0,1.05963,1.20531,0,0,0,0,0,0,0,w,m
12195,NOW,1,1,0.928567,1.2686,0.982277,1.64116,0,0,0.622466,0,0,0,0.729376,0,0.788929,1.36402,0,0,0,0,0,0,0,w,m
12196,NOW,1,1,0.933335,1.41025,1.20437,1.64073,0,0,0.893008,0,0,0,0.908631,0,0.848423,1.10501,0,0,0,1,1,0,0,w,m
12197,NOW,1,1,0.909562,0.935212,1.37905,1.58117,0,0,1.08261,0,0,0,0.764824,0,0.621425,1.61897,0,0,0,0,1,0,0,w,m
12198,NOW,1,1,0.924683,1.09751,1.2032,1.1293,0.790029,0,1.18741,0,0,0,0.69559,0,0,1.93282,0,0,0,0,1,0,0,w,m
12199,NOW,1,1,0.926954,0.792472,0.73815,1.23041,1.0572,0,1.31145,0,0,0,0.733532,0,0.545347,1.98767,0,0,0,0,1,0,0,w,m
12200,NOW,1,1,0.929679,0.694755,0.752714,0.562287,0.818061,0,1.5765,0,0,0,1.07486,0,0,1.83262,0,0,0,0,1,0,0,w,m
12201,NOW,1,1,0.933395,0.679285,0.927764,0,0.646422,0,1.58409,0,0,0,1.31184,0,0,1.68418,0,0,0,0,1,0,0,w,m
12202,NOW,1,1,0.933274,0.676118,0.963758,0,0.656549,0,1.70036,0,0.501111,0,1.03489,0,0,1.78699,0,0,0,0,1,0,0,w,m
12203,NOW,1,1,0.945839,0.862841,0.921628,0.625044,0.598645,0,1.77045,0,0,0,0.635554,0,0,1.86038,0,0,0,0,1,0,0,w,m
12204,NOW,1,1,0.947605,0.732801,0.743757,0,0.508323,0,1.51653,0,0,0,0.576866,0,0,2.15608,0,0,0,0,1,0,0,w,m
12205,NOW,1,1,0.947841,0.660611,0.587175,0.785542,0.613146,0,1.59122,0,0,0,0.575245,0,0,2.25303,0,0,0,0,1,0,0,w,m
12206,NOW,1,1,0.946102,0.565563,0.729268,0.571096,0.656634,0,1.34502,0,0,0,0.952854,0,0,2.01959,0,0,0,0,1,0,0,w,m
12207,NOW,1,1,0.931694,0.594254,0,0,0,0,1.28877,0,0,0,0.919453,0,0,1.13255,0,0,0,0,1,0,0,w,m
12208,NOW,1,1,0.933534,0.552103,0.677476,0,0,0,1.42129,0,0,0,0.840967,0,0,1.31732,0,0,0,0,1,0,0,w,m
12209,NOW,1,1,0.943027,0,0.56791,0,0,0,1.12895,0,0,0,1.03666,0,0,1.66641,0,0,0,0,1,0,0,w,m
12210,NOW,1,1,0.9422,0.730172,0.655135,0.631413,0.521431,0,1.15378,0,0,0,0.667131,0,0,2.07381,0,0,0,0,1,0,0,w,m
12211,NOW,1,1,0.938331,0.549782,0.637682,0.934221,0.509236,0,1.46329,0,0,0,0.997734,0,0,2.23915,0,0,0,0,1,0,0,w,m
12212,NOW,1,1,0.942846,1.32377,0.91526,1.3645,0,0,0.786283,0,0,0,0,0,0,1.01101,0.552367,0,0,0,1,0,1,w,m
12213,NOW,1,1,0.922311,1.40737,0,1.63322,0,0,0.911028,0,0,0,0,0,0.536925,0.796195,0.692166,0,0,0,0,0,1,w,m
12214,NOW,1,1,0.858591,1.2226,0.703171,2.35502,0,0,1.06378,0,0.565482,0,0,0,0.647327,0.570613,0.793854,0,0,0,0,0,0,w,m
12231,NOW,1,1,0.729784,1.10567,1.05077,2.1384,1.46552,0,0.982711,0,0,0,0,0,1.35074,0,0.585497,1,0,0,1,0,0,w,m
12232,NOW,1,1,0.74853,0.640335,1.22413,2.05428,0.714058,0,0.802887,0,0.824414,0,0,0,0.836036,0,0.703052,1,0,0,1,0,0,w,m
12240,NOW,1,1,0.93123,1.61609,0.838475,2.54593,0,0,0.880852,0,0.556345,0,0,0,0.785729,0,0,0,0,0,0,0,0,w,m
12241,NOW,1,1,0.936007,1.59084,1.06915,1.90449,0,0,0,0,0,0,0.724007,0,1.22318,0,0,0,0,1,0,0,1,w,m
12242,NOW,1,1,0.878269,1.53456,1.17399,1.57409,0.638651,0,1.33034,0,0,0,1.20338,0,0.838994,0.608761,0,0,0,1,1,0,0,w,m
12243,NOW,1,1,0.911801,1.20788,0.768616,1.47637,0.833684,0,1.7265,0,0,0,0.637137,0,0.614105,0.734687,0,0,0,0,1,0,0,w,m
12244,NOW,1,1,0.921001,1.05343,1.15364,1.0474,1.23156,0,1.2354,0,0,0,0.662781,0,0,0.53165,0,0,0,0,1,0,0,w,m
12245,NOW,1,1,0.935022,0.652807,0.98245,0.882143,0.682367,0,1.15658,0,0,0,0.531358,0,0.701575,0,0,0,0,0,1,0,0,w,m
12246,NOW,1,1,0.928268,0.975577,1.02152,0,0.907696,0,0.733153,0,0,0,0,0.536876,0,0,0,0,0,0,1,0,0,w,m
12247,NOW,1,1,0.922723,0.680101,1.20739,0,1.00349,0,0.734042,0,0,0,0,0,0,0,0,0,0,0,1,0,0,w,m
12248,NOW,1,1,0.918372,0.735436,1.13933,0,1.06612,0,0.671671,0,0,0,0,0,0,0,0,0,0,0,1,0,0,w,m
12249,NOW,1,1,0.915092,0.597969,0.720949,0,0,0,0,0,0,0,0,0.50158,0,0,0,0,0,0,1,0,0,w,m
12250,NOW,1,1,0.886133,0.538339,0.508011,0,0.528931,0,0.532062,0,0,0,0,0.616042,0,0,0,0,0,0,1,0,0,w,m
12251,NOW,1,1,0.792451,0,0,0,0.503362,0,0,0,0,0.501982,0,0,0.590949,0,0,0,0,0,1,0,0,w,m
12252,NOW,1,1,0.761968,0,0,0,0.531657,0,0,0,0,0.854871,0,0,0.855324,0,0,0,0,0,1,0,0,w,m
12253,NOW,1,1,0.823962,0,0,0,0,0,0,0,0,0.843253,0,0,0,0,0,0,0,0,1,0,0,w,m
12254,NOW,1,1,0.807856,0,0,0,0.808034,0,0,0,0,0.790468,0,0,0.683729,0,0,0,0,0,1,0,0,w,m
12255,NOW,1,1,0.866181,0,0,0,0.838762,0,0,0,0,0,0,0,0,0,0,0,0,0,1,0,0,w,m
12256,NOW,1,1,0.731489,0,0,0,0.758995,0,0,0,0,0.604077,0,0,0.568714,0,0,0,0,0,1,0,0,w,m
12257,NOW,1,1,0.785619,0,0,0,0.866491,0,0,0,0,0.827019,0,0,0.567678,0,0,0,0,0,1,0,0,w,m
12258,NOW,1,1,0.735187,0,0,0,0.679993,0,0,0,0,0,0,0,0,0,0,0,0,0,1,0,0,w,m
12262,NOW,1,1,0.744851,0,0,0,0.619217,0,0,0,0,0,0,0,0,0,0,0,0,0,1,0,0,w,m
12263,NOW,1,1,0.767738,0.635588,0,0,0.791168,0,0,0,0,0.802992,0,0,0,0,0,0,0,0,1,0,0,w,m
12264,NOW,1,1,0.848212,0.973903,0.973212,0,0.913048,0,0,0.526548,0,0.994549,0,0,0,0,0,0,0,0,1,0,0,w,m
12265,NOW,1,1,0.90418,0.721484,0,0,1.22172,0,0,0,0,1.10074,0,0,0,0.588901,0,0,0,0,1,0,0,w,m
12266,NOW,1,1,0.913804,0.860922,0.867272,0,1.43983,0,0,0,0,0.761476,0,0,0,0,0,0,0,0,1,0,0,w,m
12267,NOW,1,1,0.931734,0.962804,0.924565,0,1.07272,0,0,0.50581,0,0.991286,0,0,0,1.37843,0,0,0,0,1,0,0,w,m
12268,NOW,1,1,0.919263,0.819846,0.731228,0,1.15679,0,0,0,0,0.921326,0.54131,0,0,0.999505,0,0,0,0,1,0,0,w,m
12269,NOW,1,1,0.919231,0.770987,1.07683,0,1.09204,0,0,0.579437,0.560744,1.22853,0,0,0,0,0,0,0,0,1,0,0,w,m
12270,NOW,1,1,0.91008,0,0.740782,0,1.51298,0,0.899014,0.547785,0,1.22675,0,0,0,0,0,0,0,0,1,0,0,w,m
12271,NOW,1,1,0.956925,0,1.10878,0,1.24491,0,1.06088,0,0,0.865832,0,0,0,0,0,0,0,0,1,0,0,w,m
12272,NOW,1,1,0.949956,0,0,0.586121,0,0,1.21643,0,0,0,0,0,0,0.931198,0,0,0,0,1,0,0,w,m
12273,NOW,1,1,0.856864,0.68622,0.725077,0,0,0,0.611936,0,0,0,0,0,0,0,0,0,0,1,1,0,0,w,m
15729,NOW,1,1,0.951459,0.664643,0.593023,0.627682,0,0,0.586841,0,0,0,0,0,1.80755,1.29259,0.964132,1,0,1,1,1,0,w,m
15730,NOW,1,1,0.963638,0.781422,0.770985,0.557697,0.516546,0,0.859385,0,0,0,0,0,1.36535,1.42419,0.941934,1,0,0,1,1,0,w,m
15731,NOW,1,1,0.950168,0.820819,1.15583,0.621901,0.721272,0,1.02513,0,0,0,0,0.501321,1.48457,1.03686,0.950314,1,0,0,1,1,0,w,m
15732,NOW,1,1,0.952642,0.679389,0.909007,0.710991,0.715875,0,1.30654,0,0,0,0,0.602561,1.14609,0,0.863349,1,0,0,1,1,0,w,m
15733,NOW,1,1,0.94993,1.07445,0.948475,0.737732,0.577222,0,1.20743,0,0,0,0,0,0.757018,0,0.92902,1,0,0,1,1,1,w,m
15734,NOW,1,1,0.956175,0.897744,0.862318,0.973662,0,0,1.7396,0,0,0,0,0,1.12568,0,0.907011,1,0,0,1,1,0,w,m
15735,NOW,1,1,0.956393,0.984545,0.8548,1.12183,0,0,1.6197,0,0,0,0,0,1.07299,0.600863,0.936333,1,0,0,1,1,0,w,m
15736,NOW,1,1,0.954698,0.842355,0.868226,0.849998,0,0,1.35104,0,0,0,0,0,1.0527,0,0.88576,1,0,0,1,1,0,w,m
15737,NOW,1,1,0.951275,0.913632,0.659219,0.840919,0,0,1.49383,0,0,0,0,0,0.958487,0.566467,0.8715,1,0,0,1,1,0,w,m
15738,NOW,1,1,0.953735,0.848102,0.734193,0.880854,0,0,1.67643,0,0,0,0,0,1.02555,0.704983,0.950254,1,0,0,1,1,0,w,m
15739,NOW,1,1,0.951698,0.786165,0.648187,0.735707,0,0,1.23914,0,0,0,0,0,0.985852,0.862196,0.932961,1,0,0,1,1,0,w,m
15740,NOW,1,1,0.959471,0.780924,1.16759,0.792412,0.539216,0,1.2331,0,0,0,0,0,0,0,0.879237,1,0,0,1,1,1,w,m
15745,NOW,1,1,0.963778,1.52973,0,1.16426,0,0,1.94438,0,0,0,0,0,0,0.664204,0,1,0,0,1,0,1,w,m
15746,NOW,1,1,0.960105,1.7234,0,0.951219,0,0,2.07514,0,0,0,0,0,0,0,0,1,0,0,1,0,1,w,m
15747,NOW,1,1,0.931673,1.61214,0,0.573952,0,0,2.07582,0,0,0,0,0,0,0,0,1,0,0,0,0,1,w,m
15748,NOW,1,1,0.931844,1.44115,0,0.540224,0,0,1.38615,0,0,0,0,0,0,0.864175,0,0,0,0,0,0,1,w,m
15749,NOW,1,1,0.933718,1.45151,0,0,0,0,1.502,0,0,0,0,0,0,1.51868,0,0,0,0,0,0,1,w,m
15750,NOW,1,1,0.908921,0.996748,0,0,0,0,1.0378,0,0,0,0,0,0,0.620362,0.566893,0,0,0,0,0,1,w,m
15751,NOW,1,1,0.74785,1.31671,0,0,0,0,0,0,0,0,0,0,0,2.14669,0.587647,0,0,0,0,0,0,w,m
15753,NOW,1,1,0.908767,1.42343,0,0,0,0.525706,0,0,0.535056,0,0,0,0,0,0,0,0,0,1,0,1,w,m
15754,NOW,1,1,0.845462,2.58186,0.939471,0,0,0,1.49137,0,0,0,0,0,0,0,0.543402,0,0,0,1,0,1,w,m
15755,NOW,1,1,0.85763,1.91589,0.91605,0,0,0,0.676113,0,0,0,0,0,0,0,0.51507,0,0,0,1,0,1,w,m
15756,NOW,1,1,0.910821,0.608016,0,0,0,0,0,0,0,0,0,0,0,0.563146,0,0,0,0,1,0,1,w,m
15757,NOW,1,1,0.869471,0.944034,0,0,0,0,1.12012,0,0,0,0,0,0,1.77284,0,0,0,0,1,0,0,w,m
15758,NOW,1,1,0.924579,1.26197,0,0,0,0,0.88249,0,0,0,0.737119,0,0.997551,1.62282,0,0,0,0,1,0,1,w,m
15759,NOW,1,1,0.916702,1.11136,0,0,0,0,1.63557,0,0,0,0,0,0,2.30336,0,0,0,0,0,0,1,w,m
15760,NOW,1,1,0.770626,1.04741,0,0,0,0,1.22429,0,0,0.898865,0,0,0.988423,2.29838,0,0,1,0,0,0,1,w,m
15761,NOW,1,1,0.824578,1.19101,0,0,0,0,1.34408,0,0,0.685999,0.521508,0,1.02591,2.95415,0.615046,0,0,0,1,0,1,w,m
15762,NOW,1,1,0.844285,0.914835,0,0,0,0,0.841585,0,0.529298,0,0.651441,0,1.09422,2.94959,0.701758,0,0,0,1,0,1,w,m
15763,NOW,1,1,0.847857,2.20398,0.970652,0,0,0,0,0,0,0,0.820127,0,0,1.23156,1.0694,0,0,0,1,0,0,w,m
15764,NOW,1,1,0.903233,2.00813,1.15226,0,0,0,1.4204,0,0,0,0,0,1.01296,3.3735,1.04898,0,0,0,1,0,1,w,m
15765,NOW,1,1,0.929725,1.47178,0,0,0,0,0.54396,0,0,0,0,0,0,0.653178,0.630292,0,0,0,1,0,1,w,m
15766,NOW,1,1,0.962653,0.625487,0,0,0,0,0.781331,0,0.636358,0,0.956721,0,0.507392,1.45517,0,0,0,0,1,0,1,w,m
15767,NOW,1,1,0.975826,0.626983,0,0.797359,0,0,1.09381,0,0.600779,0,1.13346,0,0,1.53005,0,0,0,0,0,0,1,w,m
15768,NOW,1,1,0.978793,0,0,0.632242,0,0,0.953664,0,0.572594,0,1.24584,0,0,1.19792,0,0,0,0,0,0,1,w,m
15769,NOW,1,1,0.974068,0.591629,0,0.603695,0,0,0.759146,0,0.660308,0,1.19364,0,0,1.72312,0,0,0,0,0,0,1,w,m
15770,NOW,1,1,0.966388,0,0,0.786036,0,0,1.05086,0,0,0,1.27739,0,0,1.21311,0,1,0,0,1,0,1,w,m
15771,NOW,1,1,0.96595,0.559177,0,0.790518,0,0,1.10075,0,0,0,1.5151,0,0,1.02202,0,0,0,0,1,0,1,w,m
15772,NOW,1,1,0.9697,0,0,0.802067,0,0,1.33225,0,0,0,1.20944,0,0,0.790972,0,0,0,0,1,0,1,w,m
15773,NOW,1,1,0.974618,0.694267,0,0.735203,0,0,1.28848,0,0.531812,0,1.41495,0,0,0.608091,0,0,0,0,1,0,1,w,m
15774,NOW,1,1,0.973681,0.606441,0,0.882993,0,0,1.54917,0,0.606526,0.548952,1.33306,0,0,0,0,0,0,0,1,0,1,w,m
15775,NOW,1,1,0.972362,0.500352,0,0.894252,0,0,1.36632,0,0.62818,0,1.40755,0,0,0.518383,0,0,0,0,1,0,1,w,m
15776,NOW,1,1,0.972614,0,0,0.694261,0,0,1.59865,0,0.580607,0,1.37479,0,0,0,0,0,0,0,1,0,1,w,m
15777,NOW,1,1,0.967213,1.07907,0,0.594808,0,0,1.33971,0,0,0,1.39044,0,0.571978,0,0,0,0,1,1,0,1,w,m
15778,NOW,1,1,0.95774,0.668304,0,0.567837,0,0,1.27055,0,0,0,1.28785,0,0.892602,1.06873,0,0,0,1,1,0,1,w,m
15779,NOW,1,1,0.970495,0,0,0.832309,0,0,1.41042,0,0,0,1.19609,0,0,0.641624,0,0,0,0,1,0,1,w,m
15780,NOW,1,1,0.958764,0,0,0.7554,0.536493,0,1.02365,0,0,0,0.957131,0,0,0.91569,0,0,0,0,1,0,1,w,m
15781,NOW,1,1,0.95597,0.543735,0,0,0.694737,0,1.27229,0,0,0,1.10015,0,0,0.568147,0,1,0,0,1,0,0,w,m
15782,NOW,1,1,0.948059,0.823374,0,0,0.528426,0,1.08832,0,0,0,0.851788,0,0,0.556015,0,1,0,0,0,0,0,w,m
15783,NOW,1,1,0.929777,0.854127,0,0,0,0,0.826162,0,0.539677,0,0.92713,0,0,0.987344,0,0,0,0,0,0,1,w,m
15784,NOW,1,1,0.900076,1.59453,0,0,0,0,0.976513,0,0.501647,0,0.86504,0,0,1.48973,0,0,0,0,1,0,0,w,m
15785,NOW,1,1,0.941778,1.35794,0,0,0,0,0.581281,0,0.533433,0,0.695889,0,0,1.47886,0,0,0,0,1,0,0,w,m
15786,NOW,1,1,0.937943,0.559988,0,0,0,0,0.830492,0,0,0,1.24431,0,0,1.31791,0,0,0,0,1,0,1,w,m
15787,NOW,1,1,0.914797,1.19406,0,0,0,0,1.54339,0,0.559403,0,1.51649,0,0,0.517096,0.511789,0,0,0,1,0,0,w,m
15809,NOW,1,1,0.967638,0.655144,1.22133,0,0.741182,0,0,0,0,0,1.588,0.74996,0.51149,1.9264,0,0,0,0,1,0,1,w,m
15810,NOW,1,1,0.957678,0.792795,1.06828,0.781942,0.77739,0,0.774354,0,0,0,1.85511,0,0,0.869932,0,0,0,0,1,0,1,w,m
15811,NOW,1,1,0.957673,0.765325,0.999548,0.85479,0.711521,0,0.856402,0,0,0,1.65127,0,0,0.577083,0,1,0,0,1,0,1,w,m
15812,NOW,1,1,0.970421,1.09905,1.29591,0.797543,0.553153,0,0.693221,0,0,0,1.91407,0.653275,0,0,0,0,0,1,1,0,1,w,m
15817,NOW,1,1,0.956671,0.964823,1.06578,0,0.865995,0,0,0,0,0,1.6447,0.839048,0,1.89274,0.50661,0,0,0,1,0,1,w,m
15818,NOW,1,1,0.954516,0.960753,0.8397,0,0.621643,0,0,0,0,0,1.32699,0.52923,0,2.17926,0.678628,0,0,0,1,0,1,w,m
15819,NOW,1,1,0.948974,1.00862,0.815933,0,0.660852,0,0,0,0,0,1.28348,0.732636,0,2.36325,0.647034,0,0,0,1,0,1,w,m
15820,NOW,1,1,0.951082,0.703241,0.858401,0,0.707453,0,0,0,0,0,0.800243,0.598079,0,2.71834,0.61697,0,0,0,1,0,1,w,m
15821,NOW,1,1,0.970642,0.642493,1.29143,0,0,0,0,0,0,0,0.533628,0,0,2.92962,0.517839,1,0,0,1,0,1,w,m
15822,NOW,1,1,0.982365,0,1.28848,0,0.797223,0,0.557843,0,0,0,0.904457,0,0,2.76634,0,0,1,0,1,0,1,w,m
15823,NOW,1,1,0.975502,0.577391,1.09848,0,0.727596,0,0.741674,0,0,0,1.19618,0,0.831837,2.4855,0,0,1,0,1,0,1,w,m
15824,NOW,1,1,0.975451,0,1.076,0,0.703301,0,1.0126,0,0.522675,0,1.65952,0,0.879797,2.03802,0,0,1,0,1,0,1,w,m
15825,NOW,1,1,0.948483,0,1.16691,0,0.821127,0,0.927034,0,0.64483,0,1.3019,0,0.533896,2.17549,0,0,1,0,1,0,1,w,m
15826,NOW,1,1,0.954883,0,0.888501,0,1.08257,0,0.704028,0,0.699585,0.87688,1.08181,0,0.738375,2.31466,0,0,1,0,1,0,0,w,m
15827,NOW,1,1,0.9348,0,1.32507,0,0.986393,0,0,0,0.651586,1.02552,1.41266,0,0.806566,2.45021,0,1,1,0,0,0,0,w,m
15828,NOW,1,1,0.935905,0.527428,1.22458,0,1.00425,0,0,0,1.19276,0.67724,0.690338,0,0,1.92854,0,1,1,0,1,0,1,w,m
15829,NOW,1,1,0.935248,1.12445,1.91826,0,0.739244,0,0.540151,0,0.917837,0,1.08217,0,0,1.74535,0,1,0,0,1,0,1,w,m
15830,NOW,1,1,0.964994,0,1.1016,1.2162,0.954209,0,0.724951,0,0,0,1.09853,0,0,2.7996,0,1,0,1,1,0,1,w,m
15831,NOW,1,1,0.89956,1.07756,1.68413,1.5862,0,0,1.10711,0,0,0,1.60962,1.09209,1.30625,1.53966,0,1,0,1,0,0,1,w,m
15832,NOW,1,1,0.896689,1.70852,1.67985,2.08709,0,0,0.783666,0,0,0,1.72485,1.25361,1.12892,1.49571,0,1,0,1,1,0,1,w,m
15833,NOW,1,1,0.955494,2.12012,1.80763,1.84222,0,0,0,0,0,0,0.732913,0,0.7086,0,0,1,0,0,1,0,1,w,m
15834,NOW,1,1,0.967884,2.45769,2.40848,1.82983,0,0,0,0,0,0,0,0,0,0.754363,0.860905,1,0,1,1,0,1,w,m
15835,NOW,1,1,0.963647,2.18891,1.77217,0,0,0,0.697098,0,0.591376,0,1.32265,0.696263,0.550742,1.18983,0,0,0,1,1,0,1,w,m
15836,NOW,1,1,0.952502,2.11708,1.37692,0,0.63386,0,0,0,0.936704,0,1.40455,0,0,2.19699,0,0,0,1,1,0,1,w,m
15837,NOW,1,1,0.852241,1.93238,1.12899,0,0,0.797422,0,0.742324,1.2753,0.854515,1.2938,1.7003,0,0,0,0,1,1,1,1,0,w,m
15838,NOW,1,1,0.962489,1.40755,1.04444,0,0.949132,0,1.51136,0,0,0,1.2756,0,0,1.06749,0,0,0,0,1,0,1,w,m
15839,NOW,1,1,0.961013,1.53799,1.18494,0,1.15953,0,0.908617,0,0,0,1.39546,0,0,1.14206,0,0,0,0,1,0,1,w,m
15840,NOW,1,1,0.950929,1.84697,1.59437,0,0.922107,0,0,0,0,0,1.11845,0,0,2.00923,0.513977,0,0,0,1,0,1,w,m
15841,NOW,1,1,0.922545,1.55058,1.18686,0,0.699859,0,0,0,0,0,1.06368,0,0,1.82918,1.05634,0,0,0,1,0,1,w,m
15842,NOW,1,1,0.896035,1.18123,1.21086,0,0.994324,0,0,0,0,0,1.43783,0,0,2.74121,0.729792,0,0,0,1,0,1,w,m
15843,NOW,1,1,0.892657,1.08256,0.811898,0,1.1011,0,0,0,0,0,1.67402,0,0,2.30267,0.617171,0,0,0,1,0,1,w,m
15844,NOW,1,1,0.897862,0.892885,0.594596,0,1.24473,0,0,0,0,0,1.71814,0,0,2.56624,0.579475,0,0,0,1,0,1,w,m
15845,NOW,1,1,0.884147,0.896089,0.764497,0,1.06342,0,0,0,0.605033,0,1.62032,0,0,3.12775,0,0,0,0,1,0,1,w,m
15846,NOW,1,1,0.927583,0.697739,0,0,0.64263,0,0.691714,0,0,0,1.66714,0,0,3.22457,0,0,0,0,1,0,1,w,m
15847,NOW,1,1,0.953386,1.17872,1.16189,0.609021,0.566121,0,0.539631,0,0,0,0.797821,0,0.651514,1.85035,0,0,0,0,1,0,1,w,m
15848,NOW,1,1,0.970297,1.14122,0.777379,0.746825,0.730797,0,1.25432,0,0,0,0.922904,0,0,1.08536,0,0,0,0,1,0,1,w,m
15849,NOW,1,1,0.976939,1.07345,0,0.572341,0.621717,0,1.29775,0,0,0,0.513436,0,0,0.745405,0,0,0,0,1,0,1,w,m
15850,NOW,1,1,0.980136,0.765326,0,0.911135,0.604567,0,1.52825,0,0,0,0.708761,0.537772,0,0.947216,0,0,0,0,1,0,1,w,m
15851,NOW,1,1,0.97457,0.777285,0,0,0,0,0.623617,0,0,0,0.774223,0,0.575565,1.21406,0,0,0,0,1,0,1,w,m
15852,NOW,1,1,0.974126,1.04425,0,0.514773,0.55412,0,0.88703,0,0,0,0,0,0,1.51032,0,0,0,0,1,0,1,w,m
15853,NOW,1,1,0.970459,1.36741,0,0.551066,0,0,0.967226,0,0,0,0.5557,0,0,2.22791,0.673569,0,0,0,1,0,1,w,m
15854,NOW,1,1,0.953924,1.35605,0,0.633687,0,0,0.772205,0,0,0,0.843424,0,0,2.28261,1.19976,0,0,0,1,0,1,w,m
15855,NOW,1,1,0.93899,1.02658,0,0,0,0,0,0,0,0,1.1008,0,0,1.94342,0.759309,1,0,0,1,0,1,w,m
15856,NOW,1,1,0.931498,1.00578,0,0.570725,0,0,0,0,0,0,0.672316,0,0,1.52407,1.04933,1,0,0,1,0,1,w,m
15857,NOW,1,1,0.926786,1.25926,0,0.695996,0,0,0,0,0,0,0.832428,0,0,1.65994,1.03887,1,0,0,1,0,1,w,m
15858,NOW,1,1,0.928894,1.18155,0,0.960796,0,0,0,0,0,0,0.518658,0,0,1.72042,1.09394,1,0,0,1,0,1,w,m
15859,NOW,1,1,0.936285,1.46473,0,0.75778,0,0,0,0,0,0,0,0,0,1.42015,1.17216,1,0,0,1,0,1,w,m
15860,NOW,1,1,0.945984,1.12929,0,0.646242,0,0,0,0,0,0,0.561106,0,0,1.55601,1.18896,1,0,0,1,0,1,w,m
15861,NOW,1,1,0.95202,1.36371,0,0,0,0,0,0,0,0,0.689781,0,0,2.01623,1.0922,1,0,0,1,0,1,w,m
15862,NOW,1,1,0.957518,1.38582,0,0,0,0,0,0,0,0,0.639828,0,0,1.90968,1.17079,0,0,0,1,0,1,w,m
15863,NOW,1,1,0.797682,1.79399,1.03638,0,0.512632,0,0,0,0,0.929109,0,0.963165,0.536659,1.18238,0,0,0,0,1,1,0,w,m
15864,NOW,1,1,0.732513,1.45708,1.39921,0,0,0,0,0,0,0.599023,0,1.08331,1.98455,0.747089,0,0,0,0,1,1,0,w,m
15865,NOW,1,1,0.730336,0.881019,0.781754,0,0,0,0,0.691899,0.95911,0.939052,0,0.801642,1.52361,0,0,0,0,0,1,1,1,w,m
15868,NOW,1,1,0.825411,0,0,0,0,0,0,0,0,0,0,1.16478,1.21866,0,0,0,0,0,1,0,1,w,m
15869,NOW,1,1,0.96158,0.832116,0,0,0,0,0,0,0,0,0,0,0.626961,0,0,1,0,0,1,0,1,w,m
15870,NOW,1,1,0.960703,0.848891,0,0,0,0,0,0,0,0,0,0,0,0.501419,0.719714,1,0,0,1,0,1,w,m
15871,NOW,1,1,0.950091,1.07707,0,0,0,0,0,0,0,0,0,0.648656,0.514073,1.5395,1.10304,1,0,0,1,1,1,w,m
15872,NOW,1,1,0.918877,0.817166,0.729964,0,0,0,0,0,0,0,0,0.785527,0.805682,2.14431,1.13132,1,0,0,1,1,0,w,m
15873,NOW,1,1,0.912775,0.772301,1.35299,0,0,0,0,0,0,0,0,1.02082,1.00417,1.22136,0.86869,1,0,0,1,1,0,w,m
15874,NOW,1,1,0.894283,0,0,1.03401,0,0,0,0,0,0,0.757357,0,0.887972,0,0,1,0,0,1,1,0,w,m
15875,NOW,1,1,0.931355,1.11363,1.81122,0,0,0,0,0,0,0,0,0,0,0,0.859768,0,0,0,1,1,1,w,m
15876,NOW,1,1,0.944162,0.819056,0.715775,0,0,0,0,0,0,0,0,0.729416,0,0,0.755323,0,0,0,1,1,0,w,m
15877,NOW,1,1,0.875214,0.731706,0.844967,0,0,0,0,0,0,0,0,0.899794,0,0.624518,0.978669,0,0,0,1,1,0,w,m
15878,NOW,1,1,0.863027,0.503873,0.661529,0,0,0,0.570031,0,0,0,0,1.01865,0,1.05572,1.14488,0,0,0,1,1,0,w,m
15879,NOW,1,1,0.822165,0.826233,0.824554,0,0,0,0,0,0,0,0,0.909846,0,0.90766,1.30943,1,0,0,1,1,0,w,m
15880,NOW,1,1,0.86285,0.796128,0.85623,0,0,0,0,0,0,0,0,0.778306,0,0.681922,1.33367,1,0,0,1,1,1,w,m
15881,NOW,1,1,0.871469,0,0,0,0,0,0,0,0,0,0,0.825449,0,0.946947,1.37894,1,0,0,1,1,0,w,m
