time_stamp,word,frame,success,confidence,AU01_r,AU02_r,AU04_r,AU05_r,AU06_r,AU09_r,AU10_r,AU12_r,AU14_r,AU15_r,AU17_r,AU20_r,AU25_r,AU26_r,AU04_c,AU12_c,AU15_c,AU23_c,AU28_c,AU45_c,speaker_gender,listener_gender
4042,GO,1,1,0.94074,1.17246,0.50094,0.798319,0,0,1.43601,0,0,0,0,0,0,3.36073,0,0,1,0,0,0,0,m,w
4043,GO,1,1,0.957447,1.24488,0,0,0.62946,0,0.631148,0,0,0,0,0,0,3.24606,0,0,1,0,0,0,0,m,w
4044,GO,1,1,0.952188,1.10848,0,0.890586,0,0,0,0,0,0,0,0,0,3.35275,0,0,1,0,0,0,0,m,w
4045,GO,1,1,0.943972,1.43447,0,0.542873,0.721063,0,0,0,0,0,0,0,0,2.6805,0,0,1,0,0,0,0,m,w
4046,GO,1,1,0.961282,0.683957,0,0.793873,0,0,1.12785,0,0,0,0,0,0,2.77261,0,1,1,0,1,0,0,m,w
4047,GO,1,1,0.962974,1.18837,0,0.665732,0,0,0,0,0,0,0,0,0,1.81482,0,1,1,0,1,0,0,m,w
4048,GO,1,1,0.937773,1.22762,0.725458,1.06614,0.941249,0,0,0,0.526814,0,0,0,0,1.57726,0,1,1,0,1,0,0,m,w
4049,GO,1,1,0.901052,1.83947,0.747561,0.91236,1.08745,0,0,0,1.29297,0,0,0,0,0,0,0,1,0,1,0,0,m,w
4050,GO,1,1,0.963017,0.69684,0,1.26615,0,0,0,0,0,0.929056,0,0,0,1.36044,0,1,0,0,1,0,0,m,w
4051,GO,1,1,0.961886,0.892379,0.553148,1.12735,0,0.57705,0,0.59035,0.698633,1.04007,0,0,0,1.0166,0,0,1,0,1,0,0,m,w
4052,GO,1,1,0.952593,1.33288,0.53545,1.41126,0,0,0.507702,0,0.834396,0.84247,0,0,0,2.31811,0,0,1,0,1,0,0,m,w
4053,GO,1,1,0.909287,2.04401,1.02792,2.0873,0.679714,0,0.510449,0,0,0.553377,0,0,0,3.37678,0,0,1,0,1,0,0,m,w
4054,GO,1,1,0.755314,1.93145,0.827768,1.72364,0,0,0,0,0.507884,0,0,0,0,2.26007,0,0,1,0,0,0,0,m,w
4055,GO,1,1,0.966697,1.01866,0,1.13618,0.592048,0,1.20437,0,0,0,0,0,0,3.4251,0,0,0,0,1,0,0,m,w
4056,GO,1,1,0.953178,1.14312,0.592707,1.1374,0,0,0.964127,0,0,0,0,0,0,2.31624,0,0,1,0,1,0,0,m,w
4057,GO,1,1,0.935707,0.993946,0,1.2612,0.521227,0,1.31835,0,0,0,0.517862,0,0,3.21811,0,0,1,0,1,0,0,m,w
4058,GO,1,1,0.922119,1.36435,1.03949,2.28113,0,0,1.60276,0,0,0,0.619765,0,0,2.64246,0,1,1,1,1,0,0,m,w
4059,GO,1,1,0.898429,0.71344,0.780626,2.12525,0,0,1.75704,0,0.579615,0.670962,0,0,0,3.36328,0,1,0,0,1,0,0,m,w
4060,GO,1,1,0.928627,1.10955,0,2.34409,0,0,1.21416,0,0,0,0.528597,0,0,3.68135,0,1,0,1,1,0,0,m,w
4061,GO,1,1,0.894286,0.961121,0,1.43252,0,0,0.884007,0,0,0,0,0,0,3.78046,0.749633,1,0,1,1,0,1,m,w
4062,GO,1,1,0.796633,1.4686,0,1.01388,0,0,1.13982,0,0,0,0.704795,0,0,3.35298,0.902258,1,0,1,1,0,0,m,w
4063,GO,1,1,0.890733,1.66202,0,0.75334,0,0,1.24117,0,0,0,0.922868,0,0,2.14435,0.802369,1,0,1,1,0,0,m,w
4064,GO,1,1,0.893063,1.14468,0,0.911788,0,0,1.20779,0,0,0,1.13056,0.751795,0,2.58374,0,1,0,1,1,0,0,m,w
4065,GO,1,1,0.917101,0.870969,0,1.75734,0,0,0.966557,0,0,0,1.17215,0.925022,0,1.81364,0,1,0,1,1,0,0,m,w
4066,GO,1,1,0.924242,1.05622,0,2.07743,0.642156,0,0,0,0,0.574272,1.33534,0.751479,0,2.25569,0,0,0,1,1,0,0,m,w
4067,GO,1,1,0.902405,1.04396,1.50603,0.971122,0,0.736605,0,0,0.598832,0.846024,1.1471,1.12189,0,2.0974,0,0,1,1,1,0,0,m,w
4068,GO,1,1,0.841326,1.18596,1.65846,0,0.609653,0.883978,0,0,1.32332,1.11511,0.65401,1.06132,0,1.40862,0,0,1,1,1,0,0,m,w
4069,GO,1,1,0.806982,0.90838,1.08958,0.674859,0,1.08753,0,0.796767,1.45301,2.00928,0,0.901281,0,2.43628,0,0,1,1,1,0,0,m,w
4070,GO,1,1,0.787203,0,0.613996,1.38242,0,1.08607,0,0.951722,1.60529,1.71487,0,0.80352,0,3.56042,0,0,1,0,1,0,0,m,w
4071,GO,1,1,0.862023,0,0,1.86969,0,1.06284,0.896872,0.992447,1.50897,1.85821,0,0.542938,0,2.99051,0,1,1,0,1,0,0,m,w
4072,GO,1,1,0.842041,0,0,1.4975,0.696124,0.921673,0,0.830807,1.69579,0.906471,0,0,0,3.09594,0,0,1,0,1,0,0,m,w
4073,GO,1,1,0.793105,0,0,0,0,0.84161,0,0.686424,1.46586,1.15745,0,0,0,3.68259,0,0,1,0,1,0,0,m,w
4074,GO,1,1,0.806737,0,0,0.593439,0,0.6582,0,0,0.887972,0,0,0,0,2.37332,0,1,1,0,1,0,0,m,w
4075,GO,1,1,0.923789,0,0,0.873584,0,0.859382,0.520751,0.880701,0.852525,1.97006,0,0,0,1.26879,0,0,1,0,1,0,0,m,w
4076,GO,1,1,0.798056,0,0,1.02943,0,0.647781,0.541838,0,0.83937,1.53392,0,0,0,0.747885,0,1,1,0,1,0,0,m,w
4077,GO,1,1,0.769569,0,0,1.41861,0,0.671212,0,0.542991,0.737849,0.649278,0,0,0,0,0,1,1,0,0,0,0,m,w
4078,GO,1,1,0.962991,0,0,1.33712,0,0,1.19592,0.714046,0.792509,1.39247,0,0,1.28112,0,0,0,1,0,0,0,0,m,w
4079,GO,1,1,0.941646,0,0,0.812992,0,0,1.28052,0.662572,0.913923,1.1884,0,0,0.716366,0,0,1,1,0,0,0,0,m,w
4080,GO,1,1,0.845878,0,0,0.915494,0,0,0,0,1.03781,0,0,0.576787,0,0,0,1,1,0,0,0,0,m,w
4081,GO,1,1,0.950926,0,0,0.794885,0,0,1.09773,0.796787,0.908645,1.33401,0,0,0.645584,0,0,0,1,0,0,0,0,m,w
4091,GO,1,1,0.910534,0,0.791217,0,0,0,0.561065,0.805858,1.73881,0,0,0,0.672059,0,0,0,1,0,0,0,0,m,w
4096,GO,1,1,0.967516,0,0,0,0,0,0.7709,0,0.951194,0,0,0,0,0,0,0,1,0,0,0,0,m,w
4097,GO,1,1,0.978021,0,0,0,0,0,0,0,1.15003,0,0,0,0,0,0,0,1,0,0,0,0,m,w
4098,GO,1,1,0.972059,0,0,0,0,0,0.642598,0,0.814731,0,0,0,0,0,0,0,0,0,0,0,0,m,w
4099,GO,1,1,0.968484,0.515572,0.673267,0,0,0,0.908113,0,0.984439,0,0,0,0,0,0,0,1,0,0,0,0,m,w
4100,GO,1,1,0.97337,0.609607,0.956453,0,0,0,1.19908,0,0.91008,0,0,0,0,0,0,0,0,0,0,0,0,m,w
3173,GO,1,1,0.986269,0.819732,0,0,0,0,0,0,0,0,0,0,0,0,0,0,1,0,1,0,1,m,w
3174,GO,1,1,0.978874,0.767648,0,0,0,0,0,0,0.558251,0,0.576974,0,0,0,0,0,1,0,0,0,1,m,w
3175,GO,1,1,0.980911,0.624021,0,0,0.65379,0,0,0,0,0,0,0,0,0,0,0,1,0,1,0,1,m,w
3176,GO,1,1,0.988798,0,0,0,0.592929,0,0,0,0,0,0,0,0,0,0,0,1,0,0,0,1,m,w
3177,GO,1,1,0.990214,0,0,0,0,0,0,0,0,0,0,0,0,0.628508,0,0,1,0,0,0,1,m,w
3178,GO,1,1,0.99149,0,0,0,0,0,0,0,0,0,0,0,0,1.48563,0,0,0,0,0,0,1,m,w
3179,GO,1,1,0.987789,0,0,0,0,0,0,0,0,0,0.842063,0.523497,0,1.86039,0,0,0,0,0,0,1,m,w
3180,GO,1,1,0.990376,0,0,0,0,0,0,0,0,0,0.842103,0.602222,0,2.34874,0,0,1,0,0,0,1,m,w
3181,GO,1,1,0.990789,0,0.510679,0,0,0,0,0,0,0,0.823047,0.621923,0,1.74234,0,0,1,0,0,0,1,m,w
3182,GO,1,1,0.991435,0,0.704159,0,0,0,0,0,0,0,0.861513,0.5551,0.73727,1.84416,0,0,1,0,0,0,1,m,w
3183,GO,1,1,0.991579,0,0.920729,0,0,0,0,0,0,0,0.934451,0.684063,0.872011,1.73397,0,0,1,0,0,0,0,m,w
3184,GO,1,1,0.991,0,1.07724,0,0,0,0,0,0,0,0.971545,0,0.998492,2.16893,0,0,1,0,0,0,0,m,w
3185,GO,1,1,0.98728,0,1.34212,0,0.629036,0,0,0,0,0,1.01964,0,0.927321,1.43409,0,0,1,0,0,0,0,m,w
3186,GO,1,1,0.981298,0.741689,1.21068,0,1.24343,0,0,0,0,0,0.950299,0,0.718161,1.363,0,0,0,0,1,0,0,m,w
3187,GO,1,1,0.983564,0.856019,1.07924,0,1.04108,0,0,0,0,0,0.759972,0,0.830237,1.09207,0,0,0,0,0,0,0,m,w
3188,GO,1,1,0.982227,0.800164,1.09578,0,0.847894,0,0,0,0,0,0.567037,0,0.531377,0,0,0,0,0,0,0,0,m,w
3189,GO,1,1,0.982587,0.979697,1.16717,0,0.777099,0,0,0,0,0,0,0,0.540864,0,0,0,0,0,0,0,0,m,w
3190,GO,1,1,0.981264,1.15028,1.03518,0,0.508822,0,0,0,0,0,0,0,0.502001,0,0,0,0,0,0,0,0,m,w
3191,GO,1,1,0.983701,1.17398,0.821408,0,0,0,0,0,0,0,0,0,0,0,0,0,0,0,0,0,0,m,w
3344,GO,1,1,0.986411,0,0,0,0,0,0,0,0,0,0,0,0,0,0,0,1,0,0,0,0,m,w
3345,GO,1,1,0.986448,0,0,0,0,0,0,0,0,0,0,0,0,0,0,0,1,0,0,0,0,m,w
3346,GO,1,1,0.986099,0,0,0,0,0,0,0,0,0,0,0,0,0.616534,0,0,1,0,0,0,0,m,w
3347,GO,1,1,0.985654,0,0,0,0,0,0,0,0,0,0,0,0,0.766614,0,0,1,0,0,0,0,m,w
3348,GO,1,1,0.981942,0,0,0,0,0,0,0,0,0,0.665402,0,0,3.20126,0.608913,0,1,0,1,0,1,m,w
3349,GO,1,1,0.983168,0,0,0,0,0,0,0,0,0,0,0,0,4.20402,0.704546,0,0,0,1,0,1,m,w
3350,GO,1,1,0.993715,0.613475,0,0,0,0,0,0,0,0,0,0,0,2.73429,0,0,0,0,1,0,0,m,w
3351,GO,1,1,0.983348,0.524854,0.540827,0,0,0,0,0,0,0,0.730355,0,0,1.8564,0,0,1,0,0,0,0,m,w
3352,GO,1,1,0.983591,0,0.559257,0,0,0,0,0,0,0,0.625802,0,0,1.70198,0,0,1,0,0,0,0,m,w
3353,GO,1,1,0.980683,0,0,0,0,0,0,0,0,0,0.622706,0,0,0.991082,0,0,1,0,0,0,0,m,w
3354,GO,1,1,0.979524,0,0,0,0,0,0,0,0,0,0.620454,0,0,0.990688,0,0,1,0,0,0,0,m,w
3355,GO,1,1,0.980846,0,0,0,0,0,0,0,0,0,0,0,0.751604,0,0,0,1,0,0,0,0,m,w
3356,GO,1,1,0.980232,0,0,0,0,0,0,0,0,0,0,0,0.562174,0,0,0,1,0,0,0,0,m,w
3357,GO,1,1,0.98042,0,0,0,0,0,0,0,0,0,0,0,0,0.722132,0,0,1,0,0,0,0,m,w
3358,GO,1,1,0.978805,0,0,0,0,0,0,0,0,0,0,0,0,1.1344,0,0,1,0,0,0,0,m,w
3359,GO,1,1,0.979264,0,0,0,0,0,0,0,0,0,0,0,0.600366,1.05248,0,0,1,0,0,0,0,m,w
3360,GO,1,1,0.977168,0,0,0,0,0,0,0,0,0,0,0,0,1.43336,0,0,1,0,0,0,0,m,w
3361,GO,1,1,0.984825,0,0,0,0,0,0,0,0,0,0,0,0.899587,2.43914,0,0,1,0,0,0,0,m,w
3362,GO,1,1,0.986732,0,0,0,0,0,0,0,0,0,0,0,0.525949,1.89983,0,0,1,0,0,0,0,m,w
3363,GO,1,1,0.989198,0,0,0,0,0,0,0,0,0,0,0,0.722053,1.87493,0,0,1,0,0,0,0,m,w
3364,GO,1,1,0.991438,0,0,0,0,0,0,0,0,0,0,0,0,1.11298,0,0,1,0,0,0,0,m,w
3365,GO,1,1,0.991791,0,0,0,0,0,0,0,0,0,0,0.53692,0,1.48504,0,0,1,0,0,0,0,m,w
3366,GO,1,1,0.991857,0,0,0,0,0,0,0,0,0,0,0,0,1.55299,0,0,1,0,0,0,0,m,w
3367,GO,1,1,0.990486,0,0,0,0,0,0,0,0,0,0,0.614849,0,1.15062,0,0,1,0,0,0,0,m,w
3368,GO,1,1,0.989577,0,0,0,0,0,0,0,0,0,0,0.58382,0,1.24934,0,0,1,0,0,0,0,m,w
3369,GO,1,1,0.989373,0,0,0,0,0,0.625044,0,0,0,0,0.631807,0,1.58855,0,0,1,0,0,0,0,m,w
3386,GO,1,1,0.98183,0,0,0.660147,0,0,0.672924,0,0,0,0.739842,0.938928,0,0.786498,0,0,0,1,1,0,1,m,w
1779,GO,1,1,0.840563,0.505632,0,1.39532,0.644405,0,1.30784,0,0,0.562777,0.793003,0.676715,0,2.00051,0,1,1,1,1,0,0,m,w
1780,GO,1,1,0.848177,0.586783,0,1.61044,0,0,1.48834,0,0,0.637351,0.937481,0.63081,0,2.11947,0,1,1,1,1,0,0,m,w
1781,GO,1,1,0.855431,0.707182,0,1.55624,0.557244,0,1.29621,0,0,0,0.952333,0.574803,0,2.18081,0,1,1,1,1,0,0,m,w
1782,GO,1,1,0.851721,0.522913,0,1.61511,0.526512,0,1.71355,0,0,0,0.915713,0.574222,0,2.11631,0,1,1,1,1,0,0,m,w
1783,GO,1,1,0.855921,0.50775,0,1.48253,0.715615,0,1.67061,0,0,0,0.844403,0.570567,0,2.16914,0,1,1,1,1,0,0,m,w
1784,GO,1,1,0.84912,0,0,1.34846,0.567263,0,1.50039,0,0,0,0.644892,0.635251,0,2.73023,0,1,1,1,1,0,0,m,w
1785,GO,1,1,0.813505,0,0,1.41504,0.844728,0,1.65104,0,0,0,0.513432,0.67975,0,2.81913,0,1,1,1,1,0,0,m,w
1786,GO,1,1,0.805223,0.539766,0,1.5615,1.01877,0,1.37461,0,0,0.601565,0.667128,0.772436,0,3.24872,0,1,1,1,1,0,0,m,w
1787,GO,1,1,0.789023,0,0,1.36887,0.957279,0,1.55323,0,0,0.791569,0.752789,0.812634,0,3.26097,0,1,1,1,1,0,0,m,w
1789,GO,1,1,0.747514,0,0,1.31503,0,0,1.29023,0.608046,0.582222,0.70406,1.05566,1.09596,0.645544,1.94132,0,1,1,1,1,0,0,m,w
1790,GO,1,1,0.769612,0,0,1.52397,0,0,1.52199,0,0,0.752271,1.34558,1.13778,0.811515,1.57462,0,1,1,1,1,0,0,m,w
1791,GO,1,1,0.778545,0,0,1.44358,0,0,1.31508,0.630297,0.502653,0.89338,1.31991,1.10824,0.859908,1.50498,0,1,1,1,0,0,0,m,w
1792,GO,1,1,0.777075,0,0,1.21731,0,0,1.28478,0.568819,0,1.00268,1.1994,1.02328,0.626891,0.869212,0,1,1,1,0,0,0,m,w
1793,GO,1,1,0.737839,0,0,1.23496,0,0,1.29751,0.630163,0,1.22465,1.04229,0.977349,0.507479,1.22757,0,1,1,1,0,0,0,m,w
1794,GO,1,1,0.751541,0,0,1.33742,0,0,1.07525,0.635988,0,1.17207,0.870094,0.921217,0.80575,1.82583,0,1,1,1,1,0,0,m,w
1795,GO,1,1,0.763472,0,0,1.75064,0,0,1.07152,0.646698,0.534969,0.973152,0.915236,0.948983,0.864679,1.75378,0,1,1,1,1,0,0,m,w
1796,GO,1,1,0.809867,0.73035,0,1.9007,0.861469,0,1.00351,0,0.585389,0.761089,0.601789,0.845575,0.597931,2.36205,0,1,1,1,1,0,0,m,w
1797,GO,1,1,0.830907,0.789324,0,1.75367,0.764658,0,1.16783,0,0,0.541946,0.560133,0.754665,0,3.1091,0,1,1,1,1,0,0,m,w
1798,GO,1,1,0.854409,1.01545,0,1.29038,0.928874,0,1.36076,0,0,0.597042,0,0.592463,0,3.19681,0,1,1,1,1,0,0,m,w
1799,GO,1,1,0.870038,1.21458,0,1.24432,0.88657,0,1.21435,0,0,0.538489,0,0.520405,0,3.74117,0,1,1,1,1,0,0,m,w
1800,GO,1,1,0.868969,1.32218,0,1.06485,1.1461,0,1.26422,0,0,0.714799,0,0,0,4.02455,0,1,1,1,1,0,0,m,w
1801,GO,1,1,0.87046,0.968549,0,1.23587,0,0,0.856929,0,0.60999,0.7679,0,0.512127,0,3.43506,0,1,1,1,1,0,0,m,w
1802,GO,1,1,0.867814,0.907855,0,1.2301,0.508065,0,0.853328,0,0.601208,0.675049,0,0,0,3.22767,0,1,1,1,1,0,0,m,w
1803,GO,1,1,0.863737,0.862252,0,1.2356,0.503558,0,0.909371,0,0.619649,0.823539,0,0,0,3.22961,0,1,1,1,1,0,0,m,w
1804,GO,1,1,0.869181,0.880121,0,1.34593,0,0,0.893726,0,0.596914,0.64294,0,0,0,3.43847,0,1,1,1,1,0,0,m,w
1805,GO,1,1,0.873672,0.949441,0,1.63702,0.507835,0.560129,0.699959,0,0.547294,0.709086,0.534097,0,0,3.36933,0,1,1,1,1,0,0,m,w
1806,GO,1,1,0.868052,0.867974,0,1.33709,0,0.512552,0.867049,0,0.591683,0.677047,0,0,0,3.67212,0,1,1,1,1,0,0,m,w
1807,GO,1,1,0.846055,0.970195,0,1.46563,0.511137,0.563196,0.537512,0,0.551584,0,0,0,0,3.21184,0,1,1,1,1,0,0,m,w
1808,GO,1,1,0.877862,0.830954,0,1.19865,0.523034,0.572665,0.537545,0,0,0.730056,0,0.547466,0,3.57915,0,1,1,1,1,0,0,m,w
1809,GO,1,1,0.855871,1.01743,0,1.19297,0.600672,0.504787,0.606839,0,0,0.502876,0,0,0,3.35764,0,1,1,1,1,0,0,m,w
1810,GO,1,1,0.841077,1.09318,0,1.27741,0,0,0.647222,0,0,0.54487,0,0,0,3.67156,0,1,1,1,1,0,0,m,w
1811,GO,1,1,0.840332,1.03171,0,1.40762,0.556713,0,1.00023,0,0,0.760767,0,0.540808,0,3.29058,0,1,1,1,1,0,0,m,w
1812,GO,1,1,0.850895,1.12681,0,1.30835,0.540229,0,0.890913,0,0,0.710106,0,0,0,3.60088,0,1,1,1,1,0,0,m,w
1813,GO,1,1,0.859076,1.26232,0,1.4975,0.675786,0,0.99441,0,0,0.622942,0,0,0,3.54451,0,1,1,1,1,0,0,m,w
1814,GO,1,1,0.865697,1.29337,0,1.28095,0.541911,0,1.06741,0,0,0.707583,0,0,0,3.61838,0,1,1,1,1,0,0,m,w
1815,GO,1,1,0.870311,1.02059,0,0.995905,0.549202,0,0.979558,0,0.522397,0.660962,0,0,0,3.91829,0,1,1,1,1,0,0,m,w
1816,GO,1,1,0.873112,1.05084,0,1.09946,0.649025,0,0.969118,0,0.582144,0.577015,0,0,0,3.8052,0,1,1,1,1,0,0,m,w
1817,GO,1,1,0.877805,1.01831,0,1.23085,0.715169,0,1.13131,0,0,0.516413,0,0,0,3.94587,0,1,1,1,1,0,0,m,w
1818,GO,1,1,0.874106,0.908135,0,1.27828,0.74008,0,1.19713,0,0,0,0,0,0,3.76709,0,1,1,1,1,0,0,m,w
1819,GO,1,1,0.871169,0.868146,0,1.27392,0.541096,0,1.07322,0,0,0.545091,0,0,0,3.56397,0,1,1,1,1,0,0,m,w
1820,GO,1,1,0.862675,0.827846,0,1.21371,0.56069,0,1.06606,0,0,0,0,0,0,3.14458,0,1,1,1,1,0,0,m,w
1821,GO,1,1,0.858573,0.761602,0,1.26592,0,0,0.995602,0,0.597591,0,0,0,0,3.17523,0,1,1,1,1,0,0,m,w
1822,GO,1,1,0.856871,0.717241,0,1.28325,0,0,0.995785,0,0.507736,0,0,0,0,3.49899,0,1,1,1,1,0,0,m,w
1823,GO,1,1,0.855264,0.710964,0,1.21034,0,0,0.901662,0,0.567631,0,0,0,0,3.41296,0,1,1,1,1,0,0,m,w
1824,GO,1,1,0.861904,0.74992,0,1.34884,0,0,1.08683,0,0.605603,0.51896,0,0,0,3.22405,0,1,1,1,1,0,0,m,w
1825,GO,1,1,0.866819,0.748401,0,1.04662,0.538121,0,1.04934,0,0.585505,0.574529,0,0,0,3.5387,0,1,1,1,1,0,0,m,w
1826,GO,1,1,0.864995,0.832143,0,1.03841,0.537666,0,1.22622,0,0.663772,0.680833,0,0,0,3.44418,0,1,1,1,1,0,0,m,w
1827,GO,1,1,0.85586,0.979412,0,1.03298,0.677505,0,1.20361,0,0.731964,0.697346,0,0,0,3.4694,0,1,1,1,1,0,0,m,w
1828,GO,1,1,0.855727,0.891068,0,0.911035,0.749031,0,1.14124,0,0.697227,0.796611,0,0,0,3.6388,0,1,1,1,1,0,0,m,w
1829,GO,1,1,0.855408,0.842693,0,0.736567,0.614115,0,1.10164,0,0.76554,0.706996,0,0,0,3.7,0,1,1,1,1,0,0,m,w
1830,GO,1,1,0.856715,0.705563,0,0.960769,0.638791,0,1.07682,0,0.747495,0.720754,0,0,0,3.4224,0,1,1,1,1,0,0,m,w
1831,GO,1,1,0.863659,0.751494,0,0.984652,0.562797,0,1.3581,0,0.793139,0.760184,0,0,0,3.3649,0,1,1,1,1,0,0,m,w
1832,GO,1,1,0.862868,0.75478,0,1.1505,0,0,1.40108,0,0.680271,0.711798,0,0,0,3.16157,0,1,1,1,1,0,0,m,w
1833,GO,1,1,0.864674,0.781841,0,1.13527,0.515087,0,1.31092,0,0.666614,0.66234,0,0,0,3.42634,0,1,1,1,1,0,0,m,w
1834,GO,1,1,0.861824,0.807941,0,1.0063,0.680544,0,1.25337,0,0.63304,0.660229,0,0,0,3.16393,0,1,1,1,1,0,0,m,w
1835,GO,1,1,0.858915,0.824791,0,1.01195,0.60623,0,1.45118,0,0.557316,0.614643,0,0,0,3.27655,0,1,1,1,1,0,0,m,w
1836,GO,1,1,0.859939,0.851381,0,1.09631,0.699721,0,1.48978,0,0.574262,0,0,0,0,2.99142,0,1,1,1,1,0,0,m,w
1837,GO,1,1,0.853196,0.71111,0,1.0113,0.574253,0,1.2601,0,0,0,0,0,0,3.37756,0,1,1,1,1,0,0,m,w
1838,GO,1,1,0.858896,0.886034,0,1.1185,0.700349,0,1.40649,0,0.530135,0,0,0,0,3.6093,0,1,1,1,1,0,0,m,w
1839,GO,1,1,0.865486,0.879973,0,1.12469,0.736611,0,1.40713,0,0,0,0,0,0,3.47111,0,1,1,1,1,0,0,m,w
1840,GO,1,1,0.863324,0.846019,0,1.16399,0.76757,0,1.52962,0,0,0,0,0,0,3.74368,0,1,1,1,1,0,0,m,w
1841,GO,1,1,0.862799,0.8944,0,1.15149,0.657863,0,1.68821,0,0,0.507444,0.55547,0,0,3.54093,0,1,1,1,1,0,0,m,w
1842,GO,1,1,0.857484,0.829903,0,1.2301,0.528132,0,1.75829,0,0,0.550835,0.576348,0,0,3.24922,0,1,1,1,1,0,0,m,w
1843,GO,1,1,0.837295,0.700302,0,1.0635,0,0,1.74159,0,0,0.576851,0.546214,0,0,3.4055,0,1,1,1,1,0,0,m,w
1844,GO,1,1,0.831072,0.759222,0,0.922248,0.606379,0,1.50689,0,0,0,0,0,0,3.1416,0,1,1,1,1,0,0,m,w
1845,GO,1,1,0.853646,0.801114,0,1.14981,0.512928,0,1.68694,0,0,0.555048,0,0,0,3.15143,0,1,1,1,1,0,0,m,w
1846,GO,1,1,0.861346,0.835109,0,1.04475,0,0,1.54772,0,0,0.568709,0,0,0,3.12259,0,1,1,1,1,0,0,m,w
1847,GO,1,1,0.865625,0.865821,0,1.11268,0,0,1.629,0,0,0.554958,0,0,0,3.05802,0,1,1,1,1,0,0,m,w
1848,GO,1,1,0.868672,0.847858,0,1.13747,0,0,1.60735,0,0,0.57168,0,0,0,3.2078,0,1,1,1,1,0,0,m,w
1849,GO,1,1,0.866137,0.809081,0,0.964875,0,0,1.42189,0,0,0.532571,0,0,0,3.24086,0,1,1,1,1,0,0,m,w
1850,GO,1,1,0.864879,0.766896,0,1.21192,0,0,1.59112,0,0,0,0,0,0,3.27445,0,1,1,1,1,0,0,m,w
1851,GO,1,1,0.865666,0.827815,0,1.26724,0.541392,0,1.75215,0,0,0,0,0,0,3.07589,0,1,1,1,1,0,0,m,w
1852,GO,1,1,0.865047,0.838424,0,1.2886,0.654633,0,1.74961,0,0,0.500522,0,0,0,3.43977,0,1,1,1,1,0,0,m,w
1853,GO,1,1,0.860954,0.763064,0,1.28564,0.596781,0,1.46075,0,0,0.665062,0.526304,0,0,3.44827,0,1,1,1,1,0,0,m,w
1854,GO,1,1,0.858986,0.873025,0,1.1616,0.597709,0,1.4614,0,0,0.561756,0.529656,0,0,2.96659,0,1,1,1,1,0,0,m,w
1855,GO,1,1,0.858013,0.802363,0,1.04082,0.609152,0,1.52483,0,0.521772,0.646722,0.601053,0,0,3.07633,0,1,1,1,1,0,0,m,w
1856,GO,1,1,0.856285,0.794138,0,1.01524,0.717637,0,1.65241,0,0,0.735394,0.594085,0,0,3.21653,0,1,1,1,1,0,0,m,w
1857,GO,1,1,0.856648,0.701757,0,1.04472,0.668124,0,1.4863,0,0,0.673281,0.600979,0,0,3.06343,0,1,1,1,1,0,0,m,w
1858,GO,1,1,0.85727,0.853429,0,1.21132,0.650698,0,1.56377,0,0.573616,0.513972,0.717023,0,0,3.48059,0,1,1,1,1,0,0,m,w
1859,GO,1,1,0.855093,0.923372,0,1.03714,0.691347,0,1.68718,0,0,0,0.658061,0,0,3.46691,0,1,1,1,1,0,0,m,w
1860,GO,1,1,0.85088,0.88331,0,1.04967,0.680777,0,1.70757,0,0.558753,0.511214,0.672099,0,0,3.35992,0,1,1,1,1,0,0,m,w
1861,GO,1,1,0.849794,0.800271,0,0.961219,0.796149,0,1.57383,0,0.551636,0,0.797401,0,0,3.32452,0,1,1,1,1,0,0,m,w
1862,GO,1,1,0.854086,0.766024,0,1.07154,0.722444,0,1.68551,0,0.517306,0.524325,0.747531,0,0,3.13844,0,1,1,1,1,0,0,m,w
4170,GO,1,1,0.965017,0,0,0.930552,0,0.521884,0.872934,0.624754,0.956948,1.34957,0.736792,0,0,1.05705,0,0,1,1,1,0,0,m,m
4171,GO,1,1,0.966164,0,0,0.846154,0,0.73623,0,0.977879,1.2844,1.5016,0.836421,0,0,1.48112,0,0,1,1,1,0,0,m,m
4172,GO,1,1,0.970089,0,0,1.02705,0,0.7449,0,0.961634,1.48426,1.52645,0.685905,0,0,1.82023,0,1,1,1,1,0,0,m,m
4173,GO,1,1,0.972924,0,0,1.14005,0,0.832898,0,1.08495,1.59058,1.75893,0.616046,0,0,1.89975,0,1,1,0,1,0,0,m,m
4174,GO,1,1,0.964214,0,0,1.14754,0,0.869333,0,1.04103,1.70304,1.74413,0,0,0,1.22993,0,0,1,0,1,0,0,m,m
4175,GO,1,1,0.949608,0,0,1.19764,0,0.964037,0,1.11494,1.59355,1.73869,0.529194,0,0,0,0,0,1,0,1,0,0,m,m
4176,GO,1,1,0.931311,0,0,1.28222,0,0.992508,0,1.16503,1.56378,1.60465,0.523359,0.52739,0,1.09275,0,0,1,0,1,0,0,m,m
4177,GO,1,1,0.932632,0,0,1.38013,0,0.999299,0,1.20811,1.65867,1.69401,0.522623,0.540276,0,1.15505,0,0,1,0,1,0,0,m,m
4178,GO,1,1,0.938061,0,0,1.1875,0,0.989413,0,1.21657,1.52441,1.89893,0.500462,0.68972,0,1.02433,0,0,1,0,1,0,0,m,m
4179,GO,1,1,0.942164,0,0,1.1683,0,1.01105,0,1.26515,1.58406,2.02159,0,0.679846,0,1.21981,0,0,1,0,1,0,0,m,m
4180,GO,1,1,0.93503,0,0,1.37866,0,1.02267,0,1.26715,1.64448,1.93186,0.651037,0.627612,0,1.52465,0,0,1,0,1,0,0,m,m
4181,GO,1,1,0.93608,0,0,1.29614,0,1.05293,0,1.36289,1.5223,2.12236,0.554376,0.760695,0.614678,1.30544,0,0,1,1,1,0,0,m,m
4182,GO,1,1,0.973587,0,0,1.48215,0,1.12741,0,1.34469,1.36162,1.98702,0.719511,0.73449,0.695223,1.47779,0,0,1,1,1,0,0,m,m
4183,GO,1,1,0.969378,0,0,1.31734,0,1.08371,0,1.29575,1.16679,1.96495,0.81776,0.925358,1.1766,1.19978,0,0,1,1,1,0,0,m,m
4184,GO,1,1,0.959837,0,0,1.37306,0,0.956907,0,1.22549,0.927803,2.12528,0.705883,1.03036,1.35832,0,0,0,1,0,1,0,0,m,m
4185,GO,1,1,0.953514,0,0,1.11697,0,0.967239,0,1.40324,0.757412,2.05554,0.679016,0.957437,1.32835,0,0,0,1,0,0,0,0,m,m
4186,GO,1,1,0.961124,0,0,0.871215,0,0.94438,0,1.47715,0.692462,2.46808,0.671141,1.034,0,0,0,0,1,0,0,0,0,m,m
4187,GO,1,1,0.972458,0,0.533874,0,0,0.918168,0,1.51831,0.703491,2.72057,0,0.899697,0.796534,0,0,0,1,0,0,0,0,m,m
4188,GO,1,1,0.976365,0,0.557806,0,0,0.900439,0,1.43154,0.661075,2.64888,0,0.935609,1.11427,0,0,0,1,0,0,0,0,m,m
4189,GO,1,1,0.978623,0,0,0,0,0.915028,0,1.33343,0.713052,2.24786,0.820868,0.796583,1.29665,0,0,0,1,1,0,0,0,m,m
4190,GO,1,1,0.937031,0,0,0.682446,0,0.869115,0,1.06665,1.14349,1.58488,0,0,1.31387,0,0,0,1,0,0,0,0,m,m
4191,GO,1,1,0.853292,0.539768,0,0.883997,0,0.756166,0,1.02154,1.32267,1.44987,0,0,0.824197,0,0,0,1,0,0,0,0,m,m
4192,GO,1,1,0.803452,0.566448,0,0.849527,0,0.660351,0,0.926056,1.25336,1.59906,0,0.54255,0.592006,0,0,0,1,0,1,0,0,m,m
4193,GO,1,1,0.914052,0,0,0.957184,0,0.742782,0,0.922175,1.31219,1.56172,0,0,0,0.758901,0,0,1,0,1,0,0,m,m
4194,GO,1,1,0.952523,0,0,0.94136,0,0.544419,0,0.646247,1.25562,1.20323,0,0,0,0.531123,0,1,1,0,1,0,0,m,m
4195,GO,1,1,0.954155,0,0,0,0,0,0,0,0.568872,1.03627,0,0,0,0,0,1,0,0,1,0,0,m,m
4196,GO,1,1,0.91137,0,0,0.590531,0,0,0,0,0,0,0.616535,0,0,0,0.633804,1,0,0,0,0,1,m,m
4197,GO,1,1,0.894874,0.702697,0.687694,0,0,0,0,0,0,0,0,0,0,1.22097,0.846057,1,0,0,0,0,1,m,m
4212,GO,1,1,0.908173,1.33605,1.07527,1.02101,0,0,0,0,0.789791,1.06081,0,0.782012,0,0.915259,0,1,0,0,1,0,0,m,m
4213,GO,1,1,0.795242,1.10278,0,1.20956,0,0,0,0,0.771324,0.858296,0.581728,0,0,1.50251,0,1,0,0,0,0,0,m,m
4214,GO,1,1,0.766518,0,0,1.03976,0,0,0,0,0.833789,0.815306,0.761551,0,0,0.78967,0,1,0,0,0,0,0,m,m
1120,GO,1,1,0.836686,1.68016,1.51605,1.07899,0,0,0,0,0,1.10272,0,0,0.821791,0,0,0,0,0,0,0,1,w,m
1128,GO,1,1,0.84409,0,0,0.971381,1.30017,0,0.658204,0,0,0,0,0,0.928255,0.982946,0,0,0,0,0,0,1,w,m
1129,GO,1,1,0.836269,0,0,0.703173,1.4405,0,0.874928,0,0,0,0,0,0.910254,2.11549,0,0,0,0,0,0,0,w,m
1130,GO,1,1,0.887331,0,0,0.861139,0,0,0,0,0,0.949148,0,0,0,0,0,0,0,1,0,0,0,w,m
1131,GO,1,1,0.821063,0,0,0,0,0,1.11478,0.573367,0,1.20425,0,0,0,0,0,0,0,1,0,0,0,w,m
1132,GO,1,1,0.813776,0,0,0.583445,0,0,1.20086,0,0,0.963797,0,0,0,0,0,0,0,1,1,0,0,w,m
1133,GO,1,1,0.818921,0,0,0,0,0,0.932593,0,0,0.846655,0,0,0,0.983673,0,0,0,1,1,0,0,w,m
1134,GO,1,1,0.844485,0,0.767053,0,0,0,1.60862,0,0,1.02587,0,0,0,1.40051,0,0,0,1,1,0,0,w,m
1135,GO,1,1,0.865185,0,0.847971,0.626136,0.700812,0,1.30186,0,0,0.843529,0,0,0,1.37392,0,0,1,0,1,0,0,w,m
1136,GO,1,1,0.888378,0,1.147,0.664903,0.578449,0,1.32067,0,0,0.746566,0,0,0,1.98517,0,0,1,0,1,0,0,w,m
1137,GO,1,1,0.942229,0,0.55808,0,0,0.554549,1.58284,0,0,0.921902,0,0,0.940005,1.91995,0,0,1,0,1,0,0,w,m
1138,GO,1,1,0.960311,0,0.629778,0,0,0.699227,1.58026,0,0,1.08183,0,0,1.21128,1.98987,0,0,1,0,1,0,0,w,m
1139,GO,1,1,0.960793,0,0.736207,0,0,0.71845,1.74364,0,0,0.750162,0,0,1.64655,1.27342,0,0,1,1,1,0,0,w,m
1140,GO,1,1,0.967689,0,0.642394,0.820027,0,0.773731,1.61749,0,0,0.667245,0,0.565733,1.53891,1.70636,0,0,1,1,1,0,0,w,m
1141,GO,1,1,0.967961,0,0.697541,0.72582,0,0.785357,1.69183,0.529403,0,0.802195,0,0.671571,1.80018,1.58149,0,0,0,1,1,0,0,w,m
1142,GO,1,1,0.966651,0,0.897903,1.18628,0,0.681854,1.434,0,0,0.792897,0,0.666454,1.94588,2.0103,0,0,0,1,0,0,0,w,m
1143,GO,1,1,0.964805,0,0,0.972651,0,0.69902,1.36056,0,0,0.763845,0,0.794355,1.77252,2.05876,0,0,0,1,1,0,0,w,m
1144,GO,1,1,0.974343,0,0,1.26506,0,0.690222,1.3062,0,0,0,0.658084,0.70704,1.5138,2.45683,0,0,0,1,0,0,0,w,m
1145,GO,1,1,0.975763,0,0,1.17577,0,0.758357,1.53464,0.560848,0,0.536325,0.66074,0.858328,1.75169,2.24986,0,0,0,1,0,0,0,w,m
1146,GO,1,1,0.977662,0,0,1.45764,0,0.669191,1.56838,0,0,0.51483,0.673337,0.693477,1.78038,2.66875,0,0,0,1,0,0,0,w,m
3051,GO,1,1,0.927828,0,0,0,1.13584,0,0,0,1.3947,1.58551,0,0,0,0,0,0,1,0,0,0,0,w,m
3056,GO,1,1,0.920227,0,1.10571,0,1.21772,0.554156,0,0.742801,1.39658,1.07633,0,0,0,0,0,0,1,0,0,0,0,w,m
3104,GO,1,1,0.885009,1.01974,1.6025,0,0.537154,0,0,0,0.849765,1.22304,0.729234,0,0.789361,0,0,0,1,0,0,0,0,w,m
3105,GO,1,1,0.903375,0.987212,1.71902,0,0.57861,0,0,0,1.03272,1.10316,0,0,0.571517,0,0,0,0,0,0,0,0,w,m
3106,GO,1,1,0.895066,0.704721,1.74216,0,0,0,0,0,0.982921,1.11967,0,0,0.817721,0,0,0,0,0,0,0,0,w,m
3107,GO,1,1,0.85442,0,1.28178,0,0,0.508957,0,0.666958,1.23955,0.918717,0,0,1.10714,1.34165,0,0,1,0,0,0,0,w,m
3108,GO,1,1,0.736657,0,0,0,0.839652,0.558089,0,0.562939,1.49697,0.640164,0,0,1.30589,2.58461,0,0,1,0,0,0,0,w,m
3113,GO,1,1,0.828684,0,0.864512,0,1.43851,1.25939,0,1.70168,2.42563,1.76009,0,0,0.949382,3.73625,0,0,1,0,0,0,0,w,m
3114,GO,1,1,0.884385,0,0.729251,0,1.15714,1.43595,0,1.71891,2.57324,1.64133,0,0,0.613248,4.02623,0,0,1,0,0,0,0,w,m
3115,GO,1,1,0.891806,0,1.09933,0,1.0219,1.44275,0,1.71755,2.56121,1.60181,0,0,0,3.99335,0,0,1,0,0,0,0,w,m
3116,GO,1,1,0.883838,0,1.16898,0,0.807329,1.41361,0,1.65794,2.39214,1.73803,0,0,0.697064,3.46859,0,0,1,0,0,0,0,w,m
3117,GO,1,1,0.868989,0,1.35238,0,1.04804,1.4021,0,1.56799,2.49247,1.85167,0,0,0.701311,4.1158,0,0,1,0,0,0,0,w,m
3118,GO,1,1,0.866345,0,1.63504,0,1.3633,1.19526,0,1.31409,2.14282,1.87408,0,0,0.871214,2.88234,0,0,1,0,0,0,0,w,m
3119,GO,1,1,0.888619,0,1.872,0,1.22867,1.1436,0,1.36975,1.97068,2.24717,0,0,1.14808,1.29177,0,0,1,0,0,0,0,w,m
2692,GO,1,1,0.807067,0.653093,0,0,1.00587,0,0,0,0.728334,0.691575,1.10153,0,0.913988,1.31401,0,0,1,0,1,0,0,w,m
2693,GO,1,1,0.778959,0.853786,0,0.545481,0.796323,0,0,0,0.684707,0.594628,1.18384,0,0.937611,1.34767,0,0,0,0,0,0,0,w,m
2694,GO,1,1,0.771783,0.812308,0,0.991144,0.634815,0,0.773785,0,0.50867,0,0.833945,0,1.20718,1.27418,0,0,0,0,0,0,0,w,m
2695,GO,1,1,0.76164,0.893408,0,0.784551,0,0,0.693619,0,0.616277,0,0.906342,0,1.40207,1.07195,0,0,0,0,1,0,0,w,m
2696,GO,1,1,0.815254,0.647009,0,0.603764,0,0,0.725777,0,0.550777,0,1.21064,0,1.24682,1.2665,0,0,0,0,1,0,1,w,m
2697,GO,1,1,0.842311,0.957624,0,0.571437,0,0,0,0,0.834727,0,1.02324,0,1.2002,1.37121,0,0,0,0,1,0,1,w,m
2698,GO,1,1,0.859432,0.974008,0,0,0,0,1.10721,0,0.636354,0,1.2992,0,1.39922,1.49648,0,0,0,0,1,0,1,w,m
2699,GO,1,1,0.86427,0.65719,0,0,0,0,0.560246,0,0.837168,0,1.13249,0,1.34258,0.824923,0,0,0,0,1,0,1,w,m
2700,GO,1,1,0.857253,0.622909,0,0,0,0,0.839407,0,0.770974,0,0.893847,0,1.55207,0.52949,0,0,0,0,1,0,1,w,m
2701,GO,1,1,0.854416,0,0,0,0,0,0.773072,0,0.626734,0,0,0,1.70809,0,0,0,0,0,1,0,0,w,m
2702,GO,1,1,0.872243,0,0,0,0,0,0.95181,0,0.562461,0,0,0,1.29702,0,0,0,0,0,1,0,0,w,m
2703,GO,1,1,0.975016,0,0,0,0,0,0.960759,0,0.642921,0.677806,0,0,1.5348,0,0,0,0,0,1,0,0,w,m
2704,GO,1,1,0.966575,0,0,0,0,0,1.05066,0,0.544728,0.552443,0,0,1.13429,0,0,0,0,0,1,0,0,w,m
2705,GO,1,1,0.864891,0,0,0,0,0,0.784523,0,0,0,0,0,0.929663,0,0,0,0,0,1,0,0,w,m
2706,GO,1,1,0.888712,0,0,0.538488,0,0,1.32376,0,0,0,0,0.536332,1.06499,0,0,0,0,0,1,0,0,w,m
2707,GO,1,1,0.881115,0,0,0.63549,0,0,1.80768,0,0.586331,0,0,0,0.87589,1.13794,0,0,0,0,1,0,0,w,m
2708,GO,1,1,0.887214,0,0,0,0,0,1.39864,0,0,0,0,0,1.13816,1.87357,0,0,0,0,0,0,0,w,m
2709,GO,1,1,0.881958,0,0,0.580659,0,0,1.7533,0,0,0,0,0,1.03814,2.40282,0,0,0,0,1,0,0,w,m
2710,GO,1,1,0.891554,0,0,0.658429,0,0,1.55483,0,0.547873,0,0,0,0.870035,2.14579,0,0,0,0,1,0,0,w,m
2711,GO,1,1,0.901993,0,0,0.728235,0,0,1.66759,0,0.635949,0,0,0,1.00559,2.1518,0,0,0,0,1,0,0,w,m
2712,GO,1,1,0.898161,0,0,0.656939,0,0,1.76612,0,0.721267,0,0,0,0.925685,2.43531,0,0,0,0,1,0,0,w,m
2713,GO,1,1,0.902239,0,0,0.98927,0,0,2.07994,0,0.688641,0,0,0,0,2.48248,0,0,0,0,0,0,0,w,m
2714,GO,1,1,0.910479,0,0,1.03764,0,0,1.84647,0,0.663537,0,0,0,0.542533,2.31026,0,0,0,0,1,0,0,w,m
2715,GO,1,1,0.92331,0,0,0.881509,0,0,1.96642,0,0.578848,0,0,0,0.599969,2.74435,0,0,0,0,1,0,0,w,m
2716,GO,1,1,0.921839,0,0,1.09644,0,0,1.98614,0,0.619066,0,0,0,0.603493,2.44974,0,0,0,0,0,0,0,w,m
2717,GO,1,1,0.928418,0,0,1.09598,0,0,2.20952,0,0,0,0,0,0.525722,2.51803,0,0,0,0,1,0,0,w,m
2718,GO,1,1,0.930853,0,0,1.15119,0,0,2.3049,0,0.642965,0,0,0,0.51577,2.15805,0,0,0,0,0,0,0,w,m
2719,GO,1,1,0.938284,0,0,1.09257,0,0,2.63031,0,0.692048,0,0,0,0.701562,1.86433,0,0,0,0,0,0,0,w,m
2720,GO,1,1,0.941866,0,0,0.749381,0,0.528667,2.75019,0,1.07995,0,0,0,1.05177,2.27847,0,0,1,0,0,0,0,w,m
2721,GO,1,1,0.933879,0,0,0.741338,0,0,2.60134,0,0.943361,0,0,0,1.09643,1.78912,0,0,1,0,0,0,0,w,m
2722,GO,1,1,0.931105,0,0,0.897997,0,0.522429,2.67699,0,1.18626,0,0,0,0.951828,1.39067,0,0,1,0,0,0,0,w,m
2723,GO,1,1,0.923664,0,0,0.707751,0,0.529575,2.47141,0.513217,0.965077,0,0,0,1.27428,1.56344,0,0,1,0,0,0,0,w,m
2724,GO,1,1,0.910057,0,0,0.697688,0,0,2.08127,0,0.937468,0,0,0,1.09683,1.71185,0,0,1,0,0,0,0,w,m
2725,GO,1,1,0.900851,0,0,0.840136,0,0,2.17569,0,1.02309,0,0,0,1.10629,1.4849,0,0,1,0,0,0,0,w,m
22026,GO,1,1,0.877369,0,0,0,1.6714,0.512425,0,0.874247,0.826265,1.03298,0,0,0.926777,0,0,0,1,0,0,0,0,w,w
22027,GO,1,1,0.891672,0,0.516396,0,1.37142,0.749638,0,1.13552,1.16328,1.56788,0,0,0.743732,0,0,0,1,0,0,0,0,w,w
35835,GO,1,1,0.971052,0,0,0,0.585943,0,1.20288,0.612733,0,1.22368,0,0.509945,1.15441,0,0,1,0,0,0,0,0,w,w
35843,GO,1,1,0.978127,0,0,0.575089,0,0,0.923525,0,0,1.03099,0,0,1.42075,0,0,1,1,1,0,0,0,w,w
35847,GO,1,1,0.978895,0,0,0,0,0,1.42748,0,0,0.691268,0,0,1.23522,1.51826,0,0,1,0,1,0,0,w,w
35848,GO,1,1,0.972315,0,0,0.623769,0.67782,0,0.688257,0,0,1.52807,0,0,1.47318,0,0,1,0,0,0,0,0,w,w
35849,GO,1,1,0.947916,0,0.676528,1.76143,0,0,0,0.510217,1.04889,1.0655,0,0.523371,0,0,0,1,1,0,0,0,0,w,w
35850,GO,1,1,0.778652,1.57957,1.48021,1.80395,1.27457,0,0,0,0,0,1.01085,0.800551,0,0,0,1,0,1,0,0,0,w,w
35851,GO,1,1,0.907884,0,0,0.503598,0,0,1.67061,0,0,0.677988,0,0,1.57901,1.35018,0,1,1,0,1,0,0,w,w
35852,GO,1,1,0.969594,0,0,0.893572,0.853524,0,0,0,0,1.56278,0,0,1.74081,2.22084,0,1,1,0,0,0,0,w,w
6975,GO,1,1,0.938741,0,0.580795,0.570035,0,0,0,0,0.877574,0,0,0,1.44311,2.25722,0.801549,1,0,1,0,0,1,w,w
6976,GO,1,1,0.912024,0,0,0.878858,0,0.555369,1.0484,0.556997,0.960822,0,0,0,0.933924,2.17976,0.768331,1,0,1,0,0,1,w,w
16229,GO,1,1,0.90178,0,0,1.88368,0,0.899433,1.93967,0.832728,1.42045,2.14297,0,0,0,2.18802,0,1,1,1,0,0,0,w,w
16230,GO,1,1,0.944297,0,0,1.87544,0,0.869642,1.40849,0.806109,1.52537,2.12744,0,0,0.711584,2.1915,0,1,1,1,0,0,0,w,w
16231,GO,1,1,0.967497,0,0,1.55661,0,0.897307,1.03898,0.877127,1.33388,1.96897,0,0,0,1.58751,0,1,1,1,0,0,0,w,w
16232,GO,1,1,0.968614,0,0,1.84243,0,0.803678,1.18339,0.694086,1.35023,1.7628,0,0,0,2.12636,0,1,1,1,0,0,0,w,w
16233,GO,1,1,0.96643,0,0,1.71388,0,0.770039,0.94978,0.745302,1.16793,1.31897,0,0,0,2.71132,0,1,1,1,0,0,0,w,w
16257,GO,1,1,0.915327,0,1.59113,0.930348,0,0.533894,1.25368,0,0.986304,1.02601,0,1.2741,1.02019,0,0.527791,0,1,1,1,0,1,w,w
16258,GO,1,1,0.899892,0,1.26779,0.935628,0,0.553495,1.80293,0,0.748305,0.541726,0,1.06628,0,0,0,0,0,1,1,0,1,w,w
16259,GO,1,1,0.899714,0.668018,1.50199,1.31646,0,0.560667,1.74323,0.533092,0.554572,0,0,1.14811,0,0,0.536662,0,0,1,1,0,1,w,w
16260,GO,1,1,0.877958,0.962412,1.62978,1.23963,0,0.542883,1.92422,0.515515,0,0,0,0.94896,0,0,0,0,0,1,1,0,1,w,w
16261,GO,1,1,0.875056,0.931888,1.42268,1.2081,0,0.582593,2.11171,0.553008,0.577188,0.542091,0,1.03844,0,0,0,1,0,1,1,0,1,w,w
16262,GO,1,1,0.962506,1.1047,1.40926,1.1545,0.533102,0.547067,1.98331,0,0.829487,0,0,0,0,0,0,0,0,1,0,0,1,w,w
16263,GO,1,1,0.965779,1.49314,1.57917,1.14068,0,0.552427,2.22309,0,0.693752,0,0,0,0,0,0,0,0,0,0,0,1,w,w
16264,GO,1,1,0.957294,1.53292,0.915267,1.37253,0.792088,0.561569,2.39257,0,1.06626,0,0,0,0,0,0,0,0,0,0,0,1,w,w
16265,GO,1,1,0.966954,1.62815,0.568689,1.25353,1.17101,0.738349,1.7086,0.567599,1.46299,0,0,0,0,0,0,0,0,0,0,0,1,w,w
16266,GO,1,1,0.967423,1.49587,1.00426,0.728563,0.981313,0.793643,0.942929,0.626256,1.56783,0,0,0,0,0,0,0,1,0,0,0,0,w,w
16267,GO,1,1,0.93353,1.56537,0.729842,0.566973,0.530403,0.8122,1.20411,0.745389,1.35826,0,0.907068,0,0,0,0,0,1,0,0,0,1,w,w
16268,GO,1,1,0.843739,1.49956,1.26232,0,0.718423,0.615908,0.873214,0,1.10753,0,0.501808,0,0,0,0,0,1,0,0,0,0,w,w
16269,GO,1,1,0.769827,1.28285,0.926179,0,1.1375,0,1.12236,0,0.693429,0,0,0,0,0.692551,0,0,1,0,1,0,0,w,w
16271,GO,1,1,0.744043,1.9636,1.02783,0,0.914463,0,0.869852,0,1.87566,0,0,0,0,0,0,0,1,0,0,0,0,w,w
16272,GO,1,1,0.816715,1.2439,0,0,0.850677,0,0.804705,0,1.65295,0,0.777534,0,1.08347,0,0,0,0,0,0,0,0,w,w
16273,GO,1,1,0.802001,1.74729,0,0,0,0,0.659489,0,1.01101,0,0.724819,0,1.31903,0,0,0,0,1,0,0,0,w,w
16274,GO,1,1,0.829417,1.43864,0,0,0,0,1.31135,0,0.677476,0,0.803124,0,1.00894,1.07619,0,0,0,1,0,0,0,w,w
16275,GO,1,1,0.734986,1.8931,0,0,1.05272,0,0,0,0.859705,0,0.50628,0,1.35317,1.70455,0,0,0,0,0,0,0,w,w
16276,GO,1,1,0.735976,1.92144,0,0.602751,0.824617,0,0,0,0.508624,0,0,0,0.948567,1.83683,0,0,0,0,0,0,0,w,w
16277,GO,1,1,0.805829,1.9499,0,0.644776,0,0,0.956895,0,0,0,0,0,1.53812,1.15575,0,0,0,0,0,0,0,w,w
16526,GO,1,1,0.986444,0,1.27857,0.692701,1.1699,0,1.74857,0,0,0,0.677194,0.612491,0,0,0,1,0,1,1,0,0,w,w
16527,GO,1,1,0.98381,0,0.921332,0,0.713716,0,1.11399,0,0,0,1.18637,0.8726,0,0,0,0,0,1,1,0,0,w,w
16528,GO,1,1,0.9825,0,0.837061,0,0.968059,0,1.04166,0,0,0,1.35822,0.855907,0,0,0,0,0,1,1,0,0,w,w
16529,GO,1,1,0.984962,0,0.784016,0,0.850951,0,0.842326,0,0,0,1.24076,0.841998,0,0,0,0,0,1,1,0,0,w,w
16530,GO,1,1,0.985734,0,1.18466,0,1.12244,0,1.0814,0,0,0,1.34209,0.610498,0,0.547612,0,0,0,1,1,0,0,w,w
16531,GO,1,1,0.986113,0,0.74845,0,1.21536,0,0.960708,0,0,0,1.41874,0.629802,0,0,0,0,0,1,1,0,0,w,w
16532,GO,1,1,0.985943,0,0.908836,0,1.02622,0,1.03329,0,0,0,1.08163,0.577179,0,0,0,0,0,1,1,0,0,w,w
16533,GO,1,1,0.986048,0,0.759344,0,0.97509,0,1.10723,0,0,0,1.09618,0.553931,0,0,0,0,0,1,1,0,0,w,w
16534,GO,1,1,0.988009,0,0.771374,0,0.738502,0,1.2202,0,0,0,1.23939,0.677494,0,0,0,0,0,1,1,0,1,w,w
16535,GO,1,1,0.988052,0,0.703796,0,0.651232,0,1.35397,0,0,0,1.03864,0.938989,0,0,0,0,0,1,1,0,1,w,w
16536,GO,1,1,0.988843,0,0,0,0.588323,0,1.39516,0,0,0,1.22481,0.968199,0,0,0,0,0,1,1,0,1,w,w
16537,GO,1,1,0.987623,0,0,0,0.594868,0,1.16332,0,0,0,1.31501,1.18484,0,0,0,0,0,1,0,0,0,w,w
16538,GO,1,1,0.986008,0,0,0,0.527863,0,1.21949,0,0,0,1.42292,1.21468,0,0,0,0,0,1,0,0,0,w,w
16539,GO,1,1,0.984723,0,0,0,0.647884,0,0.997698,0,0,0,1.46679,1.2762,0,0,0,0,0,1,0,0,0,w,w
16540,GO,1,1,0.985826,0,0,0,0.659342,0,1.22689,0,0,0,1.21529,1.11136,0,0,0,0,0,1,0,0,0,w,w
16541,GO,1,1,0.98475,0,0,0,0,0,1.06699,0,0,0,1.3366,0.937455,0,0,0,0,0,1,0,0,0,w,w
16542,GO,1,1,0.984464,0,0,0,0.61653,0,0.882325,0,0,0,1.20067,0.594084,0,0,0,0,0,1,0,0,0,w,w
16543,GO,1,1,0.983653,0.804383,0,0,0,0,0.568199,0,0,0,0.717902,0,0,0,0,0,0,0,0,0,0,w,w
16544,GO,1,1,0.975363,1.24476,0.619829,0,0,0,0.728715,0,0,0,0,0,0,0,0,0,0,0,0,0,0,w,w
16545,GO,1,1,0.972346,1.71462,0.903289,0,0,0,0.819153,0,0,0,0.67112,0.541248,0,0,0,0,0,1,0,0,0,w,w
16546,GO,1,1,0.967717,1.44684,0,0,0,0,0,0,0,0,1.04785,0.743594,0,0,0,0,0,1,0,0,0,w,w
16571,GO,1,1,0.985336,1.55987,0.77766,0,0.662269,0,0,0,0,0,0.878628,0,0,1.35726,0.757032,0,0,1,1,0,0,w,w
16572,GO,1,1,0.984822,1.22141,1.12558,0,1.03959,0,0,0,0,0.558489,0.500475,0,0,2.09495,0.702549,0,0,1,1,0,0,w,w
16573,GO,1,1,0.973937,0.787841,1.02468,0,1.62475,0,0,0,0,0.649925,0.832419,0,0,0.896528,0,0,0,1,1,0,0,w,w
16574,GO,1,1,0.982433,0.585109,1.22874,0,1.0054,0,0,0,0,0,0.913989,0.844999,0,0,0,0,0,1,0,0,0,w,w
17424,GO,1,1,0.977152,0,0.532452,0,0,0.615864,0,0.54859,1.59349,2.11094,0,0,1.38188,0,0,0,1,1,0,0,0,w,w
17425,GO,1,1,0.980547,0,0,0,0,0.723095,0,0.624682,1.61014,1.92348,0,0,1.17915,0,0,0,1,1,1,0,0,w,w
17426,GO,1,1,0.980479,0,0,0,0,0.752132,0,0.634451,1.49664,1.96681,0,0.544411,1.22038,0,0,0,1,1,1,0,0,w,w
17427,GO,1,1,0.975128,0,0,0,0,0.774367,0,0.734281,1.6062,2.20298,0,0.951922,1.00771,1.31673,0,0,1,1,1,0,0,w,w
17428,GO,1,1,0.970494,0,0.825928,0,0,0.821516,0,0,1.30731,1.69735,0,1.0619,0,3.00116,0,0,1,1,1,0,0,w,w
17429,GO,1,1,0.895272,0,0.817001,0,0,0,0,0,0.636768,0.704751,0,1.13184,0,2.9747,0.571114,0,0,1,1,0,0,w,w
17430,GO,1,1,0.790817,0,0,0,0,0,0,0,1.05203,0.592285,0.722755,0.804062,0,2.37508,0.565728,0,0,1,1,0,0,w,w
17431,GO,1,1,0.879462,0,0,0,0,0,0,0,0.660353,0,0,0,0,0.716899,0.789188,0,0,1,0,0,0,w,w
17434,GO,1,1,0.743632,1.08521,0.663426,0,0,0,0.71857,0,1.15748,1.85601,0,0.632772,2.07371,1.25427,0,0,0,0,0,0,0,w,w
17435,GO,1,1,0.842637,0.778627,0.9297,1.45674,0,0.827835,0.750452,0.979532,1.63889,1.42514,0,1.0692,2.93211,2.46133,0,1,1,1,0,0,0,w,w
17436,GO,1,1,0.767644,0,0,1.34759,0,0,1.07374,0,0.791025,1.97648,0,0,1.44787,3.22932,0,0,1,0,0,0,0,w,w
17437,GO,1,1,0.918609,0,0,0.802156,0,0.615467,0,0.70855,1.33671,1.34753,0,0,0.745659,2.43522,0,0,1,0,0,0,0,w,w
17438,GO,1,1,0.9434,0,0.584573,0.760765,0,0.647523,0,0.668828,1.48577,1.65281,0,0,0,2.57895,0,0,1,0,0,0,0,w,w
17439,GO,1,1,0.90615,0,0.793426,1.12057,0,0.773203,0,0.990744,0.971797,1.82699,0.616407,0.696445,0.825828,2.84388,0,0,1,0,0,0,0,w,w
17440,GO,1,1,0.808645,0,0.740821,1.3554,1.02153,0.695707,2.02696,0.864186,0.918572,1.67832,0,0.596324,0,3.22719,0,0,1,0,0,0,0,w,w
17441,GO,1,1,0.879759,0,0,0.90381,1.23212,0.659743,1.06754,0.892289,0.56712,1.64643,0,0.610184,0,2.78309,0,0,1,0,0,0,0,w,w
17442,GO,1,1,0.916254,0,0,0,1.19495,0.576743,0,0.749063,0,1.87045,0,0,0,3.00899,0,0,0,0,0,0,0,w,w
17443,GO,1,1,0.911607,0,0,0,1.07234,0.697109,0.660814,0.928017,0,1.93614,0,0,0,3.4164,0,0,1,0,0,0,0,w,w
17444,GO,1,1,0.914153,0,0,0.635311,0.783742,0.646448,0,0.7997,0,1.88689,0,0,0,2.90407,0,0,1,0,0,0,0,w,w
17445,GO,1,1,0.914944,0,0,0.747642,0.667488,0.658991,0.917926,0.874986,0,1.90722,0,0,0,2.47278,0,1,1,0,0,0,0,w,w
17446,GO,1,1,0.922382,0,0,0.74642,0,0.615051,0.907113,0.850834,0,1.94015,0,0,0,1.29156,0,1,1,0,0,0,0,w,w
17447,GO,1,1,0.933211,0,0,0.914459,0,0.68391,0.783589,0.961705,0,1.9656,0,0,0,1.09278,0,1,1,0,0,0,0,w,w
17448,GO,1,1,0.941799,0,0,0.661784,0,0.635357,0,0.877829,0,2.19977,0,0,0,1.56644,0,0,1,0,0,0,0,w,w
17449,GO,1,1,0.928928,0,0,0.590826,0,0.684448,0.774959,0.913359,0,2.07101,0.613054,0,0.673107,0.908398,0,1,1,1,0,0,0,w,w
17450,GO,1,1,0.946904,0,0,0.700939,0,0.671121,1.08007,0.815855,0,2.12561,0.869046,0,1.14675,0.580786,0,0,1,1,1,0,0,w,w
17451,GO,1,1,0.960932,0,0,0.514286,0,0.716304,0.797769,0.85425,0,1.93556,0.787321,0.560379,1.22869,0,0,0,1,1,1,0,0,w,w
17452,GO,1,1,0.969445,0,0,0.622628,0,0.699737,0.854773,0.723185,0,1.71503,0.969468,0.5406,1.04542,0,0,0,1,1,1,0,0,w,w
17453,GO,1,1,0.966836,0,0,0,0,0.842788,0,0.835328,0.659671,1.52317,1.03226,0.593962,1.27311,0.56224,0,0,1,1,1,0,0,w,w
17454,GO,1,1,0.972746,0,0,1.06282,0,0.733681,1.32297,0.592306,0.569768,1.66196,0.951103,0.503917,0.969288,0.752161,0,0,1,1,1,0,0,w,w
17455,GO,1,1,0.958822,0,0.532569,0.816621,0,0.776287,1.60827,0.6253,0.856079,1.48979,0.637256,0.505028,0.868653,0.640065,0,0,1,1,1,0,0,w,w
17456,GO,1,1,0.969854,0,0,0.63495,0,0.61816,1.61214,0,0.907593,1.20166,1.29191,0,0.56362,0,0,0,1,1,1,0,0,w,w
17457,GO,1,1,0.975594,0,0,0,0,0.762498,1.13463,0.608019,1.19608,1.6903,0.817021,0,0,0,0,0,1,1,1,0,0,w,w
17458,GO,1,1,0.978764,0,0,0.595299,0,0.778304,1.11641,0.596044,1.25186,1.50207,0,0.545787,0.935112,0,0,0,1,1,1,0,0,w,w
17459,GO,1,1,0.976923,0,0,0.698061,0,0.818235,1.10332,0.70483,1.25837,1.56265,0.510014,0,1.028,0,0,0,1,1,1,0,0,w,w
17460,GO,1,1,0.976049,0,0,0.613141,0,0.795055,1.31735,0.642117,1.19433,1.34237,0.698352,0,0.61503,0,0,0,1,1,1,0,0,w,w
17461,GO,1,1,0.977108,0,0,0.76566,0,0.796853,1.46595,0.668549,1.12058,1.40765,0,0,0.719978,0,0,0,1,1,1,0,0,w,w
17462,GO,1,1,0.980743,0,0,0.653862,0,0.821801,0.913133,0.66335,1.30075,1.3999,0.561245,0,0,0,0,0,1,1,1,0,0,w,w
17463,GO,1,1,0.984378,0,0,0.744467,0,0.822216,1.05407,0.708277,1.37193,1.4943,0.538951,0,0,0,0,0,1,1,1,0,0,w,w
17464,GO,1,1,0.986156,0,0,0.702553,0,0.77045,0,0.636153,1.44718,1.62655,0.531709,0,0,0,0,0,1,1,0,0,0,w,w
17465,GO,1,1,0.984234,0,0,0,0,0.650579,0,0.575729,1.33602,1.60969,0,0,0,0,0,0,1,1,0,0,0,w,w
17741,GO,1,1,0.912408,0,0,0,0.540056,0.713844,0.725517,0.672481,0.874274,0.891897,0,0,0.673474,2.45097,0.540181,0,1,1,1,0,0,m,m
17742,GO,1,1,0.922783,0,0,0,0,0.516061,1.53663,0,0.976087,1.11454,0,0,0,3.02041,0,0,1,1,1,0,0,m,m
17743,GO,1,1,0.930368,0,0,0,0.690126,0,1.43021,0,0.979637,0.992156,0,0,0.568924,2.75919,0,0,1,1,1,0,0,m,m
17744,GO,1,1,0.927302,0,0,0,0.953836,0.631859,1.0636,0.66727,1.06603,1.40704,0,0,0.548798,3.06518,0,0,1,1,1,0,0,m,m
17745,GO,1,1,0.931775,0,0,0,0.777957,0.619376,1.18341,0.728343,1.0009,1.32713,0,0,0.863139,3.27053,0,0,1,1,1,0,0,m,m
17746,GO,1,1,0.925513,0,0,0,0.542999,0.567715,1.04223,0.707184,0.892448,1.37141,0,0,0.987721,2.23766,0,0,1,1,1,0,0,m,m
17747,GO,1,1,0.932315,0,0.662248,0,0,0.60311,0.924701,0.686792,0.845781,1.36589,0,0,1.16434,1.3894,0,0,1,1,1,0,0,m,m
17748,GO,1,1,0.934474,0,0,0,0,0.613381,0.905459,0.619067,0.94988,1.17503,0,0,0.517642,2.80638,0,0,1,0,1,0,0,m,m
17749,GO,1,1,0.931769,0,0,0,0,0.637869,0.95748,0.72258,1.10167,1.1906,0,0,0.565049,3.08938,0,0,1,1,1,0,0,m,m
17750,GO,1,1,0.870711,0,0,0,0,0.633124,1.08437,0.816186,1.11915,1.55338,0,0,0.817785,2.83383,0,0,1,1,1,0,0,m,m
17751,GO,1,1,0.846615,0,0,0,0.585186,0.516069,0.723767,0.597683,0.923552,0.921135,0,0,1.5812,1.99697,0,0,1,1,1,0,0,m,m
17752,GO,1,1,0.854119,0,0,0,0.556072,0.519484,1.19687,0.546175,1.00302,1.22496,0.750171,0,1.569,2.71318,0,0,1,1,0,0,0,m,m
17753,GO,1,1,0.914384,0,0,0,0,0,1.45178,0.608129,0.683493,0.672883,0.634264,0,2.28261,3.54951,0,0,1,1,1,0,0,m,m
17754,GO,1,1,0.895319,0,0,0,0,0,1.51064,0,0.703172,0.969065,0.787039,0.564698,2.20515,3.23581,0,0,1,1,1,0,0,m,m
17755,GO,1,1,0.790344,0,0,0,0,0.583169,1.38109,0.777985,1.09959,1.13717,0.680724,0.702154,2.32122,3.53761,0,0,1,1,1,0,0,m,m
17756,GO,1,1,0.734339,0,0.617825,0,0,0.658588,1.46809,0.680905,1.57732,0.803206,0.713513,0.621544,1.77144,3.75618,0,0,1,1,1,0,0,m,m
17757,GO,1,1,0.900921,0,0,0,0,0,0,0,1.14416,0,0.516787,0,0.970697,3.24529,0,0,1,1,1,0,0,m,m
17758,GO,1,1,0.888178,0.865982,0,0,0,0.613794,1.71151,0,1.75544,0.602299,0.682614,0.502847,1.02812,2.67657,0,0,1,1,1,0,0,m,m
17760,GO,1,1,0.861895,0,0,0,0,0.520387,1.46048,0,1.38165,0,0,0,1.08841,1.71134,0,0,1,0,1,0,0,m,m
17763,GO,1,1,0.774386,0,0,1.08974,0,0.829282,1.63213,1.1903,0.858362,0,0,0,1.89377,4.17136,0,1,1,1,0,0,0,m,m
17764,GO,1,1,0.850995,0,0,0,0,1.03858,0,0.88092,1.74449,2.22462,0.970423,0,0.79633,1.97363,0,0,1,1,1,0,0,m,m
17765,GO,1,1,0.857508,0.510635,0,0,0,1.38405,0,1.058,1.33439,2.43149,1.16749,0.914444,0,2.36898,0,0,1,1,1,1,0,m,m
17766,GO,1,1,0.73754,1.42142,1.29267,0,0,0,0,0,0,0,2.24062,0.557353,0.523743,0,0,1,0,1,1,0,1,m,m
17767,GO,1,1,0.864954,0,0.780302,0,0.64954,0.795112,0.738664,0.567454,0.744908,1.3109,0.832382,0.768428,1.41521,2.51169,0,0,1,1,1,0,0,m,m
17768,GO,1,1,0.876299,0,0.674367,0,0.837576,0.916861,1.10946,0.653217,1.14249,1.54624,0.636149,0,0,2.83852,0,0,1,1,1,0,0,m,m
17769,GO,1,1,0.886063,0,0.639344,0,0.559259,1.04376,1.24146,0.796291,1.41023,1.52351,0.907964,0,0.607123,2.57234,0,0,1,1,1,0,0,m,m
17770,GO,1,1,0.854222,0,0.506876,0,0,1.0537,0,0.954692,1.64275,1.92098,0.772487,0,1.33548,2.34294,0.534607,0,1,1,1,0,1,m,m
17800,GO,1,1,0.731088,0.783183,1.43619,2.22358,0,0,0,0,0,0,0.572871,0,1.13121,0,0,1,0,0,1,0,0,m,m
12980,GO,1,1,0.830238,1.22264,0,0,1.295,0,1.23319,0,0,0,0,0,0,0,0,1,1,0,0,0,0,w,w
13000,GO,1,1,0.777269,0.813816,0,0,1.03795,0,0,0,0.735386,0,0,0.74673,0,0,0,1,1,0,1,0,0,w,w
13714,GO,1,1,0.96178,0,0,0,0,0.650494,0,0.954425,1.61567,1.37039,0,0,0.892301,1.98304,0,0,1,0,0,0,0,w,w
13715,GO,1,1,0.925612,0.873208,0.727857,0.775655,0,0.740742,0.870916,0.73559,1.04323,0,0.856551,0,0,0,0,0,1,1,0,0,0,w,w
13716,GO,1,1,0.741677,1.14238,1.11296,0.717254,0,0,0,0,0.676566,0.631075,0,0,0,0,0,0,1,0,0,0,0,w,w
13717,GO,1,1,0.955582,0,1.03296,0,0.70242,0,0.990118,0,0,0,0,0,1.60774,0.686005,0.518965,0,1,0,1,0,0,w,w
13718,GO,1,1,0.910663,0,1.18725,0,0,0,0.925341,0,0,0,0,0,2.29401,1.57719,0.582105,0,1,0,1,0,0,w,w
13719,GO,1,1,0.890627,0.524534,1.21635,0,0.709467,0,0,0,0,0,0,0,2.23504,1.77835,0.63124,0,1,0,1,0,0,w,w
13720,GO,1,1,0.884207,0,1.39318,0,0.868892,0,1.04271,0,0,0,0,0,1.42441,1.9896,0.633848,0,1,0,1,0,0,w,w
13721,GO,1,1,0.906018,0,1.73799,0,1.05536,0,1.34059,0,0,0,0,0,1.09522,3.05382,0.727571,0,1,0,1,0,0,w,w
13722,GO,1,1,0.91635,0,0.977132,0,1.10961,0,0.576041,0,0.605072,0,0,0,0,5,0.931127,0,1,0,1,0,0,w,w
13723,GO,1,1,0.905015,0,0,0.708636,0.629623,0,0,0,0.860133,0,0,0,0,4.53483,0.996893,0,1,1,0,0,0,w,w
13733,GO,1,1,0.962175,0,0,0,0.902891,0,1.14915,0,0.940936,0,0,0,0.584615,2.79751,0,0,1,0,0,0,0,w,w
13734,GO,1,1,0.912187,0,0,0,0,0,1.25529,0,1.19195,0,0,0,0,2.56219,0,0,1,0,0,0,0,w,w
13735,GO,1,1,0.967339,0,0,0,0.523195,0.55483,2.21963,0.71383,0.924346,0,0.696079,0,0.61396,0.644524,0,0,1,0,0,0,0,w,w
14125,GO,1,1,0.885123,0,0,0,0.866777,0.7154,0,0.971857,1.31961,1.42284,0.701878,0,1.42439,3.45638,0,0,1,0,0,0,0,w,w
14126,GO,1,1,0.906093,0,0,0,1.21755,0.759013,0,1.0645,1.30295,1.49279,0.659784,0,1.29166,2.6566,0,0,1,0,0,0,0,w,w
14127,GO,1,1,0.915943,0,0,0,1.32151,0.867084,0,1.2954,1.24806,1.6506,0,0,1.56057,1.57621,0,0,1,0,0,0,0,w,w
14129,GO,1,1,0.769469,0,1.58563,0,1.23589,0.654696,0,1.23154,1.02063,0,0.793579,0.920911,0.789409,0,0,0,1,0,0,0,0,w,w
14130,GO,1,1,0.919461,0,0,0,1.06429,0.868114,0,1.30266,0,2.63705,1.16652,0.721716,0.985184,0,0,0,1,1,0,0,0,w,w
14389,GO,1,1,0.960908,0,0,0,0.547478,0,0.576375,0.680279,1.30878,0.804884,0,0,0.97331,3.15304,0,0,1,0,1,0,0,w,w
14390,GO,1,1,0.826788,0,0,0,1.41105,0,0,0,0.736131,0,0,0,0,3.60232,0,0,1,0,0,0,0,w,w
14391,GO,1,1,0.965046,0,0.501174,0,0.821964,0.778063,0.719652,1.13709,1.28788,1.43903,0,0.633716,0.654558,0,0,0,1,0,1,0,0,w,w
14392,GO,1,1,0.90422,0,0,0,0.913467,0,0,0,0.957681,0,0,0,0,2.46864,0,0,1,0,0,0,0,w,w
14393,GO,1,1,0.954967,0,0.701278,0.591422,0.778574,0.750097,1.69207,0.98908,1.2342,0,0.652573,0.53218,0,1.84127,0,0,1,1,1,0,0,w,w
14394,GO,1,1,0.925795,0,1.56775,0.906303,0.540224,0,1.66167,0,1.23736,0,0,0,0,1.44668,0,0,1,0,1,0,0,w,w
14395,GO,1,1,0.911139,0,1.3508,0,0.532385,0,1.21995,0,1.19357,0,0,0,0,0,0,0,1,0,1,0,0,w,w
14401,GO,1,1,0.9389,0,0.772456,0,0,0,1.38678,0.573262,0.8935,0,0.847493,0,0.636372,0,0,0,1,1,0,0,0,w,w
14402,GO,1,1,0.953995,0,0,0,0,0,1.19896,0,0.666609,0,1.45703,0.518629,0,0,0,0,1,1,0,0,0,w,w
14403,GO,1,1,0.950613,0,0,0,0.585897,0,1.20905,0,0.620248,0,0.863653,0.750285,0,0,0,0,1,0,0,0,0,w,w
14409,GO,1,1,0.838259,1.15338,0,0,0.88891,0,0,0,0,0,1.20976,0,0,0.612922,0,1,1,0,0,0,0,w,w
14410,GO,1,1,0.888548,0.970328,0,0,0.910639,0,0,0,0,0,0.731599,0,0.652441,0.54122,0,0,1,0,0,0,0,w,w
14411,GO,1,1,0.850103,1.63972,0.824579,0,0,0,1.38573,0,0,0,0.584101,0,0,1.0282,0,0,1,0,0,0,0,w,w
14412,GO,1,1,0.845568,1.53027,1.3276,0,0.559854,0,0.855854,0,0,0,0,0,0,2.28456,0,0,1,0,0,0,0,w,w
14413,GO,1,1,0.804977,1.49069,0.830379,0,0.685135,0,0.948556,0,0.509876,0,0,0,0,2.14884,0,0,1,0,1,0,0,w,w
14414,GO,1,1,0.778234,2.15123,1.35473,0.62644,0.859488,0,1.13112,0,0.59362,0,0,0,0,1.26919,0,0,1,0,0,0,0,w,w
14415,GO,1,1,0.760336,2.72347,1.74299,0.637895,1.00733,0,0.767967,0,0.938877,0,0,0,0,0.91471,0,0,0,0,0,0,0,w,w
16757,GO,1,1,0.734292,0.661386,0,0,1.64074,0.617478,0,0.74602,0,0.567853,0,0.835912,0.608706,0,0,0,1,0,0,0,0,w,w
16763,GO,1,1,0.769857,0,0,0,0,0,0,0.504465,0,0.565875,0.722754,1.04203,0,1.25435,0,0,1,1,1,0,0,w,w
22741,GO,1,1,0.80492,1.8964,0.920254,1.00906,1.36027,0,1.28194,0,0,0,0,0,0,0,0,1,0,0,0,0,0,w,w
22747,GO,1,1,0.771373,1.58026,0,0.901895,1.20169,0,0,0,0.504271,0.567655,0,0.557013,0,0,0,1,0,0,0,0,0,w,w
34470,GO,1,1,0.827209,0.944955,1.2616,1.41268,0.775401,0.650048,1.37677,0,0.630893,0,0,0,1.21175,5,0.575746,1,1,0,0,0,0,w,w
34471,GO,1,1,0.833597,0.583471,0.794195,1.09314,0.775885,0.646143,1.37259,0,0.519437,0,0,0,1.543,5,0.595148,0,1,0,0,0,1,w,w
34472,GO,1,1,0.878459,0,0.550474,1.24599,0.63651,0.637508,2.00831,0,0.632805,0,0,0,0.872226,4.47678,0.677311,0,1,0,0,0,0,w,w
34473,GO,1,1,0.907708,0.822493,0,1.56043,0,0,2.42112,0,0,0,0.650217,0.674079,0.833211,2.36741,0,1,1,1,0,0,1,w,w
34474,GO,1,1,0.963214,0.818295,0,1.35493,0,0,2.14608,0,0,0,1.00605,0.501798,1.07632,2.3287,0,1,1,1,0,0,0,w,w
34475,GO,1,1,0.967884,0.852372,0.523436,1.66979,0,0,0.949924,0,0,0,1.25844,0.637443,1.15114,2.98038,0,1,0,1,1,0,0,w,w
34476,GO,1,1,0.944948,0,0,1.37065,0,0,0,0,0,0,0.883741,0.6395,0.876431,4.56095,0,1,1,1,1,0,0,w,w
34477,GO,1,1,0.8318,0,0,1.52086,0,0.558687,1.32123,0,0.77024,0,0.769999,0,0.797632,2.17134,0,0,1,0,1,0,0,w,w
34478,GO,1,1,0.954358,0,0,0.808498,0,0,2.30874,0.535966,0,0.572398,0,0,0,2.32147,0,1,1,0,1,0,0,w,w
34479,GO,1,1,0.932224,0,0,0.959463,0,0,1.56717,0,0,1.4828,0,0,0,1.54285,0,1,1,0,1,0,0,w,w
34504,GO,1,1,0.806766,1.34232,0,0.792402,1.20956,0,0.624894,0.650663,0.660632,0.507507,0.569023,0,0,0,0,1,1,0,0,0,0,w,w
34506,GO,1,1,0.839732,0,0,0,1.07846,0,0.506562,0.52421,0.549394,0.842163,0.512206,0,0.55509,0,0,0,1,0,0,0,0,w,w
34507,GO,1,1,0.734759,0,0,1.4293,0.982454,0.547447,0,0.568126,1.04573,0.744685,0,0,0,0,0,1,1,0,0,0,0,w,w
34510,GO,1,1,0.853972,0,0,0,1.03364,0,0,0.643013,0.799078,0.891165,0,0,1.22735,1.00888,0,1,1,0,0,0,0,w,w
34511,GO,1,1,0.830603,0,0,1.41431,1.12776,0.524396,0,0,1.00596,0.750376,0,0,0,0.799339,0,1,1,0,0,0,0,w,w
34512,GO,1,1,0.890354,0,0,0,1.42328,0,0,0.74648,0.817036,0.790044,0,0,0.653866,0,0,0,1,0,0,0,0,w,w
34789,GO,1,1,0.796178,0,0,0,1.95717,0.65306,0,1.04534,1.20407,0.601379,0.729271,0,0,0,0,0,1,0,0,0,0,w,w
35041,GO,1,1,0.874079,0.860948,0,0.560262,1.15502,0,0.594133,0.820781,0,1.46345,0.815425,0.89173,0.894064,0,0,0,1,1,0,0,0,w,w
42939,GO,1,1,0.834995,0,0,0,1.06344,0,0,0,0.862103,0.767957,0,0,1.08655,0,0,1,1,0,0,0,0,w,w
42941,GO,1,1,0.898119,1.13205,1.19679,0,0.571368,0,0.903939,0.778227,0,0,0.797787,0,0.943312,0,0,0,1,0,0,0,0,w,w
42942,GO,1,1,0.894029,0.728203,0.655947,0,0.699272,0,1.28086,0.581243,0,0,0.895375,0,0,1.08538,0,0,1,0,0,0,0,w,w
42943,GO,1,1,0.924913,0.686152,0,0,0.881384,0,1.0939,0.585086,0,0,0.826731,0,0,0.981105,0,0,1,0,0,0,0,w,w
42944,GO,1,1,0.940052,0,0,0,0.983908,0,0,0,0.506592,0,1.27725,0,0.626579,1.27012,0,0,1,1,0,0,0,w,w
42945,GO,1,1,0.928671,0,0,0,0.988198,0,0.570083,0,0.564001,0,1.17478,0,1.02985,1.82125,0,0,1,1,0,0,0,w,w
42946,GO,1,1,0.880564,0,0,0,1.16882,0,0.978135,0,0.535994,0,0.812893,0,1.28618,2.55361,0,0,1,0,0,0,0,w,w
42947,GO,1,1,0.863596,0,0,0,0.748913,0,0,0,0,0,0.910278,0,1.16821,2.24117,0,0,1,1,0,1,0,w,w
42948,GO,1,1,0.917923,0,0,0,0.724353,0,0,0,0,0,0.987913,0,1.05432,0,0,0,1,1,0,0,0,w,w
42962,GO,1,1,0.85021,0,0,0,0.832008,0,0,0,0,0,1.43079,0,1.3193,2.0189,0,1,1,1,0,0,0,w,w
31914,GO,1,1,0.972177,1.03607,1.29008,0,0,0,0,0,0,0,1.17427,0,1.56756,0,0,0,0,0,0,0,1,m,m
31915,GO,1,1,0.986159,0.80508,1.33883,0,0,0,0,0,0,0,0.764387,0,1.2033,1.14907,0,0,0,1,0,0,1,m,m
31916,GO,1,1,0.992624,0.83185,0.943476,0,0,0,0,0,0,0,0,0,0,1.45002,0,0,0,0,1,0,0,m,m
31917,GO,1,1,0.993,0.617966,0.697725,0,0,0,0,0,0,0,0,0,0,1.11888,0,0,0,0,1,0,0,m,m
31918,GO,1,1,0.994525,0.6484,0,0,0,0,0.779029,0,0,0,0,0,0,1.37534,0,0,0,0,1,0,0,m,m
31919,GO,1,1,0.992696,1.13922,0.520753,0.50869,0,0,1.29937,0,0,0.679357,0,0,0,0.69369,0,0,0,0,0,0,0,m,m
49152,GO,1,1,0.968404,0,0.646391,1.72784,0,0,1.13294,0,0,1.01712,0,0,0,2.85958,0,1,0,0,0,0,0,m,m
49153,GO,1,1,0.968627,0.65102,0.978922,1.59094,0,0,1.67163,0.792665,0,1.19668,0,0,0,3.28382,0,1,0,0,0,0,0,m,m
49154,GO,1,1,0.986413,0.809404,1.34845,1.93778,0,0.674413,1.95913,1.07452,0,1.47325,0,0,0,3.25302,0,1,0,0,0,0,0,m,m
49155,GO,1,1,0.986649,0.680316,0.970908,1.45578,0,0.737525,1.65076,1.13707,0,1.29529,0,0,0,1.92532,0,1,1,0,0,0,0,m,m
49156,GO,1,1,0.984448,0.643106,0.840503,1.40223,0,0.644421,1.74281,0.970146,0,1.34723,0,0,0,1.2607,0,1,1,0,0,0,0,m,m
49157,GO,1,1,0.986766,0.82922,1.42111,1.69315,0,0.720578,1.82018,1.16649,0,1.34129,0,0,0,0.926874,0,1,0,0,0,0,0,m,m
49158,GO,1,1,0.989641,0.55782,1.17955,1.6504,0,0.648869,1.9216,1.05126,0,1.25508,0,0,0,1.03484,0,1,0,0,0,0,0,m,m
49159,GO,1,1,0.990561,0,1.05171,1.55712,0,0.767397,2.30078,1.2407,0,1.27475,0,0,0,0,0,1,1,0,0,0,0,m,m
49160,GO,1,1,0.989094,0,0.88232,1.70641,0,0.70203,2.33018,1.19826,0,1.19474,0,0,0,0.781409,0,1,1,0,0,0,0,m,m
49161,GO,1,1,0.987306,0,0.698267,1.51148,0,0.666068,2.30783,1.14961,0,1.15832,0,0,0,0.958188,0,1,1,0,0,0,0,m,m
49162,GO,1,1,0.984137,0,0.690589,1.75201,0,0.694679,2.71309,1.12685,0,1.04297,0,0,0,0.564507,0,1,1,0,0,0,0,m,m
49163,GO,1,1,0.985068,0.711952,0.536319,1.64527,0,0.82367,2.62329,1.28841,0.670158,0.83294,0,0,0,0.894883,0,1,1,0,0,0,0,m,m
49164,GO,1,1,0.982356,0.693366,0,1.75458,0,0.725454,2.54078,1.06329,0.88139,1.17998,0,0,0,0.542329,0,1,1,0,0,0,0,m,m
7161,GO,1,1,0.964774,1.75408,1.51258,1.38446,0.543925,0,0,0,0,0,0.500985,0,0,2.32598,0,1,0,1,0,0,1,m,m
7162,GO,1,1,0.967429,1.67364,1.22111,0,0.797847,0,0,0,0,0,0.920282,0,0,1.73275,0,1,0,1,0,0,1,m,m
7163,GO,1,1,0.966882,2.27614,1.50137,0,0.877616,0,0,0,0,0,0.531981,0,0,1.52185,0,1,0,1,1,0,1,m,m
7164,GO,1,1,0.967245,1.78499,0.969323,0,0.908963,0,0,0,0,0,0.870659,0,0,1.69831,0,1,0,1,0,0,1,m,m
7165,GO,1,1,0.967863,1.87515,0.942207,0,0.985223,0,0,0,0,0,0.811927,0,0,1.54359,0,1,0,1,0,0,0,m,m
7166,GO,1,1,0.968008,1.8596,0.959428,0,0.971445,0,0,0,0,0,0.898993,0,0,1.86067,0,1,0,1,0,0,0,m,m
7167,GO,1,1,0.968769,1.77195,0.986251,0,1.18107,0,0,0,0,0,0.927871,0,0,1.76059,0,1,0,1,0,0,0,m,m
7168,GO,1,1,0.967169,2.00192,1.08809,0.567054,0.856077,0,0,0,0,0,0.738743,0,0,1.67424,0,1,0,1,0,0,1,m,m
7169,GO,1,1,0.958952,1.91036,1.09604,0.847728,0.800895,0,0,0,0,0,0.536026,0,0,1.12098,0,1,0,1,0,0,1,m,m
7170,GO,1,1,0.959241,1.81854,0.935449,0.926282,0.708691,0,0,0,0,0,0.541251,0,0,1.17039,0,1,0,1,0,0,1,m,m
7171,GO,1,1,0.963579,1.6629,1.33094,0.721974,0.605476,0,0,0,0,0,0,0,0,0.907212,0,1,0,1,0,0,1,m,m
7172,GO,1,1,0.967572,1.51413,1.2069,0,0.513257,0,0,0,0,0,0.826819,0,0,1.2189,0,1,0,1,0,0,1,m,m
7173,GO,1,1,0.970721,1.57049,1.4839,0,0.671642,0,0,0,0,0,0.732282,0,0,1.25698,0,1,0,1,0,0,0,m,m
7174,GO,1,1,0.972468,1.43525,1.40705,0,0.594455,0,0,0,0,0,0.624465,0,0,0.976308,0,1,0,1,0,0,0,m,m
7175,GO,1,1,0.971996,1.39818,1.20556,0,0.593855,0,0,0,0,0,0.695499,0,0,0.971833,0,1,0,1,0,0,0,m,m
7176,GO,1,1,0.973918,1.25654,1.13579,0,0,0,0,0,0,0,0,0,0,0.928926,0,1,0,1,0,0,1,m,m
7177,GO,1,1,0.974255,1.32563,1.20288,0.510406,0,0,0,0,0,0,0,0,0,0.944179,0,1,0,1,0,0,1,m,m
7178,GO,1,1,0.976743,1.59826,1.44778,0.875331,0,0,0,0,0,0,0,0,0,1.1719,0,1,0,1,0,0,1,m,m
7179,GO,1,1,0.967854,1.57425,1.18724,0.587331,0,0,0,0,0,0,0,0,0,0.983415,0,1,0,1,0,0,1,m,m
7180,GO,1,1,0.968996,1.40368,1.2348,0.911482,0,0,0,0,0,0,0.505114,0,0,1.08104,0,1,0,1,0,0,1,m,m
7181,GO,1,1,0.965997,1.25612,1.44454,0.928749,0,0,0,0,0,0,0.913697,0,0,1.17103,0,1,0,1,0,0,1,m,m
7182,GO,1,1,0.976313,1.13863,1.47654,0.938102,0.9629,0,0,0,0,0,0.690315,0,0,1.39126,0,1,0,1,0,0,1,m,m
7183,GO,1,1,0.97213,1.4134,1.44228,0.62481,0.81862,0,0.685031,0,0,0,0.781944,0,0,1.95074,0,1,0,1,0,0,1,m,m
7184,GO,1,1,0.968619,1.44073,1.66836,0.866497,0.726318,0,1.05911,0,0,0,0.874395,0,0,1.34817,0,1,0,1,0,0,0,m,m
7185,GO,1,1,0.951967,1.54947,2.03779,1.29711,0,0,1.44415,0,0,0,1.04671,0,0,0.534481,0,1,0,1,0,0,1,m,m
7186,GO,1,1,0.812193,2.20208,3.16525,1.18271,0,0,0,0,0,0,0.85787,0,0,0,0,1,0,0,0,0,1,m,m
7189,GO,1,1,0.871548,1.38494,0.647834,1.83547,0,0,0.569311,0,1.04728,0,0.762167,0.914387,1.33555,1.77787,0,1,0,1,1,0,0,m,m
12730,GO,1,1,0.809999,2.32763,0.608648,1.60602,1.6473,0.560977,0,0.812499,0.692525,0,1.00301,0.672898,2.03659,0,0,1,0,1,1,0,1,m,m
12731,GO,1,1,0.802203,2.48591,1.40632,2.72386,1.68646,0,0,0.870341,0,0,0.934701,0.52506,2.05106,0,0,1,0,1,1,1,1,m,m
12734,GO,1,1,0.846864,2.14947,1.70391,2.51108,1.23583,0,0,0.529471,0,0,2.25255,0,0.655511,1.39814,0,1,0,1,0,0,1,m,m
12735,GO,1,1,0.849436,2.76888,2.10234,2.6156,1.11019,0,0.980154,0.614145,0,0,2.31281,0,0.535846,1.66549,0,1,0,1,1,0,0,m,m
12736,GO,1,1,0.842774,3.03385,2.39238,2.22955,1.13201,0,0.919402,0.524074,0,0,2.57908,0,0,1.65086,0,1,0,1,1,0,0,m,m
12737,GO,1,1,0.831777,2.98142,2.64479,1.77996,1.30021,0,0.890244,0,0,0,2.41845,0,0.51498,2.18893,0,1,0,1,1,0,0,m,m
12742,GO,1,1,0.801658,1.6433,0,1.82428,0.956553,0,0,0,0,0.668405,0,0.824145,2.23465,0.759802,0,1,0,1,1,0,1,m,m
12743,GO,1,1,0.854956,2.09327,0,1.63067,0.746985,0,0,0,0,0.96359,0,1.08603,2.10435,0.895266,0,1,0,1,1,1,1,m,m
12744,GO,1,1,0.850883,2.13257,0,0.943817,0,0,0,0,0,0.649153,0,1.07084,2.2927,0.587003,0,1,0,1,1,1,1,m,m
12745,GO,1,1,0.775299,2.36806,0,0,0,0,0,0,0.642974,0.8423,0,0.929742,1.72432,1.11504,0,1,0,1,1,1,1,m,m
12746,GO,1,1,0.763962,2.04529,0,0,0.74459,0,0,0,0.859704,0.753458,0,0.828436,1.66827,1.18411,0,1,0,1,1,0,1,m,m
12747,GO,1,1,0.829405,2.47016,0.529824,0,1.36769,0,0,0,0.899033,0.566356,0,1.04835,2.26893,1.41819,0,1,0,1,1,0,1,m,m
12748,GO,1,1,0.862283,1.95738,0,0,1.60389,0,0,0,1.04234,0,0.880166,0.9985,3.26419,0.647116,0,1,0,1,1,0,1,m,m
12749,GO,1,1,0.869872,2.25936,0,0,1.39725,0,0,0,0.846861,0,0.529644,0.862899,3.39547,0,0,0,0,1,1,0,1,m,m
12750,GO,1,1,0.87734,2.2061,0.534733,0,0,0,0,0,0.841744,1.15912,0,1.11354,2.90834,0.503325,0,1,0,1,1,0,0,m,m
12751,GO,1,1,0.891655,1.7159,0.888642,0,0.815737,0,0,0,0.700332,0.90158,0,0.727206,2.67472,1.31082,0,1,0,1,1,0,1,m,m
12752,GO,1,1,0.886904,1.62849,0.641705,1.04536,0,0,0,0,0,0,0.697122,0.79568,2.27125,1.09927,0,1,0,1,1,0,1,m,m
12753,GO,1,1,0.877116,1.74582,0,1.13477,0,0,0,0,0,0,0.632884,0.642554,2.17316,1.0372,0,1,0,1,1,0,1,m,m
12754,GO,1,1,0.870712,1.40463,0,1.10535,0.546123,0,0,0,0,0,0.84988,0.660831,2.40056,0,0,1,0,1,1,0,1,m,m
12755,GO,1,1,0.865495,1.5258,0.623119,0.933571,0.806626,0,0,0,0,0,0.704571,0.617843,2.02599,0.944676,0,1,0,1,1,0,0,m,m
12756,GO,1,1,0.864105,1.65729,0.695131,1.33885,0.947427,0,0,0,0,0,0,0,1.98962,0.916341,0,1,0,1,1,0,0,m,m
12757,GO,1,1,0.864809,1.69066,0.777188,1.34728,0.932071,0,0,0,0,0,0,0,1.30716,1.36384,0,1,0,1,1,0,0,m,m
12758,GO,1,1,0.877674,1.7198,1.0885,1.85267,1.18581,0,0,0,0.540394,0,0,0.547978,1.36769,1.47331,0,1,0,1,1,0,0,m,m
12759,GO,1,1,0.880114,1.78492,0.961195,1.66832,1.05171,0,0,0,0,0,0,0.561006,1.48045,0.834057,0,1,0,1,1,0,0,m,m
12760,GO,1,1,0.878987,1.76083,1.03003,1.59335,0.881755,0,0,0,0.563685,0,0,0,1.12212,1.32719,0,1,0,1,1,0,0,m,m
12761,GO,1,1,0.888715,1.52302,0.923129,1.5098,1.16328,0,0,0,0.637383,0,0,0,0.913764,1.68377,0,1,0,1,1,0,0,m,m
12762,GO,1,1,0.907534,1.66846,0.876521,1.50495,1.31803,0,0,0,0.593373,0,0,0,0.990332,0.993898,0,1,0,1,1,0,0,m,m
12763,GO,1,1,0.907957,1.63306,1.13083,1.61627,1.05769,0,0,0,0.612045,0,0,0,0.930039,1.44366,0,1,0,1,1,0,0,m,m
12764,GO,1,1,0.903993,1.50479,0.898573,1.64628,1.19919,0,0.505152,0,0.538917,0,0,0,0.853117,1.08793,0,1,0,1,1,0,0,m,m
12765,GO,1,1,0.906439,1.41115,0.911957,1.52489,1.11001,0,0,0,0.631012,0,0,0.549586,0.893306,1.05534,0,1,0,1,1,0,0,m,m
12766,GO,1,1,0.903407,1.51255,1.04659,1.42816,1.23611,0,0,0,0.605886,0,0,0,0.996338,1.02301,0,1,0,1,1,0,0,m,m
12767,GO,1,1,0.912219,1.58836,1.1994,1.00596,1.04877,0,0,0,0.686851,0,0,0.599576,1.11421,0.829456,0,1,0,1,1,0,0,m,m
12768,GO,1,1,0.911859,1.52384,1.40993,1.14278,0.960128,0,0.706839,0,0.573839,0,0,0,1.36967,0.872172,0,1,0,1,1,0,0,m,m
12769,GO,1,1,0.905734,1.68476,1.41113,0.962057,0.742623,0,0.786207,0,0.758052,0,0,0.571076,1.15605,0.860302,0,1,0,1,1,0,0,m,m
12770,GO,1,1,0.905313,1.7374,1.34108,0.89147,1.0282,0,0,0,0.844732,0,0,0,1.05666,0.921099,0,1,0,1,1,0,0,m,m
12771,GO,1,1,0.900794,1.73947,1.09192,0.821083,0.756153,0,0,0,0.808594,0,0,0.513527,1.34986,0.846737,0,1,0,1,1,0,0,m,m
12772,GO,1,1,0.902441,1.63508,1.19125,1.05715,1.00922,0,0,0,0.905324,0,0,0,1.25417,1.2032,0,1,0,1,1,0,0,m,m
12773,GO,1,1,0.896725,1.69694,1.34607,1.00161,0.894557,0,0,0,0.668558,0,0,0,1.35873,1.18918,0,1,0,1,1,0,0,m,m
12774,GO,1,1,0.90899,1.74375,1.03242,1.15041,0.98028,0,0,0,0.581985,0,0,0,1.08529,0.879649,0,1,0,1,1,0,0,m,m
12775,GO,1,1,0.896986,1.53515,1.11597,1.15082,0.972656,0,0,0,0.593631,0,0,0,1.13933,0.8401,0,1,0,0,1,0,0,m,m
12776,GO,1,1,0.895043,1.5037,0.948601,1.284,1.10211,0,0,0,0.647476,0,0,0,1.10628,0.946391,0,1,0,1,1,0,0,m,m
12777,GO,1,1,0.892032,1.42848,0.993748,1.14805,1.01863,0,0,0,0.589699,0,0,0,0.978493,0,0,1,0,0,1,0,0,m,m
12778,GO,1,1,0.89211,1.4762,1.17674,1.04112,0.871661,0,0,0,0.531148,0,0,0,1.01473,0.779929,0,1,0,1,1,0,0,m,m
12779,GO,1,1,0.893445,1.52195,0.938597,1.24336,0.843143,0,0,0,0.530892,0,0,0,0.749804,0.818111,0,1,0,0,1,0,0,m,m
12780,GO,1,1,0.893644,1.44666,1.03208,1.16193,0.816882,0,0,0,0,0,0,0,0.767709,0.878122,0,1,0,1,1,0,0,m,m
22101,GO,1,1,0.813449,0,1.69742,0,0,0.96297,0.526765,1.68376,0.991895,1.41651,0.759641,0.770115,1.48476,1.33534,0,1,1,1,1,0,1,m,m
22102,GO,1,1,0.82025,0,1.25982,0,0,0.904474,0,1.63176,0.817906,1.7401,0.675513,0.744426,1.21441,2.13394,0,1,1,0,1,0,1,m,m
22103,GO,1,1,0.832,0,2.04956,0,0,0.958192,0,1.62869,0.892854,1.96672,0.868868,0.838904,1.35598,2.69681,0,1,1,1,1,0,1,m,m
22104,GO,1,1,0.889615,0,1.84844,0.5661,0,0.78222,0,1.32299,0.890657,1.59938,0.863893,0,1.45584,1.62059,0,1,1,1,1,0,0,m,m
22105,GO,1,1,0.816228,0,1.82832,0.636788,0,1.04289,0,1.72424,1.26198,2.27042,0.989312,0.69921,1.30779,2.37641,0,1,1,1,0,0,0,m,m
22106,GO,1,1,0.797927,0,1.99048,0.599977,0,1.09866,0,1.74101,1.47091,2.11753,1.11055,0.7415,1.30036,1.98518,0,1,1,1,0,0,0,m,m
22107,GO,1,1,0.789471,0,1.69303,0.767308,0,1.11068,0,1.76445,1.53205,2.27075,1.08224,0.659446,1.3069,1.93205,0,1,1,1,0,0,0,m,m
22108,GO,1,1,0.889382,0,1.81103,1.0519,0,1.01998,0,1.57128,1.5404,2.2089,1.08507,0.625641,0.894208,1.31397,0,1,1,0,0,0,0,m,m
22109,GO,1,1,0.866296,0,2.05902,0.697484,0,1.0831,0,1.63295,1.47302,2.52633,0.926094,0.6427,0,1.27394,0,1,1,0,0,0,0,m,m
22110,GO,1,1,0.852437,0,1.9662,0,0,1.09169,0,1.56957,1.60296,2.58653,0.641062,0.661012,0,1.60038,0,1,1,0,0,0,0,m,m
22113,GO,1,1,0.893488,0,1.4601,0,0,0.752023,0,1.12518,0.900412,1.76813,1.20327,0.851255,0.632413,1.56979,0,1,0,1,1,0,1,m,m
22114,GO,1,1,0.910279,0,1.61401,0,0,0.691375,0,1.06754,0.778908,2.01844,0.996435,0.763259,0.544647,1.18247,0,1,0,1,1,0,0,m,m
22115,GO,1,1,0.911498,0,1.39546,0,0,0.674063,0,0.981268,0.747622,2.09122,0.71482,0.81305,0.537365,1.12104,0,1,0,1,1,0,0,m,m
22116,GO,1,1,0.933772,0,1.58907,0,0,0.646592,0,0.909111,0.804308,2.16431,0.540872,0.616354,0,1.07205,0,1,0,1,0,0,0,m,m
22117,GO,1,1,0.937365,0,1.18538,0,0,0.594846,0,0.813753,0.782971,2.11275,0.640432,0.550702,0,1.29787,0,1,0,1,0,0,1,m,m
22118,GO,1,1,0.952751,0,1.16225,0,0,0.675156,0,0.871418,0.663313,2.08595,0.516076,0,0,1.16018,0,1,0,1,0,0,1,m,m
22119,GO,1,1,0.939428,0,1.39517,0,0,0.830365,0,1.00957,0.703166,2.06821,0.631861,0,0,0.602205,0,1,0,1,0,0,1,m,m
22120,GO,1,1,0.946397,0,0.893021,0,0,0.720707,0,0.977811,0.769596,2.42426,0.63934,0,0,0.96,0,1,1,1,0,0,0,m,m
22121,GO,1,1,0.935707,0,1.42223,0,0,0.891046,0,1.20807,1.12954,2.54492,0,0,0.562219,1.13808,0,1,1,1,0,0,0,m,m
22122,GO,1,1,0.937978,0,1.01473,0,0.812443,0.817088,0,1.0125,1.38208,2.55441,0,0,0.796635,1.07615,0,1,1,0,0,0,0,m,m
22123,GO,1,1,0.92223,0,1.04383,0.849092,0.813882,0.898905,0,1.02702,1.73282,2.50045,0,0.532924,0.678845,1.16466,0,1,1,0,0,0,0,m,m
22124,GO,1,1,0.902134,0,0.988574,1.19068,1.30042,0.97288,0,1.02801,1.95293,2.45055,0,0.820563,0.832593,1.51442,0,1,1,0,0,0,0,m,m
22125,GO,1,1,0.906587,0,0.971442,1.30351,1.33124,0.901123,0,0.979986,2.11036,2.39155,0,0.691351,0.695513,0.929011,0,1,1,0,0,0,0,m,m
22126,GO,1,1,0.921348,0,0.622717,1.25316,1.31557,0.852262,0,0.966587,2.17504,2.39751,0,0.651323,0.86243,1.09991,0,1,1,0,0,0,0,m,m
22127,GO,1,1,0.932459,0,0.741305,1.29427,1.33727,0.833551,0,0.942378,1.94844,2.35853,0,0.596233,1.01249,1.02851,0,1,1,0,0,0,0,m,m
22128,GO,1,1,0.957096,0,1.0002,1.3189,1.2419,0.795267,0,0.948788,2.08165,2.06857,0,0.59095,0,1.2201,0,1,1,0,0,0,0,m,m
22129,GO,1,1,0.965154,0,1.06347,0.677323,1.03955,0.869289,0,1.07417,2.15175,2.17236,0,0.531609,0,1.2422,0,1,1,0,0,0,0,m,m
22130,GO,1,1,0.972705,0,0.915363,0.568462,0.664212,0.814787,0,1.11308,1.91797,2.19509,0,0,0,1.57366,0,1,1,0,0,0,0,m,m
22131,GO,1,1,0.96553,0,0,0,0,0.884768,0,1.1753,1.99689,1.96452,0,0,0,1.96466,0,1,1,0,1,0,0,m,m
22132,GO,1,1,0.964626,0,0,0,0,0.842584,0,1.09936,1.94252,2.151,0,0,0,1.99989,0,1,1,0,0,0,0,m,m
22133,GO,1,1,0.954402,0,0,0,0,0.782299,0,0.970395,1.77134,2.26194,0,0,0,1.87179,0,1,1,0,0,0,0,m,m
22134,GO,1,1,0.942965,0,0,0.534384,0,0.82428,0,1.04944,1.68276,2.39536,0,0,0,1.92849,0,1,1,0,0,0,0,m,m
22135,GO,1,1,0.946522,0,0,0,0,0.946525,0,1.14254,1.79033,2.76794,0,0,0,2.18635,0,1,1,0,0,0,0,m,m
22136,GO,1,1,0.94802,0,0,0,0.702419,0.923356,0,1.03588,1.63736,2.6793,0,0,0,1.55071,0,1,1,0,0,0,0,m,m
22137,GO,1,1,0.940014,0,0,0.533246,0.665323,0.893397,0,0.991103,1.66733,2.51752,0,0,0,1.56585,0,1,1,0,0,0,0,m,m
22138,GO,1,1,0.94414,0,0,0,0,0.767758,0,0.881773,1.67167,2.36856,0,0,0,1.86571,0,1,1,0,0,0,0,m,m
22139,GO,1,1,0.946268,0,0,0,0,0.814907,0,1.0254,1.71512,2.244,0,0,0,2.15578,0,1,1,0,0,0,0,m,m
22140,GO,1,1,0.967284,0,0,0,0,0.982017,0,1.2106,1.9028,2.03607,0,0,0,2.68964,0,1,1,0,1,0,0,m,m
22141,GO,1,1,0.969964,0,0,0,0,1.03382,0,1.29079,1.91086,2.05297,0,0,0,2.92358,0,1,1,0,1,0,1,m,m
22142,GO,1,1,0.963359,0,0,0,0,0.987257,0,1.26345,1.78388,2.10035,0,0,0,2.96521,0,1,1,0,0,0,0,m,m
22143,GO,1,1,0.95028,0,0,0,0,0.917731,0,1.1177,1.55898,2.17096,0,0,0,3.06499,0,1,1,0,0,0,0,m,m
22144,GO,1,1,0.939079,0,0,0,0,0.805821,0,0.889339,1.54445,2.23188,0,0,0,2.54015,0.538226,1,1,0,0,0,0,m,m
22145,GO,1,1,0.940747,0.946101,1.02246,0,0,0.679088,0,0.68536,1.25554,2.16482,0,0,0.543382,2.77286,0.726337,1,1,0,1,0,0,m,m
22146,GO,1,1,0.75446,1.24048,1.92772,0,0,0.543524,1.63389,0.710378,0,1.6504,0,0,0,1.3572,0,1,0,1,0,0,0,m,m
22147,GO,1,1,0.72989,1.54195,0.90702,0,0,0,0,0.603244,1.08082,1.33761,0,0.524664,1.33631,0,0,1,0,1,0,0,0,m,m
39184,GO,1,1,0.917584,1.68016,1.72654,0,0,0.95622,1.30816,1.17434,1.8819,1.2515,1.15371,0,0.928116,1.07923,0,0,1,1,0,0,0,m,m
39185,GO,1,1,0.95174,1.01028,0.699689,0,0,1.06447,0.809527,1.4169,2.15892,1.19432,0.745973,0,0.770256,1.65296,0,0,1,1,0,0,0,m,m
39186,GO,1,1,0.939857,0.694001,1.05421,0,0,1.01521,0,1.41326,2.1951,1.12156,0.921525,0,1.10183,1.05937,0,0,1,1,1,0,0,m,m
39187,GO,1,1,0.930902,0,1.1074,0,0,1.06592,0.731766,1.55187,2.02792,1.2368,1.19797,0,1.15454,0.709511,0,0,1,1,1,0,0,m,m
39188,GO,1,1,0.940985,0,1.19342,0,0.588951,0.941237,1.00449,1.42978,1.7397,1.28762,1.74212,0,1.60488,1.84032,0,0,1,1,1,0,0,m,m
39189,GO,1,1,0.953531,0.808967,1.70646,0,0.529408,0.786832,1.38414,1.16,1.2578,1.53382,1.69767,0,1.60146,2.26949,0,0,1,1,1,0,1,m,m
39190,GO,1,1,0.951579,0.797454,1.76934,0,0,0.519508,1.85431,0.746073,0.777281,1.33691,1.23813,0,1.38903,0.735146,0,0,1,1,1,0,1,m,m
39191,GO,1,1,0.960084,0,1.2325,0,0,0,0.640276,0,0.987315,1.1576,0.635182,0,0.527994,0,0.596051,0,1,1,1,0,1,m,m
39197,GO,1,1,0.929765,0.720424,0.809748,0.791675,0.639007,0,1.22734,0,0,0.719699,0.986156,0.531141,0,0,0.657593,1,0,1,0,0,1,m,m
39198,GO,1,1,0.950645,0.555357,0,0.535039,0,0,0,0,0.559741,1.20698,1.18348,0,0.604072,0,0.799432,0,0,1,1,0,1,m,m
39199,GO,1,1,0.951947,0.780266,0,0,0,0,0,0,0.729334,1.19537,0.902774,0,0.912745,2.35423,0.853996,0,0,1,0,0,1,m,m
39200,GO,1,1,0.972231,0,0,0,0.562866,0,0,0.53715,1.08088,1.46793,0.802072,0,0.747992,2.09992,0.700988,0,1,1,0,0,1,m,m
39201,GO,1,1,0.974824,0.527042,0,0,0.704509,0.645733,0,0.706338,1.3143,1.42438,0.9775,0,0.683734,1.4786,0.523547,0,1,1,0,0,1,m,m
39202,GO,1,1,0.975442,0,0,0.507418,0.690462,0.748975,0.719481,0.800884,1.27929,1.52855,1.04828,0,0.988273,0.902008,0,0,1,1,0,0,1,m,m
39203,GO,1,1,0.971722,0,0,0,0,0.831823,1.06112,0.879457,1.53094,1.57638,0.925655,0,0.73852,1.08532,0,0,1,1,0,0,1,m,m
39204,GO,1,1,0.971128,0,0,0,0,0.791269,0.904632,0.848807,1.48483,1.44716,0.980514,0,0,0.616631,0,0,1,1,0,0,1,m,m
39205,GO,1,1,0.959987,0,0,0,0,0.600158,0.726094,0.600231,1.27304,1.3407,0,0,0.695944,0,0,0,1,1,0,0,1,m,m
39206,GO,1,1,0.934302,0,0,0,0,0,0.681528,0,0.947646,1.03243,0.606615,0.659997,0.7975,0,0,0,1,1,0,0,1,m,m
39207,GO,1,1,0.921687,0,0,0,0,0,0,0,0.825819,1.00462,0,0.796834,0.828674,0,0,0,0,1,0,0,1,m,m
39208,GO,1,1,0.93036,0,0,0,0.688967,0,0.632471,0,0.813871,1.09288,0,0.618332,0.779983,0,0,0,0,1,1,0,1,m,m
39209,GO,1,1,0.951871,0,0,0,0.519503,0,0.767283,0,0.818818,1.39598,0,0,0,0,0.591945,0,0,1,0,0,1,m,m
39210,GO,1,1,0.931716,0,0.537889,0,0,0,0,0,0.737332,1.2884,0.951235,0,0,1.40798,1.02308,0,0,1,1,0,1,m,m
39211,GO,1,1,0.893427,0.603594,0,0,0,0,0,0,0,0.590377,0.652393,0,0,1.42082,1.154,0,0,1,1,0,1,m,m
39212,GO,1,1,0.8877,0.560852,0,0,0,0,0,0,0.511852,0.609179,0,0,0,1.12112,1.23237,0,0,1,0,1,1,m,m
39213,GO,1,1,0.877788,0.81728,0,0,0.722833,0,0,0,0,0,0.636212,0,0,0,0.997952,0,0,1,0,0,1,m,m
39214,GO,1,1,0.897636,0.815607,0,0,0.533327,0,0,0,0,0.567177,0.592448,0,0,0,0.86233,0,0,1,1,0,1,m,m
39215,GO,1,1,0.895299,0.666411,0,0,0.505154,0,0.824544,0,0,0.590211,0.597699,0,0,0,0.682177,0,0,1,1,0,1,m,m
39216,GO,1,1,0.90366,0.57043,0,0,0,0,0.822475,0,0,0,0.815413,0,0,0,0,0,0,1,1,0,1,m,m
39217,GO,1,1,0.937648,0.528879,0,0,0,0,0,0,0,0,0.701227,0,0,0.834938,0,0,0,1,1,0,1,m,m
39218,GO,1,1,0.943185,0,0,0,0,0,0,0,0,0,0.774613,0,0,1.80362,0,0,0,1,1,0,0,m,m
39219,GO,1,1,0.949974,0,0,0,0,0.541359,0,0.720685,0,0.689691,0,0,0,2.32137,0,0,0,0,1,0,0,m,m
39220,GO,1,1,0.961909,0,0,0,0,0,0,0.644446,0.770732,0.801255,0,0,0,2.24051,0,1,0,0,1,0,1,m,m
39221,GO,1,1,0.94974,0,0,0,0,0.987286,0,1.20346,1.50547,1.2042,0,0,0,2.73405,0,1,1,0,1,0,1,m,m
39222,GO,1,1,0.951573,0,0,0,0,0.95978,0,1.06016,1.68341,1.01019,0,0,0,2.64703,0,0,1,0,1,0,1,m,m
39223,GO,1,1,0.957003,0,0,0,0,0.8369,0,0.897566,1.41888,1.08308,0,0,0,2.43747,0,0,1,1,1,0,1,m,m
39224,GO,1,1,0.956581,0,0,0,0,0.810915,0,0.856946,1.23179,1.20948,0.8753,0,0,2.21429,0,0,1,1,1,0,1,m,m
39225,GO,1,1,0.966835,0,0.533898,0,0,0.810887,0,0.929343,0.958016,1.45345,0.802578,0,0,2.31786,0,0,1,1,1,0,1,m,m
39226,GO,1,1,0.964467,0.563083,0,0,0,0.67109,0.754306,0.709389,1.15469,1.82577,0.599426,0,0,2.35388,0,0,1,1,0,0,1,m,m
39227,GO,1,1,0.962731,0.645049,1.38887,0,0,0,0.799223,0,0.777688,1.6738,0.676733,0,0.670266,1.6093,0,0,1,1,0,0,1,m,m
39232,GO,1,1,0.971924,0,0.877961,0.636574,0,0,0.960594,0.553459,0,0.513193,0,0,1.65629,1.28265,0,1,1,1,0,0,1,m,m
42111,GO,1,1,0.906562,0,0,0.512165,0,0,0,0,0,0.924294,0,0,1.3829,0.992994,0,1,0,1,0,0,1,m,m
42112,GO,1,1,0.932733,0,0,0.869632,0,0,0,0,0,1.15343,0,0,1.5474,1.0597,0,1,0,1,0,0,1,m,m
42113,GO,1,1,0.930101,0,0,0.608345,0,0,1.06954,0,0,0.94277,0,0,1.18812,0,0,1,0,1,0,0,1,m,m
42114,GO,1,1,0.936433,0,0,0.995012,0,0,0.946104,0,0,1.28364,0,0,1.17514,0,0,1,0,1,0,0,1,m,m
42115,GO,1,1,0.947961,0,0,0.962612,0,0,1.13453,0,0,1.22296,0,0,1.4711,0,0,1,0,1,0,0,1,m,m
42116,GO,1,1,0.956023,0,0,0.938754,0,0,1.49438,0,0,0.768238,0,0,1.39927,0,0,1,0,1,0,0,1,m,m
42117,GO,1,1,0.957716,0,0,0.675826,0,0,1.44179,0,0,0,0,0,1.30534,0.583431,0,1,0,1,0,0,1,m,m
42118,GO,1,1,0.944372,0,0,0.715876,0,0,1.10773,0,0,0,0,0,0.866326,0.557594,0,1,0,1,0,0,1,m,m
42119,GO,1,1,0.939304,0,0,0.68043,0,0,0.810102,0,0,0,0,0,0.770406,0.672607,0,1,0,1,0,0,1,m,m
20380,GO,1,1,0.981085,0,0,0,0,0,0,0.611603,0.577154,1.19661,0,0,0,0,0,0,1,0,0,0,0,m,w
20381,GO,1,1,0.980035,0,0,0,0,0,0,0.684081,0.684977,1.2204,0,0,0,0.565589,0,0,1,0,0,0,0,m,w
20382,GO,1,1,0.982805,0.555732,0,0,0,0.541771,0,0.824307,0.639754,1.23448,0,0,0,0,0,0,1,0,0,0,0,m,w
20383,GO,1,1,0.982952,0.513106,0,0,0,0.549272,0,0.822415,0.673497,1.13229,0,0,0,0,0,0,1,0,0,0,0,m,w
20384,GO,1,1,0.981672,0,0,0,0,0.556674,0,0.814718,0.602914,1.11996,0,0,0,0,0,0,1,0,0,0,0,m,w
20385,GO,1,1,0.982188,0,0,0,0,0.57912,0,0.850142,0.742827,1.0889,0,0,0,0,0,0,1,0,0,0,0,m,w
20386,GO,1,1,0.981621,0,0,0,0,0.526727,0,0.758694,0.567859,1.16383,0,0,0,0,0,0,1,0,0,0,0,m,w
20387,GO,1,1,0.979371,0,0,0,0,0.527255,0,0.763407,0.679914,1.16928,0,0,0,0,0,0,1,0,0,0,0,m,w
20388,GO,1,1,0.979128,0,0,0,0,0.514533,0,0.733154,0.700339,1.13892,0,0,0,0,0,0,1,0,0,0,0,m,w
20389,GO,1,1,0.979075,0.57666,0,0.54314,0,0.555682,0,0.819199,0.73996,1.19888,0,0,0,0,0,0,1,0,0,0,0,m,w
20390,GO,1,1,0.979508,0,0,0,0,0,0,0.730602,0.648105,1.34464,0,0,0.616649,0,0,0,1,0,0,0,0,m,w
20391,GO,1,1,0.979302,0.582256,0,0,0,0.50404,0,0.781254,0.702132,1.28459,0,0,0.567181,0,0,0,1,0,0,0,0,m,w
20392,GO,1,1,0.978832,0,0,0,0,0,0,0.766936,0.760028,1.3271,0.505426,0,0.549293,0,0,0,1,0,0,0,0,m,w
20393,GO,1,1,0.97904,0,0,0,0,0,0,0.781447,0.760986,1.34722,0,0,0.552624,0,0,0,1,0,0,0,0,m,w
508,GO,1,1,0.924236,0,1.19578,0,0.563256,0,0,0,0,0.508972,0,0.80692,0.591171,0,0,0,0,0,0,0,0,m,m
509,GO,1,1,0.931433,0,0.813117,0,0.615567,0,0,0,0,0.505699,0,0.86157,0.640001,0,0,0,0,0,0,0,0,m,m
510,GO,1,1,0.91604,0,0.971559,0,0.533425,0,0,0,0,0,0,0.770619,0.616802,0,0,0,0,0,0,0,0,m,m
511,GO,1,1,0.922234,0.817904,0.905554,0,0,0,0,0,0,0.655294,0,0.753437,0.541845,0.624477,0,0,0,0,0,0,0,m,m
512,GO,1,1,0.926043,0.620718,0.598407,0,0,0,0,0,0,0.713548,0,0.653834,0.723913,0.811228,0,0,0,0,0,0,0,m,m
513,GO,1,1,0.940348,0.718791,0.743021,0.666541,0,0,0,0,0,0,0,0.585357,0,0.827434,0,0,0,0,0,0,0,m,m
514,GO,1,1,0.953442,0.61981,0.778621,0.891428,0.526659,0,0,0,0,0,0,0,0,0.890628,0,0,0,0,0,0,0,m,m
515,GO,1,1,0.958857,0.570987,0,0.865804,0,0,0,0,0,0,0,0,0,1.09582,0,0,0,0,0,0,0,m,m
516,GO,1,1,0.961107,0.512186,0,1.08672,0,0,0,0,0,0,0,0,0,0.706031,0,0,0,0,0,0,0,m,m
517,GO,1,1,0.959358,0.691747,0,1.15851,0.626614,0,0,0,0,0,0,0,0,0.647591,0,0,0,0,0,0,0,m,m
518,GO,1,1,0.952462,0,0,0.953305,0,0,0,0,0,0,0.633991,0,0,0.719614,0,0,0,0,0,0,0,m,m
519,GO,1,1,0.951984,0,0,0.878104,0,0,0,0,0,0,0.532439,0.573561,0,0,0,0,0,0,0,0,0,m,m
520,GO,1,1,0.943325,0,0,0.914962,0,0,0,0,0,0,0.67112,0,0,0.864697,0,0,0,0,0,0,0,m,m
521,GO,1,1,0.93693,0,0,0.828639,0,0,0,0,0,0,0.610793,0.560744,0,1.0172,0,0,0,0,0,0,0,m,m
522,GO,1,1,0.939226,0,0,1.06293,0,0,0,0,0,0,0.636543,0.631156,0,0.7971,0,0,0,0,0,0,0,m,m
523,GO,1,1,0.94155,0,0,0.983514,0,0,0,0,0,0,0.715227,0.640516,0,1.23025,0,0,0,0,0,0,0,m,m
524,GO,1,1,0.93039,0.552571,0,0.914954,0,0,0,0,0,0,0.604504,0.665327,0,1.0506,0,0,0,0,0,0,0,m,m
525,GO,1,1,0.933718,0.632112,0,0.832541,0,0,0,0,0,0,0.747602,0.733278,0,0.903063,0,0,0,0,0,0,0,m,m
526,GO,1,1,0.913343,0.647779,0,0.628287,0,0,0,0,0,0,0.638559,0.778365,0,1.12382,0,0,0,0,0,0,0,m,m
527,GO,1,1,0.921544,0.678467,0,0.618597,0,0,0,0,0,0,0.62086,0.718162,0,0.92789,0,0,0,0,0,0,0,m,m
528,GO,1,1,0.91058,0.516559,0,0,0,0,0,0,0,0,0.693401,0.76767,0,0.698932,0,0,0,0,1,0,0,m,m
529,GO,1,1,0.909232,0.636327,0,0.55992,0,0,0,0,0,0,0.646043,0.699414,0,0.744226,0,0,0,0,0,0,0,m,m
530,GO,1,1,0.908894,0.620269,0,0.58502,0,0,0,0,0,0,0,0.699913,0,0.65802,0,0,0,0,0,0,0,m,m
531,GO,1,1,0.907,0.624998,0,0,0,0,0,0,0,0,0.717289,0.741884,0.538704,0,0,0,0,0,0,0,0,m,m
532,GO,1,1,0.905913,0.579833,0,0.591044,0,0,0.544665,0,0,0,0.602689,0.78139,0.501245,0,0,0,0,0,1,0,0,m,m
533,GO,1,1,0.907562,0.552268,0,0.540125,0,0,0,0,0,0,0.699632,0.780494,0,0.589303,0,0,0,0,1,0,0,m,m
534,GO,1,1,0.910023,0.592554,0,0.663525,0,0,0,0,0,0,0.781866,0.803925,0,0,0,0,0,0,1,0,0,m,m
535,GO,1,1,0.91149,0.544128,0,0.638557,0,0,0,0,0,0,0.804148,0.864257,0,0,0,0,0,0,1,0,0,m,m
536,GO,1,1,0.912662,0.618559,0,0.579093,0,0,0,0,0,0,0.83091,0.91233,0,0,0,0,0,0,1,0,0,m,m
537,GO,1,1,0.911247,0.727631,0,0.702785,0,0,0,0,0,0,0.859579,0.856738,0,0,0,0,0,0,1,0,0,m,m
538,GO,1,1,0.910702,0.538603,0,0,0,0,0,0,0,0,0.888175,0.753708,0,0,0,0,0,0,1,0,0,m,m
539,GO,1,1,0.914533,0.577719,0,0.506489,0,0,0,0,0,0,0.81642,0.729121,0,0,0,0,0,0,1,0,0,m,m
540,GO,1,1,0.916123,0.599704,0,0.609164,0,0,0,0,0,0,0.87762,0.796847,0,0,0,0,0,0,1,0,0,m,m
541,GO,1,1,0.921566,0.583552,0,0.545602,0,0,0,0,0,0,0.924708,0.760112,0,0,0,0,0,0,1,0,0,m,m
542,GO,1,1,0.912245,0.607508,0,0.564319,0,0,0,0,0,0,0.973592,0.794398,0,0,0,1,0,0,1,0,0,m,m
543,GO,1,1,0.909895,0.767541,0,0.83247,0,0,0,0,0,0,0.743356,0.908607,0,0,0,1,0,0,1,0,0,m,m
6549,GO,1,1,0.966619,0,0,0,0,0,0,0,0,0,0,0,0,1.03649,0,0,0,0,0,0,0,m,w
6550,GO,1,1,0.969019,0,0,0,0,0,0,0,0,0,0,0,0,1.05717,0,0,0,1,0,0,0,m,w
6551,GO,1,1,0.966409,0,0,0,0,0,0,0,0,0,0,0,0,0.878158,0,0,0,1,0,0,0,m,w
6552,GO,1,1,0.966115,0,0,0,0,0,0,0,0,0,0,0,0,0.968993,0,0,0,1,0,0,0,m,w
6553,GO,1,1,0.966886,0,0,0,0,0,0,0,0,0,0,0,0,0.945128,0.505825,0,0,1,1,0,0,m,w
6554,GO,1,1,0.966757,0,0,0,0,0,0,0,0,0,0,0,0,0.896866,0.504583,0,0,1,1,0,0,m,w
6555,GO,1,1,0.964579,0,0,0,0,0,0,0,0,0,0,0,0,1.02247,0,0,0,0,1,0,0,m,w
6556,GO,1,1,0.967346,0,0,0,0,0,0,0,0,0,0,0,0,1.09281,0,0,0,0,1,0,0,m,w
6557,GO,1,1,0.966961,0,0,0,0,0,0,0,0,0,0,0,0,1.03992,0,0,0,1,1,0,0,m,w
6558,GO,1,1,0.96438,0,0,0,0,0,0,0,0,0,0,0,0,1.11556,0.512249,0,0,1,1,0,0,m,w
6559,GO,1,1,0.96165,0,0,0,0,0,0,0,0,0,0,0,0,1.14018,0.529139,0,0,1,1,0,0,m,w
6560,GO,1,1,0.962835,0,0,0,0,0,0,0,0,0,0,0,0,0.996532,0.544622,0,0,1,1,0,0,m,w
6561,GO,1,1,0.964761,0,0,0,0,0,0,0,0,0,0,0,0,1.28234,0.571814,0,0,1,0,0,0,m,w
6562,GO,1,1,0.965177,0,0,0,0,0,0,0,0,0,0,0,0,1.13471,0.569147,0,0,0,0,0,0,m,w
6563,GO,1,1,0.964653,0,0,0,0,0,0,0,0,0,0,0,0,1.05964,0.557106,0,0,0,0,0,0,m,w
6564,GO,1,1,0.964048,0,0,0,0,0,0,0,0,0,0,0,0,1.05675,0.578353,0,0,0,0,0,0,m,w
6565,GO,1,1,0.964421,0,0,0,0,0,0,0,0,0,0,0,0,1.13232,0.589733,0,0,0,0,0,0,m,w
6566,GO,1,1,0.963974,0,0,0,0.518672,0,0,0,0,0,0,0,0,1.02108,0.579693,0,0,1,1,0,0,m,w
6567,GO,1,1,0.965271,0,0,0,0,0,0,0,0,0,0,0,0,1.0784,0.572435,0,0,1,0,0,0,m,w
6568,GO,1,1,0.969029,0,0,0,0.567044,0,0,0,0,0,0,0,0,1.18362,0.571253,0,0,0,1,0,0,m,w
6569,GO,1,1,0.966709,0,0,0,0,0,0,0,0,0,0,0,0,1.02466,0.540991,0,0,1,1,0,0,m,w
6570,GO,1,1,0.964305,0,0,0,0.501114,0,0,0,0,0,0,0,0,0.991314,0.503444,0,0,0,1,0,0,m,w
6571,GO,1,1,0.962649,0,0,0,0,0,0,0,0,0,0,0,0,0.934925,0.509828,0,0,0,1,0,0,m,w
6572,GO,1,1,0.96494,0,0,0,0,0,0,0,0,0,0,0,0,1.02823,0.503881,0,0,0,1,0,0,m,w
6573,GO,1,1,0.964017,0,0,0,0,0,0,0,0,0,0,0,0,0.916959,0.507206,0,0,0,1,0,0,m,w
6574,GO,1,1,0.965352,0,0,0,0,0,0,0,0,0,0,0,0,0.896672,0.506872,0,0,1,0,0,0,m,w
6575,GO,1,1,0.966505,0,0,0,0,0,0,0,0,0,0,0,0,1.21684,0.512318,0,0,0,0,0,0,m,w
6576,GO,1,1,0.963855,0,0,0,0,0,0,0,0,0,0,0,0,1.41115,0,0,0,0,0,0,0,m,w
6577,GO,1,1,0.962388,0,0,0,0,0,0,0,0,0,0,0,0,1.16038,0,0,0,0,0,0,0,m,w
6578,GO,1,1,0.965451,0,0,0,0,0,0,0,0,0,0,0,0,1.08473,0,0,1,0,0,0,0,m,w
6579,GO,1,1,0.967034,0,0,0,0,0,0,0,0.548998,0,0,0,0,0.895423,0,0,1,0,0,0,0,m,w
6580,GO,1,1,0.967221,0,0,0,0,0,0,0,0.614757,0,0,0,0,1.05231,0,0,1,0,0,0,0,m,w
6581,GO,1,1,0.966924,0,0,0,0,0,0,0,0.669202,0,0,0,0,1.02424,0,0,1,0,0,0,0,m,w
6582,GO,1,1,0.967365,0,0,0,0,0,0,0,0.608411,0,0,0,0,1.02684,0,0,1,0,0,0,0,m,w
6583,GO,1,1,0.966499,0,0,0,0,0,0,0,0.586658,0,0,0,0,1.00184,0,0,1,0,0,0,0,m,w
6584,GO,1,1,0.96787,0,0,0,0,0,0,0,0.680665,0,0,0,0,0.975946,0,0,1,0,0,0,0,m,w
6585,GO,1,1,0.969868,0,0,0,0,0,0,0,0.638931,0,0,0,0,1.03663,0,0,1,0,0,0,0,m,w
6586,GO,1,1,0.971152,0,0,0,0,0,0,0,0.609882,0,0,0,0,1.03822,0,0,1,0,0,0,0,m,w
6587,GO,1,1,0.971234,0,0,0,0,0,0,0,0.61179,0,0,0,0,0.953046,0,0,1,0,0,0,0,m,w
6588,GO,1,1,0.974561,0,0,0,0,0,0,0,0.692775,0,0,0,0,0.762714,0,0,1,0,0,0,0,m,w
6589,GO,1,1,0.976013,0,0,0,0,0,0,0,0.701558,0.509709,0,0,0,0.74035,0,0,1,0,0,0,0,m,w
6590,GO,1,1,0.975605,0,0,0,0,0,0,0,0.657029,0,0,0,0,0.679418,0,0,1,0,0,0,0,m,w
6591,GO,1,1,0.975391,0,0,0,0,0,0,0,0.650259,0.554405,0,0,0,0,0,0,1,0,0,0,0,m,w
6592,GO,1,1,0.97857,0,0,0,0,0,0,0,0.605082,0,0,0,0,0,0,0,1,0,0,0,0,m,w
6593,GO,1,1,0.982268,0,0,0,0,0,0,0,0.66555,0,0,0,0,0,0,0,1,0,0,0,0,m,w
6594,GO,1,1,0.983264,0,0,0,0,0,0,0,0.643417,0,0,0,0,0,0,0,1,0,0,0,0,m,w
6595,GO,1,1,0.983041,0,0,0,0,0,0,0,0.632622,0,0,0,0,0.514971,0,0,1,0,0,0,0,m,w
6596,GO,1,1,0.982606,0,0,0,0,0,0,0,0.574672,0.566781,0,0,0,0,0,0,1,0,0,0,0,m,w
6597,GO,1,1,0.982152,0,0,0,0,0,0,0,0.660917,0,0,0,0,0,0,0,1,0,0,0,0,m,w
6598,GO,1,1,0.983071,0,0,0,0,0,0,0,0.734502,0.633216,0,0,0,0.510074,0,0,1,0,0,0,0,m,w
6599,GO,1,1,0.983062,0.503028,0,0,0,0,0,0,0.681682,0.59155,0,0,0,0,0,0,1,0,0,0,0,m,w
6600,GO,1,1,0.982999,0.570777,0,0,0,0,0,0,0.758789,0.793874,0,0,0,0.565457,0,0,1,0,0,0,0,m,w
6601,GO,1,1,0.977323,0,0,0,0,0,0,0,0.739957,0.818403,0,0,0,0,0,0,1,0,0,0,0,m,w
6602,GO,1,1,0.97597,0,0.607975,0,0,0,0,0,0.705461,0.838815,0,0,0,0,0,0,1,0,0,0,0,m,w
6603,GO,1,1,0.975652,0,0.733691,0,0,0,0,0,0.767987,0.855504,0,0,0.511175,0,0,0,1,0,0,0,0,m,w
6604,GO,1,1,0.976482,0,0.666438,0,0,0,0,0,0.726224,0.830485,0,0,0,0,0,0,1,0,0,0,0,m,w
6605,GO,1,1,0.977742,0,0.625914,0,0,0,0,0,0.682916,0.777364,0,0,0.559548,0,0,0,1,0,0,0,0,m,w
6606,GO,1,1,0.976802,0,0.624043,0,0,0,0,0,0.667328,0.92373,0,0,0,0,0,0,1,0,0,0,0,m,w
6607,GO,1,1,0.979093,0,0.644365,0,0,0,0,0,0.646282,0.969446,0,0,0,0,0,0,1,0,0,0,0,m,w
6608,GO,1,1,0.978105,0,0.523342,0,0,0,0,0,0.696453,0.846593,0,0,0,0,0,0,1,0,0,0,0,m,w
6609,GO,1,1,0.977037,0,0.50494,0,0,0,0,0,0.714776,0.773222,0,0,0,0,0,0,1,0,0,0,0,m,w
6610,GO,1,1,0.978673,0,0.662782,0,0,0,0,0,0.686576,0.857973,0,0,0,0,0,0,1,0,0,0,0,m,w
6611,GO,1,1,0.979539,0,0.689741,0,0,0,0,0,0.747227,0.833199,0,0,0,0,0,0,1,0,0,0,0,m,w
6612,GO,1,1,0.979785,0,0.62628,0,0,0,0,0,0.763328,0.879771,0,0,0,0,0,0,1,0,0,0,0,m,w
6613,GO,1,1,0.97941,0,0.598703,0,0,0,0,0,0.668299,0.985456,0,0,0,0,0,0,1,0,0,0,0,m,w
6614,GO,1,1,0.979569,0,0.620367,0,0,0,0,0,0.609848,0.940566,0,0,0,0,0,0,1,0,0,0,0,m,w
6615,GO,1,1,0.978889,0,0.61514,0,0,0,0,0,0.61597,0.901533,0,0,0.544431,0,0,0,1,0,0,0,0,m,w
6616,GO,1,1,0.979491,0,0.660819,0,0,0,0,0,0.634945,0.965357,0,0,0.610873,0,0,0,1,0,0,0,0,m,w
6617,GO,1,1,0.978127,0,0.515526,0.544652,0,0,0,0,0.639806,0.959717,0,0,0.544214,0,0,0,1,0,0,0,0,m,w
6618,GO,1,1,0.978723,0,0.572132,0,0,0,0,0,0.715298,0.9443,0,0,0.730613,0,0,0,1,0,0,0,0,m,w
6619,GO,1,1,0.976874,0,0.615833,0,0,0,0,0,0.664385,0.912725,0,0,0.605161,0,0,0,1,0,0,0,0,m,w
6620,GO,1,1,0.977361,0,0.615051,0,0,0,0,0,0.749182,0.817942,0,0,0.606351,0,0,0,1,0,0,0,0,m,w
6621,GO,1,1,0.976695,0,0.572486,0,0,0,0,0,0.722168,0.746655,0,0,0.576421,0,0,0,1,0,0,0,0,m,w
6622,GO,1,1,0.977972,0,0.65095,0,0,0,0,0,0.773685,0.777636,0,0,0.62416,0,0,0,1,0,0,0,0,m,w
6623,GO,1,1,0.977582,0,0.700896,0,0,0,0,0,0.79546,0.750828,0,0,0.534203,0,0,0,1,0,0,0,0,m,w
6624,GO,1,1,0.978163,0,0.717766,0,0,0,0,0,0.726082,0.645338,0,0,0,0,0,0,1,0,0,0,0,m,w
6625,GO,1,1,0.979318,0,0.732593,0,0,0,0,0,0.765613,0.67876,0,0,0,0,0,0,1,0,0,0,0,m,w
6626,GO,1,1,0.978488,0,0.698994,0,0,0,0,0,0.751589,0.667608,0,0,0,0,0,0,1,0,0,0,0,m,w
6627,GO,1,1,0.978242,0,0.610322,0,0,0,0,0,0.798543,0.675386,0,0,0,0,0,0,1,0,0,0,0,m,w
6628,GO,1,1,0.979564,0,0,0,0,0,0,0,0.8457,0.642265,0,0,0,0,0,0,1,0,0,0,0,m,w
6629,GO,1,1,0.979074,0,0.520084,0,0,0,0,0,0.888776,0.774609,0,0,0,0,0,0,1,0,0,0,0,m,w
6630,GO,1,1,0.980943,0,0.623874,0,0,0,0,0,0.861969,0.724911,0,0,0,0,0,0,1,0,0,0,0,m,w
6631,GO,1,1,0.982034,0,0.793782,0,0,0,0,0,0.800425,0.747639,0,0,0,0,0,0,1,0,0,0,0,m,w
6632,GO,1,1,0.982126,0,0.774983,0,0,0,0,0,0.786295,0.777375,0,0,0,0,0,0,1,0,0,0,0,m,w
6633,GO,1,1,0.98137,0,0.84354,0,0,0,0,0,0.730888,0.753485,0,0,0,0,0,0,1,0,0,0,0,m,w
6634,GO,1,1,0.979997,0,0.880696,0,0,0,0,0,0.736792,0.831926,0,0,0,0,0,0,1,0,0,0,0,m,w
6635,GO,1,1,0.978317,0,0.847802,0,0,0,0,0,0.676967,0.76945,0,0,0,0,0,0,1,0,0,0,0,m,w
6636,GO,1,1,0.979404,0,0.725985,0,0,0,0,0,0.686388,0.891304,0,0,0,0,0,0,1,0,0,0,0,m,w
8555,GO,1,1,0.97574,0,0,0,0.699404,0,0.620326,0.606654,0.917191,1.29647,0,0,1.08621,0.663052,0,0,1,0,0,0,0,m,w
8556,GO,1,1,0.975559,0,0,0,0.552234,0,0.50261,0.513253,0.842903,1.27823,0,0,0.917913,0.507075,0,0,1,0,0,0,0,m,w
8557,GO,1,1,0.974832,0,0,0,0.694722,0,0.698455,0.569947,0.818249,1.23284,0,0,0.84277,0,0,0,1,0,0,0,0,m,w
8558,GO,1,1,0.975284,0,0,0,0,0,0,0.540803,0.87915,1.30503,0,0,0.982308,0,0,0,1,0,0,0,0,m,w
8559,GO,1,1,0.976161,0,0,0,0.538192,0,0,0.549581,0.865315,1.27381,0,0,0.891277,0,0,0,1,0,0,0,0,m,w
8560,GO,1,1,0.976241,0,0,0,0.548177,0,0,0.545339,0.788277,1.26098,0,0,0.965291,0,0,0,1,0,0,0,0,m,w
8561,GO,1,1,0.976072,0.554876,0,0,0.580608,0,0,0.554237,0.863711,1.26335,0,0,0.947105,0,0,0,1,0,0,0,0,m,w
8562,GO,1,1,0.976409,0,0,0,0.605097,0,0,0.616765,0.914232,1.383,0,0,0.726539,0,0,0,1,0,0,0,0,m,w
8563,GO,1,1,0.976339,0,0,0,0.602322,0,0,0.615058,0.904748,1.39014,0,0,0.796905,0,0,0,1,0,0,0,0,m,w
8564,GO,1,1,0.976248,0.526498,0,0,0.579263,0,0,0.545708,0.780302,1.20264,0,0,0.860639,0,0,0,1,0,0,0,0,m,w
8565,GO,1,1,0.976196,0.50403,0,0,0.666628,0,0,0.532234,0.844281,1.20786,0,0,0.786298,0,0,0,1,0,0,0,0,m,w
8566,GO,1,1,0.976292,0.523404,0,0,0.662729,0,0,0.521844,0.750154,1.0994,0,0,0.816738,0,0,0,1,0,0,0,0,m,w
8567,GO,1,1,0.974509,0.532123,0,0,0.60897,0,0.614435,0.556721,0.745032,1.16084,0,0,0.802297,0,0,0,1,0,0,0,0,m,w
8568,GO,1,1,0.975389,0,0,0,0.597728,0,0.602955,0.595397,0.732273,1.15972,0,0,0.797156,0,0,0,1,0,0,0,0,m,w
8569,GO,1,1,0.976345,0.545728,0.575777,0,0.594649,0,0.572347,0.625606,0.835353,1.26288,0,0,0.721145,0,0,0,1,0,0,0,0,m,w
8570,GO,1,1,0.978223,0,0,0,0.571031,0,0.62258,0.650109,0.842206,1.22902,0,0,0.534555,0.526238,0,0,1,0,0,0,0,m,w
8571,GO,1,1,0.978819,0.527474,0,0.523683,0.587184,0,0.583074,0.67207,0.87955,1.2973,0,0,0,0.511583,0,0,1,0,0,0,0,m,w
8572,GO,1,1,0.979016,0,0,0.541716,0.578398,0,0.539649,0.658004,0.883186,1.25786,0,0,0,0.684812,0,0,1,0,0,0,0,m,w
8573,GO,1,1,0.979195,0,0,0,0.58587,0,0,0.683717,0.897179,1.24993,0,0,0.575332,0.720278,0,0,1,0,0,0,0,m,w
8574,GO,1,1,0.979865,0,0,0.540778,0,0,0.694422,0.646671,0.813437,1.38428,0,0,0.629786,0.534314,0,0,1,0,0,0,0,m,w
8575,GO,1,1,0.98062,0,0.57145,0,0,0,0.742162,0.666813,0.797729,1.33304,0,0,0.630234,0,0,0,1,0,0,0,0,m,w
8576,GO,1,1,0.978105,0,0.512765,0,0,0,0.516363,0.649148,0.939626,1.1837,0,0,0.609229,0.502268,0,0,1,0,0,0,0,m,w
8577,GO,1,1,0.978687,0,0.571922,0,0.506922,0,0.716553,0.602997,0.843078,1.26748,0,0,0,0,0,0,1,0,0,0,0,m,w
8578,GO,1,1,0.977825,0,0,0,0,0,0.783497,0.58963,0.86794,1.32254,0,0,0,0,0,0,1,0,0,0,0,m,w
8579,GO,1,1,0.977057,0,0,0,0,0,0.802798,0.586122,0.918887,1.34304,0,0,0,0,0,0,1,0,0,0,0,m,w
8580,GO,1,1,0.977269,0,0,0,0,0,0.834322,0.586383,0.879459,1.35918,0,0,0,0,0,0,1,0,0,0,0,m,w
8581,GO,1,1,0.977544,0,0,0,0,0,0.745782,0.617155,0.866097,1.38497,0,0,0.549964,0,0,0,1,0,0,0,0,m,w
8582,GO,1,1,0.976335,0,0,0,0,0,0.969076,0.63343,0.932902,1.27558,0,0,0,0.574315,0,0,1,0,0,0,0,m,w
8583,GO,1,1,0.976973,0,0,0,0,0,0.872087,0.621203,0.996869,1.24361,0,0,0,0,0,0,1,0,0,0,0,m,w
8584,GO,1,1,0.9778,0,0.500545,0,0,0,0.962237,0.576608,0.955924,1.27376,0,0,0,0,0,0,1,0,0,0,0,m,w
8585,GO,1,1,0.978446,0.64817,0.66194,0,0,0,0.997189,0.584537,0.942942,1.41627,0,0,0,0,0,0,1,0,0,0,0,m,w
8586,GO,1,1,0.976681,0.660729,0.547434,0,0,0,0.857747,0.537403,0.849409,1.23492,0,0,0,0.510602,0,0,1,0,0,0,0,m,w
8587,GO,1,1,0.976774,0.511746,0.599074,0,0,0,0.766571,0.533095,0.815962,1.30981,0,0,0.539625,0.547926,0,0,1,0,0,0,0,m,w
8588,GO,1,1,0.975548,0.643257,0.510546,0,0,0,0.751034,0,0.771571,1.17921,0,0,0,0.510336,0,0,1,0,0,0,0,m,w
8589,GO,1,1,0.974519,0,0,0.544159,0,0,0.792007,0.567792,0.816356,1.24024,0,0,0,0,0,0,1,0,0,0,0,m,w
8590,GO,1,1,0.973267,0,0,0,0,0,0.74121,0,0.744518,1.10737,0,0,0,0.638608,0,0,1,0,0,0,0,m,w
8591,GO,1,1,0.973934,0,0,0,0,0,0.657562,0,0.861033,1.24932,0,0,0,0.730037,0,0,1,0,0,0,0,m,w
8592,GO,1,1,0.974036,0,0,0,0,0,0.658908,0,0.805335,1.07238,0,0,0,0.517888,0,0,1,0,0,0,0,m,w
8593,GO,1,1,0.974887,0,0,0,0,0,0.537177,0,0.850801,1.13129,0,0,0,0.722791,0,0,1,0,0,0,0,m,w
8594,GO,1,1,0.974106,0,0,0,0,0,0.667292,0.513301,0.871029,1.16931,0,0,0,0.769243,0,0,1,0,0,0,0,m,w
8595,GO,1,1,0.975769,0,0,0,0,0,0.881499,0.500217,0.803372,1.07532,0,0,0,0.68965,0,0,1,0,0,0,0,m,w
8596,GO,1,1,0.97723,0,0,0,0,0,0.77029,0,0.663174,1.05076,0,0,0,0.535724,0,0,1,0,0,0,0,m,w
8597,GO,1,1,0.978124,0,0,0,0,0,0.630237,0.520735,0.608632,0.883858,0,0,0,0.920622,0,0,1,0,1,0,0,m,w
8598,GO,1,1,0.978521,0,0,0,0,0.572155,0.952757,0.670004,0.539361,1.07002,0,0,0,1.324,0,0,1,0,0,0,0,m,w
8599,GO,1,1,0.976665,0,0,0,0,0.629718,1.18687,0.683228,0.546627,1.19098,0,0,0,1.25622,0,0,1,0,1,0,0,m,w
8600,GO,1,1,0.972732,0,0,0,0,0.754936,1.32549,0.79354,0,1.14259,0,0,0,1.9648,0,0,1,0,0,0,0,m,w
8601,GO,1,1,0.974613,0,0,0,0,0.713636,1.83841,0.832388,0,1.16598,0,0,0,2.6053,0,0,1,0,1,0,0,m,w
8602,GO,1,1,0.973993,0,0,0,0,0.626287,2.01233,0.710913,0,1.18036,0,0,0,3.04917,0,0,1,0,1,0,0,m,w
8603,GO,1,1,0.979825,0,0,0,0,0.580967,2.2753,0.713101,0,1.21699,0,0,0,3.0511,0,0,1,0,1,0,0,m,w
8604,GO,1,1,0.975557,0,0.880097,0,0,0,2.49637,0,0,0.954696,0,0,0,2.77081,0,1,1,0,1,0,1,m,w
8605,GO,1,1,0.968777,0,1.06726,0,0.620649,0,2.3094,0,0,0.923837,0.61173,0,0,2.40588,0,1,1,0,1,0,1,m,w
8606,GO,1,1,0.964374,0,1.04858,0.527684,0.563921,0,2.38652,0,0,1.00296,0.633151,0,0,2.46198,0,1,1,0,1,0,1,m,w
8607,GO,1,1,0.958153,0,1.10286,0,0.628246,0,2.20582,0,0,0.925629,0.821238,0,0,2.47221,0,1,1,0,1,0,1,m,w
8608,GO,1,1,0.953238,0,1.20541,0.517305,0.54565,0,2.37802,0,0,0.808354,0.976977,0,0,2.33091,0,1,1,0,1,0,1,m,w
8609,GO,1,1,0.935678,0,1.33183,0,0,0,2.1944,0,0,0.819884,1.01329,0,0,1.69451,0,1,1,1,1,0,1,m,w
8610,GO,1,1,0.936199,0,1.45076,0,0,0,2.32743,0,0,0.689169,1.01881,0.565305,0,1.78122,0,1,1,1,1,0,1,m,w
8611,GO,1,1,0.951274,0,1.08946,0,0.720442,0,2.54479,0,0,0.716243,0.894641,0.596133,0,1.31644,0,1,1,0,1,0,1,m,w
8612,GO,1,1,0.965704,0,0.761287,0,0.595295,0,2.60772,0,0,0.786427,1.05196,0.66724,0,1.08968,0,1,1,0,1,0,0,m,w
8613,GO,1,1,0.970017,0,0.635049,0,0.759227,0,2.71157,0.526602,0,1.06251,1.02038,0.695678,0,0.512811,0,1,1,1,1,0,0,m,w
8614,GO,1,1,0.975228,0,0.858088,0,0.670745,0,2.61276,0,0,1.04032,0.844026,0,0,0,0,1,1,0,1,0,0,m,w
8615,GO,1,1,0.98197,0,0.760351,0,0.702025,0,2.3208,0.55379,0,1.27955,0.869758,0.587619,0,0,0,1,1,0,1,0,0,m,w
8616,GO,1,1,0.987162,0,1.06197,0,0,0,2.36804,0.513833,0,1.41075,1.0441,0.532517,0,0,0,0,1,0,1,0,0,m,w
8617,GO,1,1,0.986696,0,0.831332,0,0.57855,0,2.41116,0.684887,0,1.42008,1.04118,0.694669,0,0,0,0,1,0,1,0,0,m,w
8618,GO,1,1,0.987123,0,0.97897,0,0,0,2.33199,0.75424,0,1.36009,1.22314,0.66229,0,0,0,1,1,0,1,0,0,m,w
8619,GO,1,1,0.987696,0,0.746331,0,0,0,2.27207,0.768466,0,1.3528,1.1897,0.697196,0,0,0,1,1,0,1,0,0,m,w
8620,GO,1,1,0.988643,0,0.635468,0,0,0,2.05627,0.732434,0,1.26144,1.1885,0.677304,0,0,0,1,1,0,1,0,0,m,w
8621,GO,1,1,0.988779,0,0.580273,0,0,0,2.22936,0.766287,0,1.34287,1.2896,0.610398,0,0,0,1,1,0,0,0,0,m,w
8622,GO,1,1,0.988318,0,0.790647,0,0,0,2.20698,0.687066,0,1.37085,1.28732,0.556145,0,0,0,1,1,0,1,0,0,m,w
8623,GO,1,1,0.988383,0,0.643754,0,0,0,2.23354,0.715161,0,1.47426,1.27133,0.506955,0,0,0,1,1,0,0,0,0,m,w
8624,GO,1,1,0.988031,0,0.57128,0,0,0,2.4753,0.779413,0,1.39101,1.16393,0.52282,0,0,0,1,1,0,0,0,1,m,w
8625,GO,1,1,0.988054,0,0.510262,0,0,0,2.61252,0.765633,0,1.36704,1.21111,0,0,0,0,1,1,0,0,0,1,m,w
8626,GO,1,1,0.988599,0,0.512246,0,0,0,1.89033,0.776676,0,1.28173,1.05271,0,0,0,0,1,1,0,0,0,0,m,w
8627,GO,1,1,0.988479,0,0,0,0,0,1.91645,0.748639,0,1.2318,1.13183,0,0,0,0,1,1,0,0,0,0,m,w
8628,GO,1,1,0.98776,0,0.568654,0,0,0,1.97957,0.795125,0,1.42065,1.01598,0,0,0,0,1,1,0,0,0,0,m,w
8629,GO,1,1,0.98737,0,0,0,0,0,1.90063,0.857384,0,1.37366,0.998072,0,0,0,0,1,1,0,0,0,0,m,w
8630,GO,1,1,0.986712,0,0.753169,0,0,0,2.02667,0.84987,0,1.41799,1.04379,0,0,0,0,1,1,0,0,0,0,m,w
8631,GO,1,1,0.98529,0,0.670007,0,0,0,2.11953,0.92424,0,1.43514,0.78853,0.54811,0,0,0,1,1,0,0,0,0,m,w
8632,GO,1,1,0.983748,0,0,0,0,0,2.47704,0.902573,0,1.46969,0.636395,0,0,0,0,1,1,0,1,0,0,m,w
8633,GO,1,1,0.983159,0,0,0,0,0,2.13143,0.919805,0,1.47997,0.607408,0,0,0,0,1,1,0,1,0,0,m,w
8634,GO,1,1,0.981505,0,0,0,0,0,2.12511,0.904945,0,1.34233,0,0,0,0,0,1,1,0,1,0,0,m,w
8635,GO,1,1,0.980727,0,0,0,0,0,1.9906,0.927564,0,1.36019,0,0,0,0,0,1,1,0,1,0,0,m,w
8636,GO,1,1,0.9812,0,0,0,0,0,2.02587,0.85712,0,1.24877,0.505046,0,0,0,0,1,1,0,1,0,0,m,w
8637,GO,1,1,0.981425,0,0,0,0,0,1.91877,0.944227,0,1.30907,0,0,0,0,0,1,1,0,1,0,0,m,w
8638,GO,1,1,0.979918,0,0.54152,0,0,0,1.99066,0.873967,0,1.23242,0,0,0,0,0,1,1,0,1,0,0,m,w
8639,GO,1,1,0.975801,0,0,0,0,0.510627,1.85232,0.866679,0,1.23829,0,0,0,0,0,1,1,0,1,0,0,m,w
8640,GO,1,1,0.977453,0,0,0,0,0.521372,1.89506,0.837929,0,1.06815,0,0,0,0,0,1,1,0,1,0,0,m,w
8641,GO,1,1,0.975037,0,0,0,0,0.726355,1.67001,1.03125,0.74064,1.32612,0,0,0,0,0,1,1,0,1,0,0,m,w
8642,GO,1,1,0.955048,0,0,0,0,0.665038,1.70278,0.874237,0.695825,1.34396,0,0,0,0,0,1,1,0,1,0,0,m,w
