time_stamp,word,frame,success,confidence,AU01_r,AU02_r,AU04_r,AU05_r,AU06_r,AU09_r,AU10_r,AU12_r,AU14_r,AU15_r,AU17_r,AU20_r,AU25_r,AU26_r,AU04_c,AU12_c,AU15_c,AU23_c,AU28_c,AU45_c,speaker_gender,listener_gender
708,SIX,1,1,0.855934,0,0,0,0,0,0.97227,0,0.606795,0,0,0,0.810973,0,0,0,1,0,0,0,1,w,m
712,SIX,1,1,0.769314,0,1.11254,0,0,0,0,0,0,0,0,0.868497,0,0,0,1,0,1,0,0,0,w,m
713,SIX,1,1,0.83878,0,0,0,0,0,0,0,0,0,0,0.687983,0.544405,0,0,0,0,1,0,0,0,w,m
714,SIX,1,1,0.84704,0,0.513594,0.505265,0,0,0.664523,0,0.583956,0,0,0,1.34822,0,0,1,0,0,0,0,1,w,m
715,SIX,1,1,0.913526,0,0,0,0,0,0,0.563705,0,0,0.621541,0,0,1.10416,0,0,1,0,0,0,1,w,m
716,SIX,1,1,0.74794,0.572324,1.04291,0,0,0,0.670426,0.626544,0.843883,0,0.867329,0,0,1.05071,0,0,1,0,0,0,1,w,m
717,SIX,1,1,0.902862,0,0,0,0,0.500972,0,0.569829,0,1.26991,1.19656,0,0,0.900494,0,0,1,1,0,0,1,w,m
718,SIX,1,1,0.800625,0.773785,0,0,0,0,1.59568,0,0,0.853037,1.32781,0.849909,1.8644,0,0,0,1,1,0,0,0,w,m
719,SIX,1,1,0.936518,1.01335,0,0,0,0,1.43297,0,0.97666,0,0,0,0,0,0,0,1,0,1,0,0,w,m
720,SIX,1,1,0.930874,0.643247,0,0,0,0,1.25463,0,0.575476,0,0,0,0,0,0,0,1,0,0,0,0,w,m
721,SIX,1,1,0.89239,0.93974,0,0,0,0,1.04146,0,0.60048,0,1.17193,0,0.935347,1.12277,0,0,1,1,0,0,1,w,m
723,SIX,1,1,0.916598,0.745817,0,0.712533,0,0,0,0,0.591104,0,0.58968,0.573336,0,0,0,0,0,1,1,0,0,w,m
724,SIX,1,1,0.731834,1.08164,0.520182,0,0,0,0.507546,0,0,0,0.634403,0,0,0,0,0,0,1,1,0,0,w,m
725,SIX,1,1,0.861609,1.04019,0,0,0,0,0.510262,0.591132,1.28556,0,0.844851,0.605921,0,0.624747,0,0,1,1,1,0,0,w,m
730,SIX,1,1,0.801101,2.03127,1.5258,0.910009,0.58497,0.738052,0.910816,0.963213,1.03816,0.706613,0.68893,0.643231,0.738072,1.91705,0,1,0,1,1,0,1,w,m
731,SIX,1,1,0.746336,1.71712,1.2888,0,0,0,1.20738,0.6786,0.84394,0.789692,0,0.776214,0.761767,1.67447,0,1,0,1,1,0,0,w,m
15523,SIX,1,1,0.754383,0,0,0,2.09369,0.518313,0,1.05924,0.842637,0,0,0,0,0,0,0,1,0,0,0,0,w,w
15527,SIX,1,1,0.797066,0,0,0,2.2721,0.63741,0,1.26645,0.950449,0,0,0,0,0,0,0,1,0,0,0,0,w,w
15530,SIX,1,1,0.829589,0.567134,0,0,2.39135,0.622932,0,1.17711,0.902553,0,0,0,0,0,0,0,1,0,0,0,0,w,w
15533,SIX,1,1,0.814669,0.6878,0,0,2.06066,0.635927,0,1.18181,0.864415,0,0,0,0,0,0,0,1,0,0,0,0,w,w
15535,SIX,1,1,0.836551,0.558471,0,0,2.06494,0.704224,0,1.22188,1.04187,0.553136,0.591669,0,0,0,0,0,1,0,0,0,0,w,w
15537,SIX,1,1,0.837805,0,0,0,2.1212,0.710883,0,1.24448,1.11847,0,0,0,0,0,0,0,1,0,0,0,0,w,w
928,SIX,1,1,0.88271,1.0609,0,2.51913,0,0,1.74907,0,0.514344,0.823502,1.15526,0.599768,1.64406,0,0,1,0,0,1,0,0,w,m
929,SIX,1,1,0.884846,1.06966,0,2.47783,0,0,1.77994,0,0.666511,0.841753,1.02269,0.641652,1.60029,0,0,1,0,0,1,0,0,w,m
930,SIX,1,1,0.893189,1.14054,0,2.38797,0,0,1.74319,0,0.583714,0.836743,1.15183,0.712837,1.37985,0,0,1,0,1,1,0,0,w,m
931,SIX,1,1,0.898503,1.20218,0,2.56188,0,0,1.85566,0,0.554204,0.642479,1.48189,0.621853,1.34637,0,0,1,0,1,1,0,0,w,m
932,SIX,1,1,0.900431,1.08697,0,2.61832,0,0,1.72653,0,0.605134,0.533518,1.52193,0,1.10296,0,0,1,0,1,1,0,0,w,m
933,SIX,1,1,0.896071,1.30615,0,2.47346,0,0,1.73791,0,0.679466,0,1.25439,0.548072,1.34901,0,0,1,0,1,1,0,0,w,m
934,SIX,1,1,0.901071,1.15261,0,2.44655,0,0,1.79257,0,0.552936,0,1.37203,0.536551,1.44645,0,0,1,0,1,1,0,0,w,m
935,SIX,1,1,0.899572,0.879045,0,2.33196,0,0,1.80337,0,0.512816,0,1.35998,0,0.989317,0.507479,0,1,0,0,1,0,0,w,m
936,SIX,1,1,0.893334,1.06846,0,2.46772,0,0,1.86788,0,0.566854,0.680954,1.24917,0.645925,1.26064,0.591243,0,1,0,1,1,0,0,w,m
937,SIX,1,1,0.899594,1.03458,0,2.65031,0,0,1.89384,0,0,0.517554,1.26449,0.593401,1.07735,0,0,1,0,1,1,0,0,w,m
938,SIX,1,1,0.887251,1.00754,0,2.37912,0,0,1.55481,0,0.508862,0.624002,1.26408,0.606317,1.13264,0,0,1,0,1,1,0,0,w,m
939,SIX,1,1,0.889018,0.991458,0,2.41068,0,0,1.70552,0,0.515612,0.697398,1.36219,0.737586,1.13003,0,0,1,0,1,1,0,0,w,m
940,SIX,1,1,0.890424,1.34983,0,2.42067,0,0,1.43327,0,0.523216,0.541477,1.1585,0.651019,1.06956,0,0,1,0,0,1,0,0,w,m
941,SIX,1,1,0.879719,1.11864,0,2.42834,0,0,1.77238,0,0,0.839742,1.1659,0.666667,1.44027,0,0,1,0,1,1,0,0,w,m
942,SIX,1,1,0.884629,1.23938,0,2.30734,0,0,1.61662,0,0,0.871292,1.29891,0.72959,1.3968,0,0,1,0,1,1,0,0,w,m
943,SIX,1,1,0.883724,1.14893,0,2.49674,0,0,1.54868,0,0,0.887212,1.40944,0.802461,1.5542,0,0,1,0,1,1,0,0,w,m
944,SIX,1,1,0.884768,1.37889,0,2.25343,0,0,1.45043,0,0,0.66242,1.16089,0.659084,1.37701,0,0,1,0,1,1,0,0,w,m
945,SIX,1,1,0.882979,1.11499,0,2.30075,0,0,1.42637,0,0,0.621778,1.19882,0.618358,1.42088,0,0,1,0,1,1,0,0,w,m
946,SIX,1,1,0.901155,1.09107,0,2.18999,0,0,1.43869,0,0,0.625791,1.0708,0.523489,1.36502,0,0,1,0,1,1,0,0,w,m
947,SIX,1,1,0.907128,0.918981,0,2.00045,0,0,1.48676,0,0.535139,0.837237,1.52907,0.558936,1.46342,0,0,1,0,1,1,0,0,w,m
948,SIX,1,1,0.897218,1.13459,0,2.12046,0,0,1.36297,0,0,0.709025,1.483,0.510281,1.39298,0,0,1,0,1,1,0,0,w,m
949,SIX,1,1,0.901655,1.15999,0,2.28712,0,0,1.47213,0,0,0.701942,1.46564,0.532585,1.41956,0,0,1,0,1,1,0,0,w,m
950,SIX,1,1,0.892599,1.03422,0,2.20322,0,0,1.64824,0,0,0.685612,1.38476,0.533191,1.25254,0,0,1,0,1,1,0,0,w,m
951,SIX,1,1,0.899216,0.981287,0,2.18185,0,0,2.21983,0,0,0.931603,1.24373,0.533313,1.30885,0,0,1,0,1,1,0,0,w,m
952,SIX,1,1,0.896373,1.0006,0,2.37851,0,0,1.92984,0,0,0.916785,1.2817,0,1.42947,0,0,1,0,1,1,0,0,w,m
953,SIX,1,1,0.847515,0.905168,0,1.94385,0,0,1.61939,0,0,0,0.938701,0,0.933017,0,0,1,0,0,1,0,0,w,m
954,SIX,1,1,0.881962,1.13737,0,2.20177,0.571623,0,1.04919,0,0.628539,0,1.01951,0.5264,0.746956,0,0,1,0,0,1,0,0,w,m
955,SIX,1,1,0.873543,1.37716,0,2.01274,1.18673,0,1.38182,0,0.979323,0,0.819739,0,0.508294,0,0,1,0,0,1,0,0,w,m
956,SIX,1,1,0.924751,1.54691,0,1.81751,1.81732,0.663884,1.14501,0,1.04263,0,0.610308,0,0,0,0,1,0,0,1,0,0,w,m
957,SIX,1,1,0.900262,2.01324,0.916403,1.29125,1.51844,0.80461,0,0,1.34925,0.876978,0.663149,0.510576,0.655903,0,0,0,0,0,1,0,0,w,m
958,SIX,1,1,0.906001,1.5521,0,1.19376,1.24187,0.67615,0,0,1.0893,1.04108,0.757475,0.678787,1.23313,0,0,0,0,0,1,0,0,w,m
960,SIX,1,1,0.87001,0.737505,0,1.01041,1.39101,0.565663,0,0,1.23621,0,0,0.693308,0.686976,0,0,1,0,0,0,0,0,w,m
961,SIX,1,1,0.855559,0,0,0.80823,0.699853,0,0,0,0.716098,0.546417,0,0.543917,1.07447,0,0,0,0,0,0,0,0,w,m
962,SIX,1,1,0.885003,0,0,0.581158,0,0,0,0,0.740215,0.959051,0,0.702382,0.80815,0,0,0,0,0,0,0,0,w,m
967,SIX,1,1,0.869529,0.757676,0,1.19706,1.37213,0,1.39225,0,0.867533,0,0.916024,0,0,0,0,1,0,0,0,0,0,w,m
968,SIX,1,1,0.878881,0.5016,0,0.794857,0.782564,0,0.954837,0,0.828464,0,1.2718,0,0.753866,0,0,0,0,0,1,0,0,w,m
969,SIX,1,1,0.828183,0,0,0,0.656974,0,0.50421,0,0.964172,0,1.44525,0,0.899342,0,0,0,0,0,1,0,0,w,m
970,SIX,1,1,0.852996,0,0,0,0,0,0,0,0.893445,0,1.42952,0,0.833242,0,0,0,0,1,1,0,0,w,m
971,SIX,1,1,0.823331,0.621036,0,0,0.578924,0,0.929538,0,0.998515,0,1.57136,0,0.663488,0,0,0,0,1,1,0,0,w,m
972,SIX,1,1,0.810769,0.875564,0,0,0.801526,0,1.61039,0,1.0871,0,1.52321,0,0,0,0,0,0,0,1,0,0,w,m
973,SIX,1,1,0.826071,1.08617,0,0,0.942701,0.616433,2.16242,0,1.42115,0,1.65023,0,0.591446,0,0,0,0,1,1,0,0,w,m
974,SIX,1,1,0.778759,1.30073,0,0,0.846861,0.718473,1.51726,0.535067,1.62778,0,1.48838,0,0,0,0,0,0,1,1,0,0,w,m
975,SIX,1,1,0.869945,0.715656,0,0,0.839494,0.603165,1.01454,0,1.5818,0,1.43708,0,0.516856,0,0,0,0,1,0,0,0,w,m
976,SIX,1,1,0.889106,0.708946,0,0,0,0.572473,0.647498,0.532309,1.24341,0,1.84833,0,0,0,0,0,0,1,1,0,0,w,m
977,SIX,1,1,0.900029,0.68051,0,0,0,0,0.689241,0,1.3694,0,1.94665,0,0,0,0,0,0,1,0,0,0,w,m
1024,SIX,1,1,0.794597,1.02957,0,1.90901,1.22123,0,0.812474,0,0.751745,0,0.677641,0.846517,0,0,0,1,0,0,0,0,0,w,m
1025,SIX,1,1,0.8396,1.12657,0,1.64957,1.41876,0.715114,0.949193,0.58126,0.990897,0.553854,0,0.717169,0,0,0,1,0,0,1,0,0,w,m
1041,SIX,1,1,0.845147,0.860008,0,1.55961,0.862217,0,1.11508,0,0.620884,0.58457,0.549254,0.788744,0,0,0,1,0,0,0,0,0,w,m
1042,SIX,1,1,0.851527,1.06684,0,1.61226,1.41464,0,2.12304,0,0.578528,0,0.785073,0,0,0,0,1,0,0,1,0,0,w,m
1043,SIX,1,1,0.85532,1.35625,0,1.66498,0.906392,0,2.10074,0,0,0,1.15613,0,0.936884,0,0,1,0,0,1,0,0,w,m
1044,SIX,1,1,0.879944,1.07213,0,1.50036,1.20865,0,2.02513,0,0,0,0.902244,0,0.719166,0,0,1,0,0,1,0,0,w,m
1045,SIX,1,1,0.891152,0.923164,0,1.32718,0.749741,0,1.92732,0,0,0,1.32575,0.528197,0.894424,0,0,1,0,0,1,0,0,w,m
1046,SIX,1,1,0.883623,1.24164,0,1.30377,0.526563,0,1.67887,0,0,0,1.23838,0,0.780337,0,0,1,0,0,1,0,0,w,m
1047,SIX,1,1,0.875474,1.03676,0,1.21847,0,0,1.72221,0,0,0.577567,1.13857,0.51101,0.997021,0,0,1,0,0,1,0,0,w,m
1048,SIX,1,1,0.845641,0.894097,0,1.36069,0.530274,0,1.38983,0,0,0.552315,1.26562,0.55307,1.14217,0,0,1,0,0,1,0,0,w,m
1049,SIX,1,1,0.839417,1.03163,0,1.7686,0,0,1.30538,0,0,0.733551,0.970072,0,1.10826,0,0,1,0,0,1,0,0,w,m
1050,SIX,1,1,0.807934,0.992905,0,1.81123,0,0,1.17059,0,0,0.59131,1.0048,0.684914,0.938732,0,0,1,0,0,1,0,0,w,m
1051,SIX,1,1,0.80714,0.749644,0,1.62793,0,0,1.45963,0,0,0.758637,1.06784,0.654067,1.07858,0,0,1,0,0,1,0,0,w,m
1052,SIX,1,1,0.808253,0.836787,0,1.67505,0,0,1.27799,0,0,0.871265,1.01796,0.759159,1.14803,0,0,1,0,0,1,0,0,w,m
1053,SIX,1,1,0.799736,0,0,1.49897,0,0,1.06172,0,0,0.903494,1.22281,0.674742,0.835109,0,0,1,0,0,1,0,0,w,m
1054,SIX,1,1,0.796168,0,0,1.4003,0,0,1.29079,0,0,0.873353,1.2428,0.746252,0.878405,0,0,1,0,0,1,0,0,w,m
1055,SIX,1,1,0.781293,0,0,1.51458,0,0,1.21204,0,0,0.923221,1.12304,0.692971,0.798883,0,0,1,0,0,1,0,0,w,m
1056,SIX,1,1,0.792735,0.593828,0,1.68038,0,0,0.955292,0,0,0.772596,1.02924,0.654022,0.839221,0,0,1,0,0,1,0,0,w,m
1057,SIX,1,1,0.808221,0.75562,0,1.90816,0,0,1.47724,0,0,0.881785,1.24714,0.584042,0.884791,0.556256,0,1,0,0,1,0,0,w,m
1058,SIX,1,1,0.798011,0.830564,0,1.56244,0,0,0.990026,0,0,0.827278,0.978836,0.602287,0.887497,0.52265,0,1,0,0,1,0,0,w,m
1059,SIX,1,1,0.795971,0.704996,0,1.61131,0,0,1.10538,0,0,0.685724,1.14637,0.731469,0.732577,0,0,1,0,0,1,0,0,w,m
1060,SIX,1,1,0.794462,0.884095,0,1.72721,0,0,1.3265,0,0,0.804708,1.12717,0.805238,0,0,0,1,0,0,1,0,0,w,m
1061,SIX,1,1,0.796421,1.05172,0,1.6205,0,0,1.21502,0,0,0.803506,0.950265,0.766361,0.837995,0,0,0,0,0,1,0,0,w,m
1062,SIX,1,1,0.796148,0.856245,0,1.66814,0,0,1.46717,0,0,0.814456,1.10177,0.641509,0.584885,0,0,1,0,0,1,0,0,w,m
1063,SIX,1,1,0.836656,1.0771,0,1.87867,0,0,1.76512,0,0,0.749867,1.18301,0.631866,0.740393,0.715148,0,1,0,0,1,0,0,w,m
1064,SIX,1,1,0.853834,0.986865,0,1.76022,0,0,1.92616,0,0,0.856439,1.36293,0.559869,1.12031,0.574253,0,1,0,0,1,0,0,w,m
1065,SIX,1,1,0.886938,0.986077,0,1.76368,0,0,1.94955,0,0,0.732452,1.37898,0,0.926121,0,0,1,0,1,1,0,0,w,m
1066,SIX,1,1,0.89346,0.874889,0,1.54604,0,0,1.996,0,0,0.535434,1.34749,0,0.735317,0.523203,0,1,0,0,1,0,0,w,m
1067,SIX,1,1,0.891929,0.528328,0,1.74981,0,0,1.8641,0,0.563216,0.612456,1.67951,0,0.767703,0,0,1,0,1,1,0,0,w,m
1068,SIX,1,1,0.883187,0,0,1.61848,0,0,2.18645,0,0.552919,0.580834,1.65383,0,0.750898,0,0,1,0,1,1,0,0,w,m
1069,SIX,1,1,0.870749,0,0,1.61771,0,0,2.11895,0,0.560851,0,1.60108,0,0.859174,0,0,1,0,1,1,0,0,w,m
1070,SIX,1,1,0.863877,0.742498,0,1.54303,0,0,2.0843,0,0.619252,0.594078,1.51227,0,0.904778,0,0,1,0,1,1,0,0,w,m
1071,SIX,1,1,0.866048,0.949564,0,1.43832,0,0,1.87892,0,0.646716,0.619681,1.35522,0,1.07455,0,0,0,0,1,1,0,0,w,m
1072,SIX,1,1,0.863358,0.976898,0,1.41561,0,0,2.0442,0,0.621808,0.689451,1.39667,0,1.00509,0,0,0,0,1,1,0,0,w,m
1073,SIX,1,1,0.8719,1.038,0,1.46537,0,0,2.38579,0,0.648478,0.546438,1.22753,0,1.11067,0,0,1,0,0,1,0,0,w,m
1074,SIX,1,1,0.864909,0.917221,0,1.62029,0,0,1.94215,0,0.761992,0.527087,1.35878,0,1.17084,0,0,0,0,1,1,0,0,w,m
1075,SIX,1,1,0.877666,1.05559,0,1.63744,0,0,1.71453,0,0.641823,0.576991,1.27932,0,0.858988,0,0,1,0,0,1,0,0,w,m
1076,SIX,1,1,0.874827,0.937841,0,1.69928,0,0,1.78751,0,0.602778,0,1.24018,0,0.70666,0,0,1,0,0,1,0,0,w,m
1077,SIX,1,1,0.872942,0.943907,0,1.57694,0,0,1.75409,0,0,0,1.31618,0,0.788904,0,0,1,0,0,1,0,0,w,m
1078,SIX,1,1,0.883115,0.909256,0,1.82335,0,0,1.89699,0,0,0.721408,1.39877,0,1.08092,0,0,1,0,0,1,0,0,w,m
1079,SIX,1,1,0.889348,0.812136,0,1.91209,0,0,1.83205,0,0,0.527796,1.45327,0,0.883713,0,0,1,0,0,1,0,0,w,m
1080,SIX,1,1,0.888021,1.40254,0,2.09688,0.71106,0,1.94067,0,0,0.55609,1.33145,0,0.943263,0,0,1,0,0,1,0,0,w,m
1081,SIX,1,1,0.881435,1.22683,0,2.04676,0,0,1.3392,0,0,0.526872,1.55273,0,0.856332,0,0,1,0,0,1,0,0,w,m
1082,SIX,1,1,0.873053,1.27727,0,1.96444,0.633044,0,1.54247,0,0,0.519652,1.1974,0,0.692224,0,0,1,0,0,1,0,0,w,m
1083,SIX,1,1,0.871999,1.42569,0,1.81257,0.943394,0,1.37733,0,0,0,1.12416,0,0.883165,0,0,1,0,0,1,0,0,w,m
1084,SIX,1,1,0.876337,1.02137,0,1.36534,0.648531,0,1.36999,0,0,0,1.00999,0,0.766478,0,0,1,0,0,1,0,0,w,m
1085,SIX,1,1,0.891798,1.28046,0,1.66694,0.934845,0,1.60712,0,0,0,1.01456,0,0.518798,0,0,1,0,0,1,0,0,w,m
1086,SIX,1,1,0.875265,1.15909,0,1.5807,1.07169,0,2.07757,0,0,0,0,0,0.979329,0,0,1,0,0,1,0,0,w,m
1087,SIX,1,1,0.880314,1.2961,0,2.07459,1.26146,0,2.40431,0,0,0,1.07209,0,0,0,0,1,0,0,1,0,0,w,m
1088,SIX,1,1,0.866833,1.38768,0,1.89078,1.26864,0,2.09067,0,0,0,1.10041,0,0.576051,0,0,1,0,0,1,0,0,w,m
1089,SIX,1,1,0.843797,1.26192,0,1.90129,1.41223,0,2.11396,0,0,0,0.773626,0,0.693715,0,0,1,0,0,1,0,0,w,m
1090,SIX,1,1,0.849094,1.28924,0,1.90516,0.964386,0,2.93532,0,0,0,1.30708,0,0,0,0,1,0,0,1,0,0,w,m
1091,SIX,1,1,0.843607,1.27797,0,2.15456,1.49458,0,2.4332,0,0,0,0.935096,0,0.817452,0,0,1,0,0,1,0,0,w,m
1092,SIX,1,1,0.780763,1.39176,0,1.98966,1.53099,0,3.19872,0,0.534889,0,0,0,0.585009,0,0,1,0,0,1,0,0,w,m
1093,SIX,1,1,0.810777,1.3716,0,2.22852,1.35466,0,3.05727,0,0,0,1.02005,0,0,0,0,1,0,0,1,0,0,w,m
1094,SIX,1,1,0.810734,1.15071,0,1.96886,1.35525,0,2.36369,0,0,0,0.953166,0,0.547836,0,0,1,0,0,1,0,0,w,m
1095,SIX,1,1,0.789178,1.10818,0.537402,2.47075,1.59641,0,2.84048,0,0,0,0.792179,0,0,0,0,1,0,0,1,0,0,w,m
1096,SIX,1,1,0.832105,1.42883,0,2.00372,1.81504,0,0.910314,0,0.849638,0,0,0.788627,0,0,0,1,0,0,0,0,0,w,m
1097,SIX,1,1,0.845844,1.32128,0.805433,2.07289,1.86136,0,0.621847,0,0.939834,0,0,0.604232,0,0,0,1,0,0,0,0,0,w,m
708,SIX,1,1,0.920849,0,0,1.56133,0,0,0,0,0.511207,0,0,0,0,0,0,1,1,1,0,0,0,m,w
709,SIX,1,1,0.946737,0,0,1.84514,0,0,0,0,0,0,0,0.527244,0,0,0,1,1,0,0,0,0,m,w
710,SIX,1,1,0.950248,0,0,1.95658,0,0,0,0,0.607868,0,0.674372,0,0,0,0,1,1,1,0,0,0,m,w
711,SIX,1,1,0.951504,0,0,1.92606,0,0,0,0,0.693097,0.504252,0,0.537638,0,0,0,1,1,0,0,0,0,m,w
712,SIX,1,1,0.964136,0.514438,0,1.68561,0.536597,0,0,0,0.703009,0,0.604318,0.567779,0,0,0,1,1,0,0,0,0,m,w
713,SIX,1,1,0.96328,0,0,1.82351,0,0,0,0,0.852935,0.503636,0,0.508239,0,0,0,1,1,0,0,0,0,m,w
714,SIX,1,1,0.961598,0,0,1.41624,0,0,0,0,0.778837,0.647843,0,0,0,0,0,1,1,0,0,0,0,m,w
715,SIX,1,1,0.962847,0.555738,0,1.63795,0,0,0.954379,0,0.715911,0.586017,0,0,0,0,0,1,1,0,0,0,0,m,w
716,SIX,1,1,0.962368,0,0,1.28838,0,0,0.902654,0,0.737596,0.556576,0,0,0,0,0,1,1,0,0,0,0,m,w
717,SIX,1,1,0.967216,0,0,1.28345,0,0,0.995952,0,0.764569,0.553258,0,0,0,0.580393,0,1,1,0,0,0,0,m,w
723,SIX,1,1,0.944289,0.517811,0,0,0.677665,0.596781,0,0,0.940428,0.634823,0,0,0,1.38514,0,0,1,0,0,0,0,m,w
724,SIX,1,1,0.968731,0.728817,0,0,0.629182,0.620023,0,0.571414,1.17894,0.899744,0.744716,0,0,1.71987,0.611004,0,1,0,0,0,0,m,w
725,SIX,1,1,0.965999,0.882956,0,0,0.586652,0.676275,0,0.640084,1.25644,0.879673,0.948946,0,0,2.11111,0.658599,0,1,0,0,0,0,m,w
726,SIX,1,1,0.962962,0.582839,0,0,0.766811,0.682042,0,0.596088,1.25728,1.08425,0.828968,0,0,2.29137,0.627241,0,1,0,0,0,0,m,w
727,SIX,1,1,0.967052,0.627526,0,0.581834,0.581651,0.719807,0,0.62316,1.36362,1.15188,0.530339,0,0,1.80938,0,0,1,0,0,0,0,m,w
728,SIX,1,1,0.971712,0.631395,0,0,0,0.639503,0,0.526734,1.4389,0.931462,0,0,0,1.31248,0,0,1,0,0,0,0,m,w
729,SIX,1,1,0.96698,0.646258,0,0,0.658121,0.649577,0,0.526663,1.13325,0.982956,0,0,0,0,0,0,1,0,0,0,0,m,w
730,SIX,1,1,0.970401,0.908838,0,0,0.878536,0.694536,0,0.651517,1.10224,0.943904,0,0,0.565888,0,0,0,1,0,0,0,0,m,w
731,SIX,1,1,0.968021,0.941694,0,0,0.767999,0.707008,0,0.663942,1.22437,1.18981,0,0,0,0,0,0,1,0,0,0,0,m,w
732,SIX,1,1,0.964729,0.959046,0,0,0.957126,0.617157,0,0.539658,0.985487,1.34463,0.767161,0,0,1.77132,0.571504,0,1,0,1,0,0,m,w
733,SIX,1,1,0.96227,0.997973,0,0,1.04667,0.663747,0,0.669572,1.09328,1.25801,0.844985,0,0.823912,1.8732,0.619325,0,1,0,1,0,0,m,w
734,SIX,1,1,0.940586,1.09352,0,0,1.06651,0,0,0,1.09068,1.08985,0.946311,0,1.04204,1.57423,0.538651,0,1,0,0,0,0,m,w
735,SIX,1,1,0.922557,2.54568,1.45661,0,0,0,0.944854,0,0.904861,0,0,0,0,0,0.764152,0,1,1,1,0,0,m,w
736,SIX,1,1,0.917053,1.82805,0.725191,0,0,0,0,0,1.09571,1.73992,0.664018,0,1.41357,2.15361,0.702063,0,1,0,0,0,0,m,w
737,SIX,1,1,0.903648,1.54425,0,0,0,0,0,0,0.83519,1.17559,0,0,1.48599,2.78892,0.672271,0,1,0,0,0,0,m,w
738,SIX,1,1,0.903976,1.07203,0,0,0.656728,0.585144,0,0.51131,1.02483,1.1873,0,0,1.24063,1.78881,0.655069,0,1,0,0,0,0,m,w
739,SIX,1,1,0.929249,1.07841,0,0,0.568883,0.626335,0,0.629745,1.03621,1.12991,0.707318,0,1.15775,1.9389,0.721466,0,1,0,0,0,0,m,w
740,SIX,1,1,0.92308,1.13441,0,0,0.667221,0.580729,0,0.515668,1.18483,0.863973,0.751987,0,1.02532,1.76044,0.630181,0,1,0,0,0,0,m,w
741,SIX,1,1,0.914457,1.2852,0.547761,0,0.884501,0.509931,0,0,1.2511,0.738317,1.00498,0,0.515354,1.93387,0,0,1,0,0,0,0,m,w
742,SIX,1,1,0.911296,1.17225,0,0,0.825269,0.556524,0,0.568946,1.44309,0.800405,0.885394,0,0,2.12042,0.579783,0,1,0,0,0,0,m,w
743,SIX,1,1,0.909516,1.13826,0,0,0.781646,0.621726,0,0.620367,1.37813,0.979467,1.10494,0,0.618694,2.4289,0.600728,0,1,0,0,0,0,m,w
744,SIX,1,1,0.926084,1.55371,0,0,1.0919,0.686455,0,0.625461,1.38204,0.949125,1.28634,0,1.30967,2.06984,0,0,1,1,0,0,0,m,w
745,SIX,1,1,0.80482,1.37671,0.845586,0,0,0,0,0,0,0.768768,0,0,0.511263,0.637965,0.538354,0,1,0,0,0,0,m,w
746,SIX,1,1,0.879215,1.60995,0,0,1.20274,0.596311,0,0.564494,1.19007,0,0.930141,0,1.00316,3.39288,0.706897,0,1,1,0,0,0,m,w
747,SIX,1,1,0.967135,1.18501,0.669915,0,0.619482,0.705579,0,0.798062,1.39619,0.96215,0,0,0,2.42933,0.600474,0,1,0,0,0,0,m,w
748,SIX,1,1,0.971977,0.822575,0,0,0.578853,0.585248,0,0.665259,1.45681,1.04351,0,0,0,2.30593,0,0,1,0,0,0,0,m,w
749,SIX,1,1,0.971878,0.702714,0,0,0.579704,0.571165,0,0.644793,1.47893,1.00164,0,0,0,1.70343,0,0,1,0,0,0,0,m,w
750,SIX,1,1,0.972072,0.970652,0,0,0,0.53056,0,0.540617,1.55663,1.05892,0,0,0.658834,1.47011,0,0,1,0,0,0,0,m,w
751,SIX,1,1,0.973037,0.83991,0,0,0,0.539812,0,0.559299,1.51902,1.17613,0,0,0,1.3714,0,0,1,0,1,0,0,m,w
752,SIX,1,1,0.971511,0.927906,0,0,0,0,0,0.515578,1.46324,1.10891,0,0,0.526405,1.3236,0,0,1,0,1,0,0,m,w
753,SIX,1,1,0.97091,0.932995,0,0,0,0,0,0,1.36173,1.28855,0,0,0.827184,1.20785,0,0,1,0,1,0,0,m,w
754,SIX,1,1,0.970268,0.672445,0,0,0,0,0,0,1.3855,1.13783,0,0,0.813614,1.27721,0,0,1,0,1,0,0,m,w
755,SIX,1,1,0.971863,0.807232,0,0,0,0,0,0.525192,1.20143,1.19685,0,0,0.618361,1.55784,0,0,1,0,0,0,0,m,w
756,SIX,1,1,0.969484,0,0,0,0,0.511862,0,0.55081,1.23886,1.02915,0,0,0,1.91599,0,0,1,0,0,0,0,m,w
757,SIX,1,1,0.969354,0.577698,0,0.577691,0,0.541731,0,0.58691,1.31647,1.26564,0,0,0.703729,1.6704,0,0,1,0,0,0,0,m,w
758,SIX,1,1,0.972376,0.560174,0,0,0,0.520457,0,0.564425,1.22493,1.20172,0,0,0.60592,1.66934,0,0,1,0,0,0,0,m,w
759,SIX,1,1,0.97553,0.604556,0,0,0,0.514367,0,0.512337,1.15557,1.26692,0,0,0.661563,1.39599,0,0,1,0,0,0,0,m,w
760,SIX,1,1,0.975914,0.676282,0,0.561102,0.513923,0,0,0,1.27448,1.2945,0,0,0.505554,1.40525,0,0,1,0,0,0,0,m,w
761,SIX,1,1,0.976178,0.682267,0,0,0,0.50334,0,0.500314,1.17858,1.27627,0,0,0.547237,1.45011,0,0,1,0,0,0,0,m,w
762,SIX,1,1,0.976094,0.663262,0,0.605423,0.517921,0.648501,0,0.555518,1.38045,1.03179,0,0,0,1.46702,0,0,1,0,1,0,0,m,w
763,SIX,1,1,0.974727,0.914233,0.515313,0.78,0.886733,0.663011,0,0.621909,1.07262,0.766161,0,0,0,1.65544,0.567579,0,1,0,1,0,0,m,w
764,SIX,1,1,0.976863,0,0,0,0.779907,0.731017,0,0.673283,1.10222,0.887531,0,0,0,1.28813,0,0,1,0,1,0,0,m,w
765,SIX,1,1,0.973657,0,0,0,0,0.725438,1.11349,0.705473,0.850382,0.845411,0.809049,0,0,0.522609,0,0,1,0,0,0,0,m,w
766,SIX,1,1,0.953885,0,0,0,0,0.551392,1.29178,0.518894,0.63866,0.683248,0.725841,0,0,0.901937,0,1,1,0,0,0,0,m,w
767,SIX,1,1,0.952418,0,0.650316,0,0.620278,0.664996,1.23039,0.618172,0.551891,0.780343,0.818002,0,0,0,0,1,1,0,0,0,0,m,w
768,SIX,1,1,0.952279,0,0.836225,0,0,0.739704,1.03711,0.727487,0.843564,1.23252,0,0.578936,0,0.522582,0,1,1,0,1,0,0,m,w
769,SIX,1,1,0.958099,0,0.989659,0.748304,0,0.781921,1.3431,0.745831,0.799716,1.13416,0.627237,0,0,0.688235,0,1,1,0,0,0,0,m,w
770,SIX,1,1,0.960648,0,0.726069,0.995242,0,0.729124,0.932584,0.64318,0.9192,1.11162,0.562982,0,0,1.37072,0,1,1,0,0,0,0,m,w
771,SIX,1,1,0.940481,0,0.71865,0.8269,0,0.752514,0,0.688535,0.810141,1.13268,0.756171,0.652584,0,0.702916,0,1,1,0,0,0,0,m,w
772,SIX,1,1,0.877605,0,0,1.11954,0,0.510692,0.788047,0,0.666611,0.707219,0,0.672842,0.674556,0,0,1,1,0,0,0,0,m,w
773,SIX,1,1,0.895017,0.574445,1.23002,0,0.555974,0.588838,0.743882,0.604718,1.08706,0.689064,0,0.6377,0,0,0,0,1,0,0,0,0,m,w
774,SIX,1,1,0.826584,0,0,0.634332,0.524731,0.633993,0,0.620578,0.858922,0.52525,0.609489,0,0,0,0,0,1,0,0,0,0,m,w
775,SIX,1,1,0.906385,0,0.599173,1.08349,0,0.507094,0.827226,0.601675,0.831587,0,0,0,0,0.5684,0,1,1,0,0,0,0,m,w
776,SIX,1,1,0.9077,0,0.540333,1.58364,0.536184,0,0.571638,0.562973,0.779653,0,0,0,0,0.621616,0,1,1,0,1,0,0,m,w
777,SIX,1,1,0.895118,0,0.540731,1.57781,0.607855,0,0,0.595814,0.920495,0,0,0,0,0.77723,0,1,1,0,1,0,0,m,w
778,SIX,1,1,0.929163,0,0,1.72481,0.802825,0,0.82088,0,1.01544,0,0,0,0,0.752027,0,1,1,0,1,0,0,m,w
779,SIX,1,1,0.911061,0,0.665175,1.18486,0.650374,0,0.848046,0.601919,0.99542,0,0,0,0,0.703814,0,0,1,0,1,0,0,m,w
780,SIX,1,1,0.926541,0,0.759018,1.31702,0,0.583381,1.11455,0.532952,0.847977,0,0,0,0,0.713,0,1,1,0,0,0,0,m,w
781,SIX,1,1,0.941285,0.876636,0.654025,1.18072,0,0.545889,0.675596,0,0,0,0,0,0,0,0,0,1,0,1,0,0,m,w
782,SIX,1,1,0.896929,1.24231,0.72719,1.79952,0,0.7385,0.55364,0,0,0,0,0,0,0.719705,0,1,0,0,1,0,1,m,w
783,SIX,1,1,0.798582,0.609405,0,1.55123,0.593206,0.81156,0.734549,0.522138,0.606758,0,0,0,0,0.586401,0,1,0,0,1,0,1,m,w
784,SIX,1,1,0.976914,0.786905,0.751337,0,0.501895,0.787045,1.18399,0.722025,1.1032,0,0,0,0,0,0,0,1,0,0,0,0,m,w
785,SIX,1,1,0.974648,0.596647,0,0,0.702816,0.938716,1.16317,0.897297,0.936615,0,0.520999,0,0,0,0,0,1,0,0,0,0,m,w
786,SIX,1,1,0.97141,0,0,0,0.578671,0.828959,1.41627,0.796598,0.77949,0,0,0,0,0,0,0,1,0,0,0,0,m,w
787,SIX,1,1,0.961396,0,0,0,0.556689,0.757693,2.14388,0.798501,0,0,0,0,0,0.556639,0,0,1,0,0,0,0,m,w
788,SIX,1,1,0.962297,0,0,0.624368,0,0.616124,2.36825,0.613935,0,0,0,0,0,1.3688,0,1,1,0,1,0,1,m,w
789,SIX,1,1,0.940845,0,0,0,0,0,1.78284,0.610175,0,0,0,0,0,1.69132,0,1,1,0,1,0,1,m,w
790,SIX,1,1,0.951295,0.895086,0,0,0,0,1.73167,0,0,0,0,0,0,1.11348,0,1,0,0,1,0,1,m,w
791,SIX,1,1,0.931423,1.30396,0,0,0,0,1.72196,0,0,0,0.981702,0,0,0,0,1,0,0,1,0,1,m,w
792,SIX,1,1,0.958303,1.05259,0.85158,0,0,0,1.43553,0,0,0,0.627124,0,0,0,0,1,0,0,1,0,1,m,w
793,SIX,1,1,0.957864,1.2907,0.518413,0,0.807422,0,1.75072,0,0,0,0.898362,0,0,0,0,1,0,0,1,0,1,m,w
794,SIX,1,1,0.956629,1.13746,0,0,1.04378,0,1.10976,0,0,0,0.880421,0,0,0,0,0,0,0,1,0,0,m,w
795,SIX,1,1,0.965067,1.07462,0,0,0.877033,0,1.26515,0,0,0,1.06272,0,0,0,0,0,0,0,1,0,0,m,w
796,SIX,1,1,0.958664,1.16462,0.785037,0,0.985146,0,0.91059,0,0,0,0.847589,0,0,0,0,0,0,0,1,0,0,m,w
1947,SIX,1,1,0.913918,1.53549,1.10099,2.03888,0.512419,0,1.65531,0,0,0,0,0,0,1.91367,0,1,1,0,1,0,1,m,w
1948,SIX,1,1,0.958535,1.30373,0.827964,2.14716,0,0,1.46869,0,0,0,0,0,0,2.56605,0,1,1,0,1,0,1,m,w
1949,SIX,1,1,0.933561,1.25842,0.697143,1.37708,0,0,1.44737,0.525007,0,0.696065,0,0,0,1.66269,0,1,1,1,1,0,1,m,w
1950,SIX,1,1,0.927886,0.589297,0.990909,1.36729,0.945648,0.561306,0.963992,0.647864,0.690846,0.993359,0,0,0,3.46649,0,1,1,0,1,0,1,m,w
1951,SIX,1,1,0.908755,1.64466,1.17647,1.68578,0.964823,0,0.580507,0.623296,0.699082,0,0,0,0,4.61512,0.657623,1,1,0,1,0,1,m,w
1952,SIX,1,1,0.893869,1.3505,0.895091,1.69445,1.20472,0,0,0.558517,0.903253,0,0.66276,0,0,4.51258,0.736148,1,1,0,1,0,1,m,w
1953,SIX,1,1,0.829493,1.10657,0,0,1.15664,0,0,0.582072,0.688606,0,0.702503,0,0,2.3486,0.541222,1,1,0,0,0,1,m,w
1954,SIX,1,1,0.809363,0.68091,0,0,1.56336,0,0,0.621022,0.94331,0,0.544661,0,0,3.41601,0,0,1,0,1,0,0,m,w
1955,SIX,1,1,0.783812,1.07968,0.514416,0,1.05742,0,0,0.935229,0.916899,0,0.562795,0,0,0,0,1,1,0,0,0,0,m,w
1965,SIX,1,1,0.883746,0,0.869709,0,1.72536,0,0,0,0.62604,0.836359,0,0,0,0,0,0,1,0,1,0,0,m,w
1966,SIX,1,1,0.766865,1.19783,1.14116,0,1.13682,0,0,0.618579,0,0,1.33902,0,0.807357,1.09379,0,0,1,0,1,0,0,m,w
1967,SIX,1,1,0.93072,0.974227,0,0,1.11434,0,0,0,0.71448,0,0,0,0,3.37951,0,0,1,0,1,0,0,m,w
1968,SIX,1,1,0.947673,0.742252,0.718458,0,1.38708,0,0.917075,0,0.565028,0,0,0,0,3.3981,0,0,1,0,1,0,1,m,w
1969,SIX,1,1,0.947671,0.610222,0.791665,0,1.13973,0,1.62706,0,0.559354,0,0,0,0,2.75581,0,0,1,0,1,0,1,m,w
1970,SIX,1,1,0.961938,0,0.744668,0,1.26746,0,1.31623,0,0,0,0,0,0,1.78832,0,0,1,0,1,0,0,m,w
1971,SIX,1,1,0.967566,0,0.572835,0,0.566968,0,1.11672,0.572995,0,0.904083,0,0,0,1.53607,0,0,1,0,1,0,0,m,w
1972,SIX,1,1,0.864604,0.511722,0.856208,0,1.00699,0.681428,0.899664,0.84264,0.569145,1.10029,0,1.15309,0,0,0,1,1,0,1,0,0,m,w
1973,SIX,1,1,0.962687,0,0,0,0.666052,0,0.846597,0.514396,0,0.840375,0,0,0,2.01334,0,0,1,0,1,0,0,m,w
1974,SIX,1,1,0.965514,0,0,0,0.598282,0,1.38219,0.531181,0,1.01744,0,0,0,1.12888,0,1,1,0,1,0,0,m,w
1975,SIX,1,1,0.915502,0,0,0.986314,0.668415,0,1.92724,0.555111,0,0.667768,0,0,0,0.631166,0,1,1,0,1,0,0,m,w
1976,SIX,1,1,0.870805,0,0,0.773814,0.806139,0,1.44958,0,0,0,0,0,0.946338,0,0,1,1,0,1,0,0,m,w
1977,SIX,1,1,0.874552,0,0,0.518243,0.530484,0,1.32739,0,0,0,0,0,1.24007,0,0,1,1,0,1,0,1,m,w
1978,SIX,1,1,0.843608,0,0,0.524343,0.692252,0,1.69588,0,0,0,0,0,0.645373,0,0,1,1,0,1,0,1,m,w
1979,SIX,1,1,0.8383,0,0,0,0.714573,0,1.43606,0,0,0,0,0,0,0,0,1,1,0,1,0,1,m,w
1980,SIX,1,1,0.836954,0,1.23742,0.807591,0.649287,0,1.20778,0,0,0,0,0,0,0.763846,0,1,1,0,1,0,1,m,w
1981,SIX,1,1,0.807555,0.827223,1.41133,0.68488,1.08806,0,0.806522,0,0,0,0,0,0,3.27832,0,0,1,0,1,0,0,m,w
1982,SIX,1,1,0.892914,0.612698,1.83774,1.00906,1.17917,0,0.896255,0,0,0,0,0,0,3.43469,0.532449,0,1,0,1,0,0,m,w
1983,SIX,1,1,0.952481,0.664517,1.5388,1.00911,0.902555,0,1.32435,0,0,0,0,0,0,2.12767,0,0,1,0,1,0,0,m,w
1984,SIX,1,1,0.963459,0.687827,1.61111,1.11112,0,0,1.15615,0,0,0,0,0,0,1.49061,0,0,1,0,1,0,0,m,w
1985,SIX,1,1,0.963939,0.507405,1.42947,1.2772,0,0,1.33874,0,0.54429,0,0,0,0,0.953407,0,0,1,0,1,0,0,m,w
1986,SIX,1,1,0.923554,0.575824,1.53708,1.38874,0,0.518344,0.974801,0,0.541942,0,0,0,0,0.731365,0,0,1,0,1,0,0,m,w
1987,SIX,1,1,0.95361,0.591564,1.67858,0.920222,0.754178,0.51418,0.87576,0,0,0,0,0,0,1.22568,0,0,1,0,1,0,0,m,w
1988,SIX,1,1,0.856627,1.0708,1.74587,1.01826,1.01033,0,1.26464,0,0,0,0,0,0,2.12922,1.10392,0,1,0,1,0,0,m,w
1989,SIX,1,1,0.850579,1.09879,1.83157,0.878792,1.00132,0,1.1083,0,0,0,0,0,0,2.2236,1.20996,0,1,0,1,0,0,m,w
1990,SIX,1,1,0.903863,0.959079,1.7691,0.60925,0.830527,0.600335,0.651057,0.530237,0.566978,0,0,0,0,2.26867,1.19869,0,1,0,1,0,0,m,w
1991,SIX,1,1,0.937447,0.511508,1.06001,0.821902,0.910374,0.646575,0.538893,0.552685,0,0,0,0,0,1.31503,0,0,1,0,1,0,0,m,w
1992,SIX,1,1,0.920036,0,0,1.02604,0,0.603282,0.903721,0.583466,0,0,0,0,0,1.90536,0,1,1,0,0,0,0,m,w
1993,SIX,1,1,0.949047,0.732137,1.04096,1.19871,0.864603,0,1.39125,0,0,0.567259,0,0,0,1.7585,0,1,1,0,1,0,0,m,w
1994,SIX,1,1,0.907281,0,0,0,0,0,0,0,0.579384,0.52823,0,0,0,2.20956,0,1,1,0,1,0,0,m,w
1995,SIX,1,1,0.929897,1.31313,0.718798,0,0,0,0,0,0.63347,0,0,0,0,1.90618,0,1,1,0,0,0,0,m,w
1996,SIX,1,1,0.953312,1.22785,0.780682,0,0.630257,0,0,0,0,0,0,0,0,2.2486,0,1,1,0,0,0,0,m,w
1997,SIX,1,1,0.943834,1.37934,1.14537,0,0,0,0,0,0,0,0,0,0,2.17329,0,1,1,0,0,0,0,m,w
1998,SIX,1,1,0.9534,1.53805,1.073,0,0,0,0.825153,0,0,0,0,0,0,1.74218,0,1,1,0,0,0,1,m,w
1999,SIX,1,1,0.944064,1.56487,1.21676,0,0.573598,0,0.736258,0,0,0,0.549225,0,0,0.626417,0,1,1,0,0,0,1,m,w
2000,SIX,1,1,0.949132,1.33845,1.30552,0,0.632391,0,0.754473,0,0,0,0.717258,0,0,0,0,1,1,0,0,0,0,m,w
2001,SIX,1,1,0.952012,1.37961,1.29554,0.511896,0.937662,0,0,0,0,0,0.744039,0.502969,0,0,0,1,0,0,0,0,0,m,w
2002,SIX,1,1,0.967638,1.37352,1.05806,0,1.01284,0,0,0,0,0,0.803551,0.78712,0,0,0,1,0,0,0,0,0,m,w
2003,SIX,1,1,0.782111,1.69384,0.907095,0,1.37837,0,0,0,0.529665,0.738674,1.28944,0,0,0,0,0,1,0,1,0,0,m,w
2004,SIX,1,1,0.960532,1.70432,0.528559,0,1.50242,0,1.39545,0,0,1.08856,0,0.660082,0,0,0,0,1,0,1,0,1,m,w
2005,SIX,1,1,0.970923,0.963584,0.923097,0.671416,1.38266,0,1.14059,0.545882,0,1.12605,0,0.774104,0,0,0,0,1,0,1,0,1,m,w
2006,SIX,1,1,0.82416,1.68129,1.15296,0.935212,0.860759,0,0.534776,0.549119,0.585218,0.930893,0.954719,0.534216,0,0,0,1,1,0,0,0,0,m,w
2011,SIX,1,1,0.968721,1.14507,1.01573,0.998428,0,0.537653,1.22838,0,0,0,0,0,0,0.69268,0,0,1,0,0,0,1,m,w
2012,SIX,1,1,0.941441,1.12654,1.3148,1.44757,0,0,1.14173,0,0,0,0,0,0,0,0,0,0,0,1,0,1,m,w
2017,SIX,1,1,0.730205,0.530515,1.19568,0,0,0,0,0,0,0,1.00707,0,0,2.64154,0.875072,1,0,0,1,0,0,m,w
2022,SIX,1,1,0.790909,0.519148,1.02684,0,0,0,0,0,0,0,1.33512,0,0,2.6801,1.11892,1,0,1,1,0,0,m,w
2023,SIX,1,1,0.82671,0,0.738468,0,0,0,0,0,0,0,1.74165,0,0,2.39746,0.963793,1,0,1,1,0,0,m,w
2024,SIX,1,1,0.809954,0.774052,0,0,0,0,0,0,0,0,1.37412,0,0,0.845634,1.04326,1,1,0,1,0,0,m,w
2025,SIX,1,1,0.902677,0.825411,0,0,0,0,0,0,0,0,0.744158,0,0,0,0.874908,1,1,0,1,0,0,m,w
2026,SIX,1,1,0.922669,0.606709,0.679677,0,0,0,0,0,0,0,0.741027,0,0,0,0,1,1,0,1,0,0,m,w
2027,SIX,1,1,0.927669,0,0,0,0,0,0,0,0,0,0,0,0,0,0,1,1,0,1,0,1,m,w
2028,SIX,1,1,0.915291,0.642605,0,0,0.846305,0,0.706738,0,0,0,0,0,0,0,0,1,1,0,1,0,0,m,w
2029,SIX,1,1,0.927506,0.634945,0,0,0.982141,0,0.983296,0,0,0,0,0,0,0,0,1,1,0,1,0,0,m,w
2030,SIX,1,1,0.937692,0.561078,0.605141,0,0.961522,0,0.917647,0,0,0,0,0,0,0,0,1,1,0,1,0,0,m,w
2031,SIX,1,1,0.958472,0.88278,1.01704,0,1.10455,0,1.42951,0,0,0,0,0,0,0,0,1,1,0,1,0,0,m,w
2032,SIX,1,1,0.942869,0.592325,0,0,1.13696,0,1.59825,0,0,0,0,0,0,0,0,0,0,0,1,0,0,m,w
2033,SIX,1,1,0.925979,0.962748,0.81968,0.633779,0.997087,0,1.59148,0,0,0,0,0,0,0,0,1,0,0,1,0,0,m,w
2034,SIX,1,1,0.909779,1.04967,1.09042,0.725619,0.567934,0,1.19149,0,0,0,0,0,0,0,0,0,0,1,1,0,0,m,w
2035,SIX,1,1,0.871738,1.78051,1.40976,0.84597,1.13506,0,0.729625,0,0,0,0.786357,0.632937,0,0.700138,0,0,0,1,1,0,0,m,w
7678,SIX,1,1,0.856168,0.677698,1.00851,1.71609,0,0,0,0,0,0,0,0.645189,0,0,0,1,1,1,0,0,0,w,w
7679,SIX,1,1,0.908454,0.796416,1.09233,1.54219,0,0,0,0,0,0,0.675087,0,0.554388,0,0,0,1,0,1,0,0,w,w
7680,SIX,1,1,0.825394,0,1.17765,1.5242,0,0,0,0,0,0,0.835454,0.700598,1.10824,0,0,0,0,1,1,0,0,w,w
7681,SIX,1,1,0.952271,0,1.30001,1.53544,0,0,0.914305,0,0,0,0,0.639772,0,1.41058,0,0,0,0,1,0,1,w,w
7682,SIX,1,1,0.919085,1.8104,2.43097,1.99677,0,0,0,0,0,0,0,0,0,1.92033,0.7358,1,0,0,1,0,1,w,w
7683,SIX,1,1,0.773577,0.826842,0,0,0,0,0,0,0,0,0,0.767549,0,1.03052,0.736216,0,0,0,1,0,1,w,w
7684,SIX,1,1,0.767334,0.612464,0,0,0,0,0,0,0,0,0,0,0,1.49869,0.575518,0,0,0,1,0,0,w,w
7685,SIX,1,1,0.771773,0.538827,0,0,0,0,0,0,0,0,0,0,0,1.58178,0.665076,0,0,0,0,0,0,w,w
7686,SIX,1,1,0.85756,0,0,0,0,0,0,0,0,0,0,0,0,1.90941,0.663983,0,0,0,1,0,1,w,w
7687,SIX,1,1,0.897899,0,0,0,0,0,0,0,0,0,0.924808,0,0,1.47296,0.653893,0,0,0,0,0,1,w,w
7688,SIX,1,1,0.864361,0,1.23861,0,0.770182,0,0,0,0.72273,0,1.15978,0,0,0,0,0,1,0,0,0,1,w,w
7689,SIX,1,1,0.889408,0.766211,0.875346,0,0.503336,0,0.895018,0,0.664919,0,0.511103,0,0.632732,0.563148,0,0,1,0,0,0,1,w,w
7690,SIX,1,1,0.946231,0.849619,0,0,0,0,0.612673,0,0,0,0,0,0.975986,1.50711,0,0,0,0,0,0,1,w,w
7691,SIX,1,1,0.947055,0.748072,0,0,0,0,0.507714,0,0,0,0,0.77816,1.94646,1.56924,0,0,0,1,0,0,1,w,w
7692,SIX,1,1,0.768189,1.20075,0.983514,0,1.26516,0,1.30589,0,0,0,0,0,1.24153,0.801914,0,0,0,0,0,0,0,w,w
7695,SIX,1,1,0.82587,1.06679,0.624322,0,0.942048,0,0,0,0.923553,0.608395,0.970143,1.19183,1.33484,0,0,0,1,1,1,0,0,w,w
7696,SIX,1,1,0.843257,1.26332,0,0,0,0,0.757484,0,0.612446,0.796112,0.838283,0.85534,1.12441,0,0,0,0,1,1,0,0,w,w
7697,SIX,1,1,0.874167,0.65809,0,0,0.976447,0,1.05097,0,0.598488,0.628102,0,0.816266,0.597084,0,0,0,0,0,1,0,0,w,w
7698,SIX,1,1,0.914182,0,0,0,0,0,0,0,0.663745,0,0,0,0,1.74026,0,0,1,0,1,0,1,w,w
7699,SIX,1,1,0.934332,0,0,0,0,0,0,0,0,0,0,0,0,2.35639,0.563868,0,1,0,1,0,1,w,w
7700,SIX,1,1,0.929527,0,0,0,0,0,0,0,0,0,0,0,0,1.89775,0,0,0,1,1,0,0,w,w
7701,SIX,1,1,0.85309,0,0,0,0,0,0,0,0,0,0,0,0,1.09405,0,0,0,0,1,0,0,w,w
7708,SIX,1,1,0.815801,0,0,0,0,0.760557,1.72573,0.90513,0,1.13721,0,1.18026,0,0.692155,0,0,0,0,1,0,0,w,w
7709,SIX,1,1,0.810694,0,0,0,0,0.775608,2.0027,0.822371,0.560634,1.68952,1.18498,1.19167,1.04472,1.47496,0,1,0,0,1,0,0,w,w
7710,SIX,1,1,0.742238,0,0,0,0,0.749992,1.8857,0.76606,0,0.750347,0,1.2362,0,1.87839,0,0,0,0,1,0,0,w,w
7711,SIX,1,1,0.830402,0,0,0,1.023,0,1.25462,0,0,0,0,0.858961,0,2.64706,0,1,0,0,0,0,0,w,w
7715,SIX,1,1,0.725729,0,0,0,1.68278,1.22787,1.81234,1.31948,2.10635,1.27499,0,0,0,1.06951,0,0,1,0,1,0,0,w,w
7716,SIX,1,1,0.845559,0,0,0,0,0.984229,0.686049,1.1411,1.83419,1.9166,0,0,0,3.14593,0,0,1,0,1,0,0,w,w
7717,SIX,1,1,0.964944,0,0,0,1.10666,0,0,0,0.662087,1.10936,0,0.538695,0,2.37988,0,0,1,0,1,0,0,w,w
7718,SIX,1,1,0.932151,0,0,0,0.947173,0,0,0,0,0,0,0,0,2.30392,0,0,0,0,1,0,0,w,w
7730,SIX,1,1,0.906614,0,0.756918,0,0,1.17318,0.59156,1.09846,1.38308,0.741598,0,0,0,3.98011,0,0,1,1,0,0,0,w,w
7731,SIX,1,1,0.937254,0.835941,0,0,0,1.02206,0,0.901823,1.66817,0.937785,0,0,0,2.91283,0,0,1,1,1,0,0,w,w
7732,SIX,1,1,0.91902,0.795474,0,0,0,1.03647,0,0.659949,1.70456,0.976124,0,0,0,4.6582,0,0,1,0,0,0,0,w,w
7733,SIX,1,1,0.81903,2.26895,0,0.89585,0.983784,0,0.577025,0,0,0,0,0,1.58372,2.36296,0,0,1,0,1,1,0,w,w
7737,SIX,1,1,0.811103,0.742848,0,0.783736,0.748111,0,0.768393,0,0,0,0.53949,0,0.599416,0,0,0,1,0,1,1,0,w,w
7738,SIX,1,1,0.850297,0,0,0,0,0,0.831717,0,0,0,0,0,0,0,0,0,1,0,1,1,0,w,w
7739,SIX,1,1,0.8613,0,0,0,0,0,0.859049,0,0,0,0,0,0,0,0,0,1,0,1,0,0,w,w
7740,SIX,1,1,0.918295,0.551107,0.578483,0,0,0,1.16834,0,0.517373,0,0,0,0,0,0,0,1,0,1,1,0,w,w
7741,SIX,1,1,0.934898,0.548207,0,0,0,0.582273,0.959717,0,0.839537,0,0,0,0,0,0,0,1,1,1,1,0,w,w
7742,SIX,1,1,0.94403,0.66851,0,0,0,0.677745,1.5008,0.720668,0.99345,0,0,0,0,1.43149,0,0,1,1,1,1,0,w,w
7743,SIX,1,1,0.923598,1.29043,0.956533,0,0,0.65598,0.861921,0.593915,0.797928,0.566009,0.619274,0,0,1.6795,0,0,1,1,1,1,0,w,w
7744,SIX,1,1,0.901331,1.32979,1.01562,0,0,0.59591,0.54656,0,1.11439,0,0,0,0,1.89719,0,0,1,0,1,1,0,w,w
7745,SIX,1,1,0.909679,1.06562,1.238,0,0,0,0.795343,0,0.807087,0,0.519127,0,0.513852,1.80669,0.526555,0,1,1,1,1,0,w,w
7746,SIX,1,1,0.895007,1.0815,1.66687,0.592653,0,0.564444,0.528815,0.591491,1.90518,0,0,0,0,1.94456,0.683039,0,1,1,1,1,0,w,w
7747,SIX,1,1,0.876574,0,0.555358,0,0.732734,0,1.42804,0.796866,1.31981,0,0.975544,0,1.09219,1.73682,0.568987,0,1,0,1,1,0,w,w
7748,SIX,1,1,0.926552,0,0,0,0,0,0.784346,0,1.11072,0.665124,0,0,0,3.30923,0,0,1,1,1,0,0,w,w
7749,SIX,1,1,0.936804,0.80727,1.0685,0,0,0.542352,0.790752,0.607528,1.11854,0,0,0,0,2.11502,0.534478,0,1,1,1,1,0,w,w
7750,SIX,1,1,0.898568,0.578191,1.28854,0,0,0.538258,0,0.523143,1.00522,0,0,0,0,1.76174,0.516492,0,1,1,1,1,0,w,w
7751,SIX,1,1,0.877846,0,1.08039,0,0,0.553795,0,0.518089,1.22245,0,0,0,0,2.1124,0,0,1,1,1,1,0,w,w
7752,SIX,1,1,0.884402,0.563206,0.995219,0,0,0.636182,0,0.603043,1.03638,0.544067,0,0,0,2.12452,0,0,1,1,1,1,0,w,w
7753,SIX,1,1,0.876862,0.803737,1.29337,0,0,0.61211,0,0.60705,1.0918,0.814456,0,0,0,1.26845,0,0,1,1,1,1,0,w,w
7754,SIX,1,1,0.87503,0,1.04695,0,0,0,0,0,0.882834,0,0,0,0,1.86384,0,0,1,1,1,1,0,w,w
7755,SIX,1,1,0.827609,1.09403,0.57738,0,0,0,0,0.540944,0.790584,0,0.594079,0,0,2.6819,0,0,1,1,1,1,0,w,w
7756,SIX,1,1,0.867934,0.675269,1.58423,0,0.588864,0,0,0,0.98882,0,0,0,0,2.20442,0,0,1,1,1,1,0,w,w
7757,SIX,1,1,0.938163,0.861751,0.675699,0.501271,0.50105,0.778549,0.518069,0.821857,0.706834,0,0,0,0,3.43608,0,0,1,0,1,1,0,w,w
7758,SIX,1,1,0.96988,1.09372,0.890041,0.727192,0.625936,0.626384,2.52385,1.10519,0,0,0,0,0.633651,2.13939,0,0,1,0,1,1,0,w,w
7759,SIX,1,1,0.966545,0,0,0.724542,0.952409,0.848046,1.43528,1.00396,1.02302,0,0,0,0,3.7833,0.510724,0,1,0,1,0,0,w,w
7760,SIX,1,1,0.935043,0.599631,0.694756,0.804697,0,0,0.689262,0,0,0,0.539194,0,0,2.17248,0.759886,0,1,1,1,0,0,w,w
7761,SIX,1,1,0.903005,0.798633,1.51044,1.51908,0,0,0.736143,0,0,0,0.591582,0,0,1.73,0.776732,1,1,1,1,0,0,w,w
7762,SIX,1,1,0.958645,1.0203,1.53794,1.09203,0,0,0.886985,0,0,0,0.545546,0,0,0,0,0,1,0,1,0,0,w,w
7763,SIX,1,1,0.927491,1.7727,1.29137,0.604777,0.627133,0.506108,0,0.54827,0.713998,0,0,0,0,1.57355,0,0,1,0,1,0,0,w,w
7764,SIX,1,1,0.942106,0,0,0,0,0.529131,0,0,0.558474,0,0,0,0,2.0755,0,0,1,0,0,0,1,w,w
7765,SIX,1,1,0.90373,0,0,0,0,0,0,0,0.543787,0,0,0,0,2.13559,0,0,1,0,0,0,0,w,w
7766,SIX,1,1,0.875078,0,0.794672,0,0,0.514714,0,0.536021,0.797291,0.809723,0,0.624496,0,0.802112,0,0,1,0,0,0,0,w,w
7767,SIX,1,1,0.888374,0.592889,0,0,0,0.687015,0,0.768166,0.75643,1.14174,0,1.39953,2.07607,0,0,0,1,1,1,0,0,w,w
7768,SIX,1,1,0.862167,0.684894,0,0,0,0.903627,0.553575,0.966475,1.27531,1.94291,0,1.64052,0.99498,0,0,0,1,0,1,0,0,w,w
7769,SIX,1,1,0.881128,0,0.533689,0,0.784976,0.782183,0,0.801961,1.57798,1.88744,0,0.725559,0.505151,1.12076,0,0,1,0,0,0,0,w,w
7770,SIX,1,1,0.932636,0,0,0,1.28862,0.770108,0,0.830107,1.92089,2.58827,0,0,0.915495,0.984634,0.508762,0,1,0,1,0,0,w,w
7771,SIX,1,1,0.886097,0.668652,0.522286,0,0.575721,1.12317,0.752079,1.07686,1.86132,2.5305,0,0.526644,0,0.67272,0,0,1,0,1,0,0,w,w
7772,SIX,1,1,0.864706,0,0,0,1.17892,0.931809,0.673922,0.937416,2.50567,1.93358,0,0,0.623364,1.61811,0,0,1,0,1,0,0,w,w
7777,SIX,1,1,0.913609,2.12109,2.77834,0,1.45906,0.751038,0.914655,0.822808,0.875947,0.982968,0,0.810946,0,1.18649,0.695201,0,1,0,1,0,0,w,w
7779,SIX,1,1,0.76865,0.65455,1.24291,0,0.508706,0,0,0,0.688107,1.40341,0.548705,0,0,1.00261,0,0,1,0,0,1,0,w,w
7780,SIX,1,1,0.837516,0.968747,1.05963,0,0,0,0,0,0.729731,0.813646,0.731285,0,0,0,0,1,1,0,1,0,0,w,w
7781,SIX,1,1,0.797675,0,1.65533,0,0.621777,0,0,0,0,1.62436,0,1.75503,0.717159,0,0,0,0,0,0,1,0,w,w
7783,SIX,1,1,0.748127,0,2.32679,0.951285,0.666596,0,0,0,0,1.31071,0,0,0.838121,0,0,1,0,0,0,1,1,w,w
7788,SIX,1,1,0.846276,1.00239,1.26604,0,1.25517,1.02892,0.860976,0.766957,1.96234,0.818743,0,0,0,2.17221,0,0,1,0,0,0,0,w,w
7789,SIX,1,1,0.875388,0.702282,0.667889,0,0.812623,1.26156,0.815529,1.16964,2.29504,1.50216,0,0,1.12209,2.61941,0,0,1,0,0,0,0,w,w
7790,SIX,1,1,0.91581,0.591613,0,0,1.37716,1.04352,0,1.04706,2.12667,1.26774,0,0,1.38618,2.3533,0,0,1,0,0,0,0,w,w
7793,SIX,1,1,0.8887,2.68575,1.83393,1.35422,1.37062,0,0,0,0,0,0,0,0,0.579391,0,0,0,0,1,1,1,w,w
7794,SIX,1,1,0.941557,1.43972,1.38414,0.96936,1.52595,0,0,0,0,0,0,0,0,1.73676,0,0,1,0,1,1,0,w,w
7795,SIX,1,1,0.935124,1.95497,2.14959,0,0.888585,0,0,0,0,0,0,0,0,1.08135,0,0,0,0,1,1,0,w,w
7796,SIX,1,1,0.911903,1.41336,1.29762,0,0.695375,0,0.753453,0,0,0,0,0,0.884998,0.858944,0.537176,0,0,0,1,1,1,w,w
7797,SIX,1,1,0.782321,1.75179,1.90043,0.528474,1.3301,0,0,0,0.642646,0,0,0.536634,0,0.988246,0.586481,0,1,0,1,1,0,w,w
7798,SIX,1,1,0.758375,1.80499,2.24248,1.57184,1.1536,0,0,0,0,0,0,0,0,1.42204,0,0,0,0,1,1,0,w,w
7841,SIX,1,1,0.902099,1.68885,1.31131,2.55015,0.506345,0,1.88836,0,0,0,0.975643,0,0.770629,1.51808,0,1,0,1,1,0,0,w,w
7842,SIX,1,1,0.829225,0.705383,0,1.77817,0,0,0,0,0,0,0,0.652669,1.86286,1.91238,0,1,0,0,1,0,0,w,w
