time_stamp,word,frame,success,confidence,AU01_r,AU02_r,AU04_r,AU05_r,AU06_r,AU09_r,AU10_r,AU12_r,AU14_r,AU15_r,AU17_r,AU20_r,AU25_r,AU26_r,AU04_c,AU12_c,AU15_c,AU23_c,AU28_c,AU45_c,speaker_gender,listener_gender
5971,GO-TO,1,1,0.787048,1.88862,2.43896,0.576025,1.06638,0,0,0,0.782193,0,0,1.19488,0.508973,1.54181,0,0,0,1,0,0,0,w,m
5972,GO-TO,1,1,0.752759,1.84844,2.46226,0.51252,0.908344,0,0,0,0,0,0,1.40788,0.907711,1.18549,0,0,0,1,0,1,0,w,m
6639,GO-TO,1,1,0.960919,0,0,0.725604,0,0,0.869047,0,0,0.561199,0,0,0,1.23574,0,0,0,1,1,0,0,w,m
6640,GO-TO,1,1,0.942102,0,0,0.794135,0,0,1.01742,0,0,0,0,0,0,1.66166,0,0,0,1,1,0,0,w,m
6641,GO-TO,1,1,0.943196,0,0,0.884753,0,0,1.32152,0,0,0,0.557175,0,0,1.84342,0,0,0,1,1,0,0,w,m
6642,GO-TO,1,1,0.913618,0,0,0.940567,0,0,1.43184,0,0,0,1.10336,0,0,2.06908,0,1,0,1,0,0,0,w,m
6643,GO-TO,1,1,0.895611,0,0,0,0,0,0.567224,0,0,0,0.972584,0,0,1.84561,0,0,0,1,0,0,0,w,m
6644,GO-TO,1,1,0.931541,0,0,0.848849,0,0,0,0,0,0,0.625277,0,0,2.224,0,1,0,1,0,0,0,w,m
6645,GO-TO,1,1,0.934739,0.738876,0.991094,0.628237,0,0,1.29235,0,0,0,0.849131,0,0,2.00093,0,1,0,1,0,0,0,w,m
6646,GO-TO,1,1,0.943331,0.767085,0.954559,0.754599,0,0,1.36113,0,0,0,0.816376,0,0,1.48199,0,0,0,1,0,0,0,w,m
6647,GO-TO,1,1,0.939889,0.923978,0.754636,1.07746,0,0,1.3747,0,0,0,0.662087,0,0,1.6936,0,0,0,1,0,0,0,w,m
6648,GO-TO,1,1,0.917606,0,0,0,1.04602,0,0,0.548435,0,0,0,0,0,1.97539,0,0,0,1,1,0,0,w,m
6649,GO-TO,1,1,0.951203,0,0,0,0,0,1.27255,0,0,0,0.630575,0,0,1.51709,0,0,0,1,1,0,0,w,m
6650,GO-TO,1,1,0.942051,0,0,0.717459,0,0,1.33386,0,0,0,0.62443,0,0,0,0,0,0,1,1,0,0,w,m
6651,GO-TO,1,1,0.944105,0,0.61155,0,0,0,0.860111,0,0,0,0.50012,0,0,0,0,0,0,1,1,0,0,w,m
6652,GO-TO,1,1,0.916342,0,0,0,0.546228,0,0.654589,0,0,0,0.745705,0,0,0,0,0,0,1,1,0,0,w,m
6653,GO-TO,1,1,0.908637,0,0.677211,0,0.773643,0,0.822655,0,0,0,0,0,0,0,0,0,0,1,1,0,0,w,m
6654,GO-TO,1,1,0.959726,0.51881,0.532877,0.584183,0,0,0,0,0,0,0,0,0,0.654858,0,0,0,0,1,0,0,w,m
6655,GO-TO,1,1,0.961492,0,0.601155,0.662316,0,0,0.643889,0,0,0,0,0,0,0.741886,0,0,0,1,1,0,0,w,m
6656,GO-TO,1,1,0.964828,0,0.50712,0.744649,0,0,0.740176,0,0,0,0,0,0,0.905128,0,0,0,1,1,0,0,w,m
6657,GO-TO,1,1,0.964123,0,0,0.681195,0,0,0.795255,0,0,0,0,0,0,1.09909,0,0,0,1,1,0,0,w,m
6658,GO-TO,1,1,0.958684,0,0.589136,0.563167,0,0,0,0,0,0,0,0,0,1.21415,0,0,0,1,1,0,0,w,m
6659,GO-TO,1,1,0.963472,0,0.604013,0.642294,0,0,0.701915,0,0,0,0,0,0,0.807074,0,0,0,1,1,0,0,w,m
6660,GO-TO,1,1,0.959391,0,0,0.713971,0,0,0.773118,0,0,0,0,0,0,1.02347,0,0,0,0,1,0,0,w,m
6661,GO-TO,1,1,0.962724,0,0,0.635202,0,0,0.793393,0,0,0,0,0,0,1.10305,0,0,0,1,1,0,0,w,m
6662,GO-TO,1,1,0.962428,0,0,0.621724,0,0,0.847907,0,0,0,0,0,0,1.27563,0,0,0,1,1,0,0,w,m
6663,GO-TO,1,1,0.959618,0,0,0.531388,0,0,0.901597,0,0,0,0,0,0,1.31685,0,0,0,1,1,0,0,w,m
6664,GO-TO,1,1,0.954791,0,0,0,0,0,0.785182,0,0,0,0,0,0,1.07767,0,0,0,0,1,0,0,w,m
36143,GO-TO,1,1,0.871844,0,0,0.780419,0,0,1.73606,0,0,0,0,0,1.31013,0.866617,0,1,0,0,0,0,0,w,w
36144,GO-TO,1,1,0.865715,0.855933,0,0.946621,0,0,1.97797,0,0,0,0.64313,0,1.3729,1.26302,0,1,0,1,1,0,0,w,w
36145,GO-TO,1,1,0.846528,0.96099,0,0.651003,0,0,1.45125,0,0,0,0.704728,0,1.12312,1.86223,0,1,0,1,0,0,0,w,w
36146,GO-TO,1,1,0.829354,1.27487,0,1.0958,0,0,1.65643,0,0,0,0.825548,0,0.777875,2.22244,0,1,0,1,0,0,0,w,w
36147,GO-TO,1,1,0.830734,1.40483,0,1.10975,0,0,1.4453,0,0,0,0.788077,0,0.755507,2.84453,0,1,0,1,0,0,0,w,w
36148,GO-TO,1,1,0.801649,1.4505,0,0.707493,0,0,1.57994,0,0,0,0.669538,0,0.694404,3.26209,0,1,0,1,0,0,0,w,w
36149,GO-TO,1,1,0.80661,1.3731,0,0.60897,0,0,1.22185,0,0,0,0.718683,0,0.549957,2.93778,0,0,1,1,0,0,0,w,w
36150,GO-TO,1,1,0.823016,1.4189,0,0,0,0,1.79331,0,0,0,0.680863,0,0.539434,3.37697,0,0,1,1,0,0,0,w,w
36151,GO-TO,1,1,0.816671,1.65555,0,0,0,0,1.91215,0,0,0,0.789471,0,0,3.18601,0,1,0,1,0,0,0,w,w
36152,GO-TO,1,1,0.836333,1.45222,0,0,0,0,1.67337,0,0,0,0.972626,0,0.538867,2.7585,0,0,0,1,0,0,0,w,w
36153,GO-TO,1,1,0.841423,1.40183,0,0.654986,0,0,1.87306,0,0,0,0.869131,0,0.537999,2.81717,0,1,0,1,0,0,0,w,w
36154,GO-TO,1,1,0.844075,1.29625,0,0,0.500746,0,2.02847,0,0,0,0.981467,0,1.01534,2.43797,0,0,1,1,1,0,0,w,w
36155,GO-TO,1,1,0.850906,1.3939,0,0.517535,0,0,1.91252,0,0,0,0.565906,0,1.22833,2.02666,0,1,1,1,1,0,0,w,w
36156,GO-TO,1,1,0.881805,1.34522,0,0.975115,0,0,2.14165,0,0,0,0.861118,0,0.944859,2.30903,0,1,0,1,1,0,0,w,w
36157,GO-TO,1,1,0.894236,1.37499,0,0.9339,0,0,2.21727,0,0,0,0.576535,0,1.14387,2.07784,0,1,1,1,0,0,0,w,w
36158,GO-TO,1,1,0.880991,1.40763,0,1.35618,0.571582,0,2.20645,0,0,0,0,0,0.842672,2.75965,0,1,0,1,0,0,0,w,w
36159,GO-TO,1,1,0.868642,1.43003,0,1.154,0,0,1.69435,0,0,0,0,0,0.807076,2.96076,0,1,0,1,1,0,0,w,w
36160,GO-TO,1,1,0.887244,1.61444,0.616223,1.50874,0.914516,0,1.92908,0,0,0,0,0,0,2.78743,0,1,0,0,1,0,0,w,w
36161,GO-TO,1,1,0.887443,1.53065,0.564119,1.24571,0.752969,0,1.7759,0,0,0,0,0,0,2.11587,0,1,0,0,1,0,0,w,w
36162,GO-TO,1,1,0.880989,1.65362,1.15007,1.25635,0.966598,0,1.65562,0,0,0,0,0,0,3.02434,0,1,0,0,1,0,0,w,w
36163,GO-TO,1,1,0.872861,1.53661,0,0.830297,1.01556,0,1.56739,0,0,0,0,0,0,2.78548,0,1,1,0,0,0,0,w,w
36164,GO-TO,1,1,0.876132,1.27145,0.782865,0.681962,0.999841,0,1.16538,0,0,0,0,0,0,2.95872,0,0,1,0,1,0,0,w,w
36165,GO-TO,1,1,0.873961,1.13971,0.531682,0,1.1045,0,0.905973,0,0,0,0,0,0,2.81617,0,0,1,0,1,0,0,w,w
36166,GO-TO,1,1,0.873065,1.06238,1.13953,0.625379,1.45084,0,1.19567,0,0.621076,0,0.628861,0,0,2.19979,0,0,1,0,1,0,0,w,w
36167,GO-TO,1,1,0.865321,0,0,0,1.19447,0,0.865901,0,0.705899,0,0.558771,0,0,2.634,0,0,1,0,1,0,0,w,w
36168,GO-TO,1,1,0.875328,0,0,0,1.15756,0,1.42037,0,0,0,0.593514,0,0,2.20955,0,1,1,0,0,0,0,w,w
36169,GO-TO,1,1,0.87382,0,0,0,0.627069,0,1.01679,0,0,0,0.818832,0,0,2.2546,0,1,1,0,1,0,0,w,w
36170,GO-TO,1,1,0.885166,0,0,0,0.513053,0,1.30513,0,0,0,0.914544,0,0.50712,2.40694,0,0,1,1,1,0,0,w,w
36171,GO-TO,1,1,0.876558,0,0,0,0,0,0.922376,0,0.514048,0,1.17401,0,0.756443,2.42187,0,0,1,1,1,0,0,w,w
36172,GO-TO,1,1,0.877863,0,0,0,0,0,0.964206,0,0,0,0.949116,0,0.899216,2.41776,0,0,1,1,1,0,0,w,w
36173,GO-TO,1,1,0.896017,0,0,0,0,0,1.27063,0,0,0,0,0,0.773105,2.21883,0,0,1,0,1,0,0,w,w
36174,GO-TO,1,1,0.900624,0,0,0,0,0,1.28022,0,0,0,0.638764,0,0,2.41196,0,1,1,0,1,0,0,w,w
36175,GO-TO,1,1,0.897126,0,0,0,0.527796,0,1.20618,0,0,0,0,0,1.05295,2.65909,0,1,1,0,1,0,0,w,w
36176,GO-TO,1,1,0.890225,0,0,0,0,0,1.22445,0,0.597696,0,0.602621,0,0.802908,2.28208,0,1,1,0,1,0,0,w,w
36177,GO-TO,1,1,0.781897,0,0,0,0.743207,0,0.927028,0,0.761171,0.645941,0.627759,0,0.727236,2.75937,0,1,1,0,1,0,0,w,w
36178,GO-TO,1,1,0.843269,0,0,0,0.934085,0,0,0,0.831161,0,0,0,0,2.12408,0,1,1,0,0,0,0,w,w
44973,GO-TO,1,1,0.961147,2.03487,2.04591,0.975164,0.984286,0,0,0,0,0,0,0,0,0,0,0,0,0,0,0,0,w,w
44980,GO-TO,1,1,0.935812,1.76498,2.46423,1.27722,0.58352,0,0.78338,0,0,1.13146,0,0,0,0,0,1,0,0,0,0,0,w,w
45007,GO-TO,1,1,0.954771,1.29697,0.790284,0,0.821768,0,0,0,0,0.560437,0,0,1.0925,0,0,0,0,0,1,0,0,w,w
45395,GO-TO,1,1,0.895479,1.68314,1.34842,0,0,0,0,0,0,0,0.622941,0,0,0,0,0,0,0,0,0,0,w,w
45396,GO-TO,1,1,0.926854,1.49199,1.22868,0,0,0,0,0,0,0,0.662555,0,0,0,0,0,0,0,0,0,0,w,w
45397,GO-TO,1,1,0.945809,1.4568,1.42462,0,0,0,0,0,0,0,0,0,0,0.7178,0,0,0,0,0,0,0,w,w
45398,GO-TO,1,1,0.90527,1.152,1.28093,0,0.640034,0,0,0,0,0,0,0,0,0.766384,0,0,0,0,0,0,0,w,w
45399,GO-TO,1,1,0.89448,0.825475,0.781936,0,0,0,0,0,0,0,0,0,0,0.822112,0,0,0,0,0,0,0,w,w
45400,GO-TO,1,1,0.916229,0.722419,0,0,0,0,0,0,0,0,0,0,0,0.872015,0,0,0,0,0,0,0,w,w
45401,GO-TO,1,1,0.923351,0.886237,0,0,0.527136,0,0,0,0,0,0,0,0,1.27029,0,0,0,0,1,0,0,w,w
45402,GO-TO,1,1,0.845749,1.18841,0,0,0.752429,0,0,0,0,0,0,0,0,1.9681,0,0,0,1,1,0,1,w,w
45403,GO-TO,1,1,0.876157,1.8095,0,0,0.738777,0,0,0,0,0,0,0,0,0.732808,0,0,0,1,0,0,1,w,w
28134,GO-TO,1,1,0.940011,0,0.68385,0,0,0,0,0,0,0,0,0,1.0353,0,0.588389,0,0,1,0,0,1,w,w
28135,GO-TO,1,1,0.944657,0,0.639793,0,0,0,0,0,0,0,0,0,0.893063,0,0,0,0,1,0,0,1,w,w
28136,GO-TO,1,1,0.95223,0,0.8058,0,0,0,0.51888,0,0,0,0,0,0.800793,0,0,0,0,1,0,0,1,w,w
28137,GO-TO,1,1,0.953288,0,0.824699,0.645318,0,0,0.649675,0,0,0,0,0,0.824056,0,0,0,0,1,0,0,1,w,w
28138,GO-TO,1,1,0.952346,0,0.669601,0,0,0,0.673145,0,0,0,0,0,0.85725,0,0,0,0,1,0,0,1,w,w
28139,GO-TO,1,1,0.950669,0,0,0.517123,0,0,0.539117,0,0,0,0,0,0.838307,0,0,1,0,1,0,0,1,w,w
28140,GO-TO,1,1,0.951743,0,0.694669,0,0,0,0.823891,0,0,0,0,0,0.573647,0,0,0,0,1,0,0,1,w,w
28141,GO-TO,1,1,0.949052,0,0.938253,0,0,0,0.872935,0,0,0,0,0,0.715202,0,0,0,0,1,0,0,1,w,w
28142,GO-TO,1,1,0.951571,0,0.872198,0.519114,0,0,1.0492,0,0,0,0,0,0.536185,0,0,0,0,1,0,0,1,w,w
28143,GO-TO,1,1,0.950629,0,0.685322,0.606368,0,0,1.16051,0,0,0,0,0,0.600988,0,0,0,0,1,0,0,1,w,w
28144,GO-TO,1,1,0.946192,0,0.76858,0.592901,0,0,0.942426,0,0,0,0,0,0.545418,0,0,0,0,1,0,0,1,w,w
28145,GO-TO,1,1,0.942509,0,0.766916,0.53618,0,0,0.840493,0,0,0,0,0,0,0,0,0,0,1,0,0,1,w,w
28146,GO-TO,1,1,0.942355,0.541011,0.751203,0,0,0,0.917313,0,0,0,0,0,0,0,0,0,0,1,0,0,1,w,w
28147,GO-TO,1,1,0.948914,0.583552,0.958555,0,0,0,0.937751,0,0,0,0,0,0,0,0,0,0,1,0,0,1,w,w
28148,GO-TO,1,1,0.95233,0.753824,0.63046,0,0,0,0.597039,0,0,0,0,0,0,0,0,0,0,1,0,0,1,w,w
28149,GO-TO,1,1,0.958987,0.720612,0.852707,0.527111,0,0,1.35635,0,0,0,0,0,0.778948,1.39645,0.639823,0,0,1,1,0,1,w,w
28150,GO-TO,1,1,0.964145,0,0.933266,0,0,0.833863,1.90806,0.738791,0.719508,0.909147,0,0,0.534457,2.04242,0.829535,0,0,1,1,0,1,w,w
28151,GO-TO,1,1,0.970165,0,0,0,0,0.984678,1.45889,0.945759,1.20265,1.46263,0,0,0,2.9239,0.610661,0,1,1,1,0,1,w,w
28152,GO-TO,1,1,0.959618,0,0.646436,0,0,0.708391,0.87948,0,0.770749,0,0,0,0,1.37991,0.585274,0,0,1,1,0,1,w,w
30874,GO-TO,1,1,0.98365,0.591403,0.825024,0,0,0,0,0,0,0.655503,0.554271,0.730244,0,0,0,1,0,1,1,0,1,w,w
30875,GO-TO,1,1,0.94377,1.03152,1.08711,0.818592,0,0,0,0,0,0,0,0.737436,0,0,0,1,0,1,1,0,1,w,w
30876,GO-TO,1,1,0.888874,0,0.568331,1.44295,0,0,0,0,0,0,0.922749,0.858626,0.584836,0,0,1,0,1,1,1,1,w,w
30877,GO-TO,1,1,0.74159,1.66834,1.52572,1.97042,0.554199,0,0,0.948698,0,1.03327,0,1.24388,0,0,0,1,0,1,1,1,0,w,w
30878,GO-TO,1,1,0.834834,1.09957,1.01923,1.97924,0,0.638584,0,1.09125,0,0.70144,0,0.968614,0,2.37777,0,1,0,0,1,1,0,w,w
30879,GO-TO,1,1,0.92905,0.995787,0.61716,1.19202,0,0,0,0,0,0,0.663626,0.596744,0.545032,0.984455,0.815565,1,0,1,1,1,1,w,w
30880,GO-TO,1,1,0.907236,0.650587,0,0,0,0,0,0,0,0,0.824964,0,0.905862,0.622647,0.932294,1,0,1,1,0,1,w,w
30881,GO-TO,1,1,0.937808,0.76449,0,0,0,0,0,0,0,0,0.867445,0,0,0,0.80274,1,0,1,1,0,1,w,w
30882,GO-TO,1,1,0.941829,0.804985,0,0.928386,0,0,0.85964,0,0,0,0.651693,0,0.636029,0,0.613388,1,0,1,1,0,1,w,w
30883,GO-TO,1,1,0.944644,1.09816,0,0.886035,0,0,0.902707,0,0,0.624068,0,0.804966,1.3077,0.585131,0.571796,1,0,0,1,0,1,w,w
30884,GO-TO,1,1,0.864844,1.65775,0,1.64971,0,0,1.05537,0,0,1.06394,0,0.553186,1.42923,0,0.581149,1,0,0,1,0,1,w,w
30885,GO-TO,1,1,0.910785,1.75019,0,1.26881,0,0,0.724979,0,0,0.605515,0,0.565875,1.20655,0,0.578319,1,0,1,1,0,1,w,w
30886,GO-TO,1,1,0.937119,1.65363,0,1.23754,0,0,0.78521,0,0,0,0.524705,0,1.00698,0,0.582723,1,0,1,1,0,1,w,w
30887,GO-TO,1,1,0.944928,1.13776,0,1.46287,0,0,0.914922,0,0,0,0.928876,0,1.06505,0,0.699402,1,0,0,1,0,1,w,w
30888,GO-TO,1,1,0.926842,0.756413,0,1.57603,0,0,1.48414,0,0,0,0.722674,0.531582,0.532213,1.1533,0.786901,1,0,0,1,0,1,w,w
30889,GO-TO,1,1,0.904961,0,0,1.64889,0.536725,0,1.42921,0,0,0.839367,0,0.509356,0,1.05394,0,1,0,1,1,0,1,w,w
30890,GO-TO,1,1,0.885374,0,0,1.68616,0,0,0.587846,0,0.524256,0.959612,1.00129,0,0,1.70927,0,1,1,0,1,0,1,w,w
30891,GO-TO,1,1,0.869351,0,0,1.92759,1.20199,0,0.734602,0.735729,0.951754,1.11329,1.11668,0,0,1.33481,0,1,1,1,0,0,1,w,w
30892,GO-TO,1,1,0.761653,1.19403,0.93401,1.33285,0,0,2.4428,0,0,1.63657,0.61703,0,1.66929,1.16329,0.517464,1,0,0,1,0,1,w,w
30893,GO-TO,1,1,0.792039,0.598013,1.23378,1.8235,0,1.02284,1.1288,1.20053,1.21429,1.24668,0,0,0,1.35767,0.607527,1,1,1,1,0,0,w,w
30894,GO-TO,1,1,0.930118,0,0,1.81122,1.17841,0.533057,0,0.596438,0.830794,1.89953,0,0,0,0.737923,0,1,1,1,0,0,0,w,w
48093,GO-TO,1,1,0.894607,0,0,0.968888,0,0.605332,1.19259,0.527693,0,0,0,0,0.548714,3.11318,1.19974,1,0,0,0,0,1,w,w
48094,GO-TO,1,1,0.953456,0,0,1.32991,0,0.592614,1.85414,0,0,0,0,0,0.789361,2.07423,0.832416,1,0,0,0,0,1,w,w
48095,GO-TO,1,1,0.971689,0,0.681561,1.50616,0,0.537298,2.35608,0,0,0,0,0,0.726795,0,0,1,0,0,0,0,0,w,w
48096,GO-TO,1,1,0.978968,0,0,1.60465,0,0,1.90275,0,0,0,0,0,1.08917,0,0,1,0,0,0,0,0,w,w
48097,GO-TO,1,1,0.982885,0,0,1.70821,0,0,1.56525,0,0.639761,0.570727,0,0,1.37756,0,0,1,0,0,0,0,0,w,w
46043,GO-TO,1,1,0.973763,0,0,1.40789,0,1.03136,2.04574,1.32315,1.08238,1.84261,0,0,0.553553,4.11469,0,1,1,0,1,0,0,m,w
46044,GO-TO,1,1,0.971576,0,0,0.921988,0,1.01005,2.10875,1.25805,1.21626,1.65151,0,0,0.656427,3.95378,0,1,1,0,1,0,0,m,w
46045,GO-TO,1,1,0.965282,0,0,0.984073,0,1.05677,2.15297,1.34669,1.16326,1.83996,0,0,1.01414,4.14545,0,1,1,0,1,0,0,m,w
46046,GO-TO,1,1,0.976464,0,0,1.13909,0,0.997083,2.70202,1.29517,0.927859,1.72925,0,0,0.595005,2.63053,0,1,1,0,1,0,0,m,w
46047,GO-TO,1,1,0.973786,0,0,0.987945,0,1.02985,2.65952,1.40003,1.10997,1.6768,0,0,0,2.38754,0,1,1,1,1,0,0,m,w
46048,GO-TO,1,1,0.980309,0,0,0,0,1.00006,3.08591,1.30605,1.35496,1.87098,0,0.615649,0.718654,1.74799,0,1,1,1,1,0,0,m,w
46049,GO-TO,1,1,0.9818,0,0,0,0,1.09284,2.02755,1.44939,1.27706,2.54876,0,1.17793,0,1.39314,0,1,1,1,1,0,0,m,w
46076,GO-TO,1,1,0.983865,0.893677,0,0.702175,0,0,0,0,0,0.752293,0.556082,0.555148,0,0,0.541981,1,0,0,1,0,0,m,w
46077,GO-TO,1,1,0.986101,0.969794,0,0.604452,0,0,0,0,0,0.935434,0,0.735476,0,0.625981,0.512475,1,0,0,1,0,0,m,w
46078,GO-TO,1,1,0.984036,1.01332,0.695767,0.560737,0,0,0,0,0,1.17437,0,0.719256,0.698488,1.28391,0.553125,1,0,0,1,1,0,m,w
46079,GO-TO,1,1,0.979854,0.996582,0.901035,0,0.773503,0,0,0,0,1.1949,0,0.831483,0.804208,1.35603,0.558376,1,0,0,1,1,0,m,w
46080,GO-TO,1,1,0.935545,0.956927,1.09768,0,0.692006,0,0,0,0,0.636666,0.869081,0.767456,1.01818,2.42102,0.50462,1,1,0,1,1,0,m,w
46081,GO-TO,1,1,0.92207,1.15703,1.70845,0,0.884892,0,0,0,0,0.72002,0.922281,0.647713,0.951684,3.2671,0,0,1,0,1,1,0,m,w
46082,GO-TO,1,1,0.914634,1.08486,1.71986,0,0.887912,0,0,0,0,0.769953,0.812678,0.560627,0,3.3133,0.510423,0,1,0,1,1,0,m,w
46083,GO-TO,1,1,0.903493,1.3226,1.82026,0,1.09227,0,0,0,0,0.631172,0.654164,0,0.712223,3.16303,0.514308,0,1,0,1,1,0,m,w
46084,GO-TO,1,1,0.904722,1.51085,1.77532,0,0.677462,0,0,0,0,0.888622,0.576335,0,0.597317,2.57658,0.514555,0,0,0,1,1,0,m,w
46085,GO-TO,1,1,0.967787,1.72109,1.24425,0,0.957524,0,0,0,0,1.19178,0,0.752113,0.649233,1.34714,0,0,0,0,1,1,0,m,w
46086,GO-TO,1,1,0.968271,1.46274,0.973653,0,0.80215,0,0,0,0,1.17368,0.588288,0.781818,0.801381,0,0,0,0,0,1,0,0,m,w
46089,GO-TO,1,1,0.912755,1.92766,0,0,0.616599,0,0,0.545301,0,1.16192,0,1.0755,0,0,0,1,0,1,1,0,0,m,w
4023,GO-TO,1,1,0.958842,0,2.01371,0.933937,0,0.686742,0,0.95939,1.48225,2.276,0,0.945181,1.69036,0.588585,0,1,1,1,0,0,0,w,m
4024,GO-TO,1,1,0.961265,0,1.02327,0.834649,0,0.708257,0,1.04012,1.27909,1.88853,0.760729,0.834398,2.1069,0.947011,0,1,1,1,0,0,0,w,m
4025,GO-TO,1,1,0.956867,0,0,0.6203,0,0.818857,0,1.11113,1.13177,1.65569,0,0.558779,1.77918,1.70695,0,1,1,1,0,0,0,w,m
4026,GO-TO,1,1,0.952543,0,0,0.799193,0,0.662193,0,0.870447,0.980799,1.51815,0,0.519503,1.64813,1.75454,0,1,1,1,0,0,1,w,m
4027,GO-TO,1,1,0.9553,0,0,0.675678,0,0,0,0.671209,0.593358,1.22838,0,0,1.47036,1.5181,0,1,1,0,0,0,1,w,m
4028,GO-TO,1,1,0.964558,0,0,0.552019,0,0,0,0,0.679587,1.09747,0,0,0.83632,1.41362,0,1,1,1,0,0,1,w,m
4029,GO-TO,1,1,0.951829,0,0,0.763316,0.520586,0,0,0,0.570135,0.578862,0,0,0.89133,1.36323,0,1,1,1,0,0,1,w,m
4030,GO-TO,1,1,0.95899,0,0,0.812725,0,0,0.663706,0,0,0.569159,0,0,0.960036,1.57346,0,1,1,1,0,0,1,w,m
4031,GO-TO,1,1,0.960755,0,0,0.69548,0,0,0,0,0,0.673707,0,0.522536,1.11099,1.25874,0,1,1,1,0,0,1,w,m
4032,GO-TO,1,1,0.968514,0,0,0.722934,0,0,0.754782,0,0,0.588987,0,0.592475,1.02951,0,0,1,1,1,0,0,1,w,m
4033,GO-TO,1,1,0.972112,0,0,0.537975,0,0,0.612257,0,0,0.662174,0,0.626143,1.36528,0,0,1,1,1,0,0,1,w,m
4034,GO-TO,1,1,0.967023,0,0,0.809536,0,0,0.63102,0,0,0.607484,0,0.544333,1.54806,0,0,1,0,1,0,0,1,w,m
4035,GO-TO,1,1,0.9665,0,0,0.65232,0,0,0.789609,0,0,0,0,0.51246,1.31892,0,0,1,1,1,0,0,1,w,m
4036,GO-TO,1,1,0.966238,0,0,0.887379,0,0,0.580424,0,0,0,0,0,1.29289,0,0,1,1,1,0,0,1,w,m
4037,GO-TO,1,1,0.964311,0,0,0.778597,0,0,0.616129,0,0,0,0,0,1.31461,0,0,1,1,1,0,0,1,w,m
4038,GO-TO,1,1,0.974329,0,0,0.767457,0,0,0.662765,0,0,0,0,0,1.47969,0,0,1,0,1,0,0,1,w,m
4039,GO-TO,1,1,0.975848,0,0,0.699711,0,0,0.826487,0,0,0,0,0.535626,1.5179,0,0,1,0,1,0,0,1,w,m
4040,GO-TO,1,1,0.973403,0,0,0.830359,0,0,0.823765,0,0,0,0,0.547244,1.38216,0,0,1,0,1,0,0,1,w,m
4041,GO-TO,1,1,0.975325,0,0,0.836133,0,0,0.802802,0,0,0,0,0.574555,1.55003,0,0,1,0,1,0,0,1,w,m
4042,GO-TO,1,1,0.973274,0,0,0.638284,0,0,0.650551,0,0,0,0,0.516299,1.56818,0,0,1,0,1,0,0,1,w,m
4043,GO-TO,1,1,0.975794,0,0,0.702937,0,0,0.541243,0,0,0,0,0.522488,1.52173,0,0,1,0,1,0,0,1,w,m
4044,GO-TO,1,1,0.973953,0,0,0.706736,0,0,0.749908,0,0,0,0,0,1.52001,0,0,1,0,1,0,0,1,w,m
4045,GO-TO,1,1,0.972047,0,0,0.734285,0,0,0.710389,0,0,0,0,0.511466,1.40949,0,0,1,0,1,0,0,1,w,m
4046,GO-TO,1,1,0.971679,0,0,0.655738,0,0,0.798797,0,0,0,0,0,1.41546,0,0,1,0,1,0,0,1,w,m
4047,GO-TO,1,1,0.971895,0,0,0.581692,0,0,0.594306,0,0,0,0,0,1.4698,0,0,1,0,1,0,0,1,w,m
4048,GO-TO,1,1,0.973281,0,0,0.849359,0,0,0,0,0,0,0,0,1.57099,0,0,1,0,1,0,0,1,w,m
4049,GO-TO,1,1,0.972923,0,0,0.826535,0,0,0,0,0,0,0,0,1.62602,0,0,1,0,1,0,0,1,w,m
4050,GO-TO,1,1,0.974995,0,0,0.964217,0,0,0,0,0,0,0,0.564703,1.57659,0,0,1,0,1,0,0,1,w,m
4051,GO-TO,1,1,0.97508,0,0,1.11617,0,0,0,0,0,0,0,0.612001,1.57445,0,0,1,0,1,0,0,1,w,m
4052,GO-TO,1,1,0.977149,0,0,1.44371,0,0,0,0,0,0,0,0,1.79699,0,0,1,0,1,0,0,1,w,m
4053,GO-TO,1,1,0.976795,0,0,1.2744,0,0,0.647533,0,0,0,0,0,1.68524,0,0,1,0,1,0,0,1,w,m
4054,GO-TO,1,1,0.982512,0.630722,0,2.18826,0,0,1.89439,0,0,0,0,0,1.81422,0,0,1,0,1,0,0,1,w,m
4055,GO-TO,1,1,0.983299,0.568531,0,1.55633,0,0,2.06037,0,0,0,0,0,1.50341,1.07227,0,1,0,0,0,0,1,w,m
4056,GO-TO,1,1,0.974263,0.610355,0,1.58862,0,0,2.05297,0,0,0,0,0,1.64423,0.865473,0,1,0,0,0,0,1,w,m
4057,GO-TO,1,1,0.96286,1.0471,0,1.48765,0,0,2.3351,0,0,0,0,0.594705,2.05219,0.986143,0,1,0,1,0,0,1,w,m
4058,GO-TO,1,1,0.94958,0.602693,0,0.863142,0,0,1.15713,0,0,0,0,0,0.742457,2.69672,0,1,0,0,0,0,1,w,m
4059,GO-TO,1,1,0.942892,0.757017,1.01972,1.0468,0,0,0.518098,0,0,0,0,0,0.7677,2.16665,0,1,0,0,0,0,1,w,m
4060,GO-TO,1,1,0.923735,0,0.763714,1.43405,0,0,0,0,0.500824,0.810314,0,0,0.518635,2.42487,0,1,0,0,0,0,1,w,m
4061,GO-TO,1,1,0.937678,0,0.791581,1.02477,0,0,0,0,0.725925,0.782718,0,0,0,1.81115,0.515611,1,0,0,0,0,1,w,m
4062,GO-TO,1,1,0.955222,0.640581,1.24147,1.21033,0,0,0,0,0.61494,0.710184,0,0,1.05566,2.05003,0.553785,1,0,0,0,0,1,w,m
4063,GO-TO,1,1,0.965301,0,1.03201,1.32949,0,0,0,0,0.710268,0.845268,0,0,1.61981,2.18928,0.536263,1,0,0,0,0,1,w,m
4064,GO-TO,1,1,0.970949,0,1.13144,1.2478,0,0,0,0,0.61125,1.00745,0,0,2.06162,2.04905,0.512172,1,0,0,0,0,0,w,m
4065,GO-TO,1,1,0.972633,0.589253,0.920402,1.39641,0,0,0,0,0.646294,0.914824,0,0,2.02242,2.13174,0.50324,1,0,0,0,0,1,w,m
4066,GO-TO,1,1,0.97451,0,0.648691,1.65508,0,0,0,0,0,1.03088,0,0,2.11344,1.79294,0,1,0,1,0,0,1,w,m
4067,GO-TO,1,1,0.975408,0.568367,0.736718,1.21814,0,0,0,0.521686,0,1.07315,0,0.585431,1.88952,1.71378,0,1,0,1,0,0,1,w,m
4068,GO-TO,1,1,0.966762,0,0,1.10432,0,0,0,0,0,0.778484,0,0.710494,1.69147,1.73283,0,1,0,0,0,0,0,w,m
4069,GO-TO,1,1,0.971115,0,0,1.08704,0,0,0.921146,0.692074,0,0.818796,0,0.685048,1.24063,1.7014,0,1,0,0,0,0,0,w,m
4070,GO-TO,1,1,0.972919,0,0,0.596709,0,0,0.588223,0,0,0.768181,0,0.678471,0.651878,1.74709,0,1,0,0,0,0,0,w,m
4071,GO-TO,1,1,0.970911,0,0,0,0,0,0,0,0,0.756161,0,0.622148,0,1.36405,0,1,0,0,0,0,0,w,m
4072,GO-TO,1,1,0.964282,0,0,0,0,0,0,0,0,0,0,0,0,0.703249,0,1,0,0,0,0,0,w,m
4073,GO-TO,1,1,0.95988,0,0,0,0.5602,0,0,0,0,0.636062,0,0,0,0.518195,0,1,0,0,0,0,0,w,m
34246,GO-TO,1,1,0.986923,0.6041,0.889232,1.79552,0,0.909,2.65811,1.2288,0.83361,1.64274,0.568028,0.877824,2.13912,0,0,0,1,1,0,0,1,w,m
34247,GO-TO,1,1,0.988733,0.564509,0.83197,1.68143,0,0.917665,2.84558,1.22337,0.966556,1.76832,0.524207,0.870809,2.10012,0,0,0,1,1,0,0,1,w,m
34248,GO-TO,1,1,0.990298,0,0,1.70048,0,0.952674,2.70831,1.17426,0.902533,1.58461,0.592667,0.850218,1.67651,0,0,0,1,1,0,0,1,w,m
34249,GO-TO,1,1,0.990658,0,0,1.78218,0,0.960196,2.70203,1.22223,0.780574,1.7534,0.841856,0.92274,1.39197,0,0,0,1,1,0,0,1,w,m
34250,GO-TO,1,1,0.991189,0,0,1.75356,0,0.928786,2.69761,1.14853,0.717663,1.68728,0.812508,0.913855,1.56023,0,0,0,1,1,0,0,1,w,m
34251,GO-TO,1,1,0.991197,0.546019,0.567886,1.62515,0,0.920252,2.59914,1.14676,0.807356,1.73651,0.693209,0.817107,1.46874,0,0,0,1,1,0,0,1,w,m
34252,GO-TO,1,1,0.990705,0.542513,0.656724,1.57487,0,0.869678,2.29869,1.00735,1.03863,1.88917,0,0.758333,1.35751,0,0,0,1,1,0,0,1,w,m
32180,GO-TO,1,1,0.780895,0.92414,0,0,0,0,1.13413,0,1.39246,0,1.00016,0,0.691581,0,0,0,0,1,1,0,0,m,m
25287,GO-TO,1,1,0.973313,0,0.889345,0.991385,0,0,0,0.504693,0.873908,0.628607,0.724631,0,0,1.25497,0.916196,0,0,1,1,0,1,w,w
25291,GO-TO,1,1,0.985951,0,0,0.667308,0,0,0,0,0.827663,0.752357,0,0,0,0.634276,0,0,0,1,0,0,1,w,w
25292,GO-TO,1,1,0.981618,0,0,1.09137,0,0,0.802791,0,0.550804,0.744815,0,0,0.527152,0,0,0,0,1,0,0,1,w,w
25293,GO-TO,1,1,0.977105,0,0,0.788594,0,0,0.605371,0,0.57178,0.880679,0.653545,0,0.666211,0,0,0,0,1,0,0,1,w,w
25294,GO-TO,1,1,0.974564,0,0,0.633709,0,0,0.570545,0,0,0.768442,0,0,0.583609,0,0,0,0,1,0,0,1,w,w
25295,GO-TO,1,1,0.973494,0.672845,0,0,0,0,0,0,0,0.654469,0.516845,0,0,0.651107,0,0,0,1,0,0,1,w,w
25296,GO-TO,1,1,0.970869,0,0.733758,0.582778,0.581258,0,0,0,0,0.725621,0.587287,0,0,0,0,0,0,1,0,0,1,w,w
915,GO-TO,1,1,0.963378,0.820975,0,0.894085,0,0.748451,0.95555,0.907046,0.931848,1.20416,0,0,0,0,0,1,1,0,0,0,0,m,m
916,GO-TO,1,1,0.964831,0.670203,0,1.20702,0,0.536419,1.13826,0,0.946078,0.971321,0,0,0,0,0,1,1,0,0,0,0,m,m
917,GO-TO,1,1,0.964287,0,0,1.10071,0,0.553295,1.70323,0.587691,0.591466,1.13517,0,0,0,0,0,0,1,0,0,0,0,m,m
918,GO-TO,1,1,0.970902,0,0,0.656535,0,0.551813,1.23118,0.597684,0.922647,1.28893,0,0,0,0,0,0,1,0,0,0,0,m,m
944,GO-TO,1,1,0.976279,1.09127,0,1.15431,0,0.683035,1.24133,0.940465,0.90807,1.4505,1.33115,0.80228,0,0,0,0,1,1,0,0,0,m,m
945,GO-TO,1,1,0.98293,1.61054,0.622527,1.2017,0,0.776834,1.45268,1.09682,0.916674,1.66658,1.43919,1.14741,0,0,0,0,1,1,0,0,0,m,m
2231,GO-TO,1,1,0.986983,0,0,0,0,0,0.7402,0,0,0,0.872288,0,1.44317,0,0,0,1,1,0,0,0,m,m
2232,GO-TO,1,1,0.984366,0,0,0,0,0,1.43031,0,0,0.571226,0.974326,0,0.914807,0,0,0,1,1,0,0,0,m,m
2233,GO-TO,1,1,0.981302,0.549542,0,0,0,0,1.42845,0,0,0,0.930311,0.584617,0,0,0,0,0,1,1,0,0,m,m
2234,GO-TO,1,1,0.979772,0.84828,0,1.06697,0,0,1.927,0,0,0,0.850852,0,1.95298,0,0,0,0,1,1,0,0,m,m
2235,GO-TO,1,1,0.99081,0.568631,0,1.7162,0,0,2.55569,0.530528,0.647906,0.694193,0,0,0.722509,0,0,1,0,1,0,0,0,m,m
4509,GO-TO,1,1,0.987377,0,0,1.06501,0,0,1.75931,0.667577,0.641298,0.695146,0.91272,0,0,0,0,1,1,1,0,0,0,m,m
4510,GO-TO,1,1,0.966643,0,0,0,0,0,0.629808,0.581081,0.750136,0,1.47884,0,0.954826,0,0,0,1,1,0,0,0,m,m
4511,GO-TO,1,1,0.98598,0,0,0.545024,0,0,0.952745,0.731425,0.718144,0,1.14621,0,0,0,0,1,1,1,0,0,0,m,m
4512,GO-TO,1,1,0.988135,0.700072,0,2.00372,0,0,1.10605,0.555477,0.573536,1.02051,0.622845,0,0,0.762263,0,1,1,1,0,0,0,m,m
4513,GO-TO,1,1,0.912337,1.51382,0,2.27053,0.912086,0,0.882334,0,0,0,0.810204,0,0,0,0,1,0,1,0,0,0,m,m
4568,GO-TO,1,1,0.975186,0.647413,0,0,0,0,0,0,0,0,1.28282,0,0.597663,0,0,0,0,1,0,0,0,m,m
4569,GO-TO,1,1,0.973521,0.711143,0,0,0.645388,0,0,0,0,0,1.14555,0,0.89664,0,0,0,1,1,0,0,0,m,m
28097,GO-TO,1,1,0.855212,1.37982,2.59616,0,0,0.909996,0,1.07505,0.762184,0.638842,0,0,0,0,0,0,1,1,0,0,0,m,m
28098,GO-TO,1,1,0.785344,1.62268,2.70212,0,0,0.778821,0,0.756019,0.837689,0.589619,0,0,0.551626,0,0,0,1,0,0,0,0,m,m
28103,GO-TO,1,1,0.985697,1.33669,1.0858,0.845032,0,0.83948,2.2181,1.23162,1.18145,1.2277,0.665241,0,0,0.63545,0,0,1,0,0,0,0,m,m
28104,GO-TO,1,1,0.990227,1.51001,1.37611,1.32852,0,0.715371,2.67964,1.12197,1.17973,1.18103,0.50857,0,0,1.06268,0,0,1,1,0,0,0,m,m
28105,GO-TO,1,1,0.987793,1.94221,1.252,1.10148,0,0.813602,3.01287,1.32705,1.17412,1.288,0.75398,0,0,1.27934,0,0,1,1,1,0,0,m,m
28106,GO-TO,1,1,0.988915,1.93709,1.30896,0.900944,0,0.795286,3.30148,1.31773,1.42723,0.971972,0.51652,0,0,2.24024,0,0,1,1,1,0,0,m,m
28107,GO-TO,1,1,0.991095,1.92977,1.38732,1.31052,0,0.893383,3.04513,1.47033,1.47232,1.06627,0,0,0,1.82751,0,1,1,0,1,0,0,m,m
28126,GO-TO,1,1,0.978345,1.51307,1.24742,1.3616,0,1.10856,2.53686,1.39041,1.33214,1.87244,0.584254,0,0,1.90842,0.513752,0,1,1,1,0,0,m,m
28127,GO-TO,1,1,0.913343,1.43147,0.645624,1.02977,0,0.73894,2.56354,1.0886,0.951596,1.42214,0,0,0.710875,0,0.535777,1,1,0,1,0,0,m,m
28128,GO-TO,1,1,0.905509,0.744558,0.929662,0.974138,2.04332,0,2.07599,0.990072,0,0.758616,0,0,2.06515,1.04253,0,0,1,0,0,0,0,m,m
31654,GO-TO,1,1,0.98044,0,0,1.40115,0,0,0.572566,0,0,0,0.58845,0,0,2.09006,0,1,0,1,0,0,1,m,m
31655,GO-TO,1,1,0.977541,0,0,1.08521,0,0,0,0,0,0,0.74816,0,0.528559,1.91397,0,1,0,1,0,0,1,m,m
31656,GO-TO,1,1,0.979378,0,0,1.07595,0,0,0.684528,0,0,0,0.504849,0,0.665609,2.27774,0,1,0,0,0,0,1,m,m
31657,GO-TO,1,1,0.980823,0,0,1.35149,0.708225,0,0,0,0,0,0.713187,0,0.653856,2.72128,0,1,0,0,0,0,1,m,m
31658,GO-TO,1,1,0.983292,0,0,1.51376,0.743736,0,0.528745,0,0,0,0,0,0,2.81171,0,1,0,0,0,0,1,m,m
31659,GO-TO,1,1,0.982623,0,0,1.57602,0.752858,0,0,0,0,0,0,0,0,2.9082,0,1,0,0,0,0,1,m,m
31660,GO-TO,1,1,0.983774,0,0,1.66815,0.808162,0,0,0,0,0,0,0,0,3.61893,0,1,0,0,0,0,0,m,m
31661,GO-TO,1,1,0.983885,0,0,1.49496,0.817076,0,0.524186,0,0,0,0,0,0,3.1639,0,1,0,0,0,0,0,m,m
31662,GO-TO,1,1,0.980591,0,0,1.53149,0.792152,0,0.991447,0,0,0,0,0,0,3.27237,0,1,0,0,0,0,0,m,m
31663,GO-TO,1,1,0.978672,0,0,1.29103,0,0,1.10148,0.617607,0,0,0,0,0,3.35483,0,1,0,0,0,0,0,m,m
31664,GO-TO,1,1,0.981216,0,0,1.64492,0,0,1.68301,0.748381,0,0.504977,0,0,0,2.80432,0,1,0,0,0,0,0,m,m
31665,GO-TO,1,1,0.985962,0,0,1.3982,0,0.559249,1.60055,0.950711,0,0.886753,0,0.654772,0,2.47568,0,1,0,0,0,0,0,m,m
31666,GO-TO,1,1,0.989504,0,0.512047,1.43029,0,0.534804,1.52292,0.956823,0,1.2831,0,0.585832,0,1.99345,0,1,0,0,0,0,0,m,m
31667,GO-TO,1,1,0.983925,0.59644,0.684927,1.39124,0,0.705587,2.08203,1.19136,0.543163,1.05249,0,0.702175,0,0.717674,0,1,0,1,0,0,0,m,m
31668,GO-TO,1,1,0.984077,0.716124,0.861903,2.01504,0,0.628258,2.69429,1.06691,0.564571,0.925243,0,0.588035,0,0,0,1,0,1,0,0,0,m,m
38203,GO-TO,1,1,0.977853,0.566022,0,0,0,0,0,0,0.556841,0.765189,1.00688,0,1.16682,0,0.745002,0,1,1,1,0,0,m,m
38204,GO-TO,1,1,0.980557,0,0,0,0,0,0.595068,0,0,1.29378,0,0.596214,1.52842,0,0,0,1,1,1,0,0,m,m
38205,GO-TO,1,1,0.983523,0,0,0,0,0,0,0,0,1.44112,0,0.878269,2.22364,0.52168,0,0,1,1,1,0,0,m,m
38206,GO-TO,1,1,0.97322,0.51287,0,0.914438,0,0,1.1267,0,0,1.17239,0,0,0,0,0.608483,0,0,1,1,0,0,m,m
38210,GO-TO,1,1,0.972241,0,0,1.11769,0,0,1.01652,0,0,0,0,0,0,0,0,0,0,1,0,0,1,m,m
38211,GO-TO,1,1,0.947146,0,0,0,0,0,0,0,0,0,0.813239,0,1.01798,0,0,0,0,1,0,0,1,m,m
38212,GO-TO,1,1,0.965092,0,0,0,0,0,0,0,0,0,0.971145,0,1.29366,0.579179,0,0,0,1,0,0,1,m,m
38213,GO-TO,1,1,0.974157,0,0,0,0,0,0,0,0,0,1.28722,0,0.743331,1.01552,0,1,0,0,0,0,1,m,m
38214,GO-TO,1,1,0.96074,0,0,0.533466,0,0,0,0,0,0,1.12032,0,0.602467,3.8451,0.629543,1,0,0,1,0,1,m,m
38215,GO-TO,1,1,0.956478,0,0.597109,0,0,0,0,0,0,0,1.60812,0,0,5,0.639025,0,0,0,0,0,1,m,m
38216,GO-TO,1,1,0.978671,0,0,0,0,0,0,0,0,0,2.03631,0.528455,0.735607,4.91853,0.632505,1,0,1,0,0,1,m,m
38217,GO-TO,1,1,0.980673,0.618938,0.535764,0,0,0,0,0,0,0,1.60482,0,1.10107,5,0.666041,0,0,1,0,0,0,m,m
38218,GO-TO,1,1,0.990942,0,0.509142,0.798236,0,0,0,0,0,0,0.66734,0.652155,0.624351,4.45241,0,0,0,1,1,0,1,m,m
38219,GO-TO,1,1,0.991789,0,0,0,0,0,0,0,0,0,0,0.919337,0,1.81432,0,1,0,1,1,0,0,m,m
38220,GO-TO,1,1,0.987687,0,0,0.780068,0,0,0.515393,0,0,0.538197,0,0.868885,0,1.66136,0,0,0,1,1,0,0,m,m
38221,GO-TO,1,1,0.98078,1.11823,0,0.820108,0,0,0.679059,0,0,0,0,0,0,0,0,0,0,0,0,0,0,m,m
18756,GO-TO,1,1,0.859543,1.20328,1.33177,0.507515,0,0.55928,0.701661,0.536519,0,0,0,0,2.22551,0,0,1,0,0,1,0,1,m,m
18769,GO-TO,1,1,0.860264,0.977008,0.995221,0.811078,0,0.562412,1.34444,0.72494,1.11112,0,0,1.10911,0.747826,1.37466,0,1,0,1,1,1,1,m,m
18770,GO-TO,1,1,0.884076,1.56427,1.5519,0.754014,0,0.827332,1.09678,1.05737,1.39486,0.581725,0,1.3207,0,1.10607,0,1,0,1,1,0,0,m,m
18771,GO-TO,1,1,0.868218,1.72535,1.47829,1.10307,0,0.867525,0,1.17732,1.48637,1.19944,0,1.08789,0,2.56889,0,1,1,1,1,0,0,m,m
18772,GO-TO,1,1,0.881525,1.19568,0.972005,1.05701,0,0.778427,1.07459,0.94652,1.40977,1.48282,0,0.720987,0,2.67805,0,1,0,1,0,0,0,m,m
18773,GO-TO,1,1,0.931135,1.44203,0.639087,0.617542,0,0.539879,0.698443,0.540229,1.08451,1.52957,0,0,0,2.44844,0,1,0,0,0,0,0,m,m
18794,GO-TO,1,1,0.924602,0,0.578331,1.06119,0,0,1.27334,0,0,0,0,0,3.41305,2.19868,0.983023,1,0,1,0,0,0,m,m
41189,GO-TO,1,1,0.905742,1.18984,2.0934,0,1.12556,0.679388,0,0.67279,1.21332,0.86962,0,0.544723,1.42834,4.29103,0,1,0,0,0,1,0,m,m
48921,GO-TO,1,1,0.732469,1.48961,0.844277,2.13947,1.39969,0,0.583815,0.70237,0,1.25113,0.779174,0.581826,0,0,0,1,0,1,0,0,1,m,m
48922,GO-TO,1,1,0.782141,1.21239,0.764794,2.6826,1.16121,0,0.795375,0.588174,0,1.02709,1.06335,0,0,0,0,1,0,1,0,0,1,m,m
48923,GO-TO,1,1,0.779577,1.65016,1.18405,2.53302,1.44469,0,0.906836,0.670327,0,0.84304,1.16441,0,0,0,0,1,0,1,0,0,1,m,m
48924,GO-TO,1,1,0.779203,1.63402,1.06736,2.6352,1.33398,0,1.33172,0.578198,0,1.14303,1.26628,0,0,0,0,1,0,1,0,0,1,m,m
48925,GO-TO,1,1,0.784804,1.67904,1.18224,2.40228,1.07672,0,1.13958,0.57759,0,1.10018,1.28148,0,0,0,0,1,0,1,0,0,1,m,m
48926,GO-TO,1,1,0.819584,1.81728,1.1682,1.79639,1.11138,0,0.709474,0.515839,0.638313,1.25395,1.11529,0,0,0,0,1,0,1,0,0,1,m,m
48927,GO-TO,1,1,0.823722,1.56895,1.03795,1.57011,0.934898,0,0,0.606896,0.829932,0.766976,1.22859,0,0,0,0,1,0,1,0,0,1,m,m
49786,GO-TO,1,1,0.85201,0.584991,1.36361,0,0,0.536827,1.0458,0.579639,0.708574,0.537899,0,0,1.77506,0,0,0,0,1,0,0,1,m,m
49787,GO-TO,1,1,0.86185,0.690756,1.75026,0,0,0.576016,2.27281,0.679816,0,0,0,0,1.74668,0,0,0,0,1,0,0,1,m,m
53152,GO-TO,1,1,0.950511,0,0,0,0,0.880899,0,1.08271,1.68731,1.83414,0.80471,0,0.624061,0,0,0,1,1,0,0,1,m,m
53153,GO-TO,1,1,0.95777,0,0,0,0,1.01549,0,1.2339,1.87575,1.89551,0.639689,0,0,0,0,0,1,1,0,0,1,m,m
53154,GO-TO,1,1,0.955438,0,0,0.738917,0,0.9243,0.848968,1.2235,1.74269,2.02687,0.519773,0,0.592377,1.56769,0.567066,0,1,1,0,0,1,m,m
53155,GO-TO,1,1,0.94448,0,0,0.621588,0,0.774417,0,1.02121,1.73468,2.06252,0,0,0.804796,2.54052,0.84,0,1,1,0,0,1,m,m
53156,GO-TO,1,1,0.954171,0,0,0.562046,0,0.77967,0.791531,0.945969,1.71772,1.78043,0,0,0.978916,2.12875,0.851411,0,1,1,1,0,1,m,m
53157,GO-TO,1,1,0.966712,0,0,0.517761,0,0.872598,0,1.0257,2.04141,1.73309,0.509093,0,0.987236,1.63237,0.810306,0,1,1,0,0,1,m,m
53158,GO-TO,1,1,0.979244,0,0,0,0,0.976472,0,1.14501,1.90964,1.7211,0.630299,0,0.716089,0.574937,0.55626,0,1,1,0,0,1,m,m
53159,GO-TO,1,1,0.978246,0,0,0.525764,0.536134,0.905788,0.977104,1.13939,1.55876,2.04852,0,0,1.21436,0,0,0,1,1,0,0,1,m,m
53160,GO-TO,1,1,0.981096,0,1.03947,0.660362,0,0.57406,0.87782,0.829949,1.08317,2.19349,0.713428,0,1.67904,1.08688,0,0,1,1,0,0,1,m,m
53161,GO-TO,1,1,0.96525,0.553113,1.55147,0.724101,0,0,0,0.564736,0.644863,1.91634,1.01135,0.670871,1.25598,0.861298,0,1,1,1,0,0,1,m,m
53162,GO-TO,1,1,0.957933,0.805105,1.73479,0,0,0,0,0.581969,0.8691,1.8453,0.68057,0.553827,1.2497,1.13196,0,0,1,1,1,0,1,m,m
4598,GO-TO,1,1,0.981428,0,0,0,0,0,0.935336,0,0,0.553722,1.69674,1.00228,0,2.37812,0,0,1,1,0,0,0,m,w
4599,GO-TO,1,1,0.980203,0,0,0,0,0,0.946341,0.685884,0.668386,0,1.42694,0.953951,0,2.33404,0,0,1,1,0,0,0,m,w
4600,GO-TO,1,1,0.978764,0,0,0,0,0.580852,0.993533,0.734065,0.802332,0.69258,1.37495,0.957793,0,2.56285,0,0,1,1,0,0,0,m,w
4601,GO-TO,1,1,0.982303,0,0,0,0,0.640018,0.986367,0.886103,0.778616,0.979999,1.17954,0.994867,0.505834,2.7706,0,0,1,1,0,0,0,m,w
4602,GO-TO,1,1,0.990363,0,0.560851,0.799714,0,0.606993,1.71843,0.884398,0.698337,0.714797,0.757159,0.687599,0,4.54422,0,0,1,1,1,0,0,m,w
4603,GO-TO,1,1,0.986026,0,0.576491,0.833641,0,0.749972,1.72832,1.02544,0.853592,0.906472,0.555195,0.715385,0,4.48246,0,0,1,1,1,0,0,m,w
4604,GO-TO,1,1,0.988885,0,0,0.819805,0,0.73824,1.91344,0.877867,0.833493,1.02224,0,0.525342,0,2.73208,0,0,1,0,1,0,0,m,w
4605,GO-TO,1,1,0.99067,0,0,0.783304,0,0.71612,2.06321,0.90217,0.742229,1.11117,0,0,0,3.39883,0,0,1,0,0,0,0,m,w
4606,GO-TO,1,1,0.991175,0,0,0.512184,0,0.553788,2.19672,0.641004,0.630343,0.88645,0,0,0.713498,2.77175,0,0,1,0,0,0,0,m,w
4607,GO-TO,1,1,0.984885,0.520958,0,0,0.620309,0.560588,1.96481,0.758225,0.671896,0.846479,0,0,0,3.74174,0,0,1,0,1,0,0,m,w
4608,GO-TO,1,1,0.986809,1.09977,0.546442,0.741904,0,0.590887,1.62836,0.720577,0.90932,0,0,0,0,4.52934,0,0,1,0,1,0,0,m,w
4609,GO-TO,1,1,0.987518,1.31558,0.523625,0,0,0.598502,1.53149,0.77117,0.974979,0.537212,0,0,0,4.04836,0,0,1,0,1,0,0,m,w
4610,GO-TO,1,1,0.984137,0.966383,0,0.50323,0,0.534898,1.12872,0.668216,0.974077,0,0,0,0,3.84796,0,0,1,0,1,0,0,m,w
4611,GO-TO,1,1,0.982117,1.09466,0,0,0,0,1.0974,0.671451,0.86733,0,0,0.584631,0,3.00173,0,0,1,1,1,0,0,m,w
4612,GO-TO,1,1,0.988917,0.855444,0,0,0,0,1.33668,0,0,0,0.598083,0.87813,0,2.00956,0,0,0,1,1,0,0,m,w
4613,GO-TO,1,1,0.972803,0.969592,0,0,0,0,0,0,0,0,1.64414,1.11925,0,0,0,0,0,1,1,0,0,m,w
4614,GO-TO,1,1,0.969447,0.812137,0,0,0,0,0,0,0,0,2.13713,1.02697,0,0,0,0,0,1,0,0,0,m,w
4615,GO-TO,1,1,0.972858,0.902371,0,0,0,0,0,0,0,0,2.31985,0.95537,0,0,0,0,0,1,0,0,0,m,w
4616,GO-TO,1,1,0.968127,0.929223,0,0,0,0,0,0,0,0,2.14911,0.727289,0,0,0,0,0,1,0,0,0,m,w
4617,GO-TO,1,1,0.964185,1.12788,0,0,0,0,0,0,0,0,2.27769,0.728964,0,0,0,0,0,1,0,0,0,m,w
4618,GO-TO,1,1,0.966281,0.876487,0,0,0,0,0,0,0,0,2.01778,0.794645,0,0,0,0,0,1,0,0,0,m,w
4619,GO-TO,1,1,0.968189,0.977905,0,0,0,0,0,0,0,0,1.91001,0.706576,0,0,0,0,0,1,0,0,0,m,w
4620,GO-TO,1,1,0.977336,1.11223,0,0,0,0,0,0,0,0,0.975809,0.591152,0,0,0,0,0,1,0,0,0,m,w
4621,GO-TO,1,1,0.979715,1.09376,0,0,0,0,0,0,0,0,0.702322,0,0,0,0,0,0,1,0,0,0,m,w
4622,GO-TO,1,1,0.981222,1.30702,0,0,0,0,0,0,0,0,0.62696,0,0,0,0.50007,0,0,0,0,0,0,m,w
4623,GO-TO,1,1,0.980716,1.39364,0.630088,0,0,0,0,0,0,0,0,0,0,0,0.523429,0,0,0,0,0,0,m,w
4624,GO-TO,1,1,0.984267,1.36942,0.51621,0,0,0,0,0,0,0,0.584596,0,0,0,0,0,0,1,0,0,0,m,w
4625,GO-TO,1,1,0.984036,1.49282,0,0,0,0,0,0,0,0,0.617884,0,0,0.595456,0,0,0,1,0,0,0,m,w
4626,GO-TO,1,1,0.983499,1.46431,0.734073,0,0,0,0,0,0,0,0,0,0,0.75946,0.511403,0,0,0,0,0,0,m,w
4627,GO-TO,1,1,0.981181,1.51296,0.702462,0,0,0,0,0,0,0,0.570742,0,0,0.986131,0.535357,0,0,0,0,0,0,m,w
4628,GO-TO,1,1,0.98034,1.56881,0.793526,0,0,0,0,0,0,0,0.513252,0,0,1.61294,0.599528,0,0,0,1,0,0,m,w
4629,GO-TO,1,1,0.972769,1.76324,1.0415,0,0,0,0.623473,0,0,0,0,0,0,2.90619,0.671677,0,0,0,1,0,0,m,w
4630,GO-TO,1,1,0.953399,1.48716,1.17821,0,0,0,1.06375,0,0,0,0.779308,0,0,3.91621,0.698252,0,0,0,1,0,0,m,w
4631,GO-TO,1,1,0.963139,1.51643,1.32935,0,0,0,1.08847,0,0,0,1.10608,0,0,5,0.930442,0,0,0,1,0,1,m,w
4632,GO-TO,1,1,0.958139,1.57466,1.96788,0,0,0,1.01461,0,0,0,1.26393,0,0,5,1.03717,0,0,0,1,0,1,m,w
4633,GO-TO,1,1,0.947236,1.3762,1.35698,0,0,0,0.830725,0,0,0,1.28729,0,0,4.42536,1.14505,0,0,1,1,0,1,m,w
4634,GO-TO,1,1,0.949715,1.62066,1.3132,0,0,0,1.09886,0,0,0,1.12676,0,0,4.84676,1.01774,0,0,1,1,0,1,m,w
4635,GO-TO,1,1,0.971614,1.35493,1.06657,0.636754,0,0,1.30497,0,0,0,0.722371,0,0.576487,4.04434,0.619614,0,0,1,1,0,1,m,w
4636,GO-TO,1,1,0.98153,0.77251,0,0.638949,0,0,1.48927,0,0,0,0.626216,0,0,3.76352,0,0,0,1,0,0,1,m,w
4637,GO-TO,1,1,0.979348,0,0,0.536541,0,0,1.2139,0,0,0,0,0,0,3.77248,0,0,0,0,0,0,1,m,w
4638,GO-TO,1,1,0.983144,0,0,0.656465,0,0,1.155,0,0,0,0,0,0,3.45795,0,0,0,0,0,0,0,m,w
4639,GO-TO,1,1,0.980142,0,0,0.659771,0,0,1.04026,0,0,0,0,0,0,2.86507,0,0,0,0,0,0,0,m,w
4640,GO-TO,1,1,0.983847,0,0,0.754883,0,0,0.632125,0,0,0,0,0,0,2.8751,0,0,0,0,0,0,0,m,w
4641,GO-TO,1,1,0.968512,0.958617,0.500459,0,0,0,0,0,0,0,0.650627,0,0,1.62541,0,0,0,1,0,0,0,m,w
4642,GO-TO,1,1,0.954555,0.910517,0.714619,0,0,0,0,0,0,0,0,0,0,0.843958,0,0,0,0,0,0,0,m,w
4643,GO-TO,1,1,0.949546,0.971272,0.644351,0,0,0,0,0,0,0,0,0,0,1.50285,0,0,0,0,0,0,0,m,w
4644,GO-TO,1,1,0.95378,0.801854,0.64216,0,0,0,0,0,0,0,0,0,0,1.28548,0,0,0,0,0,0,0,m,w
4645,GO-TO,1,1,0.955688,0.98282,0.718974,0,0,0,0,0,0,0,0,0,0,1.7174,0,0,0,0,0,0,0,m,w
4646,GO-TO,1,1,0.934072,1.32056,0,0,0,0,0,0,0,0,0.518663,0,0,1.77813,0,0,0,0,0,0,0,m,w
4647,GO-TO,1,1,0.920213,1.47445,0,0,0,0,0,0,0,0,0,0,0,2.8215,0.609463,0,0,0,0,0,0,m,w
4648,GO-TO,1,1,0.947474,1.25896,0,0,0,0,0,0,0,0,0.846167,0.633352,0,1.04655,0.614077,0,0,1,0,0,0,m,w
4649,GO-TO,1,1,0.951801,1.24053,0,0,0,0,0,0,0,0,0.807534,0.760132,0,0,0,0,0,0,0,0,0,m,w
4650,GO-TO,1,1,0.959411,1.39157,0,0,0,0,0,0,0,0,0.980549,0.89612,0,0,0,0,0,1,0,0,0,m,w
4651,GO-TO,1,1,0.958687,1.34834,0,0,0,0,0,0,0,0,1.03057,0.928276,0,0,0,0,0,1,0,0,0,m,w
4652,GO-TO,1,1,0.97056,1.1563,0.639911,0,0,0,0,0,0,0,1.07222,1.24016,0,0.689239,0,0,0,1,1,0,0,m,w
4653,GO-TO,1,1,0.971266,1.07223,0.773286,0,0,0,0,0,0,0,0.964848,1.46748,0.582808,2.00938,0,0,0,1,1,0,0,m,w
4654,GO-TO,1,1,0.971793,1.03967,0.607058,0,0,0,0,0.639225,0.720661,0.798416,0,1.15644,0.63933,1.51047,0,0,1,1,1,0,0,m,w
4655,GO-TO,1,1,0.967614,0.66112,0.657014,0,0,0.539096,0,0.806857,0.775012,0.759633,0,1.23835,0.763803,1.32431,0,0,1,1,1,0,0,m,w
4656,GO-TO,1,1,0.965068,0.818275,0,0,0,0.537065,0,0.829057,0.91349,0.856583,0,1.33982,1.13053,0.596544,0,0,1,1,1,0,0,m,w
4657,GO-TO,1,1,0.964613,1.01912,0.61991,0,0,0,0.687711,0,0,0.610673,0.563953,1.45418,0.698123,0.981517,0,0,1,1,1,0,0,m,w
4658,GO-TO,1,1,0.976908,1.51393,0,0,0,0,0,0,0,0,0.773232,0.899366,0,0.865063,0.559698,0,0,1,0,0,1,m,w
4659,GO-TO,1,1,0.965813,1.51919,0,0,0,0,0,0,0,0,1.10146,1.18769,0,1.26862,0.540958,0,0,1,0,0,1,m,w
4660,GO-TO,1,1,0.965583,1.69364,0,0,0,0,0,0,0,0,1.37637,1.223,0,0,0,0,0,1,0,0,1,m,w
4661,GO-TO,1,1,0.969198,1.7207,0,0,0,0,0,0,0,0,1.14935,1.13872,0,0,0,0,0,1,0,0,1,m,w
4662,GO-TO,1,1,0.96254,1.79861,0.579779,0,0,0,0,0,0,0,1.21656,1.00348,0,0,0,0,0,1,0,0,0,m,w
4663,GO-TO,1,1,0.960526,1.67509,0,0,0,0,0,0,0,0,1.15631,0.952452,0,0,0.583363,0,0,1,0,0,0,m,w
4664,GO-TO,1,1,0.948344,1.71394,0,0,0,0,0,0,0,0,0.738209,0,0,0,0.530428,0,0,1,0,0,1,m,w
610,GO-TO,1,1,0.788221,0.573921,1.82636,0,0.630414,1.12007,0,1.53945,1.45248,1.19458,0,1.10483,0,1.69432,0,0,0,0,1,0,0,m,m
615,GO-TO,1,1,0.738085,0.654021,1.98271,0,0.837682,1.20644,0.673398,1.60512,1.46087,1.67602,0,1.34988,0,0.89976,0,0,0,0,1,0,0,m,m
3394,GO-TO,1,1,0.894405,0,0,0,0.591298,0.558958,0,0.870993,1.01991,1.53919,0,0,0.704102,0,0,0,1,0,0,0,0,m,w
3395,GO-TO,1,1,0.90612,0,0,0,0.651957,0,0,0.739255,0.94618,1.38205,0,0,0.953977,0,0,0,1,0,0,0,0,m,w
3396,GO-TO,1,1,0.912019,0,0,0,0.694899,0,0,0.771373,1.1474,1.27595,0,0,0.963383,0,0,0,1,0,0,0,0,m,w
3397,GO-TO,1,1,0.918045,0,0,0,0.651978,0,0,0.797994,1.06956,1.44866,0,0,0.851849,0,0,0,1,0,0,0,0,m,w
3398,GO-TO,1,1,0.923948,0,0,0,0.564946,0,0,0.805936,0.988081,1.49218,0,0,0.773154,0,0,0,1,0,0,0,0,m,w
3399,GO-TO,1,1,0.911787,0,0,0,0,0.517255,0,0.896628,0.938424,1.16745,0,0,0,0,0,0,1,0,0,0,0,m,w
3400,GO-TO,1,1,0.91183,0,0,0,0,0,0.645877,1.01138,1.08239,0.845499,0,0,0,0,0,0,1,0,1,0,0,m,w
3405,GO-TO,1,1,0.867908,0,0,0.826313,0.535826,0,0.951937,0.607983,0,1.07054,0,0,0.971383,0,0,0,0,0,1,0,1,m,w
3406,GO-TO,1,1,0.886163,0,0,0.963297,0,0,1.22601,0.596054,0.514627,0.815972,0,0,0.630481,0,0,0,0,0,1,0,0,m,w
3407,GO-TO,1,1,0.894369,0,0,0.907592,0.53087,0,1.49909,0.546609,0,0.76415,0,0,0,0,0,0,0,0,1,0,1,m,w
3408,GO-TO,1,1,0.854507,0,0,0.980183,0.619439,0,1.26608,0.523707,0,0.756096,0,0,0,0,0,0,0,0,1,0,1,m,w
3409,GO-TO,1,1,0.847086,0,0,0.907764,0,0,1.03456,0.555868,0,0.857289,0,0,0,0,0,0,0,0,1,0,0,m,w
3410,GO-TO,1,1,0.862703,0,0,1.0609,0,0,1.12443,0.559606,0,0.821145,0,0,0,0,0,0,0,0,1,0,0,m,w
3411,GO-TO,1,1,0.867592,0,0,1.08381,0,0,1.17618,0.612317,0,1.10448,0,0,0,0,0,0,0,0,1,0,0,m,w
3412,GO-TO,1,1,0.828023,0,0,0.917817,0,0,1.39658,0.511367,0,1.07074,0,0,0,0,0,0,0,0,1,0,0,m,w
3413,GO-TO,1,1,0.81955,0,0,0.885904,0,0,1.46427,0.578251,0,1.0424,0,0,0,0,0,0,0,0,1,0,0,m,w
3414,GO-TO,1,1,0.8427,0,0,0.963058,0,0,1.26877,0.646077,0,1.15671,0,0,0,0,0,0,0,0,1,0,1,m,w
3415,GO-TO,1,1,0.804822,0,0,0.92344,0,0,1.38975,0.699442,0,1.08442,0,0,0,0,0,0,0,0,1,0,1,m,w
3416,GO-TO,1,1,0.760686,0,0,0.891892,0,0,1.74196,0.613491,0,0.844875,0,0,0,0,0,0,0,0,1,0,1,m,w
3417,GO-TO,1,1,0.781993,0,0,0.816052,0,0,1.57612,0.626388,0,0.896257,0,0,0,0.748722,0,0,0,0,1,0,1,m,w
3418,GO-TO,1,1,0.814955,0,0,0.824526,0,0,1.70573,0.555274,0,0.7034,0,0,0,0.680214,0,0,0,0,1,0,1,m,w
3419,GO-TO,1,1,0.809528,0,0,0.821569,0,0,1.44554,0.514431,0.515601,0.565308,0,0,0,1.0823,0,0,0,0,1,0,1,m,w
3420,GO-TO,1,1,0.792479,0,0,0.719396,0.539511,0,1.2519,0,0,0,0,0,0,0.761929,0,0,0,0,1,0,1,m,w
3421,GO-TO,1,1,0.745744,0,0,0,0,0,1.29884,0,0,0,0,0,0,0.849257,0,0,0,0,1,0,1,m,w
3422,GO-TO,1,1,0.744322,0,0,0.618374,0.538468,0,1.58236,0,0,0,0,0,0.63633,1.90626,0,0,0,0,1,0,1,m,w
6440,GO-TO,1,1,0.972993,1.04559,0,0.952864,0,0,0,0.526921,0.825934,0.555594,0,0.677351,0.642453,0,0,1,0,0,0,0,0,m,m
6441,GO-TO,1,1,0.972987,0.786701,0,0.849927,0,0,0.688405,0.670464,0.700093,0,0,0.503679,0,0,0,1,0,0,1,0,0,m,m
6442,GO-TO,1,1,0.973154,0.520003,0,1.02915,0,0,1.21442,0.672557,0.779423,0.652661,0,0,0.554285,1.00742,0,1,0,0,1,0,0,m,m
6443,GO-TO,1,1,0.983053,0.626789,0,1.08727,0,0.516168,1.59828,0.823898,0.891506,0.654119,0,0,0,2.28687,0,1,0,0,1,0,0,m,m
6444,GO-TO,1,1,0.983465,0.686793,0,1.79914,0,0.656244,2.07053,0.952244,1.11277,0.85747,0,0,0,2.17637,0,1,1,0,1,0,1,m,m
6445,GO-TO,1,1,0.984648,0.655189,0,1.46283,0,0.699754,2.21316,1.0312,1.08077,0.850841,0,0,0,2.38852,0,1,1,0,1,0,0,m,m
6446,GO-TO,1,1,0.983631,0.798996,0,1.72871,0,0.805093,2.31201,1.05959,1.14494,1.2222,0,0,0,2.32363,0,1,1,0,1,0,1,m,m
6447,GO-TO,1,1,0.982313,0.931566,0,1.47035,0,1.08209,2.11605,1.38537,1.17191,1.11107,0,0,0,1.8209,0,1,1,0,1,0,1,m,m
6448,GO-TO,1,1,0.980224,1.04458,0,1.71672,0,1.01729,2.13997,1.28007,1.16645,1.04993,0,0,0,2.07795,0,1,1,0,1,0,1,m,m
6449,GO-TO,1,1,0.978162,0.774253,0,1.65243,0,0.999079,1.77283,1.30581,1.05356,1.27117,0,0,0,1.96297,0,1,1,0,1,0,1,m,m
6450,GO-TO,1,1,0.975742,0.847727,0,1.68213,0,0.941837,1.89301,1.24792,1.23632,1.07072,0,0,0,2.22024,0,1,1,0,1,0,1,m,m
6451,GO-TO,1,1,0.975645,0.867357,0,1.69452,0,0.906883,1.93147,1.28809,1.25975,1.19432,0,0,0,2.34926,0,1,1,0,1,0,0,m,m
6452,GO-TO,1,1,0.976338,0.700662,0,1.50679,0,0.847461,1.5592,1.19422,1.30342,1.28075,0,0,0,2.51073,0,1,1,0,1,0,0,m,m
6335,GO-TO,1,1,0.988448,0,0,0.68398,1.118,1.27476,2.1488,1.60616,1.42161,1.5951,0,0,0,0.697165,0,0,1,0,1,0,0,m,w
6336,GO-TO,1,1,0.987918,0,1.00841,0,0.799622,1.32231,1.84139,1.55965,1.70247,1.82415,0,0,0,1.65165,0,0,1,0,0,0,0,m,w
6337,GO-TO,1,1,0.987324,0,1.45034,0,0.891608,1.47781,1.34885,1.70714,1.90844,1.96102,0,0,0,3.7803,0,0,1,0,0,0,0,m,w
6338,GO-TO,1,1,0.989938,0,1.36542,0,0.84667,1.45051,1.96962,1.56793,1.83109,1.96552,0,0,0,2.90649,0,0,1,0,0,0,0,m,w
6339,GO-TO,1,1,0.990238,0.534081,1.27385,0,1.13248,1.48837,2.46093,1.85868,1.96957,1.83081,0,0,0,2.13221,0,0,1,0,0,0,0,m,w
4009,GO-TO,1,1,0.971114,2.67264,1.75335,1.71931,0.765381,0.588438,1.11905,0.804703,0.576804,1.09822,0.665591,0,0,1.77383,0,0,0,0,0,0,0,m,m
4010,GO-TO,1,1,0.966809,2.3044,1.06883,1.80987,0.92929,0.546657,1.07228,0.701803,0,1.33682,0.718294,0,0,1.68116,0,0,0,0,0,0,0,m,m
4011,GO-TO,1,1,0.963874,1.66684,0,1.47021,0.95075,0.523747,0.597055,0.714759,0.509642,1.48289,0,0,0,1.34601,0,0,0,0,0,0,0,m,m
4012,GO-TO,1,1,0.962631,1.5208,0.59009,1.33419,0.823081,0,0.861916,0,0,1.6017,0,0,0,1.49927,0,0,0,0,1,0,0,m,m
4013,GO-TO,1,1,0.973469,1.11155,0.843554,0,0.621908,0.517416,0,0.554925,0.523193,1.84638,0,0.518219,0,1.60575,0,0,1,0,1,0,0,m,m
4014,GO-TO,1,1,0.975082,1.31373,1.16698,1.24183,0,0.506495,0,0,0,2.01462,0,0.579243,0,2.05565,0,0,1,0,1,0,0,m,m
4015,GO-TO,1,1,0.980898,1.41066,1.31788,1.03073,0.536475,0.518922,0,0.552505,0.741538,1.90365,0,0,0,2.64452,0,0,1,0,1,0,0,m,m
4016,GO-TO,1,1,0.974656,1.30934,1.34501,1.85399,0,0.691386,0.802329,0.8497,1.19922,2.41365,0,0.524011,0,3.72641,0,0,1,0,1,0,0,m,m
4017,GO-TO,1,1,0.977829,1.34155,1.23329,1.74129,0,0.853799,0.733065,1.11784,1.22253,2.27106,0.503186,0,0,4.61145,0,0,1,0,1,0,0,m,m
4018,GO-TO,1,1,0.979512,0.991251,1.42221,1.17257,0,0.729774,1.15567,0.968072,0.776314,1.96327,0,0,0,3.77314,0,0,1,0,1,0,0,m,m
4019,GO-TO,1,1,0.969534,0,0,1.16542,0,0.643164,2.35804,0.715052,0,2.09365,0,0,0,2.71354,0,1,1,0,1,0,0,m,m
4020,GO-TO,1,1,0.814571,1.20076,0,1.07239,0,0.694505,2.22775,0.795684,0,1.76102,0,0.820975,0.651621,1.96187,0.554978,1,1,0,1,0,0,m,m
4025,GO-TO,1,1,0.980054,0.813206,1.08151,0,0,0,0,0,0,0,1.02954,0,0,4.10116,0,0,0,1,1,0,0,m,m
4026,GO-TO,1,1,0.978846,1.0615,1.17016,0.558098,0,0,0,0,0,0.958168,1.59564,0,0,4.65212,0,0,0,1,1,0,0,m,m
4027,GO-TO,1,1,0.981827,1.04555,1.05872,0.555101,0,0,0,0,0,1.2331,1.66289,0,0,3.79773,0,0,0,1,1,0,0,m,m
4028,GO-TO,1,1,0.980396,1.0305,1.15707,0.830313,0,0,0,0,0,0.943689,1.75438,0,0,4.13675,0,1,0,1,1,0,0,m,m
4029,GO-TO,1,1,0.980648,0.732311,0.867008,0,0,0,0,0,0,1.11894,1.42211,0,0,4.62504,0.663041,0,0,1,1,0,0,m,m
4030,GO-TO,1,1,0.962496,0,0.780402,0.588589,0,0,0,0,0,0.5222,0.937971,0,0,5,0.813983,0,0,1,1,0,1,m,m
4031,GO-TO,1,1,0.929317,0,1.04246,0.788138,0.592491,0,0,0,0,0.595573,0.585669,0,0.951194,5,0.857074,0,0,0,1,0,1,m,m
4032,GO-TO,1,1,0.952296,0.537277,0,0,0,0,0,0,0,0,0.839718,0,0.854734,3.90794,0.831328,0,0,0,1,0,1,m,m
4033,GO-TO,1,1,0.874839,0.963799,0,0,0.625746,0.502815,0,0.539183,0,1.44751,0.967912,0.596723,0.724283,0,0,0,1,1,1,0,0,m,m
4034,GO-TO,1,1,0.923382,0.748248,0.652065,0,0,0,0,0,0,0,0.912183,0,0.926118,0,0.709003,0,1,1,1,0,1,m,m
4037,GO-TO,1,1,0.843002,1.23761,1.20104,0,0,0,0,0,0,0,0.514058,0,0,0,0,0,1,0,0,0,0,m,m
188,GO-TO,1,1,0.828935,0,0,0,0.590589,0,0.72704,0,0,0,0,0,0,3.15234,0,0,0,0,1,0,0,w,w
189,GO-TO,1,1,0.907197,0,0,0,0,0,0,0,0,1.08791,0,1.05198,0.881932,0,0,0,0,0,1,0,0,w,w
190,GO-TO,1,1,0.873495,0,0,0.760479,0,0,0,0,0,0,0,0,0.543625,1.13186,0,1,0,0,1,0,1,w,w
191,GO-TO,1,1,0.926072,0,0,0,0,0,0,0,0,0,0,0,0.824884,0,0,0,0,0,1,0,0,w,w
192,GO-TO,1,1,0.818213,0,0.708257,0.967743,0,0,0.540676,0,0,0.567898,0,0,0,0,0,1,0,0,1,0,0,w,w
194,GO-TO,1,1,0.748166,1.05828,0.717499,0,0,0.714588,0,0.727247,1.46393,0.843357,0,0.673035,0,0,0,1,0,0,1,0,0,w,w
200,GO-TO,1,1,0.783563,1.05458,1.32684,1.0803,0.744507,0,1.45191,0,0,1.61587,0,0.866773,0,0,0,1,0,0,0,0,0,w,w
201,GO-TO,1,1,0.856954,1.16948,0,0.524406,0,0,0,0.644294,0,1.23604,0,0,0,0,0,1,0,0,0,0,0,w,w
202,GO-TO,1,1,0.89702,1.02056,0,0.775017,0.651448,0,0,0.58263,0,0.995259,0,0,0,0,0,1,0,0,0,0,0,w,w
203,GO-TO,1,1,0.934848,0.570339,0.83728,0.962297,0,0,0.839436,0.75219,0,2.02633,0,0.990907,0,0,0,1,0,1,0,0,0,w,w
204,GO-TO,1,1,0.951648,1.04377,0.986089,0.964621,0,0,1.1618,0.746606,0,1.56999,0,1.04886,0,0,0,1,0,1,0,0,0,w,w
205,GO-TO,1,1,0.89922,0.885173,0.90002,0,0.54517,0,1.18649,0.700019,0,1.61017,0,0.699114,0.964666,0,0,1,0,1,1,0,1,w,w
206,GO-TO,1,1,0.922667,0.66164,1.52789,1.09229,0,0,1.19739,0,0,1.55522,0,0.508104,1.00861,0.830004,0,1,0,0,1,0,1,w,w
207,GO-TO,1,1,0.956433,0,0.5294,1.66068,0,0,0.780836,0,0,0.80961,0.854898,0.558803,0,0,0,1,0,1,0,0,1,w,w
208,GO-TO,1,1,0.942921,0,0,1.4506,0.540634,0,1.18127,0,0,0.929289,0,0.609778,0,0,0,1,0,0,0,0,1,w,w
209,GO-TO,1,1,0.876164,0,0,0.517351,1.03644,0,0,0,0,1.02006,0,0.667162,0,0,0,1,0,0,0,0,1,w,w
939,GO-TO,1,1,0.945934,0,0.833035,1.88229,0.655998,0,1.50771,0,0,0,0,0,0,2.2887,0.610546,1,0,0,1,0,1,w,w
940,GO-TO,1,1,0.921175,0,0.514103,1.14641,0.916951,0.548208,0.848703,0.587409,0,1.13943,0,0.733935,0,2.07936,0,1,0,0,1,0,0,w,w
941,GO-TO,1,1,0.924137,0,1.29824,0.797556,0,0,0,0.669284,0,1.7659,0,0,0,1.36672,0,0,0,0,1,0,0,w,w
942,GO-TO,1,1,0.886782,0,1.14524,0,0,0.526271,0,0,0,1.5189,0,1.00275,0,0,0,0,0,0,1,0,0,w,w
943,GO-TO,1,1,0.902639,0,0,0.519194,0,0,0,0,0,1.28704,0,0.701087,0,1.66808,0,0,0,0,1,0,0,w,w
944,GO-TO,1,1,0.855564,0,0,0,0,0.604304,0,0,0,1.9684,0,1.27689,0,2.22198,0,0,0,0,1,1,0,w,w
945,GO-TO,1,1,0.762153,0,0,0,0,0.68258,0,0.538533,0,1.31422,0,1.38763,0.550559,1.36854,0,0,1,0,1,1,0,w,w
946,GO-TO,1,1,0.768337,0,0,0,0,0.594516,0,0,0,1.19672,0,0.710609,1.00339,0,0,0,1,0,0,0,0,w,w
947,GO-TO,1,1,0.852145,0,0,0,0,0,0,0,0.500641,1.43983,0,0.654332,0,0,0,0,0,0,1,0,0,w,w
948,GO-TO,1,1,0.848923,0,0,0,0,0,0.58061,0,0.557711,1.67175,0,0.630582,0.708382,0.662064,0,0,1,0,1,0,0,w,w
949,GO-TO,1,1,0.84152,0,0,0,0,0,0.73096,0,0.573852,1.6945,0,0.670477,0.600077,0.585697,0,0,1,0,1,0,0,w,w
950,GO-TO,1,1,0.825565,0,0,0,0,0,0.810704,0,0.659701,1.78546,0,0.771449,0.72798,0,0,0,1,0,1,0,0,w,w
951,GO-TO,1,1,0.797636,0,0,0,0,0.528076,0.669176,0.506942,0.54814,1.78981,0,0.67399,0,0,0,0,1,1,1,0,0,w,w
952,GO-TO,1,1,0.814583,0,0.699707,0,0,0.649243,1.15941,0.632501,0.634341,1.4804,0,0.533933,0.807907,0,0,0,1,1,1,0,0,w,w
953,GO-TO,1,1,0.824478,0,0,0.582437,0,0.808156,1.12497,0.807286,0.867134,1.32928,0,0,0.674151,0,0,0,1,0,1,0,0,w,w
954,GO-TO,1,1,0.8268,0,0.532393,0,0,0.817612,1.15009,0.710997,0.924418,1.12338,0,0,0.564805,0,0,0,1,0,1,0,1,w,w
955,GO-TO,1,1,0.830005,0,0,0,0,0.810277,0.756774,0.676491,0.921683,1.12419,0,0,0.766491,0,0,0,1,0,1,0,1,w,w
956,GO-TO,1,1,0.827429,0,0,0,0,0.713288,0.629403,0.574724,0.847836,1.17395,0,0,0.874615,0.747656,0,0,1,0,1,0,0,w,w
957,GO-TO,1,1,0.823088,0,0,0,0,0.681612,0.641195,0.592661,0.961495,1.2622,0,0,0.691868,0.601226,0,0,1,0,0,0,1,w,w
958,GO-TO,1,1,0.834552,0,0,0,0,0.559254,0.701266,0.516535,0.85013,1.6286,0,0,0.612031,0.605749,0,0,1,0,1,0,1,w,w
959,GO-TO,1,1,0.839336,0,0.568295,0,0,0.597514,0.992751,0.621858,0.798494,1.65543,0,0.522421,0,0,0,0,1,0,0,0,0,w,w
960,GO-TO,1,1,0.876205,0,0.665543,0.577601,0.504347,0.514218,0.89517,0.548726,0.667561,1.83707,0,0.689956,0,0,0,0,1,0,1,0,0,w,w
961,GO-TO,1,1,0.902332,0,1.30287,0.729691,0,0,0,0,0.738724,2.06031,0,0.634427,0,0,0,0,1,0,0,0,0,w,w
962,GO-TO,1,1,0.910363,0,1.00473,0,0.681486,0,0,0.521268,0.68227,2.2965,0,0.617245,1.09734,0,0,0,1,0,0,0,0,w,w
963,GO-TO,1,1,0.907494,0,0.975496,0,1.06124,0,0,0.5187,0.861892,2.1682,0,0.805141,1.04356,0.815543,0,0,1,0,0,0,0,w,w
964,GO-TO,1,1,0.928401,0,1.19773,0,0.709021,0,0,0.671367,0.791941,2.06799,0.634133,0.897883,1.02709,0,0,0,1,0,0,0,0,w,w
965,GO-TO,1,1,0.91304,0,0.967681,0,1.05623,0,0,0.721825,0.896202,2.26462,0,0.754284,1.3082,0,0,0,1,0,0,0,0,w,w
966,GO-TO,1,1,0.945168,0,0.906036,0,1.04844,0,0,0.610349,0.860813,2.16044,0,0.663274,1.35905,0,0,0,1,0,0,0,0,w,w
967,GO-TO,1,1,0.937269,0,0.786818,0,1.09345,0,0,0.790263,0.916592,2.33794,0,0.784149,1.45064,0,0,0,1,0,0,0,0,w,w
968,GO-TO,1,1,0.940821,0,0.511187,0,0.999883,0,0,0.744014,0.85493,2.02275,0.701268,0.833885,1.33006,0,0,0,1,0,0,0,0,w,w
11456,GO-TO,1,1,0.928124,0.727439,0,0.710764,0,0,0.986503,0,0,1.83617,0,0.935862,0,0,0,1,0,1,0,0,1,w,w
11457,GO-TO,1,1,0.928112,0.678045,0,0.915844,0,0,1.01849,0.556326,0,1.79293,0.601246,0.933623,0.577611,0,0,1,0,0,1,0,1,w,w
11458,GO-TO,1,1,0.937589,0,0.539748,0.847444,0,0,1.42855,0,0,1.26631,0.511003,0.716788,0,0,0,0,0,0,0,0,0,w,w
11459,GO-TO,1,1,0.926244,0.552701,1.16727,0.884412,0.831996,0,0.660255,0,0,0.704055,1.10599,0.632983,0,0,0,0,0,1,1,0,0,w,w
11460,GO-TO,1,1,0.912936,0,1.18734,1.26869,1.32904,0,0,0,0,0,1.06073,0,0,0,0,0,0,1,0,0,0,w,w
11461,GO-TO,1,1,0.809028,1.33484,1.74419,1.58678,1.33451,0,0,0.563515,0,0,0.60666,0,0.859653,0.98652,0,0,0,1,1,0,0,w,w
11462,GO-TO,1,1,0.873592,0,0.837791,0,1.17508,0,0,0,0.562511,0,1.784,0.768092,0.720618,0,0,1,0,1,1,0,1,w,w
11463,GO-TO,1,1,0.898969,0.641767,1.44775,0.930954,0.565787,0,0,0,0,0.52205,1.85808,0.60267,0,0,0,0,0,1,1,0,0,w,w
11464,GO-TO,1,1,0.963347,0.602351,1.42485,0.992557,0,0,0.59906,0,0,1.12888,1.42572,0.510564,0,0,0,0,0,1,1,0,0,w,w
11465,GO-TO,1,1,0.956246,0,1.29768,0.837146,0.505288,0,0.52536,0,0,0.773162,1.73972,0,0.576267,0,0,0,0,1,1,0,0,w,w
11466,GO-TO,1,1,0.953214,0,1.48456,0.758089,0,0,0.998729,0,0,0.997899,0.815066,0,0,0,0,0,0,1,1,0,0,w,w
11467,GO-TO,1,1,0.902038,1.01002,0.85209,1.10022,0,0,0.61426,0.643216,0,1.22341,0.633407,0.511126,0.725786,0,0,1,0,0,1,0,0,w,w
11468,GO-TO,1,1,0.748296,1.69741,0.856148,1.16251,0,0,0,0.535606,0,0,0.553526,0,0.835473,0,0,1,0,0,1,0,0,w,w
11469,GO-TO,1,1,0.726078,1.89572,1.11595,1.3775,0.59301,0.595438,0,0.651223,0,0,0.522524,0,0.621672,0,0,1,0,0,0,0,0,w,w
11470,GO-TO,1,1,0.883707,0.766506,1.17232,0,0.783035,0,0,0,0,0.831998,0.877035,0.90666,0.718018,0,0,0,0,1,1,0,1,w,w
11471,GO-TO,1,1,0.934225,1.16715,1.55754,0,0,0,1.3483,0,0,0.91163,0.816677,0.747281,0.707976,0,0,0,0,1,1,0,1,w,w
11472,GO-TO,1,1,0.90159,0.727985,0.877683,0,0.587615,0,0.85772,0,0,0.9045,1.11004,0.803525,0.839442,0,0,0,0,1,1,0,1,w,w
11473,GO-TO,1,1,0.879588,0.849615,1.33233,0.601362,0.502028,0,0.571292,0,0,0.704048,1.31712,0.796712,0.744183,0,0,0,0,1,1,0,0,w,w
11474,GO-TO,1,1,0.880102,0.7188,1.50185,1.06928,0,0,0,0,0,0,1.67373,0,0.601777,0,0,0,0,1,1,0,0,w,w
11475,GO-TO,1,1,0.828593,1.28397,1.7439,1.36288,1.34834,0,0,0,0,0,1.94897,0,0.641782,0,0,0,0,1,1,0,0,w,w
11476,GO-TO,1,1,0.778441,1.39713,1.29861,1.54687,0.92488,0,0,0,0,0,1.02644,0,0.563549,0,0,0,0,1,1,0,0,w,w
11477,GO-TO,1,1,0.795089,1.8679,1.59625,2.03547,1.36228,0,0,0.561687,0,0,1.21363,0,0,0,0,0,0,1,1,0,0,w,w
11478,GO-TO,1,1,0.772997,1.68485,1.96929,2.1789,1.5045,0,0,0,0,0,1.29388,0,0,0,0,0,0,1,1,0,0,w,w
11479,GO-TO,1,1,0.804165,1.24478,1.63986,1.47657,1.10843,0,0,0,0,0,1.21842,0,1.18791,0,0,0,0,1,1,0,0,w,w
11480,GO-TO,1,1,0.890933,0,1.66072,0.727004,1.52057,0,0,0,0,0,1.55667,0,0.502164,0,0,0,0,1,1,0,0,w,w
11481,GO-TO,1,1,0.893603,0.713813,2.03052,1.11165,0.574823,0,0.66416,0,0,0.648948,1.34737,0,0,0,0,0,0,1,1,0,0,w,w
11482,GO-TO,1,1,0.954108,0.838306,1.01827,0.694247,0,0,0,0,0,0,1.05405,0,0.500995,0,0,0,0,1,1,0,0,w,w
11483,GO-TO,1,1,0.883255,1.06778,0.832194,0.869338,0,0,0,0,0,1.69056,0.522228,0.937043,0.647977,0,0,0,0,1,1,0,0,w,w
11484,GO-TO,1,1,0.869919,1.35889,0,1.42529,0,0,0,0,0,0.887499,0.528475,0.7334,1.02504,0,0,0,0,0,1,0,0,w,w
11485,GO-TO,1,1,0.8163,1.73706,0,1.43596,0,0,0,0,0,1.01044,0.656399,0.693585,0.932962,0,0,1,0,0,1,0,0,w,w
11486,GO-TO,1,1,0.828189,1.52582,0,1.08207,0,0,0,0,0,0.887909,0.726116,0.666454,1.40141,0,0,1,0,0,1,0,0,w,w
11487,GO-TO,1,1,0.807662,1.64436,0.76747,1.40514,0,0,0,0,0,0.819159,0.817861,0.606276,1.20381,0,0,1,0,0,1,0,0,w,w
11488,GO-TO,1,1,0.812092,1.37468,0.577053,1.40095,0,0,0,0,0,0.839424,0.672481,0.615393,1.45918,0,0,0,0,0,1,0,0,w,w
11489,GO-TO,1,1,0.815429,1.28948,0.689804,1.27865,0,0,0,0,0,0.911067,0.692818,0.628152,1.52373,0,0,0,0,0,1,0,0,w,w
11490,GO-TO,1,1,0.827967,1.16446,0.791051,1.26823,0,0,0.572455,0,0,0.815095,0.612444,0.572728,1.54225,0,0,0,0,0,1,0,0,w,w
11491,GO-TO,1,1,0.831734,1.2177,0.810415,1.35821,0,0,0.672581,0,0,0.763176,0.926132,0,1.32899,0,0,0,0,0,1,0,0,w,w
11492,GO-TO,1,1,0.833704,1.23163,0.708066,1.26569,0,0,0.666501,0,0,0.690093,0.877313,0,1.20714,0,0,0,0,0,1,0,0,w,w
11493,GO-TO,1,1,0.832834,1.26343,0.836004,1.10794,0,0,0.757347,0,0,0.722422,0.994413,0,1.12712,0,0,0,0,0,1,0,0,w,w
11494,GO-TO,1,1,0.839685,1.32641,1.07474,1.05003,0,0,0.728904,0,0,0.961776,0.880312,0,1.34348,0,0,0,0,0,1,0,0,w,w
11495,GO-TO,1,1,0.850808,1.31341,0.931228,1.02488,0,0,0.571239,0,0,0.976833,0.724104,0.585653,1.42615,0,0,0,0,0,1,0,0,w,w
11496,GO-TO,1,1,0.865574,1.23987,0.906055,0.99201,0,0,0.698548,0,0,0.832334,0.742315,0,1.35361,0,0,0,0,0,1,0,0,w,w
11497,GO-TO,1,1,0.879675,1.15414,0.612963,0.966976,0,0,0.655397,0,0,0.835301,0.735676,0,1.16016,0,0,0,0,0,1,0,0,w,w
11498,GO-TO,1,1,0.879436,1.07828,0.534082,1.02025,0,0,0.702333,0,0,0.753529,0.931097,0,1.12647,0,0,0,0,0,1,0,0,w,w
11499,GO-TO,1,1,0.879488,1.03078,0.746453,0.962566,0,0,0.660846,0,0,0.76817,0.873852,0,1.08513,0,0,0,0,0,1,0,0,w,w
11500,GO-TO,1,1,0.87432,1.08677,0.9543,0.930199,0,0,0.677742,0,0,0.809271,0.913191,0,1.15267,0,0,0,0,0,1,0,0,w,w
11501,GO-TO,1,1,0.874414,0.973766,0.993689,0.836765,0,0,0.691528,0,0,0.753195,0.867468,0,1.27689,0,0,0,0,0,1,0,0,w,w
11502,GO-TO,1,1,0.875457,1.0588,0.983932,1.03437,0,0,0.781995,0,0,0.765401,0.891552,0,1.31953,0,0,0,0,0,1,0,0,w,w
11503,GO-TO,1,1,0.878823,0.933878,0.868057,1.02787,0,0,0.877505,0,0,0.761017,0.750334,0,1.27694,0,0,0,0,0,1,0,0,w,w
11504,GO-TO,1,1,0.879912,0.90683,0.731788,1.00666,0,0,0.56282,0,0,0.729038,0.716822,0,1.15205,0,0,0,0,0,1,0,0,w,w
11505,GO-TO,1,1,0.879787,0.943211,0.74206,1.15466,0,0,0.625073,0,0,0.689288,0.717551,0,1.01716,0,0,0,0,0,1,0,0,w,w
11506,GO-TO,1,1,0.878685,0.89432,0.699538,1.09847,0,0,0.543471,0,0,0.71014,0.746003,0,1.10024,0,0,0,0,0,1,0,0,w,w
11507,GO-TO,1,1,0.878331,0.925404,0.571988,1.02276,0,0,0,0,0,0.677719,0.717171,0,1.11147,0,0,0,0,0,1,0,0,w,w
11508,GO-TO,1,1,0.880222,1.01391,0.541177,1.15115,0,0,0.68115,0,0,0.704622,0.774247,0.556545,1.19973,0,0,0,0,0,1,0,0,w,w
11509,GO-TO,1,1,0.882653,0.933242,0.733628,1.05649,0,0,0.516538,0,0,0.718876,0.766746,0.517689,1.20507,0,0,0,0,0,1,0,0,w,w
11510,GO-TO,1,1,0.891081,0.905129,0.653172,1.02665,0,0,0.758842,0,0,0.880782,0.631037,0.572291,1.05831,0,0,0,0,0,1,0,0,w,w
11511,GO-TO,1,1,0.890324,0.945857,0.727071,0.944908,0,0,0.573369,0,0,0.904202,0.645757,0.571927,0.958249,0,0,0,0,0,1,0,0,w,w
11512,GO-TO,1,1,0.889237,0.929843,0.615547,0.82003,0,0,0.587236,0,0,0.794865,0.561283,0.571117,0.941756,0,0,0,0,0,1,0,0,w,w
11513,GO-TO,1,1,0.887911,0.936969,0.831587,1.0531,0,0,0.58783,0,0,0.732413,0.636029,0,0.877845,0,0,0,0,0,1,0,0,w,w
11514,GO-TO,1,1,0.892638,0.946958,0.85216,1.23987,0,0,0.52249,0,0,0.722197,0.667121,0,0.746211,0,0,0,0,0,1,0,0,w,w
11515,GO-TO,1,1,0.897005,0.97418,0.900338,1.25839,0,0,0.580616,0,0,0.67709,0.643757,0,0.675191,0,0,0,0,0,1,0,0,w,w
11516,GO-TO,1,1,0.902525,1.0097,0.91601,1.12091,0,0,0.505726,0,0,0.774308,0.641646,0.500408,0.689465,0,0,0,0,0,1,0,0,w,w
11517,GO-TO,1,1,0.897179,1.09642,0.844832,1.14079,0,0,0,0,0,0.895868,0.603452,0.576148,0.748933,0,0,0,0,0,1,0,0,w,w
11518,GO-TO,1,1,0.902803,1.11604,0.74477,1.00657,0,0,0,0,0,0.957964,0.550902,0.660079,0.818125,0,0,0,0,1,1,0,0,w,w
11519,GO-TO,1,1,0.904768,1.0762,0.71081,0.993621,0,0,0.529606,0,0,1.03841,0,0.730638,0.796027,0,0,0,0,1,1,0,0,w,w
11520,GO-TO,1,1,0.906954,1.08869,0.612253,0.948789,0,0,0,0,0,0.905404,0.503091,0.699871,0.692411,0,0,0,0,1,1,0,0,w,w
11521,GO-TO,1,1,0.908017,1.26309,1.21802,1.29968,0,0,0.509676,0,0,0.723369,0.600455,0.66573,0.964606,0,0,0,0,1,1,0,0,w,w
11522,GO-TO,1,1,0.917094,1.27895,1.21003,1.30511,0,0,0.529277,0,0,0.795248,0.674018,0.64812,0.911606,0,0,0,0,1,1,0,0,w,w
11523,GO-TO,1,1,0.920459,1.28281,1.23468,1.42702,0,0,0.666535,0,0,0.716049,0.662175,0.667939,0.940888,0,0,0,0,1,1,0,0,w,w
11524,GO-TO,1,1,0.923104,1.17621,1.22825,1.19784,0,0,0.809028,0,0,0.631109,0.671218,0.651021,0.931366,0,0,0,0,1,1,0,0,w,w
11525,GO-TO,1,1,0.926474,1.25669,1.27578,1.45897,0,0,0.697686,0,0,0.542685,0.712526,0.645558,0.862078,0,0,0,0,1,1,0,0,w,w
11526,GO-TO,1,1,0.926203,1.37446,1.31051,1.24552,0,0,0.932437,0,0,0.859393,0.69334,0.673464,0.666521,0,0,0,0,1,1,0,0,w,w
11527,GO-TO,1,1,0.927364,1.33917,1.30055,1.07032,0,0,0.706432,0,0,0.97901,0.628859,0.666505,0.555495,0,0,0,0,1,1,0,0,w,w
11528,GO-TO,1,1,0.929841,1.21901,1.31091,0.942082,0,0,0.821106,0,0,0.896384,0.636055,0.647454,0.565037,0,0,0,0,1,1,0,0,w,w
11529,GO-TO,1,1,0.930105,1.27693,1.57008,1.12853,0,0,1.09715,0,0,0.769827,0.681548,0.633216,0,0,0,0,0,1,1,0,0,w,w
11530,GO-TO,1,1,0.932816,1.26665,1.71451,1.04773,0,0,1.0782,0,0,0.769312,0,0.621796,0,0,0,0,0,1,1,0,0,w,w
11531,GO-TO,1,1,0.935692,1.2338,1.67285,1.05712,0,0,1.00553,0,0,0.759908,0,0.589221,0,0,0,0,0,1,1,0,0,w,w
11532,GO-TO,1,1,0.934032,1.31088,1.4859,1.05407,0,0,1.07321,0,0,0.782882,0.674389,0.627806,0.522262,0,0,0,0,1,1,0,0,w,w
11533,GO-TO,1,1,0.931151,1.11199,1.62811,1.04257,0,0,0.998135,0,0,0.739328,0.54395,0.619888,0.531776,0,0,0,0,1,1,0,0,w,w
11534,GO-TO,1,1,0.924366,1.22023,1.51753,1.16399,0,0,1.03468,0,0,0.699598,0.667477,0.610418,0,0,0,0,0,1,1,0,0,w,w
11535,GO-TO,1,1,0.924808,1.18579,1.60036,1.20197,0,0,1.09519,0,0,0.639108,0.70589,0.625739,0,0,0,0,0,1,1,0,0,w,w
11536,GO-TO,1,1,0.931114,1.1353,1.46318,1.17676,0,0,1.16369,0,0,0.690644,0.640587,0.610371,0.538883,0,0,0,0,1,1,0,0,w,w
11537,GO-TO,1,1,0.932421,1.09628,1.43427,1.23994,0,0,1.26376,0,0,0.798564,0.715327,0.618311,0.537161,0,0,0,0,1,1,0,0,w,w
11538,GO-TO,1,1,0.933817,1.14983,1.5125,1.19195,0,0,1.13457,0,0,0.694981,0.714278,0.6086,0.590711,0,0,0,0,1,1,0,0,w,w
11539,GO-TO,1,1,0.936969,1.05086,1.16123,0.991747,0,0,1.43255,0,0,0.752942,0.780538,0.510015,0,0,0,0,0,1,1,0,0,w,w
11540,GO-TO,1,1,0.932511,1.0463,1.17234,0.943395,0,0,1.53894,0,0,0.819776,0.738411,0.517946,0.502556,0,0,0,0,1,1,0,0,w,w
11541,GO-TO,1,1,0.930479,1.07505,1.30113,1.03517,0,0,1.52348,0,0,0.708089,0.792324,0.532127,0,0,0,0,0,1,1,0,0,w,w
11542,GO-TO,1,1,0.923668,1.10324,1.25406,1.23214,0,0,1.26132,0,0,0.762058,0.767908,0,0.513439,0,0,0,0,1,1,0,0,w,w
11543,GO-TO,1,1,0.924408,1.12499,1.21802,1.23261,0,0,1.19385,0,0,0.78675,0.807387,0.508641,0.523454,0,0,0,0,1,1,0,0,w,w
11544,GO-TO,1,1,0.924845,1.06116,1.18259,1.14297,0,0,1.02548,0,0,0.766535,0.786553,0.534508,0.630957,0,0,0,0,1,1,0,0,w,w
11545,GO-TO,1,1,0.924896,1.07742,1.21724,1.20815,0,0,0.993968,0,0,0.738661,0.73284,0.545151,0.557408,0,0,0,0,1,1,0,0,w,w
11546,GO-TO,1,1,0.925328,1.13209,1.28983,1.25236,0,0,1.02698,0,0,0.735576,0.733343,0.542367,0.528891,0,0,0,0,1,1,0,0,w,w
11547,GO-TO,1,1,0.923798,1.10689,1.29575,1.29622,0,0,0.9561,0,0,0.803662,0.785509,0.592236,0.585316,0,0,0,0,1,1,0,0,w,w
11548,GO-TO,1,1,0.922861,1.14702,1.14772,1.43752,0,0,1.10227,0,0,0.832858,0.802918,0.616878,0.508127,0,0,0,0,1,1,0,0,w,w
11549,GO-TO,1,1,0.922993,1.14733,1.18607,1.38523,0,0,1.15483,0,0,0.834728,0.774805,0.642385,0,0,0,0,0,1,1,0,0,w,w
11550,GO-TO,1,1,0.923897,1.09303,1.21212,1.42814,0,0,1.20632,0,0,0.950407,0.810823,0.646586,0,0,0,0,0,1,1,0,0,w,w
11551,GO-TO,1,1,0.925226,1.12179,1.19535,1.20841,0,0,1.36958,0,0,0.95829,0.903573,0.617186,0,0,0,0,0,1,1,0,0,w,w
11552,GO-TO,1,1,0.923804,1.07623,1.32396,1.10111,0,0,1.36723,0,0,0.869956,0.729077,0.63091,0,0,0,0,0,1,1,0,0,w,w
11553,GO-TO,1,1,0.920962,1.01922,1.18584,1.19004,0,0,1.13768,0,0,0.856424,0.821346,0.630889,0,0,0,0,0,1,1,0,0,w,w
11554,GO-TO,1,1,0.921111,1.0003,1.31671,1.29162,0,0,1.09452,0,0,0.937367,0.789778,0.622982,0,0,0,0,0,1,1,0,0,w,w
11555,GO-TO,1,1,0.92341,0.966648,1.26459,1.28476,0,0,1.19688,0,0,0.976291,0.777695,0.592501,0.590175,0,0,0,0,1,1,0,0,w,w
11556,GO-TO,1,1,0.923152,0.940383,1.34474,1.29196,0,0,1.12494,0,0,1.00346,0.811197,0.55826,0.53055,0,0,0,0,1,1,0,0,w,w
11557,GO-TO,1,1,0.924414,0.891527,1.25975,1.31453,0,0,1.13674,0,0,1.01586,0.78317,0.534607,0.580006,0,0,0,0,1,1,0,0,w,w
11558,GO-TO,1,1,0.927398,0.869976,1.21324,1.0239,0,0,1.06899,0,0,1.0167,0.70894,0,0,0,0,0,0,1,1,0,0,w,w
11559,GO-TO,1,1,0.925854,0.790933,1.10374,0.932129,0,0,0.850886,0,0,1.02868,0.749588,0,0.555083,0,0,0,0,1,1,0,0,w,w
11560,GO-TO,1,1,0.926607,0.820388,1.0556,0.964595,0,0,0.954468,0,0,1.21411,0.762925,0,0,0,0,0,0,1,1,0,0,w,w
11561,GO-TO,1,1,0.929602,0.698687,1.31752,1.09082,0,0,1.074,0,0,1.01791,0.615049,0.510801,0.512021,0,0,0,0,1,1,0,0,w,w
11562,GO-TO,1,1,0.936929,0.774028,1.61899,0.96761,0,0,0.742328,0,0,0.867907,0.758689,0,0,0,0,0,0,1,1,0,0,w,w
11563,GO-TO,1,1,0.878906,0.838074,1.7166,0.919173,0.936758,0,0,0,0,0.51044,0.697809,0,0,0.732836,0,0,0,1,1,0,0,w,w
11564,GO-TO,1,1,0.902145,1.14753,1.99211,1.3553,1.18709,0,0,0,0,0,0.929726,0,0,0,0,0,0,1,1,0,0,w,w
11565,GO-TO,1,1,0.917123,1.17473,2.06583,1.32041,1.43039,0,0,0,0,0,0.746226,0,0,0,0,0,0,1,1,0,0,w,w
11566,GO-TO,1,1,0.884561,0.640415,2.0129,1.40177,1.33762,0,0,0,0,0,1.00612,0,0.828309,1.34028,0,0,0,1,1,0,0,w,w
11567,GO-TO,1,1,0.827235,0.817802,1.74896,0.854809,1.9636,0,0,0,0,0,0.714452,0,1.06679,1.26922,0,0,0,0,0,0,0,w,w
11568,GO-TO,1,1,0.778204,1.22447,2.10661,1.64068,1.84043,0,0,0,0,0,0,0,1.31784,0.568974,0,0,0,0,0,0,0,w,w
11569,GO-TO,1,1,0.771029,1.71123,1.62041,1.89219,1.9018,0,0,0,0,0,0.834095,0,1.53956,0,0,0,0,1,1,0,0,w,w
11570,GO-TO,1,1,0.784858,1.64282,1.54364,1.73851,1.99189,0,0,0,0,0,0.878333,0,1.45624,0,0,0,0,1,1,0,0,w,w
11571,GO-TO,1,1,0.798545,1.46567,2.10345,1.68283,1.65234,0,0,0,0,0,0.746022,0,1.49134,0,0,0,0,1,0,0,0,w,w
11572,GO-TO,1,1,0.814471,1.05204,1.92556,1.25769,1.63458,0,0,0,0,0,0.517698,0,1.16193,0,0,0,0,0,0,0,0,w,w
11573,GO-TO,1,1,0.840017,0.858057,1.5963,1.23351,1.43151,0,0,0,0,0,0.969281,0,0.753949,0.56434,0,0,0,1,0,0,0,w,w
11574,GO-TO,1,1,0.918286,1.17622,1.69731,1.32438,1.36818,0,0,0,0,0,0.535412,0,0.642752,0,0,0,0,0,0,0,0,w,w
11575,GO-TO,1,1,0.91836,0.866348,1.6507,0.982797,1.22613,0,0,0,0,0.507219,0.81884,0,0,0.673654,0,0,0,1,0,0,0,w,w
11576,GO-TO,1,1,0.893594,0.515948,1.35115,0.726209,1.01819,0,0,0,0,0.71005,0.610737,0,0,0,0,0,0,1,1,0,0,w,w
11577,GO-TO,1,1,0.897229,0.754078,1.59907,0.92475,0.615774,0,0,0,0,0.741672,0.576578,0,0.524867,0,0,0,0,1,1,0,0,w,w
11578,GO-TO,1,1,0.891831,0.725535,1.6123,1.12227,0.624888,0,0,0,0,0.827697,0.57445,0,0.528028,0,0,0,0,0,1,0,0,w,w
11579,GO-TO,1,1,0.885338,0.746222,1.66525,0.668339,0.880302,0,0,0,0,0.890078,0.965958,0,0.546465,0,0,0,0,1,0,0,0,w,w
11580,GO-TO,1,1,0.905125,1.30863,2.17435,1.06144,1.25731,0,0,0,0,0.706557,0,0,0,0.70303,0,0,0,0,0,0,0,w,w
11581,GO-TO,1,1,0.897428,1.19046,2.0456,1.02953,1.54224,0,0,0,0,0,0.581894,0,0,0,0,0,0,0,0,0,0,w,w
11582,GO-TO,1,1,0.895553,1.08908,1.8191,0.931341,1.37156,0,0,0,0,0,0.693473,0,0,0,0,0,0,1,0,0,0,w,w
11583,GO-TO,1,1,0.90676,1.09805,1.99586,0.901161,1.39496,0,0,0,0,0.605752,0.843436,0,0,1.2212,0,0,0,1,0,0,0,w,w
11584,GO-TO,1,1,0.900717,1.10588,1.92573,1.09748,1.154,0,0,0,0,0.688881,0.93105,0,0,0.606208,0,0,0,0,0,0,0,w,w
11585,GO-TO,1,1,0.894106,0.890223,1.95314,1.06631,0.908644,0,0,0,0,0.588114,0.881501,0,0,0.562843,0,0,0,1,0,0,0,w,w
11586,GO-TO,1,1,0.884916,0.920123,1.53347,1.02369,0.828481,0,0,0,0,0.753175,0.713132,0,0,0.569978,0,0,0,1,0,0,0,w,w
11587,GO-TO,1,1,0.885393,0.750988,1.67732,0.945142,0.735939,0,0,0,0,1.03871,0.650111,0,0.616954,0.956571,0,0,0,1,0,0,0,w,w
11588,GO-TO,1,1,0.887738,0.780683,1.69412,0.973632,0.650054,0,0,0,0,1.08331,0.614788,0,0.68924,0.606607,0,0,0,1,0,0,0,w,w
11589,GO-TO,1,1,0.892124,0.868428,1.84848,1.02682,0.566954,0,0,0,0,1.10315,0.539573,0,0.628202,0.812201,0,0,0,0,0,0,0,w,w
11590,GO-TO,1,1,0.89239,0.923159,1.91964,0.945216,0.564674,0,0,0,0,1.07401,0.591229,0,0.551676,0.824281,0,0,0,0,0,0,0,w,w
11591,GO-TO,1,1,0.89052,0.921592,2.08439,0.940939,0.558715,0,0,0,0,1.10239,0.590715,0,0.516598,0.905817,0,0,0,0,0,0,0,w,w
11592,GO-TO,1,1,0.887014,0.859403,2.01106,0.945742,0.58393,0,0,0,0,1.07401,0,0,0.506397,0.821448,0,0,0,0,0,0,0,w,w
11593,GO-TO,1,1,0.886324,0.872941,1.83557,0.917773,0.61208,0,0,0,0,1.04723,0,0,0.539483,0.940209,0,0,0,0,0,0,0,w,w
11594,GO-TO,1,1,0.889234,1.02228,1.836,1.13869,0.631887,0,0,0,0,1.05003,0,0,0.583993,1.13809,0,0,0,1,0,0,0,w,w
11595,GO-TO,1,1,0.891738,0.939308,1.70877,1.19102,0.597095,0,0,0,0,0.90844,0,0,0.519622,1.06998,0,0,0,1,0,0,0,w,w
11596,GO-TO,1,1,0.899017,0.862122,1.6574,1.06753,0.572207,0,0,0,0,0.881548,0.513646,0,0.676254,1.11645,0,0,0,1,0,0,0,w,w
