time_stamp,word,frame,success,confidence,AU01_r,AU02_r,AU04_r,AU05_r,AU06_r,AU09_r,AU10_r,AU12_r,AU14_r,AU15_r,AU17_r,AU20_r,AU25_r,AU26_r,AU04_c,AU12_c,AU15_c,AU23_c,AU28_c,AU45_c,speaker_gender,listener_gender
5616,GO-TO-AND-FRO,1,1,0.759099,0.898025,0,0,0,0,0,0,0,0,1.14283,0,0,0,0,1,0,0,0,0,1,w,m
5617,GO-TO-AND-FRO,1,1,0.780776,1.56345,0,0.681261,0,0,0,0,0,0,0.545867,0.555175,0,0,0,1,0,0,0,0,1,w,m
5618,GO-TO-AND-FRO,1,1,0.816711,1.61194,0,0.832811,0,0,0,0,0,0.500842,0,0.534451,0,0,0,1,0,0,0,0,0,w,m
5622,GO-TO-AND-FRO,1,1,0.844427,0.671288,0,0,0,0,0,0,0.522501,0,0.71036,0,0,0,0.520491,1,0,0,0,0,1,w,m
5639,GO-TO-AND-FRO,1,1,0.940986,0.681555,0,0,0,0,0.500289,1.09016,0,1.19285,0.755922,0,0,0,0,0,0,0,0,0,1,w,m
5640,GO-TO-AND-FRO,1,1,0.917478,0.559201,0,0.545904,0,0,0,0.900935,0,1.08016,0,0,0,0.685978,0,0,0,0,0,0,1,w,m
5641,GO-TO-AND-FRO,1,1,0.93115,0.523367,0,1.00522,0,0,0,0.790207,0,0.757265,0.948691,0,0,0.813311,0,1,0,0,1,0,0,w,m
5642,GO-TO-AND-FRO,1,1,0.932963,0,0,1.25911,0,0,0,0.687704,0,0.792244,0.7528,0,0,1.49928,0,1,0,0,1,0,1,w,m
5643,GO-TO-AND-FRO,1,1,0.935123,0,0,0.998881,0,0,0,0.787101,0,0.734763,0.575571,0,0,1.64967,0,1,0,0,1,0,0,w,m
5644,GO-TO-AND-FRO,1,1,0.945772,0,0,1.33753,0,0,0.666553,0.912116,0,0.850018,0.611082,0,0.531066,1.73304,0,1,0,0,1,0,0,w,m
5645,GO-TO-AND-FRO,1,1,0.954754,0,0,1.36136,0,0,0.925228,0.938542,0,0.879056,0.60866,0,0,1.7844,0,1,0,0,1,0,0,w,m
5646,GO-TO-AND-FRO,1,1,0.945508,0,0,1.47006,0,0.501859,0.573579,0.953066,0,1.4242,0.595187,0.62365,0,3.56799,0,1,0,0,1,0,0,w,m
5647,GO-TO-AND-FRO,1,1,0.9457,0,0,1.49356,0,0.54234,0.882918,1.11894,0,1.54117,0.533591,0.501303,0,3.58103,0,1,0,0,0,0,0,w,m
5648,GO-TO-AND-FRO,1,1,0.952271,0,0,1.89323,0,0.715524,0.725514,1.33653,0,2.00963,0.516989,0,0,3.08327,0,1,0,0,0,0,0,w,m
5649,GO-TO-AND-FRO,1,1,0.945775,0,0,1.44754,0,0.746285,0,1.40613,0,1.99516,0.600606,0.541603,0,3.22594,0,1,1,0,0,0,0,w,m
5650,GO-TO-AND-FRO,1,1,0.956898,0,0,1.73055,0,0.725247,0.641827,1.28644,0,1.6374,0.896714,0,0,2.28918,0,1,1,0,0,0,0,w,m
5651,GO-TO-AND-FRO,1,1,0.895487,0,0,1.77099,0,0.867781,1.04623,1.35963,0.869434,1.61707,0.517663,0.768579,0,0.800192,0,1,1,0,1,0,0,w,m
5652,GO-TO-AND-FRO,1,1,0.776896,0.601155,0,2.18213,0,0.606854,1.19851,0.702617,1.10064,0.668961,0,0.912229,0,0,0,1,1,0,1,0,0,w,m
5653,GO-TO-AND-FRO,1,1,0.932683,0.989978,1.20181,0,0,0.65897,1.48309,0.768112,0.793872,1.27579,0,1.39138,0,0,0,0,1,0,1,1,0,w,m
5654,GO-TO-AND-FRO,1,1,0.902605,1.73468,2.24248,0,0,0,2.63442,0,0,1.42304,0,1.16607,1.03627,0,0.767232,0,0,0,1,1,0,w,m
5655,GO-TO-AND-FRO,1,1,0.896561,1.83986,1.90523,0,0,0,2.68657,0,0,0,0,1.28325,2.22204,0.6869,0.955271,0,0,0,1,1,0,w,m
5656,GO-TO-AND-FRO,1,1,0.933063,1.31464,1.64545,0.675367,0,0,1.67549,0,0.673596,0,0,0.974294,2.30859,0.511291,1.03698,0,0,0,0,0,0,w,m
5657,GO-TO-AND-FRO,1,1,0.909513,0.861512,1.39996,1.53879,0,0,1.0408,0,0,0,0,1.00516,2.51526,0,1.06037,1,0,0,0,0,0,w,m
5670,GO-TO-AND-FRO,1,1,0.962008,0.937429,1.35226,0,0,0,0,0,0,0,0.542312,0.901811,1.26215,0,0.759869,0,0,1,1,1,0,w,m
5671,GO-TO-AND-FRO,1,1,0.968562,1.62676,1.04346,0.700049,0,0,0,0,0,0,0.751849,0,1.47832,1.17362,1.20274,0,0,1,1,0,0,w,m
5672,GO-TO-AND-FRO,1,1,0.868895,2.07062,1.35308,1.83114,0,0,0,0,0,0,0.507246,0,0,2.95667,1.25168,1,0,0,0,0,1,w,m
5673,GO-TO-AND-FRO,1,1,0.818803,2.45241,0,2.19789,0,0.793486,0,0.934435,0.860173,0,0,0,0,2.11736,1.06522,1,0,0,0,0,0,w,m
5674,GO-TO-AND-FRO,1,1,0.745841,2.37233,0,0,0,0,0,0,0,0,1.01033,0,0,2.18866,1.2265,0,0,0,0,0,1,w,m
5675,GO-TO-AND-FRO,1,1,0.817579,2.52176,0,0,0,0,0,0,0.581971,0,0.533857,0,0,1.78369,1.0179,0,0,0,0,0,1,w,m
5676,GO-TO-AND-FRO,1,1,0.882994,1.69667,0,0,0.508214,0,0,0,0,0,0,0,0,1.61065,0.61479,0,0,0,0,0,1,w,m
5677,GO-TO-AND-FRO,1,1,0.932134,1.68869,0,0,0,0,0.564065,0,0,0,0,0,0,1.51959,0,0,0,0,0,0,1,w,m
5678,GO-TO-AND-FRO,1,1,0.941884,1.31814,0,0,0.737647,0,0,0,0,0,0,0,0,0,0,0,0,0,0,0,1,w,m
5679,GO-TO-AND-FRO,1,1,0.943817,1.26407,0,0,0,0,0,0,0.652135,0,0,0,0,0,0,0,1,0,0,0,1,w,m
5680,GO-TO-AND-FRO,1,1,0.928405,0.879238,0,0,0.610118,0,0,0,0.793718,0,0,0,0,0,0,0,1,0,0,0,1,w,m
5681,GO-TO-AND-FRO,1,1,0.951331,0.619951,0,0,0,0,0,0,0.830437,0,0,0,0,0,0,0,1,0,0,0,1,w,m
5682,GO-TO-AND-FRO,1,1,0.931591,0,0,0,0,0,0,0,0,0,0,0,0,0,0,0,1,0,0,0,1,w,m
5683,GO-TO-AND-FRO,1,1,0.935729,0,0,0,0.554151,0,0,0,0,0,0,0,0,0,0,0,0,0,1,0,1,w,m
5684,GO-TO-AND-FRO,1,1,0.949429,0,0,0,0.521132,0,0,0,0,0,0.806436,0,0,0,0,0,0,0,0,0,1,w,m
5685,GO-TO-AND-FRO,1,1,0.969856,0,0.633222,0,0,0,0,0,0,0,0.733561,0,0,0,0,0,0,0,0,0,1,w,m
5686,GO-TO-AND-FRO,1,1,0.963971,0.633161,0,0,0,0,0,0,0,0,0.910827,0,0,0,0,0,0,0,0,0,1,w,m
5687,GO-TO-AND-FRO,1,1,0.967845,0.586712,0.615795,0,0,0,0,0,0,0,0.872234,0,0,0,0,0,0,0,0,0,1,w,m
5688,GO-TO-AND-FRO,1,1,0.968418,0,0,0,0,0,0,0,0,0,1.08325,0,0,0,0,0,0,0,0,0,1,w,m
5689,GO-TO-AND-FRO,1,1,0.962518,0,0,0,0.550451,0,0,0,0,0,1.14505,0,0,0,0,0,0,0,0,0,1,w,m
5690,GO-TO-AND-FRO,1,1,0.938632,0,0,0,0.567891,0,0,0,0,0.640294,0.989173,0,0,1.16704,0,0,0,0,0,0,1,w,m
5691,GO-TO-AND-FRO,1,1,0.943017,0,0,0,0.55447,0,0,0,0,0,0.935549,0,0,1.42835,0,0,0,0,1,0,1,w,m
5692,GO-TO-AND-FRO,1,1,0.930844,0,0.696955,1.04147,0,0,0.629342,0,0,0,1.03006,0,0.665765,1.90812,0,1,0,0,1,0,1,w,m
5693,GO-TO-AND-FRO,1,1,0.905234,0.548817,0.816984,0,0.568514,0,0.886371,0,0,0,1.17576,0,0.903135,1.35895,0,0,0,0,1,0,1,w,m
5694,GO-TO-AND-FRO,1,1,0.959242,0,0.508887,0.597197,0,0,1.12798,0,0,0,0.964262,0,0,1.00443,0,0,0,0,1,0,1,w,m
5695,GO-TO-AND-FRO,1,1,0.96242,0,0,0.745969,0,0,0.882047,0,0,0,1.01898,0,0.584151,0,0,0,0,1,1,0,1,w,m
5696,GO-TO-AND-FRO,1,1,0.966059,0.690047,0,1.52475,0,0,0.903803,0,0,0,0.839908,0,1.01802,0,0.513423,1,0,1,1,0,0,w,m
5697,GO-TO-AND-FRO,1,1,0.96375,0.754945,0,1.21112,0,0,0,0,0,0,0.651151,0,1.00118,0,0,0,0,1,1,0,0,w,m
5698,GO-TO-AND-FRO,1,1,0.971461,0.970653,0,1.73651,0,0,0,0,0,0,0,0,1.14167,0,0.593266,1,0,0,0,0,0,w,m
5699,GO-TO-AND-FRO,1,1,0.964193,0.922609,0.715023,1.31147,0,0,0,0,0,0,0.523467,0,1.88607,0,0.717396,0,0,0,0,0,0,w,m
5700,GO-TO-AND-FRO,1,1,0.962325,0.993514,0,1.50636,0,0,0.989996,0,0,0,0,0,2.99791,1.7484,0.609183,0,0,1,0,0,0,w,m
5701,GO-TO-AND-FRO,1,1,0.943431,1.11803,0,1.19533,0,0,0,0,0,0,0,0.580298,2.27538,1.0022,0.656611,0,0,1,0,0,0,w,m
5702,GO-TO-AND-FRO,1,1,0.897086,1.2339,0.60165,1.1714,0,0,0,0,0,0,0,0,1.58882,1.77049,0.70061,1,0,0,0,0,0,w,m
5703,GO-TO-AND-FRO,1,1,0.813633,0.924756,0,0.776236,0,0,1.23751,0,0,0,0,0,1.62485,1.21404,0,1,0,1,0,0,0,w,m
5705,GO-TO-AND-FRO,1,1,0.855241,0.796254,0.607322,1.23597,0.56919,0,0,0,0,0.588993,0.527279,0,1.12328,3.93728,0,1,0,0,1,0,0,w,m
5706,GO-TO-AND-FRO,1,1,0.861816,0,0,2.63173,0.773177,0,0,0,0,1.2385,1.08426,0,1.48544,5,0,1,0,0,0,0,0,w,m
5707,GO-TO-AND-FRO,1,1,0.728237,0,0,2.27606,0.577395,0,0,0,0.5876,1.12123,1.17441,0.59277,1.2546,4.36951,0,1,0,0,0,0,0,w,m
5708,GO-TO-AND-FRO,1,1,0.913118,0,0,2.49169,0,0,1.08702,0,0.570173,1.05298,0.983738,0.579217,1.24289,4.53651,0.513883,1,0,0,0,0,0,w,m
5709,GO-TO-AND-FRO,1,1,0.955478,0,0,2.54829,0,0,1.23489,0.669276,0.624502,0.885813,0.738892,0.521949,1.23892,4.58754,0,1,0,0,1,0,0,w,m
5710,GO-TO-AND-FRO,1,1,0.956637,0,0,2.49591,0,0.500342,1.25177,0.771207,0,1.21868,0.709105,0,1.52262,4.75649,0,1,0,0,1,0,0,w,m
5711,GO-TO-AND-FRO,1,1,0.959282,0,0,2.54921,0,0.597396,1.41246,0.927979,0,1.33448,0.616831,0.611598,1.35337,4.31256,0,1,0,0,1,0,0,w,m
5712,GO-TO-AND-FRO,1,1,0.966161,0,0,2.5282,0,0.618272,1.13517,0.937415,0,1.46664,0.642397,0.663267,1.35924,3.88778,0,1,1,0,1,0,1,w,m
5713,GO-TO-AND-FRO,1,1,0.964673,0,0,2.22589,0,0.634366,0.572271,1.0992,0,1.63199,0.554887,0.729947,0.582446,3.60127,0,1,1,0,0,0,1,w,m
5714,GO-TO-AND-FRO,1,1,0.973002,0,0,2.32787,0,0.604533,0.561758,1.05688,0,1.84729,0,0.551978,0.704952,4.01357,0,1,1,0,0,0,0,w,m
5715,GO-TO-AND-FRO,1,1,0.974394,0,0,2.09718,0,0.658281,0.502477,1.27247,0,1.7744,0,0.69285,0,2.79513,0,1,0,0,0,0,1,w,m
5733,GO-TO-AND-FRO,1,1,0.80175,1.95415,1.55405,1.43353,0,0,1.63207,0.872627,0.505765,0.669373,0.578676,0.76145,0,0,0,1,0,0,0,0,0,w,m
5734,GO-TO-AND-FRO,1,1,0.792781,2.52489,2.08597,1.30487,0,0,1.26523,0.558403,0.705476,0,0.809915,0.574501,0,0,0,1,0,0,0,1,0,w,m
5735,GO-TO-AND-FRO,1,1,0.840998,2.4834,1.85763,1.02608,0,0,1.57697,0.628585,0.736955,0,0.83089,0.819302,0,0,0,1,0,0,0,1,0,w,m
5736,GO-TO-AND-FRO,1,1,0.853926,2.02751,1.74609,0.500431,0,0,1.6247,0,0.897528,0,0.739028,0.653092,0,0,0.734582,1,0,0,0,0,0,w,m
5737,GO-TO-AND-FRO,1,1,0.883707,1.72693,1.74037,0,0,0,1.68105,0.549201,1.10308,0,0.717875,0.76989,0.63433,0,0.718296,1,0,0,0,0,0,w,m
5794,GO-TO-AND-FRO,1,1,0.956328,0,0,2.01123,0,0,0,0,0,0.696339,0,0.519959,1.09056,0,0,0,0,0,0,0,1,w,m
5795,GO-TO-AND-FRO,1,1,0.942238,0,0,1.33244,0,0,0.754625,0,0,0.716189,0,0.640497,0.788445,0,0,0,0,0,0,0,1,w,m
5796,GO-TO-AND-FRO,1,1,0.961933,0,0,1.45413,0,0.514204,1.75284,0,0.588132,0.821274,0.634186,0,0,1.74506,0.546128,1,0,0,0,0,1,w,m
5797,GO-TO-AND-FRO,1,1,0.940761,0,0,0.92067,0,0,1.54707,0,0,0,0.678578,0,0,2.23495,0.505338,1,0,1,0,0,1,w,m
5798,GO-TO-AND-FRO,1,1,0.863946,0,0,0.799403,0,0,1.08236,0,0,0,0.613946,0,0,2.00163,0,1,0,0,0,0,1,w,m
5799,GO-TO-AND-FRO,1,1,0.831908,0,0,0.973605,0,0,0.521873,0,0,0,0.560046,0,0,1.95916,0,1,0,0,0,0,0,w,m
5800,GO-TO-AND-FRO,1,1,0.879956,0,0,1.3493,0,0,0,0,0,0,0,0,0,2.14849,0,1,0,0,0,0,0,w,m
5801,GO-TO-AND-FRO,1,1,0.83868,0,0,1.61734,0,0,0,0,0.536209,0,0,0,0,1.45149,0,1,0,0,0,0,0,w,m
5802,GO-TO-AND-FRO,1,1,0.842459,0,0,1.58641,0,0,0,0,0.620689,0,0,0,0,0.974231,0,1,1,0,0,0,0,w,m
5803,GO-TO-AND-FRO,1,1,0.795162,0,0,1.46047,0,0,0,0,0.782887,0,0,0,0,0.523042,0,1,1,0,0,0,0,w,m
5804,GO-TO-AND-FRO,1,1,0.792894,0,0,1.6622,0,0,0,0,0.982547,0,0,0,0,0,0,1,1,0,0,0,0,w,m
5805,GO-TO-AND-FRO,1,1,0.762527,0,0,1.59589,0,0,0,0,0.900424,0,0,0,0,0,0,1,1,0,0,0,0,w,m
5806,GO-TO-AND-FRO,1,1,0.765351,0,0.975072,1.56895,0,0,0,0,0.911713,0,0,0,0,0,0,1,1,0,0,0,0,w,m
5825,GO-TO-AND-FRO,1,1,0.97244,0,0,1.058,0,0.598312,0,1.09119,0,1.38138,1.22067,0.641491,0,0,0,1,0,1,0,0,1,w,m
5826,GO-TO-AND-FRO,1,1,0.963977,0,0,1.38233,0,0,0,0.855716,0,1.30489,1.25811,0.539701,0.740473,1.52584,0,1,0,0,0,0,0,w,m
5827,GO-TO-AND-FRO,1,1,0.957861,0,0,1.04333,0,0.686848,0,1.06846,0,1.14777,1.15027,0.515062,0.961039,2.2498,0,1,0,0,0,0,0,w,m
5828,GO-TO-AND-FRO,1,1,0.92599,0,0,1.94347,0,0.866089,0.591432,1.22942,0.652232,1.10376,1.0675,0,0,4.26948,0,1,1,0,0,0,1,w,m
5829,GO-TO-AND-FRO,1,1,0.891473,0,0,1.30345,0,0.869296,0.546865,1.15055,0.663135,1.15272,0.68068,0,0,4.29472,0,1,1,0,0,0,1,w,m
5830,GO-TO-AND-FRO,1,1,0.863558,0,0,1.28598,0,0.676173,0.653067,0.784591,0.659532,0.992859,0.793179,0,0,3.83902,0,1,1,0,0,0,0,w,m
5831,GO-TO-AND-FRO,1,1,0.773994,0,0,1.05265,0.509084,0,0,0,0.545375,0.663704,0.657004,0,0,3.09139,0,1,0,0,0,0,0,w,m
5832,GO-TO-AND-FRO,1,1,0.90797,0,0,1.33275,0.709982,0.552529,0,0,0.684035,0,0.609835,0,0,2.30234,0,1,0,0,0,0,0,w,m
5833,GO-TO-AND-FRO,1,1,0.930569,0,0.603135,1.1327,0,0,0,0,0.568526,0,0.818009,0,0,2.0911,0,1,0,0,0,0,0,w,m
5834,GO-TO-AND-FRO,1,1,0.910634,0,0.571674,1.96428,0.512811,0,0,0,0.702048,0,0.842022,0,0,1.53443,0,1,0,0,0,0,0,w,m
5835,GO-TO-AND-FRO,1,1,0.862088,0,0.582691,1.53776,0.788337,0,0,0,0.718445,0,0.630345,0,0,0.723541,0,1,0,0,0,0,0,w,m
5836,GO-TO-AND-FRO,1,1,0.802434,0.529779,0,1.4708,0.738049,0,0,0,0.573938,0,0.631858,0,0,0.543303,0.561347,1,0,0,0,0,0,w,m
5850,GO-TO-AND-FRO,1,1,0.958579,0,0.6956,2.13499,1.05378,0,0,0,0,0,0,0.500071,1.97426,0.977804,0.524325,0,0,0,0,0,0,w,m
5851,GO-TO-AND-FRO,1,1,0.9571,0,0.823742,1.90824,0.857077,0.510478,0,0,0,0,0,0.521946,1.9373,0,0,0,0,0,0,0,0,w,m
5852,GO-TO-AND-FRO,1,1,0.952721,0,0.686346,2.0392,0,0.699225,0.791657,0.690373,0.529926,0.721202,0,0,1.34205,1.52461,0,0,0,1,0,0,1,w,m
5853,GO-TO-AND-FRO,1,1,0.946321,0,0.742181,1.84797,0,0.856559,0.8602,0.863626,0.885089,0.603731,0,0,0.571016,0.999006,0,0,0,0,0,0,0,w,m
5854,GO-TO-AND-FRO,1,1,0.939465,0,0,1.48071,0,0.968673,1.27217,1.02572,1.12012,1.10983,0,0,0,1.98179,0,0,1,0,0,0,0,w,m
5855,GO-TO-AND-FRO,1,1,0.905094,0,0,1.34411,0,0.942354,1.26186,1.10172,0.971175,0.642361,0,0,0,2.32381,0,0,1,0,0,0,0,w,m
5856,GO-TO-AND-FRO,1,1,0.888292,0,0,1.45384,0,0.895827,1.17423,0.939618,0.972577,0.842079,0,0,0,2.65008,0,1,1,0,0,0,0,w,m
5857,GO-TO-AND-FRO,1,1,0.8885,0,0,1.32965,0,0.862951,1.1571,1.10519,0.996256,1.36153,0.544541,0,0,2.805,0,1,1,0,0,0,0,w,m
5858,GO-TO-AND-FRO,1,1,0.899939,0,0,1.45639,0,0.833591,0.892269,1.09451,0.879501,1.59519,0.700139,0,0,3.4418,0,1,1,0,0,0,1,w,m
5859,GO-TO-AND-FRO,1,1,0.944196,0,0,1.80821,0,0.667556,0.972791,1.06706,0,1.31509,0,0,0,2.80673,0,1,1,0,0,0,1,w,m
5860,GO-TO-AND-FRO,1,1,0.938098,0,0,1.16585,0,0,0.500008,0,0,1.08856,0,0,0,0.669646,0,1,0,0,0,0,1,w,m
5861,GO-TO-AND-FRO,1,1,0.890289,0,0,0,0,0,0,0,0,0.736397,0,0,0,0,0,1,0,0,0,0,0,w,m
5862,GO-TO-AND-FRO,1,1,0.938502,0.504732,0,0,0,0,0,0,0,0.692271,0,0,0,0,0,1,0,0,0,0,1,w,m
5863,GO-TO-AND-FRO,1,1,0.910873,0.973434,0,0,0,0,0,0,0,0.622277,0,0,0,0,0,1,0,0,0,0,1,w,m
5871,GO-TO-AND-FRO,1,1,0.977226,0,0,0.716269,0,0.573562,1.71281,0.894742,0,1.29864,1.28916,0,0.607672,1.11594,0,1,1,1,0,0,1,w,m
5872,GO-TO-AND-FRO,1,1,0.980908,0,0,1.34336,0,0.54038,0.981646,0.777781,0,0.775627,1.41819,0,1.03261,2.07861,0,1,1,0,0,0,1,w,m
5873,GO-TO-AND-FRO,1,1,0.967705,0,0,1.33943,0,0.652553,1.174,0.86071,0,0.668148,1.44572,0.715644,1.59428,2.52223,0,1,1,1,0,0,1,w,m
5874,GO-TO-AND-FRO,1,1,0.958363,0,0,1.38052,0,0.694913,1.54673,0.83625,0.649699,0.608456,1.52517,0,1.61623,2.48425,0,1,1,1,0,0,1,w,m
5875,GO-TO-AND-FRO,1,1,0.944525,0,0.560945,1.22714,0,0.641757,2.15904,0.677319,0,0.540698,1.20859,0,1.3652,1.60583,0,1,0,1,0,0,0,w,m
5876,GO-TO-AND-FRO,1,1,0.964446,0,0,1.01751,0,0,2.6632,0,0,0.630466,0.895625,0.526845,1.62026,2.181,0,1,0,1,1,0,0,w,m
5877,GO-TO-AND-FRO,1,1,0.970808,0,0,0.999168,0,0,2.12992,0,0.565949,0,0.662402,0,1.21626,1.62978,0,0,0,1,0,0,0,w,m
5878,GO-TO-AND-FRO,1,1,0.974574,0,0,1.29457,0,0,2.41555,0,0.710131,0,0,0,1.41447,0.81307,0,0,0,1,0,0,0,w,m
5879,GO-TO-AND-FRO,1,1,0.956581,0,0,0.983688,0,0,2.24099,0,1.22382,0,0,0,1.02558,1.59297,0,0,0,1,0,0,0,w,m
5964,GO-TO-AND-FRO,1,1,0.957677,0,0,1.46679,0,0,1.00033,0,0,0.803596,0.560793,0.737094,1.41853,2.5116,0,1,0,0,1,0,0,w,m
5965,GO-TO-AND-FRO,1,1,0.955988,0,0,1.58011,0,0.580195,0.93476,0.583026,0,1.11475,0.89406,0.809491,1.02001,3.01208,0,1,0,0,1,0,0,w,m
5966,GO-TO-AND-FRO,1,1,0.959478,0,0,1.74832,0,0.573395,0.951329,0.662632,0,1.22314,0.944262,0.761533,1.17658,3.22675,0,1,0,0,1,0,0,w,m
5967,GO-TO-AND-FRO,1,1,0.924251,0,0,1.50923,0,0.599374,1.08012,0.739719,0,1.32823,0.938822,0.755503,1.26779,2.41859,0,1,0,0,1,0,0,w,m
5968,GO-TO-AND-FRO,1,1,0.928161,0,1.06025,1.2859,0,0,1.54534,0,0,1.25717,1.0396,0.618487,1.61959,2.13682,0,1,0,1,1,0,0,w,m
5969,GO-TO-AND-FRO,1,1,0.908853,0,1.35311,1.16671,0,0,1.95787,0,0,1.16647,1.18316,0,1.37088,2.15546,0,0,0,0,1,0,1,w,m
5970,GO-TO-AND-FRO,1,1,0.89545,1.29184,2.01216,0.972655,0,0,1.69233,0,0,0,0.888694,0,0,1.49973,0,1,0,0,0,0,1,w,m
5971,GO-TO-AND-FRO,1,1,0.957106,0.826944,1.15445,1.67296,0,0,0.781848,0,0,0,1.46866,0,1.04884,2.24335,0,1,0,1,0,0,1,w,m
5972,GO-TO-AND-FRO,1,1,0.953813,1.08583,0,1.90031,0,0,0.94895,0,0,0,0.881078,0,0.612898,1.8724,0,1,0,1,0,0,1,w,m
5973,GO-TO-AND-FRO,1,1,0.95362,0.813753,0,0.843343,0,0,0.599133,0,0,0.707618,0.835934,0,0,1.22993,0,1,0,0,0,0,1,w,m
5974,GO-TO-AND-FRO,1,1,0.939509,0.768244,0,0.692647,0,0,0.552122,0,0,0.513235,0.715034,0,0,0.799301,0,1,0,1,0,0,1,w,m
5975,GO-TO-AND-FRO,1,1,0.943724,1.11188,0,0,0,0,0,0,0,0,0.861109,0,0,0,0,1,0,1,0,0,1,w,m
5976,GO-TO-AND-FRO,1,1,0.934695,1.30702,0.894114,0,0.599398,0,0,0,0,0,0.647,0,0,0,0,0,0,1,1,0,1,w,m
5977,GO-TO-AND-FRO,1,1,0.918011,1.62366,0.927045,0,0.563186,0,0,0,0,0.532407,0.939203,0,0,0,0,0,0,1,1,0,0,w,m
5978,GO-TO-AND-FRO,1,1,0.939874,1.41853,0.711648,0,0,0,0,0,0,0.770536,0.924027,0,0,0,0,0,0,1,1,0,0,w,m
5979,GO-TO-AND-FRO,1,1,0.926329,1.54383,0.854588,0,0,0,0,0,0,0.867949,1.22963,0.617534,0,0,0,0,0,1,1,0,1,w,m
5980,GO-TO-AND-FRO,1,1,0.927864,1.48592,0.939877,0,0,0,0,0,0,0.842858,1.12572,0.728386,0,0,0,0,0,1,1,0,1,w,m
5981,GO-TO-AND-FRO,1,1,0.92371,1.46174,1.03909,0,0,0,0,0,0,1.0619,1.10823,0.829693,0,0,0,0,0,1,1,0,1,w,m
5982,GO-TO-AND-FRO,1,1,0.925734,1.57074,1.23293,0,0.611323,0,0,0,0,1.27779,1.17426,0.755748,0,0,0,0,0,1,1,0,1,w,m
5998,GO-TO-AND-FRO,1,1,0.925139,1.2113,0,0,0.626129,0,0,0,0,0,0,0,0,0,0,0,0,0,1,0,1,w,m
5999,GO-TO-AND-FRO,1,1,0.893421,1.07076,0,0,0,0,0,0,0,0,0,0,0,0,0,0,0,0,1,0,1,w,m
6000,GO-TO-AND-FRO,1,1,0.908644,1.14846,0.502161,0,0,0,0,0,0,0,0,0,0,0,0,0,0,0,1,0,1,w,m
6001,GO-TO-AND-FRO,1,1,0.922357,1.79246,1.29685,0,0,0,0,0,0,0,0.74821,0,0,2.32639,0,0,0,0,0,0,0,w,m
6002,GO-TO-AND-FRO,1,1,0.956128,1.42333,1.38206,0,0.844808,0,0,0,0,0,0.991024,0,0,2.18331,0,0,0,0,0,0,0,w,m
6003,GO-TO-AND-FRO,1,1,0.947432,0.978924,1.18912,0,1.06103,0,0,0,0,0,1.3434,0,0,1.68777,0,0,0,0,1,0,1,w,m
6004,GO-TO-AND-FRO,1,1,0.954133,0.749509,1.34329,0.599634,1.08419,0,0.957765,0,0,0,1.75808,0.514237,0,1.47794,0,0,0,1,1,0,1,w,m
6005,GO-TO-AND-FRO,1,1,0.955088,0.822407,1.61245,0.703884,1.32606,0,1.64338,0,0,0,1.35883,0.508913,0.876565,1.97211,0,0,0,1,1,0,1,w,m
6006,GO-TO-AND-FRO,1,1,0.957308,0.903985,1.149,0.846341,1.04271,0,2.12816,0,0,0,1.44594,0,0,0.771155,0,0,0,1,1,0,0,w,m
6007,GO-TO-AND-FRO,1,1,0.96078,0.910002,1.05068,0.839097,0.989952,0,1.08677,0,0,0,1.36245,0,0,0,0,0,0,1,1,0,0,w,m
6011,GO-TO-AND-FRO,1,1,0.972278,1.17186,0.864422,0.510061,0.946438,0,0.835247,0,0,0,1.35096,0,1.34101,0,0,0,0,1,1,0,0,w,m
6012,GO-TO-AND-FRO,1,1,0.970153,0.501396,0.633607,0.648658,0,0,1.50701,0,0,0,1.2,0,1.01276,0,0,0,0,1,1,0,0,w,m
6013,GO-TO-AND-FRO,1,1,0.90776,0,0,0,0,0,0.897083,0,0,0,1.23751,0.518179,0.905961,0,0,0,0,1,1,0,0,w,m
6014,GO-TO-AND-FRO,1,1,0.942973,0,0,0,0,0,0,0,0,0,1.00516,0,0,0.818424,0,0,0,0,1,0,0,w,m
6015,GO-TO-AND-FRO,1,1,0.879178,0,0,1.11532,0,0,0,0,0.561706,0,0,0.529124,0,1.41201,0,1,0,0,0,0,0,w,m
6016,GO-TO-AND-FRO,1,1,0.818521,0.832164,1.11649,1.95864,1.15149,0,0,0.590349,1.14144,0,0,0,0,0.793968,0,1,1,0,0,0,0,w,m
6017,GO-TO-AND-FRO,1,1,0.843191,0.545451,0,1.05662,0.929855,0,0,0,0,0,0.622624,0,0,0.729271,0,1,0,0,0,0,1,w,m
6064,GO-TO-AND-FRO,1,1,0.865448,0.539814,0,0.56439,0.595909,0.506283,0,0.868137,0,1.68601,0.725412,0,0,0,0,0,0,0,0,0,0,w,m
6065,GO-TO-AND-FRO,1,1,0.873607,0.696107,0,0,0,0.516748,0,0.93407,0,1.67572,0.612067,0,0,0,0,0,0,0,0,0,0,w,m
6066,GO-TO-AND-FRO,1,1,0.877327,0.68191,0,0.666686,0,0.517663,0,0.845573,0,1.68856,0.687561,0,0,0,0,0,0,0,0,0,0,w,m
6067,GO-TO-AND-FRO,1,1,0.879516,0.640518,0,0,0,0.588339,0,0.979706,0,1.74953,0.761033,0,0,0,0,0,0,0,0,0,0,w,m
6068,GO-TO-AND-FRO,1,1,0.943844,0.865652,0,0.610519,0,0.526566,0,0.88348,0,1.86133,0.738023,0,0,0,0,0,0,0,0,0,0,w,m
6069,GO-TO-AND-FRO,1,1,0.933917,0.970892,0.603862,0.925583,0,0,0.638284,0.803819,0,1.69547,0.801803,0.530995,0.656138,0,0,0,1,0,0,0,0,w,m
6070,GO-TO-AND-FRO,1,1,0.933331,0.827485,0.988304,0.803432,0,0,0,0.684397,0.532942,1.60034,1.16306,0,1.00215,0,0,0,1,0,1,0,0,w,m
6071,GO-TO-AND-FRO,1,1,0.937825,0.849154,1.17616,0.779884,0,0,1.07085,0.780986,0,1.14612,0.858155,0,0.982585,0.665209,0,0,0,0,0,0,0,w,m
6072,GO-TO-AND-FRO,1,1,0.949926,0.848885,1.43949,0.862565,0.541321,0.501709,1.43569,0.671382,0,1.2296,0.843651,0,1.05259,1.17392,0,0,0,0,1,0,0,w,m
6073,GO-TO-AND-FRO,1,1,0.948495,1.11404,1.63156,0.944293,0.619956,0.503893,2.0613,0.711888,0,0.972856,0.994482,0.564372,1.3815,0,0,0,0,1,1,0,0,w,m
31828,GO-TO-AND-FRO,1,1,0.837072,0,0,1.33845,0.601777,0.781854,0.904457,1.20408,1.43696,1.19573,0,0,0.89076,0,0,1,1,1,1,0,0,m,w
31831,GO-TO-AND-FRO,1,1,0.863479,0,0,1.02915,0.639531,0.818702,1.05206,1.28721,1.32436,1.31422,0.550881,0,0.783098,0.523058,0,1,1,1,1,0,0,m,w
31834,GO-TO-AND-FRO,1,1,0.842373,0,0,1.24164,0,0.861503,0.841286,1.40529,1.67655,1.13697,0.753298,0,1.15084,0,0,1,1,1,1,0,0,m,w
31837,GO-TO-AND-FRO,1,1,0.761191,0,0,1.15316,0.674301,0.800476,0.737576,1.22577,1.45612,0.999795,0,0,0.704863,0.788661,0,1,1,1,1,0,0,m,w
31838,GO-TO-AND-FRO,1,1,0.843664,0,0,1.08579,0,0.903051,1.48971,1.47803,1.70263,1.23285,0,0,1.21616,0,0,1,1,1,1,0,0,m,w
31840,GO-TO-AND-FRO,1,1,0.797793,0,0,1.19714,0.723116,0.682802,0.695829,1.12893,1.28887,1.17444,0.538035,0,1.10746,1.46898,0,1,1,1,1,0,0,m,w
31841,GO-TO-AND-FRO,1,1,0.850345,0,0,1.14756,0,0.853269,1.66925,1.42565,1.39854,1.07679,0,0,0.882465,0,0,1,1,1,1,0,0,m,w
31844,GO-TO-AND-FRO,1,1,0.855118,0,0,0.888905,0.692775,0.778687,1.13576,1.2275,1.19935,0.837993,0,0,1.05765,0,0,1,1,1,1,0,0,m,w
31848,GO-TO-AND-FRO,1,1,0.788061,0,0,0.990714,1.21278,0.722555,0,1.19714,1.23932,1.18122,0.651121,0,0.86834,2.18687,0,1,1,0,1,0,0,m,w
31849,GO-TO-AND-FRO,1,1,0.868136,0,0,0.886442,0.752571,0.913227,1.19509,1.56113,1.38912,1.1891,0,0.519985,0.874554,0,0,1,1,1,1,0,0,m,w
31851,GO-TO-AND-FRO,1,1,0.837233,0,0,0.82313,0.714667,0.797898,0.707942,1.28475,1.37579,0.801467,0.512492,0,1.10805,0.558037,0,1,1,1,1,0,0,m,w
31854,GO-TO-AND-FRO,1,1,0.824651,0,0,0.536753,0.836502,0.77468,1.06361,1.30222,1.48794,0.900301,0,0,0.928838,0.798872,0,1,1,1,1,0,0,m,w
31858,GO-TO-AND-FRO,1,1,0.746489,0,0,1.25207,0.944555,0.768021,0,1.21151,1.43646,1.23982,0.748721,0.693198,0.859865,0.728198,0,1,1,0,1,0,0,m,w
31859,GO-TO-AND-FRO,1,1,0.853432,0,0,0.834279,0.641898,0.884986,1.32236,1.46428,1.53143,1.28517,0,0,1.07566,0,0,1,1,1,1,0,0,m,w
33809,GO-TO-AND-FRO,1,1,0.949018,0.639577,0.633034,0,0,0.679795,1.1791,1.07771,0.738172,0.964679,0.80377,1.05901,0,0,0,0,1,1,1,0,0,w,w
33810,GO-TO-AND-FRO,1,1,0.935574,0,0.739435,0,0,0.821659,1.27273,1.2011,0.962782,1.2084,0,0.673739,0,1.93446,0,0,1,1,1,0,0,w,w
33811,GO-TO-AND-FRO,1,1,0.947766,0.52257,0.795115,0,0,0.873813,0.99909,1.24475,1.0144,1.11934,0,0,0,2.06293,0,0,1,0,1,0,0,w,w
33812,GO-TO-AND-FRO,1,1,0.949802,0,0.676991,0.564822,0,0.828642,0.802565,1.16955,1.08106,1.04312,0,0,0,2.55216,0,0,1,0,1,0,0,w,w
33813,GO-TO-AND-FRO,1,1,0.92423,0,0.668033,0,0,0.984172,0.600111,1.41555,1.0891,1.21406,0,0,0,2.71827,0,0,1,0,1,0,0,w,w
33814,GO-TO-AND-FRO,1,1,0.908705,0.578051,0.936471,0,0,0.899025,0,1.22741,0.881801,1.21033,0,0,0,3.45164,0,0,1,0,1,0,0,w,w
33815,GO-TO-AND-FRO,1,1,0.935628,0,0.669276,0,0,0.960371,0.761016,1.33093,1.03702,1.17182,0,0,0,2.89942,0,0,1,0,1,0,0,w,w
33816,GO-TO-AND-FRO,1,1,0.947058,0,0.682439,0,0,0.872703,0.803392,1.27838,0.996453,1.423,0,0,0,2.72294,0,0,1,0,1,0,0,w,w
33817,GO-TO-AND-FRO,1,1,0.928871,0,0.714891,0,0,0.839349,0.798585,1.23317,0.895346,1.23205,0,0.603903,0,2.83449,0,0,1,0,1,0,0,w,w
33818,GO-TO-AND-FRO,1,1,0.944246,0,1.18807,0.605284,0,0.648407,1.24403,1.0184,0.741095,1.34572,0,0,0.538691,3.04678,0,0,1,0,1,0,0,w,w
33819,GO-TO-AND-FRO,1,1,0.942403,0,0.964134,0,0,0.525496,1.22555,0.886765,0.610259,1.10503,0,0,0.516127,2.83791,0,0,1,0,1,0,0,w,w
33820,GO-TO-AND-FRO,1,1,0.940273,0,0.719798,0.621303,0,0,1.46189,0.671001,0.625457,1.3386,0,0,0.754739,2.69274,0,0,1,0,1,0,0,w,w
33821,GO-TO-AND-FRO,1,1,0.943882,0,0.881981,0,0,0,1.06645,0.73249,0,1.31145,0,0,0.852724,2.56052,0,0,1,0,1,0,0,w,w
33822,GO-TO-AND-FRO,1,1,0.951997,0,0.820664,0,0,0,1.02928,0.694376,0.722677,1.28747,0,0,0.609585,2.39815,0,0,1,0,1,0,0,w,w
33823,GO-TO-AND-FRO,1,1,0.955461,0,0.734002,0,0,0,0.943519,0.674909,0.561242,1.19703,0,0.58353,0.74829,1.65685,0,0,1,0,1,0,0,w,w
33824,GO-TO-AND-FRO,1,1,0.981425,0,0.512777,0.562579,0,0,1.15817,0.570213,0,1.04344,0,0,1.06662,1.47036,0,0,1,0,1,0,0,w,w
33825,GO-TO-AND-FRO,1,1,0.980125,0,0.621599,0.720187,0,0,1.07348,0.534101,0.515264,0.935467,0,0.521576,1.06926,1.66477,0,0,1,0,1,0,0,w,w
33826,GO-TO-AND-FRO,1,1,0.98145,0,0.877198,0.987108,0,0,0.917751,0.590058,0.539818,1.11064,0,0,1.14236,1.681,0,0,1,0,1,0,0,w,w
33827,GO-TO-AND-FRO,1,1,0.980128,0,1.06834,1.17253,0,0.626472,0.887546,0.774887,1.0501,1.25298,0,0,1.10123,3.20589,0,0,1,0,1,0,0,w,w
33828,GO-TO-AND-FRO,1,1,0.956722,0,0.579449,0,0,0.704261,0,0.851926,1.21121,1.20023,0,0,0,4.25546,0,0,1,0,1,0,0,w,w
33829,GO-TO-AND-FRO,1,1,0.853392,0.914052,0,0,0,0.503624,0.934037,0.572889,1.00563,0.774091,0,0,0,3.75758,0.56775,1,1,0,1,0,0,w,w
33830,GO-TO-AND-FRO,1,1,0.911595,0.768332,0,0.799437,0.556489,0.674157,0,0.899469,1.11337,0.562135,0,0,0,2.80336,0.536789,0,1,0,1,0,0,w,w
33831,GO-TO-AND-FRO,1,1,0.853871,1.4078,0.863636,0.728888,0.637869,0.713901,1.61073,0.789595,0.979,0,0,0,0,1.94772,0.517448,1,1,0,1,0,0,w,w
33832,GO-TO-AND-FRO,1,1,0.885852,0.990989,0,1.21159,0.68497,0.552571,1.57383,0.8044,0.915177,0,0,0,0,1.6801,0.563734,1,1,0,0,0,0,w,w
33835,GO-TO-AND-FRO,1,1,0.834764,0,0.801136,0.727426,0.762902,0,0,0.511565,0.644726,0,0,0,1.23079,2.76528,0,1,0,0,1,0,0,w,w
4543,GO-TO-AND-FRO,1,1,0.979383,0.741708,0,0.508221,0,0.733455,0,0.667712,0.774776,0.834411,0,0,0,0,0,0,1,0,1,0,0,m,w
4544,GO-TO-AND-FRO,1,1,0.975824,0.789317,0,0.53228,0,0.813311,0,0.692905,0.710087,0.72835,0,0,0,0,0,0,1,1,0,0,0,m,w
4545,GO-TO-AND-FRO,1,1,0.964515,1.07791,0,0,0,0.866527,0,0.793355,0.626809,0.774409,0,0,0,0.71718,0,0,1,1,1,0,0,m,w
4546,GO-TO-AND-FRO,1,1,0.938856,1.07567,0,0,0,0.632624,0.55405,0,0,0,0,0,0,1.35498,0,0,1,0,1,0,0,m,w
4547,GO-TO-AND-FRO,1,1,0.939171,1.18635,0,0,0.681833,0.621115,0,0,0,0,0,0,0,1.26002,0,0,1,0,1,0,0,m,w
4548,GO-TO-AND-FRO,1,1,0.93623,1.3404,0,0.542942,0,0.638866,0.945265,0,0,0,0,0,0,1.45788,0,0,1,0,1,0,0,m,w
4549,GO-TO-AND-FRO,1,1,0.932999,1.11856,0,0.66178,0,0.659387,1.17148,0,0,0,0,0,0,1.3795,0,0,1,0,1,0,0,m,w
4550,GO-TO-AND-FRO,1,1,0.929846,1.31166,0.588482,0.626634,0,0.654661,1.23511,0.502346,0,0.578632,0,0,0,1.72606,0,0,1,0,1,0,0,m,w
4551,GO-TO-AND-FRO,1,1,0.9235,1.40361,0.721525,0.640531,0.524046,0.660645,1.47208,0.574306,0.566631,0.602322,0,0,0,1.75689,0,0,1,0,1,0,0,m,w
4552,GO-TO-AND-FRO,1,1,0.939332,1.25606,0.70094,0.670035,0.592128,0.612859,1.41162,0,0.635388,0.598736,0,0,0,1.90096,0,0,1,0,1,0,0,m,w
4553,GO-TO-AND-FRO,1,1,0.942968,1.10885,0.833822,0,0,0.696073,1.54585,0.599528,0.724306,0.78913,0,0,0,1.86987,0,0,1,0,1,0,0,m,w
4554,GO-TO-AND-FRO,1,1,0.955236,1.03387,0.807327,0.533551,0.540558,0.742778,1.10348,0.61527,0.734067,0.735778,0,0,0,1.43442,0,0,1,0,1,0,0,m,w
4555,GO-TO-AND-FRO,1,1,0.945183,0.700364,0.56023,0,0,0.851114,0.815656,0.756612,0.890714,0.888674,0,0,0,2.05255,0,0,1,0,1,0,0,m,w
4556,GO-TO-AND-FRO,1,1,0.953153,0.816387,0.688201,0,0,0.898801,0.721378,0.84627,1.06983,1.30035,0,0,0,2.9218,0,0,1,0,1,0,0,m,w
4557,GO-TO-AND-FRO,1,1,0.955097,0.682997,0,0,0,0.933964,0,0.907606,0.977353,1.49416,0,0,0,2.63175,0,0,1,0,1,0,0,m,w
4558,GO-TO-AND-FRO,1,1,0.952736,0,0,0,0,0.8939,0.638054,0.860334,1.03623,1.37448,0,0,0,2.59,0,0,1,0,1,0,0,m,w
4559,GO-TO-AND-FRO,1,1,0.956998,0,0,0.537264,0,0.908852,0.706505,0.812152,0.781828,1.42728,0,0,0,1.7048,0,0,1,0,1,0,0,m,w
4560,GO-TO-AND-FRO,1,1,0.958121,0,0,0,0,0.829231,0.892705,0.782227,0.687402,1.42134,0,0,0,1.78187,0,0,1,0,1,0,0,m,w
4561,GO-TO-AND-FRO,1,1,0.961042,0,0,0.684534,0,0.93608,1.35882,0.878632,0.848126,1.62315,0,0,0,1.18939,0,0,1,0,1,0,0,m,w
4562,GO-TO-AND-FRO,1,1,0.962369,0,0,0.777976,0,0.815621,1.29167,0.748577,0.905008,1.44822,0,0,0,1.3209,0,0,1,0,1,0,0,m,w
4563,GO-TO-AND-FRO,1,1,0.962094,0,0,0.866875,0,0.841226,1.18492,0.794549,0.947764,1.58178,0,0,0,1.12276,0,0,1,0,1,0,0,m,w
4564,GO-TO-AND-FRO,1,1,0.964877,0,0,0.616834,0,0.738753,0.953739,0.668483,0.850271,1.33532,0,0,0,0.67563,0,0,1,0,1,0,0,m,w
4565,GO-TO-AND-FRO,1,1,0.970722,0,0,0.552368,0,0.742148,1.43359,0.737138,0.961678,1.23178,0,0,0,0.669321,0,0,1,0,1,0,0,m,w
4566,GO-TO-AND-FRO,1,1,0.966402,0,0,0.649337,0,0.770201,1.49777,0.704244,1.02516,1.33514,0,0,0,0.744513,0,0,1,0,1,0,0,m,w
4567,GO-TO-AND-FRO,1,1,0.964866,0,0,0.610132,0,0.652221,0.955588,0.560773,0.724444,1.11097,0,0,0,0.59378,0,0,1,0,1,0,0,m,w
4568,GO-TO-AND-FRO,1,1,0.967008,0,0,0.568358,0,0.637448,0.949525,0.55654,0.752357,1.00301,0,0,0,0.77914,0,0,1,0,1,0,0,m,w
4569,GO-TO-AND-FRO,1,1,0.969131,0,0,0.728585,0,0.744435,1.3388,0.708377,0.89733,1.07697,0,0,0,0.619631,0,0,1,0,1,0,0,m,w
4570,GO-TO-AND-FRO,1,1,0.97179,0,0,0.536949,0,0.687448,1.18438,0.61463,0.765336,1.20974,0,0,0,1.14991,0,0,1,0,1,0,0,m,w
4571,GO-TO-AND-FRO,1,1,0.971754,0,0,0,0,0.752214,1.02562,0.702612,0.831308,1.31879,0,0,0,0.590874,0,0,1,0,1,0,0,m,w
4572,GO-TO-AND-FRO,1,1,0.966145,0,0,0.552586,0,0.711378,1.22593,0.648677,0.730831,1.19247,0.544176,0,0,0.599315,0,0,1,0,1,0,0,m,w
4573,GO-TO-AND-FRO,1,1,0.963763,0,0,0.76908,0,0.654543,1.21647,0.58922,0.702446,0.978232,0.754826,0,0,0,0,0,1,0,1,0,0,m,w
4574,GO-TO-AND-FRO,1,1,0.967917,0,0,0.810851,0,0.681632,1.24871,0.617554,0.76575,1.07181,0.615946,0,0,0.597906,0,0,1,0,1,0,0,m,w
4575,GO-TO-AND-FRO,1,1,0.967477,0,0,0.677738,0,0.677776,1.39234,0.565866,0.652004,1.10498,0.636943,0,0,0,0,0,1,0,1,0,0,m,w
4576,GO-TO-AND-FRO,1,1,0.971008,0,0,0.814618,0,0.695154,1.83463,0.611157,0.781018,1.11915,0.608202,0,0,0.581616,0,0,1,0,1,0,0,m,w
4577,GO-TO-AND-FRO,1,1,0.969623,0,0,0.742145,0,0.705838,1.67986,0.608671,0.702239,1.10603,0.555681,0,0,0.630163,0,0,1,0,1,0,0,m,w
4578,GO-TO-AND-FRO,1,1,0.969541,0,0,0.81025,0,0.682666,1.39924,0.618806,0.783481,1.19076,0,0,0,0.623692,0,0,1,0,1,0,0,m,w
4579,GO-TO-AND-FRO,1,1,0.969193,0,0,0.650405,0,0.709563,1.37265,0.611816,0.769462,1.25335,0.545124,0,0,0.582039,0,0,1,0,1,0,0,m,w
4580,GO-TO-AND-FRO,1,1,0.968733,0,0,0.711707,0,0.639738,1.49916,0.556742,0.684011,1.10799,0,0,0,0.848557,0,0,1,0,1,0,0,m,w
4581,GO-TO-AND-FRO,1,1,0.970773,0,0,0.68305,0,0.687151,1.32165,0.628571,0.76866,1.38344,0.584027,0,0,0.87197,0,0,1,0,1,0,0,m,w
4582,GO-TO-AND-FRO,1,1,0.970576,0,0,0.583186,0,0.598144,0.879416,0.523501,0.658998,1.20912,0.538122,0,0,0.547547,0,0,1,0,1,0,0,m,w
4583,GO-TO-AND-FRO,1,1,0.968085,0,0,0.615256,0,0.642372,0.954311,0.567807,0.750438,1.19604,0,0,0,0.558732,0,0,1,0,1,0,0,m,w
4584,GO-TO-AND-FRO,1,1,0.972181,0,0,0.803769,0.583745,0.551506,1.05839,0,0.585977,1.15705,0,0,0,0.709036,0,0,1,0,1,0,0,m,w
4585,GO-TO-AND-FRO,1,1,0.968242,0,0.559252,0.622939,0.885336,0,0.715392,0,0.648867,0.788222,0,0,0,0.553995,0,0,1,0,1,0,0,m,w
4586,GO-TO-AND-FRO,1,1,0.97466,0,0,0.751022,0.839832,0,0.905864,0,0,0,0,0,0,1.04349,0,0,1,0,1,0,0,m,w
4587,GO-TO-AND-FRO,1,1,0.97306,0,0,0.802482,0.822935,0,0.733675,0,0,0.723736,0,0,0,0.511345,0,0,1,0,1,0,0,m,w
4588,GO-TO-AND-FRO,1,1,0.979108,0,0,1.1457,0.729794,0,1.13518,0,0,0.630682,0.517803,0,0,0.508405,0,1,1,0,1,0,0,m,w
4589,GO-TO-AND-FRO,1,1,0.979168,0,0,0.910665,0.512247,0.512057,1.10294,0.527724,0,0.788096,0,0,0.588448,0,0,1,1,0,1,0,0,m,w
4590,GO-TO-AND-FRO,1,1,0.980881,0,0,1.04837,0.5267,0,1.13008,0,0,0.90635,0,0,0,0,0,1,1,0,0,0,0,m,w
4591,GO-TO-AND-FRO,1,1,0.979336,0,0,0.753602,0.666546,0,1.04018,0.581599,0,0.97018,0,0,0.535474,0,0,1,1,0,0,0,0,m,w
4592,GO-TO-AND-FRO,1,1,0.979407,0,0.520517,0.818165,0.767056,0,1.32614,0.598949,0,1.12726,0,0,0.826152,0,0,1,1,0,0,0,0,m,w
4593,GO-TO-AND-FRO,1,1,0.979375,0,0,0,0.750293,0,1.00133,0.662926,0,1.17106,0,0,1.07821,0,0,1,1,0,0,0,0,m,w
4594,GO-TO-AND-FRO,1,1,0.980814,0,0,0.529602,0.782897,0,1.05356,0.731938,0,1.09,0,0,1.09703,0,0,1,1,0,0,0,0,m,w
4595,GO-TO-AND-FRO,1,1,0.978223,0,0,0,0.787017,0,0.922951,0.739586,0,1.28572,0,0,1.19235,0,0,1,1,0,0,0,0,m,w
4596,GO-TO-AND-FRO,1,1,0.984213,0,0,0.597144,0.786052,0.556986,0.823937,0.803553,0,1.32022,0,0,0.646639,0,0,1,1,0,0,0,0,m,w
4597,GO-TO-AND-FRO,1,1,0.984017,0,0.510094,0,0.659704,0.550384,0.85669,0.784331,0,1.14802,0,0,0.514099,0,0,0,1,0,0,0,0,m,w
4598,GO-TO-AND-FRO,1,1,0.98453,0,0,0,0.577019,0.601169,0.889386,0.80074,0,1.08357,0,0,0,0,0,0,1,0,0,0,0,m,w
4599,GO-TO-AND-FRO,1,1,0.983889,0,0,0,0.533975,0.584998,1.1624,0.791255,0.530371,1.15711,0,0,0,0,0,0,1,0,0,0,0,m,w
4600,GO-TO-AND-FRO,1,1,0.983853,0,0,0,0,0.516822,0.920702,0.708512,0,1.24635,0,0,0,0,0,0,1,0,0,0,0,m,w
4601,GO-TO-AND-FRO,1,1,0.981827,0,0,0,0,0.545683,0.995258,0.78561,0.592511,1.19516,0,0,0,0,0,0,1,0,0,0,0,m,w
4602,GO-TO-AND-FRO,1,1,0.983436,0,0,0.610578,0.606525,0.541081,0.873515,0.763402,0.557735,1.19135,0,0,0,0,0,0,1,0,0,0,0,m,w
4603,GO-TO-AND-FRO,1,1,0.985086,0,0.600452,0.676359,0.54321,0.528788,1.12815,0.794677,0,1.15211,0,0,0,0,0,0,1,0,0,0,0,m,w
4604,GO-TO-AND-FRO,1,1,0.98831,0,0.535781,0.940809,0,0,0.924426,0.716756,0,1.30802,0,0,0,0,0,1,1,0,0,0,0,m,w
4605,GO-TO-AND-FRO,1,1,0.987503,0,0,0.813892,0,0.556434,0.578782,0.816503,0,1.48088,0,0,0,0,0,1,1,0,0,0,0,m,w
4606,GO-TO-AND-FRO,1,1,0.986556,0,0,0.723136,0,0,0.568172,0.738229,0,1.44499,0,0,0,0,0,1,1,0,0,0,0,m,w
4607,GO-TO-AND-FRO,1,1,0.986096,0,0,0.774629,0,0.507772,0,0.821001,0,1.4496,0,0,0,0,0,1,1,0,0,0,0,m,w
4608,GO-TO-AND-FRO,1,1,0.981987,0,0,1.02583,0,0,1.22947,0.768017,0,1.35218,0,0,0,0,0,1,1,0,0,0,0,m,w
4609,GO-TO-AND-FRO,1,1,0.981635,0,0,0.890897,0,0,0.959791,0.822799,0,1.33644,0,0,0,0,0,1,1,0,0,0,0,m,w
4610,GO-TO-AND-FRO,1,1,0.983209,0,0,1.0607,0,0,1.16721,0.853269,0,1.38209,0,0,0,0,0,1,1,0,1,0,0,m,w
4611,GO-TO-AND-FRO,1,1,0.984524,0,0,1.02419,0,0,1.03649,0.914544,0,1.45612,0,0,0,0,0,1,1,0,1,0,0,m,w
4612,GO-TO-AND-FRO,1,1,0.985367,0,0,0.93392,0,0,1.15529,0.967529,0,1.3559,0,0,0,0,0,1,1,0,1,0,0,m,w
4613,GO-TO-AND-FRO,1,1,0.985099,0,0,0.93497,0,0,1.30189,0.978318,0,1.33549,0,0,0,0,0,1,1,0,0,0,0,m,w
4614,GO-TO-AND-FRO,1,1,0.986119,0,0,0.977864,0,0,1.0564,0.929703,0,1.37485,0,0,0,0,0,1,1,0,1,0,0,m,w
4615,GO-TO-AND-FRO,1,1,0.986971,0,0,1.08468,0,0,0.934939,1.07064,0,1.53739,0,0,0,0,0,1,1,0,1,0,0,m,w
4616,GO-TO-AND-FRO,1,1,0.9855,0,0,1.10546,0,0,0.98099,0.901059,0,1.48583,0,0,0,0,0,1,1,0,1,0,0,m,w
4617,GO-TO-AND-FRO,1,1,0.984164,0,0,0.768795,0,0,0.700247,1.01636,0,1.48093,0,0,0,0,0,1,1,0,1,0,0,m,w
4618,GO-TO-AND-FRO,1,1,0.984949,0,0,0.869544,0,0,1.08649,0.930758,0,1.46444,0,0,0,0,0,1,1,0,1,0,0,m,w
4619,GO-TO-AND-FRO,1,1,0.981702,0,0.602932,0.504743,0,0,0.894321,0.976026,0,1.36284,0,0,0,0,0,1,1,0,1,0,0,m,w
4620,GO-TO-AND-FRO,1,1,0.986385,0,0.681708,0.709047,0,0,0.882134,0.843108,0,1.41275,0,0,0,0,0,1,1,0,1,0,0,m,w
4621,GO-TO-AND-FRO,1,1,0.986561,0,0,0.754036,0,0,0.67428,0.871682,0,1.20516,0,0.621288,0,0,0,1,1,0,1,0,0,m,w
4622,GO-TO-AND-FRO,1,1,0.986879,0,0,0.797203,0,0,0,0.790454,0,1.1409,0,0.625312,0,0,0,1,1,0,1,0,0,m,w
4623,GO-TO-AND-FRO,1,1,0.988848,0,0,0.623647,0,0,0,0.854444,0,1.28235,0,0.700304,0,0,0,1,1,0,1,0,0,m,w
4624,GO-TO-AND-FRO,1,1,0.984099,0,0,0.629527,0,0,0.609064,0.754244,0,1.25867,0,0.612527,0,0,0,1,1,0,1,0,0,m,w
4625,GO-TO-AND-FRO,1,1,0.986703,0,0,0.55333,0,0,0.557167,0.717291,0,1.07012,0,0.719853,0,0,0,1,1,0,1,0,0,m,w
4626,GO-TO-AND-FRO,1,1,0.986674,0,0,0,0,0,0,0.754432,0,1.26556,0.593543,0.688936,0,0,0,1,1,0,1,0,0,m,w
4627,GO-TO-AND-FRO,1,1,0.989034,0,0.649654,0,0,0,0.668332,0.813235,0,1.06915,0.51619,0.758724,0,0,0,1,1,0,1,0,0,m,w
4628,GO-TO-AND-FRO,1,1,0.988317,0,0.538513,0,0,0,0.595043,0.745391,0,1.28547,0,0.615915,0,0,0,1,1,0,1,0,0,m,w
4629,GO-TO-AND-FRO,1,1,0.985979,0,0.722341,0,0,0,0,0.819227,0,1.21844,0.555625,0.617857,0,0,0,1,1,0,1,0,0,m,w
4630,GO-TO-AND-FRO,1,1,0.984616,0,0,0.524655,0,0,0.613986,0.776119,0,1.36655,0,0,0,0,0,1,1,0,1,0,0,m,w
