time_stamp,word,frame,success,confidence,AU01_r,AU02_r,AU04_r,AU05_r,AU06_r,AU09_r,AU10_r,AU12_r,AU14_r,AU15_r,AU17_r,AU20_r,AU25_r,AU26_r,AU04_c,AU12_c,AU15_c,AU23_c,AU28_c,AU45_c,speaker_gender,listener_gender
1482,WORK,1,1,0.973474,0.791911,1.23127,1.33245,0,0,0,0,0,1.05644,0,0,0.503965,0.660799,0,1,0,1,0,0,0,w,w
1483,WORK,1,1,0.973417,1.06123,1.09151,1.47898,0,0,0,0,0,1.16307,0,0.597999,0,0,0,1,0,1,0,0,0,w,w
1484,WORK,1,1,0.97599,1.00724,1.43482,1.40624,0,0,0,0,0,1.23329,0,0.501929,0,0,0,1,0,1,0,0,0,w,w
1485,WORK,1,1,0.969149,0,0.539217,1.20639,0,0,0,0,0,1.14869,0,0.628445,0,0,0,0,0,1,0,0,0,w,w
1486,WORK,1,1,0.965422,0,0,1.52991,0,0,0,0,0,1.0982,0,0.807038,0,0.653515,0,0,0,1,0,0,0,w,w
1487,WORK,1,1,0.971043,0,0,1.29653,0,0,0,0,0,1.0793,0,0.708032,0.667464,0,0,0,0,1,0,0,0,w,w
1488,WORK,1,1,0.971241,0,0,1.09356,0,0,0,0,0,0.710671,0,0.531657,0.928041,0,0,0,0,1,0,0,0,w,w
1489,WORK,1,1,0.966135,0,0,1.3507,0,0,0.744154,0,0,0.674994,0,0.54993,1.20077,0,0,1,0,0,0,0,0,w,w
1490,WORK,1,1,0.950917,0,0.74076,1.22173,0,0,0.851886,0,0,0,0,0,1.08054,0,0,1,0,0,0,0,0,w,w
1491,WORK,1,1,0.959622,0,0,0.707836,0,0,0,0,0,0,0,0,1.37926,0,0,1,0,0,0,0,0,w,w
1492,WORK,1,1,0.949015,0,0,0.50785,0,0,0,0,0,0,0.508901,0,1.13957,0.615832,0,0,0,0,0,0,0,w,w
1493,WORK,1,1,0.959146,0,0,0,0,0,0,0,0,0,0,0,1.33507,1.65299,0,0,0,0,0,0,0,w,w
1494,WORK,1,1,0.955905,0,0.882143,0,0,0,0,0,0,0,0.575128,0,0.715444,0.545774,0,0,0,0,0,0,0,w,w
1495,WORK,1,1,0.959251,0,0.652645,0,0,0,0,0,0,0,0,0,1.12947,1.24257,0,0,1,0,0,0,0,w,w
1496,WORK,1,1,0.963729,0,0.816152,0,0,0,0,0,0.500074,0,0.824672,0,0.883964,1.01193,0,0,0,0,0,0,0,w,w
1497,WORK,1,1,0.963252,0,0.994058,0,0,0,0,0,0,0,0.998836,0,0.757295,1.19217,0,0,1,0,0,0,0,w,w
1498,WORK,1,1,0.961315,0,1.14659,0,0,0,0,0,0,0,0.865262,0,0.803489,1.07208,0,0,0,0,0,0,0,w,w
1499,WORK,1,1,0.957836,0,1.16005,0,0,0,0,0,0,0,0.941527,0,1.04485,1.02926,0,0,0,0,0,0,0,w,w
2501,WORK,1,1,0.973726,1.08871,1.21405,0,0,0,0.695889,0,0,0,0.892028,0,0,2.66408,0,0,1,0,0,0,1,w,w
2502,WORK,1,1,0.974672,1.19833,1.64444,0,0,0,1.05539,0,0.592473,0,0.912949,0,0,2.32976,0,0,1,0,0,0,1,w,w
2503,WORK,1,1,0.977498,1.14993,1.60293,0,0,0,1.25666,0,0.536065,0,0.859549,0,0,2.71044,0,0,1,0,0,0,1,w,w
2504,WORK,1,1,0.980617,1.08707,1.5614,0,0,0,1.61558,0,0,0,0.830229,0,0,2.74006,0,0,1,0,0,0,1,w,w
2505,WORK,1,1,0.981139,1.02175,1.38015,0,0,0,1.3158,0,0,0,0.906532,0,0,2.6408,0,0,1,0,0,0,1,w,w
2506,WORK,1,1,0.975835,0.965649,1.05719,0,0.501636,0,0.979645,0,0.583657,0,0.97851,0,0,2.3854,0,0,1,0,0,0,1,w,w
2507,WORK,1,1,0.978,0.858053,0.953466,0,0,0,0.514434,0,0,0,1.27886,0,0,0.920013,0,0,1,1,0,0,1,w,w
2508,WORK,1,1,0.98225,0.707999,0.660414,0,0,0,0.610164,0,0.671682,0,0.7013,0,0,0.778416,0,0,1,0,0,0,1,w,w
2509,WORK,1,1,0.983193,0.686271,0.520016,0,0.500343,0,0.572494,0,0.614037,0,0.871992,0,0,0,0,0,1,0,0,0,1,w,w
2510,WORK,1,1,0.978032,0.824872,0.549984,0,0.597134,0,0.864513,0,0.584065,0,1.2338,0,0,0.672537,0,0,1,1,0,0,1,w,w
2511,WORK,1,1,0.971456,0.749957,0.965313,0,0,0,1.12725,0,0,0,1.34616,0,0,1.77904,0,0,1,1,0,0,1,w,w
2512,WORK,1,1,0.963036,0.963911,1.12539,0,0,0,1.70773,0,0,0,2.03796,0,0,1.24577,0,0,0,1,0,0,1,w,w
2513,WORK,1,1,0.95043,0,0.610023,0,0,0,1.44577,0,0.570133,0,1.6942,0.869101,0,1.31432,0,0,0,1,0,0,1,w,w
2515,WORK,1,1,0.871665,0.648629,1.65386,0,0,0.591486,1.43153,0.937736,1.28285,0,0.908188,0,0.675332,1.6769,0,0,1,1,1,0,1,w,w
2516,WORK,1,1,0.919533,1.279,2.23002,0,0,0,0,0,0,0,0,0,0,1.55518,0,0,0,1,0,0,1,w,w
2517,WORK,1,1,0.809434,0,0.826173,0,0,0,0.794265,0,0,0,1.1531,0,0.837215,0,0,0,0,1,1,0,1,w,w
2518,WORK,1,1,0.869729,0,1.03673,0,0,0,0,0,0,0,0.691589,0.74359,1.11241,0,0,0,0,1,1,0,0,w,w
2519,WORK,1,1,0.861018,0,1.39954,0,0.621725,0,0,0,0,0,0.606252,0.97026,0,0,0,0,0,1,1,0,1,w,w
2520,WORK,1,1,0.888138,0,0.661556,0,0.653929,0,0,0,0,0,0,0.614185,0,0,0,0,0,1,1,0,1,w,w
2521,WORK,1,1,0.821414,0,0,0,0,0,0,0,0,0,0,0,0,0,0,0,0,1,1,0,1,w,w
2522,WORK,1,1,0.817514,0.583254,0,0,0.601169,0,0,0,0,0.636292,0,0.521192,0,0,0,0,0,1,1,0,0,w,w
2523,WORK,1,1,0.855474,0.640387,0,0,0,0,0,0,0,0.889926,0,0.785984,0,0,0,0,1,0,1,0,0,w,w
2524,WORK,1,1,0.876269,0,0,0,0,0,0,0,0,0.716522,0.516032,0.526222,0,0,0,0,0,1,0,0,0,w,w
2525,WORK,1,1,0.867529,0.584173,0,0,0.596209,0,0,0,0,0.923632,0,0.591499,0,0,0,0,0,0,0,0,0,w,w
2526,WORK,1,1,0.881014,0,0,0,0.56405,0,0,0,0,0.730971,0.503492,0,0,0,0,0,0,1,0,0,0,w,w
2530,WORK,1,1,0.930188,0.737099,0,0,0,0,0,0,0,0.599913,0.87224,0.505605,0,0,0,0,0,1,0,0,0,w,w
2683,WORK,1,1,0.81799,1.83531,0,0,0.677448,0,0.967856,0,0,0,0.592078,0,0,0,0,0,0,1,0,0,0,w,w
2684,WORK,1,1,0.77304,1.39144,0.64068,0,0,0,0.600346,0,0.818013,0,1.41566,0,0.884789,1.04018,0,0,0,1,0,0,1,w,w
2685,WORK,1,1,0.869344,1.44589,1.71104,0,0,0,0,0,1.1788,0,0,0,0,0.594493,0,0,1,0,0,0,1,w,w
2686,WORK,1,1,0.852652,0.683702,0.521916,0,0.501896,0,0.968758,0,0,0,0,0,0.526818,0,0,0,0,0,0,0,0,w,w
2687,WORK,1,1,0.817017,0.677962,2.18431,0,0.607565,0,1.55945,0,0,0,0,0,1.15233,1.03314,0,0,0,0,0,0,1,w,w
2688,WORK,1,1,0.95327,1.1222,1.79076,0,0,0,0,0,0.551891,0.550258,0,0,0.961213,2.13265,0,0,0,0,0,0,1,w,w
2689,WORK,1,1,0.974296,0.946116,1.77638,0,0.638822,0,0.78979,0,0.669608,0,0.586236,0,0,0,0,0,1,0,0,0,0,w,w
2690,WORK,1,1,0.970193,0.909229,1.5747,0,0.59936,0,0.686239,0,0,0,0.717547,0,0,0,0,0,1,0,0,0,0,w,w
2691,WORK,1,1,0.977639,0.809878,1.62198,0,0.735669,0,0.855346,0,0,0,0.584094,0,0,0,0,0,1,0,0,0,0,w,w
2692,WORK,1,1,0.930648,0.729171,1.79962,0,0.898921,0,0.932514,0,0.536633,0,0,0,0,0,0,0,1,0,0,0,0,w,w
2693,WORK,1,1,0.979049,0.524677,1.61678,0,0.678361,0,1.37279,0,0.600391,0,0.695021,0,0,0.688855,0,0,1,0,0,0,0,w,w
2694,WORK,1,1,0.975084,0.719118,1.58729,0,0.828011,0,0.553294,0,0.649374,0,0.923984,0,0,0.661799,0,0,1,0,0,0,1,w,w
2695,WORK,1,1,0.969178,1.12609,1.7796,0,0.628282,0,1.42298,0,0,0,0.575145,0,0,0,0,0,1,0,1,0,1,w,w
2696,WORK,1,1,0.948971,0.869032,1.94165,0,0.634587,0,0.926622,0,0.757722,0,0.676704,0,0,0.827572,0,0,1,0,0,0,1,w,w
2697,WORK,1,1,0.950126,0,1.11873,0,0.671465,0,0.861987,0,0.504329,0,0.630105,0,0,0,0,0,1,0,0,0,1,w,w
2698,WORK,1,1,0.93794,0.87999,1.35905,0,0.865141,0,0.829045,0,0.664097,0,0,0,0,0.602547,0,0,1,0,0,0,1,w,w
2699,WORK,1,1,0.931068,0,1.12471,0,0.600489,0,0.780749,0,0.521222,0,0,0,0,1.61556,0,0,0,0,0,0,1,w,w
2700,WORK,1,1,0.932581,0,1.2181,0,0,0,1.47677,0,0,0,0,0,0,1.18293,0,0,0,0,0,0,1,w,w
2701,WORK,1,1,0.910862,0.635934,1.03696,0.525726,0,0,1.46755,0,0,0,0,0,0,1.92318,0,0,0,0,0,0,1,w,w
2702,WORK,1,1,0.911634,0,0.63223,0,0,0,0.844561,0,0,0,0.519838,0,0,1.95367,0,0,0,0,0,0,1,w,w
2703,WORK,1,1,0.94457,0,0.572928,0.63695,0,0,0.508136,0,0,0,0.632652,0,0,1.00591,0,0,0,1,0,0,1,w,w
2704,WORK,1,1,0.957425,0,0.563489,0,0,0,0,0,0.54396,0,0.923024,0,0,0,0,0,0,1,0,0,1,w,w
2705,WORK,1,1,0.916443,0,0,0,0,0,0,0,0,0,0.653746,0,0,0,0,0,1,1,0,0,1,w,w
2706,WORK,1,1,0.902676,0,0,0,0,0,0,0,0.662164,0,0.838473,0,0,0,0,0,0,1,0,0,1,w,w
2707,WORK,1,1,0.911939,0,0,0,0,0,0,0,1.01113,0,0.787714,0,0,0,0,0,0,1,0,0,0,w,w
2708,WORK,1,1,0.894535,0.747525,0,0,0.579581,0,0,0,0.90595,0,1.01549,0,0,0,0,0,0,1,0,0,0,w,w
2709,WORK,1,1,0.912163,0.741816,0.501626,0,0,0,0,0,1.00585,0.672747,0.988894,0.53598,0,0.501465,0,0,1,1,0,0,0,w,w
2710,WORK,1,1,0.940206,0.528206,0.745914,0,0,0.535854,0,0,0.971927,0,0,0,0,1.92428,0,0,0,1,0,0,1,w,w
2711,WORK,1,1,0.920491,0.577748,0,0,0.669268,0.602887,0,0.5735,1.4021,0.590999,0.639575,0,0,1.87501,0,0,1,1,0,0,1,w,w
2712,WORK,1,1,0.916467,0.90105,0.605368,0,0.606327,0.601242,0,0.671206,1.52769,0.786928,0.800697,0,0,2.17611,0,0,1,1,0,0,0,w,w
2713,WORK,1,1,0.929092,0.637721,0.507589,0,0,0.579855,0,0.5804,1.48742,0.561844,0.891573,0,0,2.22743,0,0,1,1,0,0,1,w,w
2714,WORK,1,1,0.932804,0.808922,0.604651,0,0,0.622325,0,0.596687,1.49209,0.82903,0.886808,0,0,2.0195,0,0,1,1,0,0,1,w,w
2715,WORK,1,1,0.943024,0.732522,0.605758,0,0,0.615987,0,0.549962,1.54361,0.858457,0.601023,0,0,1.35298,0,0,1,1,0,0,1,w,w
2716,WORK,1,1,0.927675,0.695326,0.542997,0,0,0.577977,0,0,1.27335,0.950643,0.785032,0,0,0.697792,0,0,1,1,0,0,0,w,w
2717,WORK,1,1,0.924061,0,0.705639,0,0,0.55259,0,0,1.11248,1.03077,0.681645,0.56878,0,0,0,0,1,1,0,0,1,w,w
2726,WORK,1,1,0.890237,0.521742,1.47128,0,0,0,0,0,0.501166,0,0,0,1.19339,2.94549,0.693816,0,1,0,0,0,0,w,w
2727,WORK,1,1,0.865762,0.538284,1.29937,0,0.510997,0,0.512494,0,0.572818,0,0,0,1.25602,2.67237,0.699929,0,1,0,0,0,0,w,w
2728,WORK,1,1,0.863678,0.832796,1.36356,0,0.558321,0,0,0,0.536564,0,0,0,0.717365,2.66904,0.765338,0,1,0,0,0,1,w,w
2729,WORK,1,1,0.870253,0.780146,1.53,0,0,0,0.783252,0,0,0,0,0,1.08204,3.33083,0.692993,0,1,0,0,0,0,w,w
2730,WORK,1,1,0.868324,0.684326,1.40749,0.507112,0.562931,0,0,0,0,0,0,0,1.19242,3.0937,0.692642,0,1,0,0,0,1,w,w
2731,WORK,1,1,0.80971,0,1.26806,0.595354,0,0,0.767487,0,0,0,0,0,1.72832,3.12127,0.893149,0,1,1,0,0,1,w,w
2732,WORK,1,1,0.873645,0,0.93019,0.660918,0,0,0.833614,0,0,0,0,0,1.59981,3.12545,0.770341,0,1,0,0,0,0,w,w
2733,WORK,1,1,0.950771,0.54592,1.01574,0.615304,0,0,0,0,0,0.593644,0,0,1.07723,1.43252,0,0,0,0,0,0,0,w,w
3161,WORK,1,1,0.731692,0,1.50497,0,1.07512,1.12047,0,1.32622,2.07233,2.07247,0,0,0.872501,1.4047,0,0,1,0,0,0,0,w,m
3162,WORK,1,1,0.800716,0,1.52165,0,0.528753,1.38435,0,1.55933,2.25704,2.49056,0,0,0.777145,1.05709,0.542383,0,1,0,0,0,1,w,m
3163,WORK,1,1,0.794742,0,1.30498,0,0,1.45264,0,1.58395,2.46103,2.88987,0,0,0.831071,0,0,0,1,0,0,0,0,w,m
3165,WORK,1,1,0.820593,0,1.71163,0,0,1.32833,0,1.34344,2.34207,1.98079,0,0,0,0.819456,0,0,1,0,0,0,0,w,m
3166,WORK,1,1,0.804201,0,1.58086,0,0.903201,1.41595,0,1.48966,1.50788,2.37087,0,0,0,0,0,0,1,0,0,1,0,w,m
3284,WORK,1,1,0.930119,0,0,0,0,0,0,0,1.2014,0.70586,0,0,0,0,0,0,1,1,0,0,1,w,m
3285,WORK,1,1,0.927625,0,0,0,0,0,0,0,1.06876,0,0,0,0,0,0,0,1,1,0,0,1,w,m
3286,WORK,1,1,0.930666,0,0,0,0,0,0,0,0.996706,0.525727,0,0,0,0,0,0,1,1,0,0,1,w,m
3287,WORK,1,1,0.925114,0,0,0,0,0.576444,0,0.568645,0.845771,0.619773,0.655274,0,0,0,0,0,1,1,1,0,1,w,m
3288,WORK,1,1,0.930853,0,0,0.543286,0,0.563216,0,0.502963,0.748112,0.531697,0.587206,0,0,0,0,0,1,1,1,0,1,w,m
3289,WORK,1,1,0.923517,0,0,0.537261,0,0.644513,0.593959,0.620395,0.738379,0.531154,0.607579,0,0,0,0,0,1,1,1,0,1,w,m
3290,WORK,1,1,0.912752,0.520895,0,0,0,0.642541,0.852414,0.639572,0.680574,0.706811,0.980331,0,0,0,0,0,1,1,1,0,1,w,m
3291,WORK,1,1,0.837913,0.610016,0,0,0,0.635571,1.2931,0.676172,0.642452,0,0.504232,0,0,0,0,1,1,1,1,0,1,w,m
3292,WORK,1,1,0.822877,0.650971,0,0.72968,0,0.620534,1.62145,0.712591,0,0.642369,0.89739,0,0,0,0,1,1,1,1,0,1,w,m
3293,WORK,1,1,0.813549,0.875159,0.714318,0.831439,0,0.543924,1.35741,0.593377,0,0.552107,0.875055,0,0,0,0,1,1,1,0,0,1,w,m
3294,WORK,1,1,0.802941,0.600585,0.734709,0.757416,0,0.505464,0.985651,0.644942,0,0,1.06313,0,0,0,0,1,1,1,0,0,1,w,m
3295,WORK,1,1,0.770809,0,0.894177,0.640699,0,0.532513,0.844899,0.772498,0,0,0.689009,0,0,0,0,1,1,1,1,0,1,w,m
3296,WORK,1,1,0.771367,0,1.05228,0,0,0.533956,0.639454,0.758593,0,0,0.514685,0,0,0,0,0,1,1,1,0,1,w,m
3297,WORK,1,1,0.774976,0,1.10029,0,0,0.556734,0,1.02404,0,0,0.548406,0,0.699253,0,0,0,1,1,1,0,1,w,m
3298,WORK,1,1,0.790757,0,0.699753,0,0,0.580078,0,1.07575,0,0.854316,0.523141,0,0.802307,0,0,0,1,1,1,0,1,w,m
3299,WORK,1,1,0.809841,0,0.648048,0,0,0.651946,0,1.20832,0.618995,0.794918,0,0,0.560643,0.663609,0,0,1,1,1,0,1,w,m
3300,WORK,1,1,0.817525,0,0,0,0,0.648481,0,1.13093,0.843214,0.826095,0,0,0,0,0,0,1,1,1,0,1,w,m
3301,WORK,1,1,0.837476,0,0,0,0,0.632105,0,1.1906,0.797135,1.07378,0.570548,0,0.580222,0,0,0,1,1,1,0,1,w,m
3302,WORK,1,1,0.842064,0,0.69962,0,0,0.605967,0,1.19095,0.84338,1.09899,0,0,0.521134,0.70918,0,0,1,1,1,0,1,w,m
3303,WORK,1,1,0.827036,0,0.568102,0,0,0.614895,0,1.21064,0.711672,0.992352,0,0,0,0.900197,0,0,1,1,1,0,1,w,m
3304,WORK,1,1,0.824849,0,0.751291,0,0,0.54903,0,1.03614,0.517331,0.803552,0,0,0,1.13324,0,0,1,1,1,0,1,w,m
3305,WORK,1,1,0.817666,0,0.813364,0,0.539272,0.548244,0,1.05656,0,1.08955,0,0,0,0,0,0,1,1,1,0,1,w,m
3306,WORK,1,1,0.815107,0,1.16567,0,0,0,0,0.95966,0,0.730982,0,0,0,0,0,0,1,1,1,0,1,w,m
3307,WORK,1,1,0.820906,0,1.03143,0,0,0,0,0.808358,0,0.795848,0,0,0,0,0,0,1,1,1,0,1,w,m
3308,WORK,1,1,0.803709,0,0.757072,0,0,0,0.540634,0.607634,0,0,0,0,0,0,0,0,1,1,0,0,1,w,m
3309,WORK,1,1,0.877355,0,0.539232,0.62968,0,0,0,0,0,0,0,0,0,0,0,1,1,1,0,0,1,w,m
3310,WORK,1,1,0.861604,0,0.580765,0,0,0,0,0,0,0,0,0,0,0,0,1,1,1,0,0,1,w,m
3311,WORK,1,1,0.883867,0,0,0.514348,0,0,0,0,0,0,0,0,0,0,0,1,1,1,0,0,1,w,m
35595,WORK,1,1,0.848326,1.088,0.723798,0,0.905627,0,0,0,1.41578,1.18549,0.541864,1.07588,2.68101,0,0.64328,0,1,1,1,1,1,w,m
3956,WORK,1,1,0.921422,0,0,0,0,0,1.43649,0,0,0.697033,0,0,0,2.07167,0,1,0,1,0,0,1,m,m
3957,WORK,1,1,0.930263,0,0,0.708608,0,0,1.1863,0,0,0.689788,0,0,0,1.11566,0,0,0,1,1,0,0,m,m
3958,WORK,1,1,0.912667,0,0,0.893763,0,0,1.15796,0,0,0.728488,0,0,0,1.36641,0,1,0,1,1,0,1,m,m
3959,WORK,1,1,0.929102,0,0,0.687317,0,0,0.74299,0,0,0.706105,0,0,0,2.02775,0,1,0,1,1,0,1,m,m
3960,WORK,1,1,0.900649,0,0,0,0,0,0,0,0,0,0,0,0,3.04464,0,1,0,1,1,0,1,m,m
3961,WORK,1,1,0.83439,0.824264,0,0,0,0,0,0,0,1.2668,0.694019,0,0,1.94737,0,1,0,1,1,0,1,m,m
3962,WORK,1,1,0.854969,1.18264,0,0,0,0,0.562715,0,0.519867,1.15861,0,0,0,1.92035,0.584858,1,0,0,1,0,1,m,m
3963,WORK,1,1,0.891309,0.910958,0,0,0,0,0.70552,0,0,1.3606,0.553947,0,0,2.15323,0.513524,1,0,0,1,0,1,m,m
3964,WORK,1,1,0.919373,0.635581,0,0,0,0,1.09554,0,0,1.49344,0,0,0,1.69496,0,1,1,0,1,0,1,m,m
3965,WORK,1,1,0.925567,0.769318,0,0,0,0,0.838729,0,0,1.42485,0.564132,0,0,1.30815,0,1,0,0,1,0,1,m,m
3966,WORK,1,1,0.934405,0.53141,0,0,0.656655,0,1.08027,0,0,1.47453,0,0,0,1.27263,0,1,1,0,1,0,1,m,m
3967,WORK,1,1,0.948118,0,0,0,0,0,0.99265,0,0,0,0,0,0,0,0.50499,1,0,1,1,0,1,m,m
3968,WORK,1,1,0.942094,0.707679,0,0,0,0,0.69817,0,0,1.08493,0,0,0.610496,0,0,1,0,0,1,0,1,m,m
3969,WORK,1,1,0.941535,0,0,0,0,0,0.820162,0,0,1.20014,0,0,0.827669,0,0,1,0,1,0,0,1,m,m
3970,WORK,1,1,0.944019,0,0,0,0,0,1.28649,0,0,1.45956,0,0,1.35906,0.813173,0,1,0,0,0,0,1,m,m
3971,WORK,1,1,0.937662,0,0,0,0,0,1.09765,0,0,1.52808,0,0,1.52888,0,0,1,0,0,0,0,1,m,m
3972,WORK,1,1,0.927466,0.911864,0,0,0,0,0,0,0,1.15861,0,0,1.3639,0.658809,0,1,0,1,0,0,1,m,m
3973,WORK,1,1,0.933586,0.87688,0,0,0,0,0.601431,0,0,1.0483,0,0,0.913085,0.514927,0,1,0,0,0,0,1,m,m
3974,WORK,1,1,0.911341,0.544526,0,0,0,0,1.12099,0,0,1.14112,0.807199,0,1.36689,0,0,1,0,1,1,0,1,m,m
3975,WORK,1,1,0.885172,0.546209,0,0.717007,0,0,1.64231,0,0,1.26236,0.871058,0,0.871744,0,0,1,0,1,0,0,1,m,m
3976,WORK,1,1,0.919863,0.987177,0,0,0,0,1.74652,0,0,1.1106,0.792573,0,0.838756,1.41158,0,1,0,1,0,0,1,m,m
3977,WORK,1,1,0.893426,1.50458,0.649528,0.574612,0,0,2.12437,0,0.566461,0.635489,0.778687,0,0,0.725761,0,1,0,1,0,0,1,m,m
3978,WORK,1,1,0.890469,1.62931,0.900028,1.17196,0,0,2.07434,0.7273,1.03532,0.84489,0.624743,0,0.747931,2.20412,0,1,1,1,0,0,1,m,m
3997,WORK,1,1,0.742079,0,0,0,0,0,0,0,0,0,0,0,0,0.736172,0,1,1,1,0,0,0,m,m
3998,WORK,1,1,0.810099,0,1.57228,0,0,0,0.768214,0,0.601281,0,0,1.02299,0,0,0,1,1,1,1,0,0,m,m
3999,WORK,1,1,0.810962,0.711625,1.71709,0,0,0,1.06384,0,0.589345,1.14619,0.61929,1.29182,0.927899,0,0,0,1,1,1,0,0,m,m
4000,WORK,1,1,0.737566,1.19477,2.75371,0.79625,0,0,1.97906,0,0.56153,0,0,0.985937,0,0.528914,0,1,0,1,1,0,1,m,m
4001,WORK,1,1,0.856455,1.25803,2.43611,0,0,0,1.74375,0,0,1.25223,0,0.566686,1.88964,1.35256,0,1,0,1,1,0,1,m,m
4002,WORK,1,1,0.782041,1.4269,1.7299,1.29722,0,0,1.97424,0,0,0.537112,1.34919,0,1.75018,1.2958,0.687524,1,0,1,1,0,1,m,m
4003,WORK,1,1,0.853471,1.47749,1.58904,1.30275,0.504024,0,1.2468,0.542113,0,0,1.10335,0,0.766905,0.747058,0.763445,1,1,1,0,0,1,m,m
4004,WORK,1,1,0.761685,1.59469,0.80855,1.21537,0,0,1.22274,0.547545,0.687257,0,0.906616,0,0.745976,0,0.589364,1,1,1,1,0,1,m,m
4005,WORK,1,1,0.825968,1.49268,0.952194,0.564993,0,0,1.07467,0,0.927945,0.863036,0,0,0.567521,1.12205,0.605722,1,1,0,1,0,0,m,m
4006,WORK,1,1,0.860023,0.931292,0.984655,0,0.856828,0,1.43303,0.672706,0.9753,0.662226,0,0,0.856518,1.46306,0,0,1,1,1,0,1,m,m
4007,WORK,1,1,0.875206,0.776127,0.828413,0,1.18881,0,1.10851,0,0.611907,1.19079,0.581599,0,1.45664,1.18493,0,1,1,1,1,0,1,m,m
4008,WORK,1,1,0.890792,0.592634,0,0,0,0,0.770941,0,0,1.08626,0.863434,0.512168,1.63019,2.47672,0,1,1,1,1,0,0,m,m
4009,WORK,1,1,0.871569,1.04915,0.725506,0,0.803425,0,1.15943,0,0,0.571641,0.554354,0,1.10136,1.71428,0,0,1,1,1,0,1,m,m
4010,WORK,1,1,0.865799,0.596905,0,0,0,0,1.11169,0,0,0,0.974621,0,1.19025,1.01618,0.584609,0,0,1,1,0,0,m,m
4011,WORK,1,1,0.815567,1.3859,0,0,0,0,0.883629,0,0,0,0,0,0.524107,1.65757,0.867537,0,0,0,0,0,1,m,m
4012,WORK,1,1,0.728579,1.1004,0,0.840171,0,0,0,0,0,0,0,0,0,0.951444,0.79674,1,0,1,0,0,1,m,m
4013,WORK,1,1,0.833004,1.20023,0,1.04204,0,0,0,0,0,0,0.692903,0,0,2.77666,0.703275,1,0,1,1,0,1,m,m
4014,WORK,1,1,0.8307,0,0,1.63517,0,0,1.77531,0,0,0,0,0,0,0.786054,0,1,0,0,0,0,1,m,m
4015,WORK,1,1,0.822445,0.6834,0.761341,1.50526,0,0,1.57085,0,0,0,0,0,0,1.84804,0,1,0,1,1,0,1,m,m
13535,WORK,1,1,0.947383,1.20988,0,0.585428,0,0,0.986355,0.614577,0,1.6889,0.814204,0.687004,0.591517,0,0,0,0,1,0,0,0,w,w
13536,WORK,1,1,0.94763,1.00775,0,0.791468,0,0,0.530788,0.563724,0,1.61471,1.04583,0.587365,0.680394,0,0,0,0,1,0,0,0,w,w
13537,WORK,1,1,0.944012,1.10498,0,0.617185,0,0,0.862596,0.558734,0,1.51185,0.739988,0.622756,0.601415,0,0,0,0,1,0,0,0,w,w
13538,WORK,1,1,0.951608,1.05223,0,0.751823,0,0,0.816016,0.614972,0,1.54299,0.755477,0.519012,0.721669,0,0,0,0,1,0,0,0,w,w
13539,WORK,1,1,0.942825,1.20875,0,0.787764,0,0,1.1075,0.619838,0,1.74697,0,0.560096,0,0,0,0,0,1,0,0,0,w,w
13540,WORK,1,1,0.950498,1.09859,0,0.703701,0,0,1.03819,0.632975,0,1.74428,0.74948,0.634135,0,0,0,0,0,1,0,0,0,w,w
13541,WORK,1,1,0.943469,0.973389,0,0,0,0,1.40577,0.573538,0,1.57057,0,0.535676,0.590081,0,0,0,0,1,0,0,0,w,w
13542,WORK,1,1,0.949339,1.09212,0,0.566065,0,0,1.00381,0.549818,0,1.30729,0,0.582062,0,0,0,0,0,1,0,0,0,w,w
13543,WORK,1,1,0.946001,0.990009,0,0.774923,0,0,0.837142,0.556887,0,1.37234,0.760002,0.694149,0,0,0,0,0,1,0,0,0,w,w
13544,WORK,1,1,0.94905,0.896707,0,0.931387,0,0,1.2275,0,0,1.45769,0.594487,0.710336,0,0,0,0,0,1,0,0,0,w,w
13569,WORK,1,1,0.771919,0.781811,0,1.36796,0.728486,0,0,0,0,0,0,0,0.67786,2.35383,0,1,0,0,0,0,0,w,w
13655,WORK,1,1,0.766038,0,0,0,1.60819,0,0,0.685047,0,1.25683,0.90862,0.726548,1.66749,0,0,0,1,0,0,0,0,w,w
13656,WORK,1,1,0.831036,0,0,0,0.909265,0,0,0.729129,0.524029,1.07834,0.843987,0.551188,1.0103,0,0,0,1,0,0,0,0,w,w
46713,WORK,1,1,0.978768,0.65496,0,0,0,0,0,0,0.917447,0.696825,1.11358,0,1.17031,0.60928,0,0,1,0,0,0,0,m,m
46714,WORK,1,1,0.984167,0.593819,0.570432,0,0,0,0,0,0.940997,1.0516,0.660367,0,0.87525,1.91209,0,0,1,0,1,0,0,m,m
46715,WORK,1,1,0.983473,0,0,0,0,0.565208,0,0.540497,1.10454,1.77698,0,0.521883,1.19653,1.14695,0,0,1,1,1,0,0,m,m
46716,WORK,1,1,0.987305,0,0.771937,0,0,0,0,0,0.788031,1.18807,0,0.515106,0.910428,1.46131,0,0,1,1,1,0,0,m,m
46717,WORK,1,1,0.993098,0.823283,1.09207,0,0,0,0,0,0,0.56642,0.557849,0.600419,0.67438,1.36962,0,0,1,1,1,0,0,m,m
46718,WORK,1,1,0.99249,1.71405,1.08855,0,0,0,0.951919,0,0,0,0.870458,0,0,0.904857,0.532242,0,0,1,1,0,0,m,m
569,WORK,1,1,0.813731,0.895086,1.4919,0.758759,0,0,0,0,0,0,0,0,0,0,0,1,0,1,1,0,0,w,m
1163,WORK,1,1,0.938281,1.17876,1.38767,0,0,0,0.684818,0,0,0,0,0,0,1.10762,0,0,0,1,0,0,0,w,m
1164,WORK,1,1,0.929866,1.15455,1.30153,0,0,0,0,0,0,0,0,0,0,2.02383,0,0,0,0,0,0,0,w,m
1165,WORK,1,1,0.922056,1.43707,1.24771,0,0.551096,0,0.573244,0,0.59162,0,0,0,0,2.21551,0,1,0,0,0,0,0,w,m
1166,WORK,1,1,0.947619,0.762467,1.04681,0,0,0,0.572025,0,0.55499,0,0,0,0,1.63147,0,1,0,0,0,0,0,w,m
1167,WORK,1,1,0.927583,0.681746,0.852789,0,0,0,0,0,0.571492,0,0,0,0,0.68238,0.54241,1,0,1,0,0,1,w,m
1222,WORK,1,1,0.84705,2.04544,2.84852,0,0,0,0.755106,0,0,0,0.612282,1.2228,0,0,0,0,0,0,1,0,0,w,m
1224,WORK,1,1,0.777335,1.98446,2.9091,0.500518,0,0,0,0,0,0,0,1.15817,0,0,0,0,0,0,1,0,0,w,m
1225,WORK,1,1,0.818368,1.75572,1.84664,0,0,0,0,0,0.54204,0,0,0.879388,0,0,0,0,0,0,1,0,0,w,m
1227,WORK,1,1,0.789038,0.997218,1.7075,0,1.02229,0,0,0,0,0,0,0,1.65238,0.636183,0,0,0,0,1,0,0,w,m
1228,WORK,1,1,0.819251,1.76854,2.7655,0,1.44508,0,0.928744,0,0,0,0,0,0.566961,1.64029,0,0,0,0,0,0,0,w,m
1229,WORK,1,1,0.772713,0.922642,1.40998,0,0.672197,0,0,0,0,0,0,0,2.03145,0,0,0,0,0,1,0,0,w,m
1230,WORK,1,1,0.788049,1.65175,1.49818,0,1.02211,0,0.670239,0,0,0,0,0,1.40964,0,0,0,0,0,0,0,0,w,m
1231,WORK,1,1,0.775919,1.67876,1.82189,0,0.776652,0,0.890657,0,0,0,0,0,1.15861,0,0,0,0,0,1,0,0,w,m
1232,WORK,1,1,0.814907,1.85126,1.60156,0,0.79206,0,0.896755,0,0,0,0,0,1.18692,0,0,0,0,0,1,0,0,w,m
1233,WORK,1,1,0.810774,2.01943,0.90712,0.683098,0.866219,0,0.780193,0,0,0,0,0.541428,1.90562,0,0,0,0,0,0,0,0,w,m
1234,WORK,1,1,0.774034,1.72141,0.978387,0.931159,1.26538,0,0,0,0,0,0,0.527423,1.80384,0,0,0,0,0,0,0,0,w,m
1245,WORK,1,1,0.735335,0.64457,0.789314,2.92348,0,0.941979,0,0.775946,1.43287,1.15289,0.717939,0,0.536659,0,0,1,1,0,0,0,1,w,m
1246,WORK,1,1,0.92939,0,0,0.500506,0,0,0,0,0.984349,0,0.570578,0,0,0,0,0,1,0,0,0,0,w,m
1247,WORK,1,1,0.92196,0,0,1.01207,0,0,0,0,0.901532,0,0,0,0,0,0,1,1,0,0,0,0,w,m
1248,WORK,1,1,0.876472,0,0,1.04661,0,0,0,0,1.01552,0,0,0,0,0,0,1,1,0,0,0,0,w,m
1249,WORK,1,1,0.87052,0,0,0.850913,0,0,0,0,1.11554,0,0,0,0,0,0,1,1,0,0,0,0,w,m
1250,WORK,1,1,0.860663,0,0.535401,0.820913,0,0,0,0,1.11963,0,0,0,0,0,0,1,1,0,0,0,0,w,m
1251,WORK,1,1,0.855179,0,0.656327,0.713781,0,0,0,0,1.03295,0.604488,0,0,0,0,0,1,1,0,0,0,0,w,m
1252,WORK,1,1,0.952952,0,0,0,0,0,0.53805,0,1.00292,0,0,0,0.580037,0,0,1,1,0,0,0,0,w,m
1253,WORK,1,1,0.957002,0.544972,0.941527,0,0,0,0.770398,0,1.05114,0,0,0,0,0,0,1,1,0,0,0,0,w,m
1254,WORK,1,1,0.95529,0.821568,0,0,0,0,0.770879,0,0.839287,0,0,0,0,0,0,0,1,0,0,0,0,w,m
1255,WORK,1,1,0.961276,0.981997,0,0,0,0,0.892144,0,0.687356,0,0,0,0,0.767174,0,1,1,0,0,0,0,w,m
1256,WORK,1,1,0.960102,1.15956,0.605169,0,0,0,0.984013,0,0.536165,0,0.523853,0,0,0.875629,0,1,1,0,0,0,1,w,m
1257,WORK,1,1,0.951658,1.189,0,0,0,0,0.779564,0,0,0,0,0,0,2.02877,0,1,1,0,0,0,1,w,m
1258,WORK,1,1,0.915359,1.6313,0.833362,0,0.703325,0,1.93011,0,0.734785,0,0.662701,0,0,1.74905,0.533029,0,1,1,0,0,0,w,m
8745,WORK,1,1,0.983771,0,0,0,0,0,0.579394,0,0,0.68859,0,0,1.64222,0,0,0,0,0,1,0,0,m,m
8746,WORK,1,1,0.986703,0,0,0.57402,0,0,0.647867,0,0,0.539786,0,0,1.18527,2.19942,0.514013,0,0,0,0,0,0,m,m
8747,WORK,1,1,0.979528,0,0,0,0,0,0,0,0,0,0,0,0.580589,2.38014,0.698896,0,0,0,0,0,0,m,m
8748,WORK,1,1,0.973591,0,0.517101,0.875322,0.556666,0,0,0,0,0,0,0,0.860995,3.21191,0.795366,1,0,0,0,0,0,m,m
8749,WORK,1,1,0.961506,0,0,0.796768,0,0,0,0,0,0,0,0,1.10026,3.1526,0.892074,1,0,0,0,0,0,m,m
8750,WORK,1,1,0.952985,0,0,0.715357,0.776142,0,0,0,0,0,0,0,0.510868,1.80551,0.992632,1,0,0,1,0,0,m,m
8751,WORK,1,1,0.948301,0,0,0,0.71278,0,0,0,0,0,0,0,0,1.31589,0.885763,1,0,0,0,0,0,m,m
8752,WORK,1,1,0.944323,0,0,0.621788,0.863092,0,0,0,0,0,0,0,0,0.540093,0.837478,1,0,0,0,0,0,m,m
8753,WORK,1,1,0.944807,0,0,0.617715,0.883866,0,0,0,0,0,0,0,0,0,0.78963,1,0,0,0,0,1,m,m
8754,WORK,1,1,0.952948,0,0,0.879152,1.05169,0,0.596094,0,0,0,0,0,0,0,0.697301,1,0,0,0,0,1,m,m
8755,WORK,1,1,0.96098,0,0.542706,0.660745,0.982919,0,0,0,0,0,0,0,0,0,0.640158,1,0,0,0,0,1,m,m
8756,WORK,1,1,0.973533,0,0,0.90296,0,0,0,0,0,0,0,0,0,1.00303,0,1,0,0,1,0,1,m,m
8757,WORK,1,1,0.979682,0,0,0.913214,0,0,0.507918,0,0,0,0,0,0,0.569107,0,1,0,0,1,0,1,m,m
8758,WORK,1,1,0.978422,0,0,0.947788,0,0,0.692056,0,0,0,0,0,0,0.743642,0,1,0,0,0,0,1,m,m
8759,WORK,1,1,0.979341,0,0,0.56278,0,0,0.755292,0,0,0,0,0,0,0,0,1,0,0,1,0,1,m,m
8760,WORK,1,1,0.976488,0,0,0.847825,0,0,1.07656,0,0,0,0,0,0,0,0,1,0,0,1,0,1,m,m
8761,WORK,1,1,0.97539,0,0,0,0,0,1.41052,0,0,0,0,0,0.943093,1.47956,0,1,0,0,1,0,1,m,m
8762,WORK,1,1,0.976633,0,0,0.530387,0,0,1.52082,0,0,0,0,0,1.01637,1.24199,0,1,0,0,1,0,1,m,m
8763,WORK,1,1,0.975439,0,0,0,0,0,1.5036,0,0,0,0,0,0.638785,1.29338,0,0,0,0,1,0,1,m,m
8764,WORK,1,1,0.975651,0,0,0,0,0,1.6265,0,0,0,0,0,0,1.39691,0,1,0,0,1,0,1,m,m
8765,WORK,1,1,0.976507,0,0,0.706168,0,0,1.5488,0,0,0,0,0,0.5032,0.974698,0,1,0,0,1,0,1,m,m
8766,WORK,1,1,0.974943,0,0,0.765646,0,0,1.55005,0,0,0,0,0,0.52624,1.10708,0,1,0,0,1,0,1,m,m
8767,WORK,1,1,0.972623,0,0,0.781235,0,0,1.42567,0,0,0,0,0,0.964861,1.1477,0,1,0,0,1,0,1,m,m
8768,WORK,1,1,0.973228,0,0,0.840154,0,0,1.36394,0,0,0,0,0,1.01587,1.32311,0,1,0,0,1,0,1,m,m
8769,WORK,1,1,0.973134,0,0,0.749324,0,0,1.10058,0,0,0,0,0,1.12094,1.28137,0,1,0,0,1,0,1,m,m
8770,WORK,1,1,0.97287,0,0,0.919982,0,0,1.5657,0,0,0,0,0,0.979819,1.71312,0,0,0,0,1,0,1,m,m
8771,WORK,1,1,0.961872,0,0,0.683669,0,0,2.09664,0,0,0,0,0,1.47459,2.09236,0,0,0,0,1,0,0,m,m
8772,WORK,1,1,0.955141,0,0,0.685255,0,0,2.38598,0,0,0,0,0,1.37176,1.66316,0,0,0,0,0,0,1,m,m
8773,WORK,1,1,0.9515,0,0.6186,0.793958,0,0,2.26437,0,0,0,0,0,1.6535,1.39364,0,0,0,0,1,0,0,m,m
8774,WORK,1,1,0.952955,0,0.67817,0.745075,0,0,2.38499,0,0.525465,0,0,0,1.69951,1.60191,0,0,0,0,0,0,0,m,m
8775,WORK,1,1,0.951957,0,0.561921,0.765102,0,0,2.25126,0,0.507566,0,0,0,1.60619,1.45896,0,0,0,0,0,0,0,m,m
8776,WORK,1,1,0.955928,0,0,1.02234,0,0,2.63985,0,0,0,0,0,1.2412,1.64092,0,0,0,0,0,0,0,m,m
8777,WORK,1,1,0.956424,0,0,0.803096,0,0,2.42234,0,0,0,0,0,1.71851,0.885451,0,0,0,0,1,0,0,m,m
8778,WORK,1,1,0.970695,0,0.754214,1.42876,0,0,2.17699,0,0,0,0,0,1.09942,1.22957,0,0,0,0,1,0,1,m,m
8779,WORK,1,1,0.975256,0,0.720127,1.08927,0,0,2.1924,0,0,0,0,0,0.718794,1.21574,0,0,0,0,1,0,1,m,m
8780,WORK,1,1,0.983801,0.691798,0.781354,1.24815,0,0,1.98758,0,0,0,0,0,0,1.16726,0,0,0,0,1,0,1,m,m
8781,WORK,1,1,0.986641,0.759951,0,1.02705,0,0,1.55904,0,0.550438,0,0,0,0.828818,0.966031,0,0,0,0,1,0,1,m,m
8782,WORK,1,1,0.987106,0.834492,0.562209,1.28318,0,0,1.37201,0,0,0,0,0,1.19221,0.901117,0,0,0,0,1,0,0,m,m
8783,WORK,1,1,0.985854,0.975832,0,1.00087,0,0,1.15754,0,0.69462,0,0,0,1.33608,0,0,0,0,0,1,0,0,m,m
8784,WORK,1,1,0.986643,0.956407,0,1.01039,0,0,0.982449,0,0.831119,0.675844,0,0,1.33529,0.78794,0,0,0,0,0,0,0,m,m
8785,WORK,1,1,0.98654,0.834366,0,0.986511,0,0,0,0,0.845628,0.549244,0,0,1.71007,0.774362,0,0,0,0,0,0,0,m,m
8786,WORK,1,1,0.988495,0.770317,0,0.887639,0,0,0,0,0.690207,0.731207,0,0,2.04947,0.681454,0,0,0,0,1,0,0,m,m
8787,WORK,1,1,0.989785,0.754228,0,0,0,0,0,0,0.587582,0.837904,0,0,1.71952,1.4872,0,0,0,0,0,0,0,m,m
8788,WORK,1,1,0.988749,0.751334,0.54061,0.668776,0,0,0,0,0.585889,0.54107,0,0,1.85101,2.03419,0,0,0,0,0,0,0,m,m
8789,WORK,1,1,0.985952,0.538433,0.536141,0,0,0,0,0,0,0,0,0,1.66155,1.51599,0,0,0,0,1,0,0,m,m
8790,WORK,1,1,0.982153,0,0,0,0,0,0,0,0,0,0,0,1.64688,0,0,0,0,0,1,0,0,m,m
8791,WORK,1,1,0.980673,0,0,0,0,0,0,0,0,0,0,0,1.17868,0,0,0,0,0,1,0,0,m,m
8792,WORK,1,1,0.978753,0,0,0,0,0,0,0,0,0,0,0,1.3919,0,0,0,0,0,1,0,0,m,m
8793,WORK,1,1,0.978167,0,0,0,0,0,0,0,0,0,0,0.559437,1.64525,0,0,0,0,0,1,0,0,m,m
8794,WORK,1,1,0.980658,0,0,0,0,0,0,0,0,1.00363,0,0.517328,1.32815,0,0,0,0,0,1,0,0,m,m
8795,WORK,1,1,0.983782,0,0,0,0,0,0,0,0.570007,1.06823,0,0.654139,1.39865,0,0,0,0,0,1,0,0,m,m
8796,WORK,1,1,0.983142,0.506315,0,0,0,0,0,0,0.525516,1.30215,0,0.62498,1.10408,0,0,0,0,0,1,0,0,m,m
8797,WORK,1,1,0.981428,0.802225,0,0,0,0,0,0,0.683056,1.54168,0,0.738889,1.21601,0,0,0,0,0,1,0,0,m,m
8798,WORK,1,1,0.98165,0.582723,0,0,0,0,0,0,0.59695,1.69476,0,0.88423,1.26286,0,0,1,0,0,1,0,0,m,m
8799,WORK,1,1,0.979002,0.858224,0,0,0,0,0,0,0.589104,1.46226,0,1.11897,1.01899,0,0,1,0,0,1,0,0,m,m
8800,WORK,1,1,0.97688,0.676394,0,0.639891,0,0,0,0,0.689982,1.49265,0,0.996567,0.569162,0,0,1,0,0,1,0,0,m,m
8801,WORK,1,1,0.967237,0.745018,0,0,0,0,0,0,0.779064,1.26781,0,1.13284,0,0,0,1,0,0,1,0,0,m,m
8802,WORK,1,1,0.967259,0.580027,0,0.569,0,0,0,0,0.862033,0.714354,0,0.860922,0,0,0,1,0,0,1,0,0,m,m
8803,WORK,1,1,0.963208,0,0,0.547868,0,0,0,0,0.907877,0.753816,0,0.874919,0,0,0,1,0,0,1,0,0,m,m
8804,WORK,1,1,0.961912,0,0,0.739136,0,0,0,0,0.699477,0,0,0.540859,0,0,0,1,0,0,1,0,0,m,m
8805,WORK,1,1,0.965204,0,0,0.742359,0,0.667672,0.779362,0.765636,0.702356,0.749464,0,0.592302,0,0,0,1,0,0,1,0,0,m,m
8806,WORK,1,1,0.968829,0,0,1.02782,0,0.719544,1.70871,0.775079,0.754202,0.905749,0,0,0,0,0,1,0,0,1,0,1,m,m
8807,WORK,1,1,0.96228,0,0,1.26483,0,0.813778,2.15496,1.08969,0.72505,0.89784,0,0,0,0.90756,0,1,0,0,1,0,1,m,m
8808,WORK,1,1,0.959274,0,0,1.5229,0,0.802566,2.60216,0.975436,0.871731,1.13508,0,0,0,1.17826,0,1,1,0,1,0,1,m,m
8809,WORK,1,1,0.963985,0,0,1.47715,0,0.772331,2.69897,1.01544,0.81823,0.969469,0,0,0,1.13012,0,1,1,0,1,0,1,m,m
8810,WORK,1,1,0.963784,0,0.542967,1.56637,0,0.721187,2.6779,0.934505,0.94214,0.984037,0,0,0,1.22408,0,1,1,0,1,0,1,m,m
8811,WORK,1,1,0.968001,0,1.16983,1.21181,0,0.710282,2.58592,0.992724,0.689981,1.14895,0,0,0,0.751441,0,1,1,0,1,0,1,m,m
8812,WORK,1,1,0.973377,0,1.33318,1.04212,0,0.735996,2.30634,1.06912,0.79604,1.28643,0,0,0,0,0,1,1,0,1,0,1,m,m
8813,WORK,1,1,0.977576,0,1.07036,0.811934,0,0.706317,2.6968,1.06655,0.769669,1.32023,0,0,0,0,0,1,1,0,1,0,1,m,m
8814,WORK,1,1,0.977511,0,0.886565,1.30041,0,0.667718,2.44296,0.934577,0.553004,1.27824,0,0,0.508944,0,0,1,1,0,1,0,1,m,m
8815,WORK,1,1,0.975008,0,0.715184,1.31505,0,0.777587,2.36351,1.09069,0.747151,1.34793,0,0.515442,0,0,0,1,1,0,1,0,1,m,m
8816,WORK,1,1,0.966518,0,0.739537,1.30907,0.750567,0.60961,2.40613,0.767808,0.547808,1.19773,0,0,0,0,0,1,0,0,1,0,1,m,m
8817,WORK,1,1,0.964727,0,0,1.11608,0.777104,0.506025,1.82864,0.628506,0.608187,1.02372,0,0,0,0,0,1,0,0,1,0,1,m,m
8818,WORK,1,1,0.959272,0,0,0.910811,0.775793,0,2.31679,0,0,0.640717,0,0,0.56363,0,0,1,0,0,1,0,1,m,m
8819,WORK,1,1,0.953756,0,0,0,0.508682,0,2.08293,0,0,0,0,0,0.553951,0,0,1,0,0,1,0,1,m,m
8820,WORK,1,1,0.96166,0,0,0.677685,0,0,2.11303,0,0,0,0,0,0.715838,0.711617,0,1,0,0,1,0,1,m,m
8821,WORK,1,1,0.965128,0,0,0,0,0,1.78804,0,0,0,0,0,0.657494,0,0,1,0,0,1,0,1,m,m
8822,WORK,1,1,0.962791,0,0,0.575487,0,0,1.79122,0,0,0,0,0,0.603459,0,0,1,0,0,1,0,1,m,m
8823,WORK,1,1,0.962007,0,0,0.626295,0,0,1.59886,0,0,0,0,0,0,0.605933,0,1,0,0,1,0,1,m,m
8824,WORK,1,1,0.965122,0,0,1.10826,0,0,1.71797,0,0,0,0,0,0,0.541834,0,1,0,0,1,0,1,m,m
8825,WORK,1,1,0.962478,0,0,0.879514,0,0,1.53162,0,0,0,0,0,0.591505,0,0,1,0,0,1,0,1,m,m
8826,WORK,1,1,0.965156,0,0,1.02492,0,0,1.55672,0,0,0,0,0,0,0.701927,0,1,0,0,1,0,1,m,m
8827,WORK,1,1,0.959333,0,0,0.861624,0,0,1.58003,0,0,0,0,0,0,0,0,1,0,0,1,0,1,m,m
8828,WORK,1,1,0.970106,0,0,0.824548,0,0,1.41798,0,0,0,0,0,0,0,0,1,0,0,1,0,1,m,m
8829,WORK,1,1,0.969419,0,0,0.745974,0,0,1.43092,0,0,0,0,0,0.807001,0,0,1,0,0,1,0,1,m,m
8830,WORK,1,1,0.969734,0,0,0.650221,0,0,1.15059,0,0,0,0,0,0.919247,0,0,1,0,0,1,0,1,m,m
8831,WORK,1,1,0.970497,0,0,0,0,0,1.46556,0,0,0,0,0,1.27133,0.908157,0,1,0,0,1,0,1,m,m
8832,WORK,1,1,0.974438,0,0,0.686696,0,0,1.16813,0,0,0,0,0,1.01953,0.654683,0,1,0,0,1,0,1,m,m
8833,WORK,1,1,0.972193,0,0,0.695401,0,0,1.16346,0,0,0,0,0,0.912118,0.51712,0,1,0,0,1,0,1,m,m
8834,WORK,1,1,0.957234,0,0,0.918817,0,0,1.81512,0,0,0,0,0,0,0,0,1,0,0,1,0,1,m,m
8835,WORK,1,1,0.947607,0,0,0.787072,0,0,1.33904,0,0,0,0,0,0,0,0,1,0,0,1,0,1,m,m
8836,WORK,1,1,0.927122,0,0,0.743474,0,0,1.47379,0,0,0,0,0,0,0,0,1,0,0,1,0,1,m,m
8837,WORK,1,1,0.932591,0,0,0.776872,0,0,1.25094,0,0,0,0,0,0,0.787202,0.550988,1,0,0,1,0,1,m,m
8838,WORK,1,1,0.971953,0.642338,0,1.37793,0,0,1.07766,0,0,0,0.565694,0,0.581463,1.8109,0.569144,1,0,0,1,0,1,m,m
8839,WORK,1,1,0.974141,0.642517,0,1.21444,0,0,1.17977,0,0,0,0.608495,0,0,1.93306,0.644813,1,0,0,1,0,1,m,m
8840,WORK,1,1,0.962444,0.510047,0,1.34492,0,0,1.34109,0,0,0,0.539043,0,0,0.56827,0.573103,1,0,0,1,0,1,m,m
8841,WORK,1,1,0.956473,0.568804,0,0.833472,0,0,0.50739,0,0,0,0,0,0,0,0.634712,1,0,0,1,0,1,m,m
8842,WORK,1,1,0.955323,0,0,0.956447,0,0,0,0,0,0,0,0,0.510311,0,0.682462,1,0,0,1,0,0,m,m
8843,WORK,1,1,0.954967,0,0,0.666916,0,0,0,0,0,0,0,0,0,0,0.792029,1,0,0,1,0,0,m,m
2220,WORK,1,1,0.808604,1.05258,0,1.52764,0.658719,0,0,0,0.686581,0,0,1.11844,1.83925,1.07648,0,0,1,1,1,0,0,w,w
2221,WORK,1,1,0.856034,0.924783,0.704765,1.15945,0.509049,0,0,0,0,0,0,1.11247,1.41434,0,0,0,0,1,1,0,0,w,w
2233,WORK,1,1,0.841204,1.4238,1.40234,1.4204,0,0.631105,1.85894,0.704136,0.534727,0.641018,0,1.1042,2.06581,0,0,0,1,0,1,0,0,w,w
2234,WORK,1,1,0.870975,1.85017,0,1.4689,0,0.760609,1.87995,0.620655,0.563769,1.59289,1.35766,0.987716,2.15078,1.5611,0,1,1,1,1,0,0,w,w
2235,WORK,1,1,0.880022,2.34093,0,1.96419,0,0.593876,1.0332,0,0,1.9144,0.536063,0.891013,1.71603,1.13349,0,1,0,0,0,0,0,w,w
2236,WORK,1,1,0.896928,1.79097,0,1.5348,0,0,0,0,0,1.34543,0.903787,1.08743,1.45752,0,0,1,0,0,0,0,0,w,w
2240,WORK,1,1,0.885784,0,0,1.79612,0,0,0,0,0.683625,0,0,0.894823,1.55643,0,0,0,1,1,0,0,1,w,w
2241,WORK,1,1,0.894989,0,0,1.06315,0,0,0,0,0.884465,0,0,1.06925,1.15539,1.01388,0,0,1,0,1,0,1,w,w
2242,WORK,1,1,0.877867,0,0,1.98909,0,0,0,0,0.83794,0,0,0.955203,1.32316,1.37424,0.642261,1,1,0,0,0,1,w,w
2243,WORK,1,1,0.889959,0,0,1.54654,0,0,0,0.507851,0,0.555906,0,1.63011,1.70797,0,0.74157,1,0,1,1,0,1,w,w
2244,WORK,1,1,0.876165,0.642678,0,1.40009,0,0,0.848973,0,0,0,0.544706,1.44853,2.26587,0.733074,0.761631,1,0,0,1,0,1,w,w
2245,WORK,1,1,0.865491,0.933891,0,0,0,0,1.79355,0,0.618713,0,0.724278,1.41974,2.3631,0,0.849879,0,1,1,1,0,1,w,w
2246,WORK,1,1,0.852538,0.96216,0,0,0,0,1.76662,0,0,0,0.785514,0.95652,2.35535,0.75663,0.794848,0,1,1,1,0,0,w,w
2247,WORK,1,1,0.827791,0.633964,0.890797,0,0,0,0.941883,0,0,0,0,0.641992,1.63022,0,0.688997,0,0,0,1,0,0,w,w
2248,WORK,1,1,0.726569,0.694976,0.514648,0,0,0,0.704385,0,0,0,0.91926,1.07269,1.13392,0,0.742643,0,1,1,1,0,1,w,w
2249,WORK,1,1,0.832657,1.16702,0.522882,0,0,0,1.06365,0,0,0,0.74981,1.05524,1.60392,1.36494,0.923262,1,1,1,1,1,1,w,w
2250,WORK,1,1,0.754011,0,1.16117,0,0,0,0,0,0,0,1.27893,0,1.55262,2.7647,0,1,0,1,0,1,1,w,w
2251,WORK,1,1,0.763658,0.918815,1.84861,0.696696,0,0,0.752239,0,0,0,0,0.559998,1.03263,2.69089,0,1,0,1,1,0,1,w,w
2252,WORK,1,1,0.849215,1.1593,1.49974,1.00153,0,0,0.827275,0,0,0,0,1.28243,1.1869,1.83297,0.580361,1,0,1,1,0,1,w,w
2253,WORK,1,1,0.833915,0.823186,0,0.787022,0,0,0,0,0,0,0.622912,1.27217,0.926016,2.56276,0.784348,1,0,1,1,0,1,w,w
2254,WORK,1,1,0.818915,0.577015,0,0.7322,0,0,0,0,0,0,0.654253,0.871102,0.947303,1.10894,0,1,0,1,1,0,0,w,w
2255,WORK,1,1,0.892322,0.727856,0,0.997187,0,0,0,0,0,0,0.625754,0.661494,1.12723,0.748548,0,1,0,0,1,0,0,w,w
2256,WORK,1,1,0.919534,0.715695,0,0.71332,0,0,0,0,0,0,0,0.629419,0,0,0,1,0,0,1,0,0,w,w
2257,WORK,1,1,0.927062,0.600226,0,1.03458,0,0,0,0,0,0,0.584855,0.619875,0,0,0,1,0,0,1,0,0,w,w
2258,WORK,1,1,0.938597,0,0,0.881819,0,0.608796,0,0.64444,0,0,0.941269,0.696034,0.719444,2.43773,0,1,0,0,0,0,0,w,w
2259,WORK,1,1,0.93743,0,0,1.01078,0,0.800016,0,0.781096,0,0.653965,1.02738,0.821278,0.873128,3.55548,0,0,0,0,1,0,0,w,w
2260,WORK,1,1,0.870353,0,0,0.799155,0,0.931413,1.16609,0.595443,0.765859,1.46099,1.4719,0,1.03086,2.31271,0,1,1,1,0,0,0,w,w
2261,WORK,1,1,0.748108,1.69314,0,0.927034,0,0.516418,1.54362,0,0,1.50432,0.675001,0.812012,1.50811,2.29663,0,1,0,0,0,0,0,w,w
2262,WORK,1,1,0.841423,1.53552,0,0,0,0.692533,0,0,0.87429,2.14419,0,0,0,0.961013,0,0,1,0,0,0,0,w,w
2263,WORK,1,1,0.871403,0.653317,1.12355,0.789925,0,0.752754,1.31956,0.611381,0.668942,0.50473,0,0,0,1.40957,0,0,1,0,1,1,0,w,w
2264,WORK,1,1,0.758506,1.66069,1.63169,0,0,0.624651,1.05289,0.576123,0,0,0,0,0,3.35344,0,0,0,0,0,1,0,w,w
2265,WORK,1,1,0.872087,1.9592,1.63819,0,0,0.689892,1.2045,0,0.525985,0,0.64761,0.770502,0.720592,3.4668,0,0,1,1,1,1,0,w,w
2266,WORK,1,1,0.848147,1.34748,0.989092,0.671809,0,0.634805,0.74874,0,0.557481,0.873135,0.864672,0.915256,1.50158,2.31691,0,0,1,1,1,0,0,w,w
2267,WORK,1,1,0.770363,1.88706,0.845602,1.23493,1.38398,0,0.644571,0,0,0,0,0.539822,1.87268,1.67962,0,0,0,0,0,0,1,w,w
2272,WORK,1,1,0.822801,1.02294,0,1.765,0,1.05968,1.0595,1.12937,0.836326,1.59593,0,1.15871,0.949538,0,0,1,1,0,1,0,0,w,w
2273,WORK,1,1,0.904322,1.56689,0,2.13956,0,0.983151,1.56306,0.957236,0.786281,1.76648,0,1.07124,1.17701,0.840984,0,1,1,0,0,0,0,w,w
2274,WORK,1,1,0.890041,0.529385,0,1.59199,0,0.999668,1.14375,0.890471,0.994742,1.92347,0,1.02245,1.05233,1.77372,0,0,1,0,0,0,0,w,w
2275,WORK,1,1,0.88996,0.724901,0,1.44109,0,0.66587,0,0.713474,0.876399,1.49968,0,1.29041,1.2593,0,0,0,0,0,0,0,0,w,w
2276,WORK,1,1,0.730394,0.604518,0,3.19522,0,0,0.83908,0.601638,0,0,0,1.40544,0.836459,0,0,1,0,0,1,1,1,w,w
2277,WORK,1,1,0.949771,0,0,1.13512,0,0,0,0,0.801026,1.22666,0.635172,1.12779,0.903066,0,0,0,1,1,1,0,1,w,w
2278,WORK,1,1,0.955798,0,0,1.17903,0,0,0,0,0.615107,0.644709,0,1.17378,0.940649,0,0,0,0,1,1,0,1,w,w
2279,WORK,1,1,0.963503,0.644135,0,1.32528,0,0,0,0,0.545494,0,0,1.22983,0,1.22019,0,0,1,1,1,0,1,w,w
2280,WORK,1,1,0.956918,0.53189,0,1.19504,0,0,0,0,0,0,0.60239,1.02069,0.724085,1.06704,0,0,0,1,1,0,1,w,w
2281,WORK,1,1,0.956761,0,0,1.26146,0,0,0,0,0,0,0,1.14594,0.60549,2.39415,0,0,0,1,0,0,1,w,w
2282,WORK,1,1,0.934522,0,0,1.30228,0,0.512865,0,0,0,1.17949,0,1.88449,1.03908,0.632659,0,1,1,1,0,0,1,w,w
2283,WORK,1,1,0.912065,0,0,1.45333,0,0.504511,0,0,0,1.97463,0,1.44183,1.63773,1.59592,0,1,1,1,1,0,0,w,w
2284,WORK,1,1,0.873495,0.734429,0,1.74707,1.04838,0,0.540752,0,0.850842,0,0,0,0,1.33845,0.522341,1,1,1,1,0,0,w,w
2285,WORK,1,1,0.87463,0,0,1.67104,0.645256,0.635047,0,0,1.45938,1.91823,0,0.506839,0,1.57362,0,1,1,0,1,0,0,w,w
2324,WORK,1,1,0.861198,1.51462,0,0,1.2507,0,0,0,1.1857,0.846786,0,1.09477,2.00492,1.10311,0,0,1,0,1,0,0,w,w
2325,WORK,1,1,0.90433,1.62797,0,0,1.55756,0,0,0,1.352,1.23071,0,0.92014,1.51526,0,0,0,1,0,1,1,0,w,w
2339,WORK,1,1,0.844896,0.574907,0,1.68903,0,0,0,0,0,1.36571,0,1.24437,1.90856,0,0.72862,1,0,1,0,1,0,w,w
2340,WORK,1,1,0.908349,1.00682,0,1.76265,0,0,0,0,0.679218,1.30966,0,1.32014,0.857948,1.02979,0.593579,0,0,1,0,1,0,w,w
2341,WORK,1,1,0.893766,1.35091,0,1.62593,0,0,0,0,0,0.983039,0,1.53705,1.45816,0,0,1,0,1,0,1,0,w,w
2342,WORK,1,1,0.87501,0.835835,0,0.864344,0,0,0,0,0,0.585263,0,1.15994,1.01688,1.09001,0,0,0,0,0,0,1,w,w
2343,WORK,1,1,0.88812,1.00273,0.620333,0.681821,0,0,0,0,0,0,0,1.35879,1.20638,1.18054,0,0,0,0,0,0,1,w,w
2344,WORK,1,1,0.878795,0,0,0,0.532976,0,0,0,0,0.577849,0,1.24357,1.78877,0.591072,0,0,1,0,0,0,1,w,w
2345,WORK,1,1,0.821707,0,0.589925,0,0,0,0,0,0,1.11722,0,1.05912,1.88053,0,0,0,1,0,0,0,0,w,w
2346,WORK,1,1,0.78963,0,0,0,0,0,0,0,0,1.13688,0,0.717846,2.11434,0,0,0,1,0,0,0,1,w,w
2347,WORK,1,1,0.866166,0,0,0,0.561083,0,0,0,0,0,0,0.715324,1.55918,0,0,0,1,0,0,1,0,w,w
2350,WORK,1,1,0.746946,0.598735,0,0,0.667088,0,0,0,0,0,0,0,0,0,0.580423,0,0,0,0,0,0,w,w
2351,WORK,1,1,0.814609,0.631368,0.799086,0,0,0,0,0,0,0,0,0,0,0.962322,0,0,0,0,0,0,0,w,w
2352,WORK,1,1,0.875775,0,0,0.614239,0,0,0,0,0,0,0,0.622412,0.711428,1.10719,0,0,0,0,0,0,0,w,w
2353,WORK,1,1,0.845793,0.991485,0.828239,1.04565,0,0,0,0.553372,0.548486,0,0,0.712436,1.42252,1.22279,0,0,0,0,0,0,1,w,w
2354,WORK,1,1,0.906392,0,0.692729,0.653257,0,0,0,0,0,0,0,0.575061,1.59428,0.688783,0,0,0,1,0,0,1,w,w
2355,WORK,1,1,0.871575,0,0,0.624384,0,0,0,0,0,0,1.05719,0,0.527625,1.57575,0.756518,0,0,1,0,0,0,w,w
2356,WORK,1,1,0.87148,0,0.72309,0,0,0,0,0,0,0,1.14066,0,0.841691,2.18099,0.802325,0,0,0,0,0,0,w,w
2357,WORK,1,1,0.905342,0.896386,0.917385,0,0,0,0,0,0,0,1.40071,0,0,2.29221,0.689112,0,0,1,0,0,0,w,w
2360,WORK,1,1,0.916973,1.45114,0.676119,2.97378,1.58614,0.700285,0,0,0.837038,0.891465,0,0.572079,1.77602,2.69274,0.977422,0,0,0,0,0,1,w,w
2361,WORK,1,1,0.922762,1.50221,0.696443,1.0936,0,0,0,0,0.524607,1.57072,0.661985,0.629637,1.2918,1.10028,0.628587,0,0,1,0,0,0,w,w
2362,WORK,1,1,0.909836,0.785129,0,0,0,0.737231,0,0,0.938245,1.39375,0,0.927468,1.0274,1.63276,0,0,1,1,0,0,0,w,w
2363,WORK,1,1,0.917373,1.30778,0,0.78283,0.876424,0.647389,0,0,0.515589,0,0,1.08201,1.60335,1.98542,0,0,0,1,0,0,1,w,w
2365,WORK,1,1,0.743277,0,0,0,0,0,0,0,0,0,0,0.638954,1.37452,0,0,0,0,1,0,0,0,w,w
2366,WORK,1,1,0.92691,0,0,0,0,0,0,0,0,0.633486,0,0.947617,1.20837,0,0,0,0,0,0,0,0,w,w
2367,WORK,1,1,0.915133,0.756814,0,1.12965,0.636056,0.667194,0,0,0,0.904988,0,1.46137,1.40871,0,0,0,0,1,0,0,0,w,w
2368,WORK,1,1,0.91455,0.839564,0,0.788596,0,0,0,0,0,0,0,0.939105,0.56593,1.06838,0,0,0,1,0,0,0,w,w
2369,WORK,1,1,0.818168,0.647189,0,0,0,0,0,0,0,0,0,0.750105,0.908949,0.980059,0.970572,0,0,0,0,1,0,w,w
2370,WORK,1,1,0.72915,1.18343,0,0.629092,0,0,0,0,0,0,0,0.553997,1.69259,0.51066,0.98272,0,0,0,0,0,0,w,w
2372,WORK,1,1,0.730077,1.51396,0,0.529215,0,0,0,0,0,0,0,1.11643,1.86037,2.46025,0.53037,1,0,0,0,0,0,w,w
2375,WORK,1,1,0.885687,0.935024,1.02654,0.549804,0,0,0,0,0,1.53077,0,0.829581,1.53537,0,0,0,1,1,0,1,0,w,w
2376,WORK,1,1,0.910139,0.559615,0,0.559594,0.698446,0,0,0,0.602815,1.6597,0,1.02264,0.546005,2.21711,0,0,1,1,0,1,0,w,w
2377,WORK,1,1,0.877115,0.759473,0,0.979326,0.868931,0,0,0,1.1913,1.31421,0,1.39828,1.19636,1.80435,0,0,1,1,1,0,0,w,w
2378,WORK,1,1,0.857676,0.661701,0,0.954079,0.529259,0,0,0,0.629169,1.26587,0,1.49076,2.03136,1.54615,0,0,1,1,1,1,0,w,w
2379,WORK,1,1,0.908531,0.746976,0.726102,0,0.767122,0,0,0,0.634124,1.33763,0,1.38136,1.3139,0.673938,0,0,1,1,0,1,0,w,w
2380,WORK,1,1,0.929503,0.805114,0,1.37694,0,0,0,0,0,1.4207,0,1.19314,1.52065,0.895441,0,0,1,1,0,1,0,w,w
2381,WORK,1,1,0.937415,1.37958,0.739325,1.17922,0.551127,0,0,0,0.612705,1.41906,0,1.45817,1.582,1.48666,0,0,0,1,0,1,0,w,w
2383,WORK,1,1,0.890022,0.645135,0,0,0.561594,0,0,0,0.687818,0,1.81428,0,1.03067,0,0,0,1,0,0,0,0,w,w
2384,WORK,1,1,0.728201,1.68915,0.679435,0.593163,0.717464,0,0,0,0,0,0,0,2.56496,1.18969,0,0,0,0,0,0,0,w,w
2396,WORK,1,1,0.840514,0.770614,0,0,0.607754,0,0,0,0,0.582913,0,0.938215,0.636225,0,0,0,0,0,1,0,0,w,w
2400,WORK,1,1,0.938326,0.706599,0,0.548879,0,0,0,0,1.3864,2.2411,0,1.15574,1.91469,0,0,0,1,1,0,0,0,w,w
2401,WORK,1,1,0.925152,1.17626,0,0,0,0,0,0,1.57061,2.59864,0.538985,1.14962,2.23471,0,0,0,1,1,1,0,0,w,w
4312,WORK,1,1,0.798137,0.658863,0,0.944871,0,0.563145,0.62202,0.529221,1.12499,3.40206,0.587128,1.06792,1.2569,1.48963,0,0,1,0,0,1,0,w,w
4322,WORK,1,1,0.89711,0.844348,0,1.23069,0,1.61241,1.05815,1.47929,2.05105,2.76996,0,1.12023,0.566317,0.934627,0,0,1,0,0,1,0,w,w
4323,WORK,1,1,0.913894,0.899767,0,1.16987,0,1.35615,0.959873,1.15946,1.84821,2.33866,0,1.15338,0,1.49305,0,0,1,0,0,0,0,w,w
4328,WORK,1,1,0.897681,0,0,1.34941,0,1.29234,1.37026,1.18435,2.11734,2.01877,0,0,0,3.26325,0,0,1,0,0,0,0,w,w
4333,WORK,1,1,0.930837,0.551996,0,0.878883,0,1.5081,0,1.32209,2.15736,2.12212,0,0,0,3.66502,0,0,1,0,0,0,0,w,w
4334,WORK,1,1,0.919919,0.571306,0,0.507225,0,1.52371,0,1.31148,2.332,2.18002,0,0,0,3.67318,0,0,1,0,0,0,0,w,w
4335,WORK,1,1,0.924584,0.867572,0,0.68408,0,1.53797,0,1.37897,2.13889,2.14295,0,0,0,3.2452,0,0,1,0,0,0,0,w,w
4336,WORK,1,1,0.935427,0,0,0.817013,0,1.48132,0,1.26443,2.03166,2.16163,0,0,0,3.59656,0,0,1,0,0,0,0,w,w
4337,WORK,1,1,0.920106,0.598189,0.614456,0.804857,0,1.454,0,1.25244,2.00641,1.92975,0,0,0,3.74966,0,0,1,0,0,0,0,w,w
4338,WORK,1,1,0.944138,0,0,1.27083,0,1.54367,1.15063,1.28657,2.11911,1.88653,0,0,0,2.81079,0,0,1,0,0,0,0,w,w
4339,WORK,1,1,0.93772,0,0,0.891111,0,1.47813,0.999073,1.34946,2.10737,1.90127,0,0,0,2.36813,0,0,1,0,1,0,0,w,w
4340,WORK,1,1,0.924921,0.878472,0,1.06297,0,1.53016,0,1.27951,2.07213,2.26917,0,0,0,2.50645,0,0,1,0,0,0,0,w,w
4341,WORK,1,1,0.906126,0.767688,0.878184,0.614674,0,1.43675,0,1.16225,1.92076,2.35708,0,0,0,2.43436,0,0,1,0,0,0,0,w,w
4342,WORK,1,1,0.892125,0.628508,0.726211,0.889892,0,1.38,0.501343,1.09868,1.77629,2.44451,0,0,0,2.06611,0,0,1,0,0,0,0,w,w
4343,WORK,1,1,0.908835,0,0,0.754974,0,1.36227,0,1.25358,1.91495,2.41859,0,0,0,2.30596,0,0,1,0,0,0,0,w,w
4344,WORK,1,1,0.900728,0.909977,0.850286,0.97855,0.661202,1.23916,0,1.20489,1.72108,2.32873,0,0,0,2.14689,0,0,1,0,0,1,0,w,w
4345,WORK,1,1,0.881088,1.45448,1.1351,1.13336,0,1.20391,0,0.98337,1.9785,2.64721,0,0,0,2.68156,0,0,1,0,0,1,0,w,w
4346,WORK,1,1,0.868079,1.32406,0.934646,0.647244,0,1.24081,0.588827,0.979807,1.64066,2.78883,0,0.528716,0,2.20882,0,0,1,0,0,1,0,w,w
4347,WORK,1,1,0.889185,1.27893,0.915828,0,0.51917,1.31906,0.575779,1.22138,2.28,2.61515,0,0,0,3.19077,0,0,1,0,0,1,0,w,w
4348,WORK,1,1,0.908084,0.959318,0.577075,0.72817,0,1.35585,0.740833,1.28569,2.05647,2.77497,0,0,0,2.95267,0,0,1,0,0,1,0,w,w
4349,WORK,1,1,0.905622,1.09364,0.855899,0,0.563907,1.39713,0,1.34485,2.29363,2.81059,0,0,0,3.09675,0,0,1,0,0,1,0,w,w
4350,WORK,1,1,0.889783,1.44865,0,0.845154,0.747179,1.29265,0.929202,1.03161,2.27763,2.99597,0,0,0,2.66539,0,0,1,0,0,0,0,w,w
4351,WORK,1,1,0.873501,1.45977,0.792933,0.64713,0,1.3953,0,1.22972,2.41853,2.71063,0,0,0,2.55883,0,0,1,0,1,1,0,w,w
4352,WORK,1,1,0.903936,1.02505,0.921864,1.37449,0,1.44455,0,1.28845,2.31826,3.00654,0,0,0,2.78158,0,0,1,0,1,1,0,w,w
4353,WORK,1,1,0.896774,1.27417,0.709379,1.95574,0.537483,1.34397,1.75448,1.16014,2.0613,2.97554,0,0,0,2.35679,0,0,1,0,0,0,0,w,w
4354,WORK,1,1,0.820738,0,0,2.12866,0,1.44139,0,1.16066,2.23083,2.51725,0,0,0,2.92265,0,0,1,0,0,0,1,w,w
4355,WORK,1,1,0.838106,0,0,2.18699,0,1.32434,0.831471,1.24403,2.10337,2.41211,0,0,0,2.34826,0,0,1,0,0,0,1,w,w
4356,WORK,1,1,0.837231,0.753156,0.640656,2.01584,0,1.2174,1.69037,0.974323,1.59483,1.29528,0,1.226,0,0,0,0,1,0,1,0,0,w,w
4358,WORK,1,1,0.821221,0,0.643653,1.31333,0,1.15471,2.12351,1.05854,0.639404,1.65879,0,0.783848,0,0,0,0,1,0,1,0,0,w,w
4359,WORK,1,1,0.966604,1.01252,1.68224,1.69483,0,0.960083,2.04572,0.838354,0,1.21402,0,1.65664,0,0,0,1,0,0,1,0,1,w,w
4360,WORK,1,1,0.972145,0.719539,1.06912,2.3019,0,0,1.88811,0,0,0.989767,0,1.50184,0,0,0,1,0,1,1,0,1,w,w
4361,WORK,1,1,0.9703,0.613295,1.19916,2.04676,0,0,1.19078,0,0,0.922292,0,1.56643,0,0,0,1,0,1,1,0,1,w,w
4362,WORK,1,1,0.879904,0.541313,0,1.77291,0,0,1.50973,0,0,1.07802,0,1.01579,0,0,0,1,0,0,0,0,0,w,w
4363,WORK,1,1,0.886656,0.784858,0.632482,2.33546,0,0.581376,1.42466,0,0.820566,2.12922,0.916969,1.24637,0,0,0,1,0,1,0,0,0,w,w
4364,WORK,1,1,0.881461,0.620687,0.526995,2.16642,0,0.578091,1.57087,0.516681,1.14806,2.18417,0.624798,1.08149,0,0,0,0,1,1,0,0,0,w,w
4365,WORK,1,1,0.830187,0,0,1.41705,0,0,0.753401,0,0.868986,1.39553,0.601426,0,0.547763,0,0,0,1,1,0,0,0,w,w
4366,WORK,1,1,0.818369,1.33707,0,1.56976,0,0,1.09526,0,0,1.6744,1.30127,0.815607,1.25053,1.79293,0.578609,1,0,1,1,1,0,w,w
4399,WORK,1,1,0.916368,1.23679,0.79065,1.98063,0,0.890227,0,0.91566,0.930304,1.79168,0,1.68495,2.14894,0,0,0,1,1,0,1,0,w,w
4401,WORK,1,1,0.778631,0,0,1.67751,0,0,0.567335,0,0,0.663457,0,0.84118,1.57232,0,0.727551,0,1,1,0,0,1,w,w
4402,WORK,1,1,0.873412,0.522499,0.506545,1.85742,0,0.654879,0,0.578065,0,2.16492,1.08273,1.49356,2.44329,0,0,1,1,1,1,0,1,w,w
4403,WORK,1,1,0.93576,0,0,1.22732,0,1.09147,0.94943,0.965927,0.511892,2.05154,0,1.43196,1.18722,0,0,1,1,0,1,0,0,w,w
4404,WORK,1,1,0.860318,0,0,0.805205,0,1.32795,1.39369,1.01836,1.00877,1.58764,0,1.34601,0,0.903296,0,0,1,0,0,0,0,w,w
4405,WORK,1,1,0.820728,0,0,0.761008,0,1.02187,0.653118,0.882837,1.10421,0.695595,0,1.15328,0,1.17438,0,1,1,0,0,0,0,w,w
4406,WORK,1,1,0.85375,0,0,1.05256,0,1.13161,0.597634,1.11237,1.08807,1.05328,0,0.977132,0.545912,0.919584,0,1,1,0,1,0,1,w,w
4407,WORK,1,1,0.910991,0,0,1.27067,0,1.20259,0.714434,1.15477,0.9296,1.34498,0,0.706582,0.520025,1.78545,0,1,1,0,1,0,1,w,w
4408,WORK,1,1,0.911204,0,0,1.67045,0,1.12655,0.549973,0.920648,0.87,1.52007,0,0,0,1.64555,0,0,1,0,1,0,1,w,w
4409,WORK,1,1,0.933706,0.780758,0,0.901326,0,1.15962,0.739095,0.866342,1.11124,1.77497,0,0.854761,0.697748,1.57609,0,0,1,0,1,0,0,w,w
4410,WORK,1,1,0.886794,0.526351,0.958929,1.11137,0,0.958591,1.03905,0.525719,0,2.06964,0,1.16125,1.23689,1.94989,0,0,1,1,1,0,0,w,w
4411,WORK,1,1,0.847627,0.806935,0.96279,1.38228,0,0.744721,1.22354,0,0,1.68488,0,0.865711,0.740833,1.60971,0,0,0,1,1,1,0,w,w
4412,WORK,1,1,0.890195,0,0,1.57304,0,0,1.13314,0,0,0.830202,1.49652,0,0.848115,1.40405,0,1,0,1,1,0,1,w,w
4413,WORK,1,1,0.897684,0.757019,0,1.91173,0,0.704346,0.670704,0.689997,0,1.06501,0.899988,0,0,2.5262,0,1,0,1,1,0,0,w,w
4414,WORK,1,1,0.962773,0,0,2.71435,0,0.668447,1.39036,0.604723,0.531306,0.702588,0,0,0,2.15608,0,1,1,0,1,0,1,w,w
4415,WORK,1,1,0.913721,0,0,2.46981,0,0.650907,1.93328,0.613212,0.606182,0.973058,0,0.877483,0,1.20095,0,1,1,1,1,0,1,w,w
4416,WORK,1,1,0.886793,0,0,1.95935,0,0.843493,0.756444,0.735961,1.03027,0,0,1.02449,0,0,0,1,1,0,1,0,1,w,w
4417,WORK,1,1,0.865845,0,0,2.36106,0,0.802326,1.25601,0.762777,0.857684,1.28173,0,0.916666,0,0.779048,0,1,1,1,1,0,1,w,w
4418,WORK,1,1,0.925723,0,0,2.80012,0,0.752166,1.58833,0.687483,0.716352,1.19734,0,0.844408,0,1.17019,0,1,1,1,1,0,1,w,w
4419,WORK,1,1,0.850949,0,0,2.9369,0,0.833659,2.301,0.935972,0.68583,1.1395,0,0.782649,0.797389,1.67708,0,1,1,0,1,0,1,w,w
4420,WORK,1,1,0.937064,0,0,2.85958,0,0.714065,2.94133,0.740491,0,0.794143,0,0.549086,0.813736,1.22681,0,1,1,0,1,0,1,w,w
4421,WORK,1,1,0.952015,0,0,2.87761,0,0.791625,2.21578,0.796061,0,0.702061,0.661698,0.552311,0,1.5313,0,1,1,1,1,0,0,w,w
4422,WORK,1,1,0.926209,0,0,2.62675,0,0.928424,2.54322,1.0119,0.830578,1.05991,0,0.533029,0,2.74821,0,1,1,0,1,0,1,w,w
4423,WORK,1,1,0.946245,0,0,2.23424,0,0.987013,2.75449,1.09185,1.04396,1.32596,0,0.812622,0,2.49366,0,1,1,0,1,0,1,w,w
4424,WORK,1,1,0.960628,0,0,2.0832,0,0.80783,2.17546,0.811223,0,1.34459,0,0.973686,0,1.45739,0,1,1,1,1,0,1,w,w
4425,WORK,1,1,0.90396,0,0.543938,1.80444,0,0.84722,1.74172,0.908828,0.635454,1.82808,0,0.983904,0,0.630397,0,1,1,0,1,0,1,w,w
4428,WORK,1,1,0.785378,0.806301,0,1.96814,0,0,1.33989,0,0.552016,0.783029,1.12192,0.539078,0.769255,1.388,0,1,0,1,1,0,1,w,w
4429,WORK,1,1,0.898195,0,0.675748,1.73772,0,1.01587,1.51267,1.20078,0.837329,1.31826,0,0.886027,0,0.582212,0,1,1,0,1,0,0,w,w
4430,WORK,1,1,0.902153,0,0,2.29666,0,1.09804,1.63047,1.09746,0.954334,2.11699,0.627811,1.01157,0.501143,1.37719,0,1,1,1,1,0,0,w,w
4431,WORK,1,1,0.749595,0.874265,0.636729,1.56181,0,0.793546,1.7756,0.905213,0,1.57153,0,0.83218,2.01892,2.61313,0,1,1,1,1,0,0,w,w
4434,WORK,1,1,0.908984,0.741261,0,1.67425,0,0.809001,0,0.647572,1.25273,2.38316,0,0,0,1.73891,0,0,1,0,1,1,0,w,w
4435,WORK,1,1,0.906492,0.943271,0,2.00362,0,0.743197,0,0.605412,1.26612,2.58254,0,0.530047,0,1.61342,0,1,1,0,0,1,0,w,w
4452,WORK,1,1,0.908738,0.730996,0,1.72122,0,0,0,0,0,1.67547,0,0.796835,0.928915,0.988551,0,1,1,1,0,0,0,w,w
4453,WORK,1,1,0.942001,0.676474,0,1.31414,0,0.639442,0,0.723967,0.586587,1.94415,0,1.34568,1.42153,0.676544,0,0,1,1,0,0,0,w,w
4454,WORK,1,1,0.901461,0.932266,0,1.40732,0,0.672944,0,0.575994,0.541804,1.74239,0,1.60782,1.01727,0,0,0,0,1,0,1,0,w,w
4455,WORK,1,1,0.889189,0.714673,0,1.59051,0,0.575447,0,0.735936,0.621216,1.52845,0.523439,1.40684,1.48603,1.10698,0,0,1,1,0,0,0,w,w
4456,WORK,1,1,0.8972,0,0,1.34511,0,0.65513,0,0.647292,0.874892,1.52815,0,1.30994,1.59574,0.652663,0,0,1,1,0,0,0,w,w
4457,WORK,1,1,0.921905,0,0,1.73285,0,0.692476,0,0.522558,0.755927,1.60968,0,1.19729,1.13537,0,0,0,1,1,0,0,0,w,w
4458,WORK,1,1,0.930552,0,0,1.51152,0,0.628919,0,0,0,1.37853,0,1.45642,1.12709,0,0,0,0,1,1,0,0,w,w
4459,WORK,1,1,0.913157,0,0,1.19584,0,0,0,0.50798,0.637067,1.31229,0,1.70665,2.01159,0,0,0,1,1,0,1,0,w,w
4477,WORK,1,1,0.87309,1.5333,0.562955,1.55761,0,0,1.98575,0,0.695527,1.11761,0.574994,1.23646,1.0143,0,0,1,1,0,1,0,0,w,w
4478,WORK,1,1,0.799351,0.994481,0,0.789606,1.12442,0,0,0,0.998101,0.554689,0,0,0.761887,0,0,0,1,0,1,0,0,w,w
5856,WORK,1,1,0.928939,1.09476,0,1.00488,0.81853,0,0,0,0.784504,1.82368,0,0.534095,0.545935,0,0,0,1,1,1,0,0,w,w
5857,WORK,1,1,0.927411,1.30704,0.53246,1.16176,1.17113,0.542236,0.704778,0.559657,1.03083,2.17734,0,0.556712,0.534007,1.10101,0,0,1,0,0,0,0,w,w
5858,WORK,1,1,0.925517,1.36154,0,0.953589,0,0,0.580647,0,1.13644,1.40897,0,0,0,1.41303,0,0,1,1,1,0,0,w,w
5863,WORK,1,1,0.892727,1.29894,0,0.962217,0.502032,0.529588,0,0,0,0.778683,0,0,0,1.65551,0,0,0,1,0,0,0,w,w
5864,WORK,1,1,0.938154,0,0,1.25984,0,0.794333,1.22918,0.767996,0.735918,1.09238,0,0.946511,0,1.06824,0,0,1,0,0,0,1,w,w
5865,WORK,1,1,0.945817,0,1.02334,2.33941,0,0.820449,1.73745,0.844833,0,0.93868,0,1.08321,0,1.08354,0,0,1,1,0,0,1,w,w
5866,WORK,1,1,0.947702,0,0.64888,2.82446,0,0.566575,1.96576,0,0,1.38961,0,0.859095,0,1.07993,0,1,1,0,0,0,1,w,w
5867,WORK,1,1,0.970019,0.722696,1.14068,2.98194,0,0.67928,1.9514,0.60603,0,1.5575,0,0.986384,1.03299,1.32734,0,1,1,0,0,0,1,w,w
5868,WORK,1,1,0.93216,0.530985,1.16968,1.78917,0,0.547792,1.53406,0.549167,0,2.10411,0,0.747986,0.65412,2.15671,0,0,1,0,0,0,1,w,w
5869,WORK,1,1,0.918092,0.737578,1.36529,1.80876,0,0.661528,1.41024,0.654704,0,1.80143,0,0.870818,0.990304,1.5931,0,0,1,0,0,0,0,w,w
5870,WORK,1,1,0.918801,0.67255,1.33064,1.86428,0,0.559243,1.43925,0.553656,0,1.82735,0,0.832211,1.27326,1.93661,0,0,1,0,0,0,0,w,w
5871,WORK,1,1,0.922957,0.612611,1.43317,2.19056,0,0.595387,1.72892,0.647798,0,1.86365,0,0.901156,1.3654,2.10206,0,1,1,0,0,0,0,w,w
5872,WORK,1,1,0.93407,0.929801,1.61493,1.93322,0,0,1.47943,0.534102,0,1.8681,0,1.03363,0.623866,1.90428,0,0,1,0,0,0,0,w,w
5873,WORK,1,1,0.944296,0.804848,1.70561,1.26187,0,0,1.51255,0.509503,0,1.47931,0,1.01121,1.30231,0.953059,0,0,1,0,0,0,0,w,w
5874,WORK,1,1,0.935565,1.38506,1.9153,1.67185,0,0,2.02905,0,0,1.32752,0,0.946905,0.806733,1.43847,0,0,0,0,1,0,1,w,w
5875,WORK,1,1,0.95208,1.09392,1.83054,1.18194,0,0,1.70748,0,0,1.33895,0,0.93872,0.935128,0.60383,0,0,0,0,1,0,1,w,w
5876,WORK,1,1,0.956297,1.20522,1.3834,1.21916,0,0,1.52456,0,0,0.896619,0,0.763805,0.763714,0.715285,0,0,0,0,1,0,1,w,w
5877,WORK,1,1,0.935529,0.639738,2.31894,1.19557,0,0,1.16233,0,0,0,0,0.558874,0.702377,0.984941,0,0,0,0,0,0,0,w,w
5878,WORK,1,1,0.830878,1.67723,2.74916,1.02012,0,0,0.838024,0,0,0,0,0,0.648027,0,0.548494,0,0,0,0,0,0,w,w
5879,WORK,1,1,0.811606,0.955373,1.56218,1.50039,0,0.603352,2.50559,0.545808,0,1.1315,0,0.563057,1.30191,3.19712,0.6721,1,1,1,1,0,0,w,w
5880,WORK,1,1,0.832687,0.883783,1.24507,1.43453,0,0,2.22471,0,0,0.609578,0,0,1.1412,1.75055,0.669775,0,1,0,1,0,0,w,w
5881,WORK,1,1,0.740803,0.792517,0.875408,1.27778,0,0,0.816743,0,0,0.96029,0.768421,0.582029,1.59662,1.12274,0.655892,0,1,1,1,0,0,w,w
5882,WORK,1,1,0.820843,0,0.928711,0.961214,0,0,1.26022,0,0,0,0.503078,0,1.53774,1.05992,0.786712,0,0,0,1,0,0,w,w
5888,WORK,1,1,0.873676,0,0,0,0,0,0,0,0,0,0,0.92005,0,0,0,0,0,0,0,0,1,w,w
5889,WORK,1,1,0.814648,0.69443,0,0,0,0,0,0,0,0,0,0,0,0,0.514093,0,0,0,0,0,1,w,w
5890,WORK,1,1,0.901545,0.940379,1.11703,0,0,0,0,0,0,0,0,0,0,0.566964,0,0,0,0,0,0,1,w,w
5891,WORK,1,1,0.873823,1.04709,1.83197,0,0.676909,0,0,0,0,0,0,0.646937,1.0026,1.26288,0,0,1,0,0,0,0,w,w
5892,WORK,1,1,0.846889,1.02266,1.51921,0,0.686894,0,0,0,0,0,0,0.80711,1.52723,1.20741,0,0,1,0,0,0,0,w,w
5896,WORK,1,1,0.807473,1.49901,0.772573,0.506352,0,0,0,0,0,0.627883,0,0,0.632498,1.65178,0,0,0,0,0,0,0,w,w
5897,WORK,1,1,0.906424,1.23903,1.94979,0.734176,0,0,0,0,0,0.572892,0,0,1.5235,0,0,0,0,1,1,0,0,w,w
5898,WORK,1,1,0.741356,1.07485,1.67207,0.616703,0,0,1.83477,0,0,0,0,0,0,1.12869,0.524717,0,1,0,1,0,0,w,w
5899,WORK,1,1,0.846263,0,0.54333,0,0,0,0,0,0,0.97863,0.980116,0,1.29034,2.22503,0,0,0,0,0,0,0,w,w
5900,WORK,1,1,0.888521,0,0,0,0,0,0,0,0,0,0,0,1.35439,1.80344,0,0,0,0,0,0,1,w,w
5901,WORK,1,1,0.908204,0.561199,0.612852,0,0,0,0.721194,0,0,0,0.69381,0,1.6124,0,0,0,0,0,1,0,0,w,w
5903,WORK,1,1,0.747063,0,0.636927,0,0.859338,0,0,0,0,0,0,0,0,0,0.606641,0,0,0,0,0,0,w,w
5904,WORK,1,1,0.887905,0,0,0,0.68649,0,0,0,0,0,0,0.703229,0,0,0,0,0,1,0,0,0,w,w
5905,WORK,1,1,0.836087,0,1.06437,0,0.863133,0,0,0,0.912226,1.39157,0,1.10309,0.868141,0,0,0,1,1,0,0,0,w,w
5906,WORK,1,1,0.890602,0,0.818631,0,1.12554,0,0,0,0.74371,1.35703,0,1.3909,0,0.626477,0,0,1,1,0,0,0,w,w
5907,WORK,1,1,0.879695,0.513495,0.702063,0,0.63119,0,0,0,0.779598,1.10228,0,1.62659,0.790999,0,0,0,1,1,0,1,0,w,w
5908,WORK,1,1,0.88235,0,0.873071,0,0.54229,0,0,0,0.608818,1.33322,0,1.46218,0.609172,0.607721,0,0,1,1,0,1,0,w,w
5909,WORK,1,1,0.855348,0,0.592433,0,0.791586,0,0,0,0.796761,1.28123,0,1.29199,0,1.11007,0,0,1,1,0,0,0,w,w
5910,WORK,1,1,0.825544,0,1.02672,0,0.892137,0,0,0,0.890748,1.22955,0,1.33019,0,0,0,0,1,1,0,0,0,w,w
5911,WORK,1,1,0.821849,0,0.948386,0,0.964739,0,0,0,1.04177,1.25674,0,1.44513,0,0,0,0,1,1,0,0,0,w,w
5912,WORK,1,1,0.822125,0,0.627876,0,0.805509,0,0,0,1.19053,1.40818,0,1.24702,0.831908,0,0,0,1,1,0,1,0,w,w
5913,WORK,1,1,0.813971,0,0.571163,0,0.844701,0,0,0,1.25326,1.35328,0,1.10029,0.986362,0,0,0,1,0,0,0,0,w,w
5914,WORK,1,1,0.796189,0,0,0.728273,0.755217,0,0,0,1.15125,1.28339,0,1.02376,0,0.742568,0,0,1,0,0,0,0,w,w
5915,WORK,1,1,0.785762,0,0,0.615393,0.70564,0,0,0,1.09971,1.7304,0,1.19166,0,0,0,0,1,0,0,0,0,w,w
5945,WORK,1,1,0.754215,1.11326,2.04304,0.577769,0,0.837389,0,0.841537,1.09168,2.63492,0,1.91592,0.942597,0,0,0,1,1,0,1,0,w,w
5946,WORK,1,1,0.767876,1.13586,2.0726,1.0844,0.614436,0.663416,0,0.642816,0.963351,2.16223,0,1.49399,1.20932,0,0,0,1,1,0,0,0,w,w
5947,WORK,1,1,0.784096,0.944799,2.17422,1.21718,0.630774,0,0,0,0,1.36109,0,0.938754,0.651896,0.693174,0,0,1,0,0,0,0,w,w
5950,WORK,1,1,0.863891,0.869868,1.95294,0,0.647553,0,0,0,0.525112,1.33351,0,0.683314,0.792833,0,0,0,0,1,0,0,0,w,w
5960,WORK,1,1,0.856936,1.22517,2.17188,0.869152,2.45115,0,0,0,0,0,0,0.85019,1.35683,0,0,0,0,0,0,0,0,w,w
5961,WORK,1,1,0.869235,0.661207,1.47775,0.672355,0.967736,0,0,0,0.609038,0,0,0.868464,0,0,0,0,0,0,0,0,0,w,w
5977,WORK,1,1,0.893012,0.918334,0.792844,0,0,0,0,0,0.61533,0.550347,0,0.994387,0.548157,1.72865,0,0,0,0,1,0,0,w,w
5978,WORK,1,1,0.799908,1.10929,1.67847,0,0,0,0,0,0.722186,0,0,0,0,1.32092,0.565805,0,0,0,1,0,0,w,w
5981,WORK,1,1,0.910163,0.554015,0.861872,0,0,0,0,0,0.795494,0.822766,0,0.636168,0.547143,1.87071,0,0,0,0,1,0,0,w,w
5982,WORK,1,1,0.86747,0,0.654533,0,0,0,0,0,0.707533,0.708819,0,0.624341,1.27021,1.24275,0,0,0,0,1,0,0,w,w
5983,WORK,1,1,0.861373,0,0,0,0,0,0,0,0.719133,0,0,0.684464,0.810554,1.32234,0.505981,0,0,0,1,0,0,w,w
5984,WORK,1,1,0.813544,0,0,2.20832,0,0,0,0,0.734168,0,0,1.32829,1.37692,1.57695,0.531003,0,0,0,1,0,1,w,w
6001,WORK,1,1,0.736355,1.98978,1.94985,0,1.48643,0.810672,1.7904,0.835091,0.512117,1.27739,1.26127,0.757181,1.09013,0,0,0,1,0,0,1,0,w,w
6006,WORK,1,1,0.732921,0.945769,1.84958,1.04304,0,0,1.57209,0,0,0,0,0,0.864505,3.33238,0,0,0,0,0,0,1,w,w
6007,WORK,1,1,0.843983,0,0,0.57507,0,0,0,0,0.540222,0,0.904761,0.506684,1.70522,0,0,0,0,0,0,0,1,w,w
6008,WORK,1,1,0.800378,0,0,0,0,0,0,0,0,0.92323,0,0.935116,2.09923,2.36782,0,0,1,1,1,0,1,w,w
6013,WORK,1,1,0.850293,1.40579,1.19339,0.997099,0,0.535747,3.52497,0,0,0.58809,0.95631,0.542806,0,0,0,0,1,0,0,0,0,w,w
6014,WORK,1,1,0.962145,1.59464,0.944541,0.756349,0,0,2.24806,0,1.11855,1.1008,0.627575,0.619202,1.18791,0,0,1,1,0,1,0,1,w,w
6015,WORK,1,1,0.974055,0.689661,0,0.997396,0,0,2.0317,0,0,0.919386,1.0269,0.992339,1.46289,0,0,0,0,0,1,0,1,w,w
6016,WORK,1,1,0.966124,0.508849,0,1.70374,0,0,1.92238,0,0,1.13681,1.06482,0.894017,1.45331,0,0,1,0,1,1,0,1,w,w
6017,WORK,1,1,0.967877,0.691193,0.702623,2.04677,0,0.589396,1.25948,0.630036,0,1.15523,1.05623,0.797232,1.01766,1.19094,0,1,0,1,1,0,1,w,w
6018,WORK,1,1,0.951163,0.560519,0,1.84357,0,0.53652,1.09916,0.524204,0,1.61369,0.806561,0.697902,1.36387,0,0,0,0,1,1,0,1,w,w
6019,WORK,1,1,0.957946,0.642186,0,1.9343,0,0.696553,1.15214,0.730072,0,1.91004,0.961433,0.831152,1.71218,0.932067,0,0,1,1,1,0,1,w,w
6020,WORK,1,1,0.96949,0.514887,0.801635,1.93893,0,0.700984,0.710891,0.566971,0.502575,1.92847,0,0.762564,1.61383,1.2914,0,0,1,0,0,0,0,w,w
6021,WORK,1,1,0.967757,0,0,1.75401,0,0.778096,0,0.744676,0.654986,1.6975,0,0.820326,2.07495,1.51268,0,0,1,1,0,0,0,w,w
6022,WORK,1,1,0.763431,2.04497,1.3456,2.61229,0,0.844028,1.69502,0.749192,1.06063,0.787321,0,0.939719,0.659484,0,0,1,1,0,0,0,0,w,w
6023,WORK,1,1,0.883508,0,0,1.13327,0.516289,0.672939,0,0.602944,0.659625,0.591712,0,0,0.53323,2.97117,0,0,1,0,0,0,1,w,w
6024,WORK,1,1,0.856098,0,0,0,0,0,0,0,0.515969,1.32584,0.620836,0,0.639399,3.01725,0.607993,0,0,0,0,0,0,w,w
6025,WORK,1,1,0.821208,0.956278,0.817704,1.03873,0,0.650481,0.999697,0.68517,1.28556,0.871286,0,0,0,0.744249,0.601186,0,1,1,0,0,0,w,w
6026,WORK,1,1,0.92085,0,0.762585,0.727077,0,0.867521,0.58066,0.720188,1.18079,1.71885,0,0,0,1.31624,0,0,1,1,0,0,0,w,w
6027,WORK,1,1,0.906478,0,0,0.657277,0,0.701861,0.521576,0.588474,1.35373,2.3,0,0.543148,0.895155,0.741805,0,0,1,1,0,0,0,w,w
6028,WORK,1,1,0.845466,1.55963,1.46401,1.03515,0,0,0,0,1.16297,1.33231,0,0,1.04864,0,0,0,1,1,0,0,0,w,w
6029,WORK,1,1,0.836195,0.861909,0,1.25295,1.07842,0.527195,1.24311,0.72293,1.22081,1.32893,0,0.595846,1.61225,1.00906,0,0,1,1,1,0,0,w,w
6030,WORK,1,1,0.889633,1.59185,1.04155,1.37526,0,0,0,0,0.712783,1.96293,0,0,1.01274,0.512965,0.588604,0,1,1,0,0,0,w,w
6031,WORK,1,1,0.951513,1.04342,0.585599,0.663537,0.674288,0.585361,0,0.84067,1.13966,1.92628,0,0.991075,1.5088,0.836471,0,0,1,1,1,0,0,w,w
6032,WORK,1,1,0.926796,1.51929,0.968781,0,0.757427,0,0,0.553861,1.17149,1.43969,0,0.907733,1.44747,0,0,0,1,1,1,0,0,w,w
6033,WORK,1,1,0.881226,1.55035,1.34508,0.684521,0,0,0,0.625991,1.11253,0.963233,0,1.68878,1.19072,0,0,0,1,1,1,0,0,w,w
6034,WORK,1,1,0.848316,1.04833,1.1252,0.851439,0,0,0,0,0.641154,0.747615,0,1.42171,1.27369,0.713931,0,0,0,1,1,0,0,w,w
6035,WORK,1,1,0.878348,1.57158,1.61662,0,0,0.809994,1.10286,0.572332,0.677604,1.07929,0,0.773678,1.1979,0,0,0,0,1,0,0,0,w,w
6036,WORK,1,1,0.764303,0,0.549173,0,0,0,0,0,0.95246,0.992737,0,1.27042,1.56738,1.94541,0,0,0,1,1,0,0,w,w
6037,WORK,1,1,0.89117,0.908363,1.40084,0,1.35717,0.77959,0,0.763359,1.30595,1.48021,0.883831,0.89657,1.05589,0.636097,0,0,1,1,1,0,0,w,w
6038,WORK,1,1,0.937607,1.9422,2.05616,0,0.578187,0,0,0,0.78342,1.11719,0,0,0,1.66049,0,0,0,0,1,0,0,w,w
6043,WORK,1,1,0.931638,1.44985,1.06015,0,0.831293,0,0,0,0,1.52199,0.644871,0.605236,1.28351,0,0.565413,0,0,1,0,0,0,w,w
6046,WORK,1,1,0.908669,0,0.587342,0.809336,0.992961,0.742305,0,0.864804,0.786738,1.928,0,1.1613,1.29253,1.27842,0,0,1,0,1,0,0,w,w
6047,WORK,1,1,0.903343,0,0,0,1.18515,0.668764,0,0.944168,0.742315,1.4129,0,0.540383,2.14635,2.35208,0,0,1,0,0,0,0,w,w
6048,WORK,1,1,0.891093,0.712861,0.53277,0,1.19408,0.612895,0,0.914068,0.789219,0.658637,0.507572,0,2.06632,2.16447,0,0,1,0,0,0,0,w,w
6049,WORK,1,1,0.87927,0.555131,1.94625,0,1.00342,0.699624,1.07128,1.03655,0.628101,1.31672,0,0.846882,2.37655,0.616563,0.583344,0,1,1,1,0,0,w,w
6050,WORK,1,1,0.904378,0.837126,2.34977,0,1.38462,0.739309,0.920766,1.0951,0.788088,0.887731,0,0.598279,2.53286,0.97133,0.522342,0,0,0,1,0,0,w,w
7290,WORK,1,1,0.965102,1.34526,1.88733,0,1.34257,0,0.978043,0,0,0,1.32164,0,0,1.75587,0,0,1,0,1,0,1,w,w
7291,WORK,1,1,0.858715,1.63566,2.52433,0,1.00266,0,0,0,0,0,0.855524,0,0,1.8727,0,0,1,0,0,0,1,w,w
7292,WORK,1,1,0.766654,1.29557,0,0,0,0,0,0,0,0,0.752486,0,0,4.53311,0,0,1,0,1,0,1,w,w
7293,WORK,1,1,0.781834,1.0913,0.933558,0,0.607678,0,0,0,0,0,0,0,0,2.78174,0.559436,0,1,0,1,0,0,w,w
7294,WORK,1,1,0.747195,1.20369,1.70649,0,0,0,0,0,0,0,1.24043,0,1.37257,0,0.537086,0,1,1,1,0,0,w,w
7295,WORK,1,1,0.807982,0.676239,0.552946,0,0,0,0,0,0,0,1.56906,0,0,3.01572,0.737216,0,1,1,1,0,1,w,w
7296,WORK,1,1,0.902432,0.899072,0.93404,0,0,0,0.810471,0,0,0,1.06646,0,0,1.99076,0.63858,0,1,0,0,0,1,w,w
7297,WORK,1,1,0.941402,0.868093,1.19261,0,0.516036,0,0.596164,0,0.651743,0,0.992856,0,0,1.40904,0,0,1,0,0,0,1,w,w
7298,WORK,1,1,0.94397,0.704383,1.3112,0,0,0,0,0,0.601105,0,1.07372,0,0,1.23931,0,0,1,0,0,0,1,w,w
7299,WORK,1,1,0.909087,0.588868,0.833157,0,0,0,0,0,0.606926,0,1.23454,0,0,1.56745,0,0,1,0,1,0,1,w,w
7300,WORK,1,1,0.882903,0,0.785303,0,0,0,0,0,0,0,1.05895,0,0,1.42733,0,0,1,0,1,0,1,w,w
7301,WORK,1,1,0.84067,1.50509,1.82682,0,0.572486,0,0,0,0,0,0,0,0,1.16176,0,0,1,0,1,0,1,w,w
7313,WORK,1,1,0.852132,0.931023,2.12857,0,0,0,0,0,0,0,0,0.970495,0,1.03017,0,0,0,0,0,0,1,w,w
7314,WORK,1,1,0.939007,0,0,2.00231,0,0,0,0,0,0,0,0,0,1.20468,0,1,0,0,1,0,1,w,w
7315,WORK,1,1,0.951612,0,0,1.37199,0,0,0,0,0,0,0,0.678981,0,0.978748,0.517049,1,0,0,0,0,1,w,w
7316,WORK,1,1,0.940627,0,0,0.723992,0.922319,0,0,0,0,0,0,0,0,0.782176,0,1,0,0,0,0,1,w,w
7317,WORK,1,1,0.849041,0,1.56664,0,0,0,0,0,0,0,0,0,0,0,0,0,0,0,1,0,1,w,w
7318,WORK,1,1,0.790563,0,0.981116,0,0.797174,0,0,0,0,0,0,0,0,2.01149,0,0,0,0,1,0,0,w,w
7319,WORK,1,1,0.754854,0,0.644372,0.526427,1.08695,0,0,0,0,0,0,0,0,0.683866,0,1,0,0,1,0,0,w,w
7320,WORK,1,1,0.765001,0,0.513826,0,0,0,0,0,0,0,0,0,0,0,0.57026,0,0,0,0,0,0,w,w
7321,WORK,1,1,0.890131,0.545879,0.842826,0,0.752007,0,0,0,0,0,0,0.786132,0,0,0,1,0,0,0,0,1,w,w
7322,WORK,1,1,0.897101,0.730726,0,0,0,0,0,0,0,0,0,0,0,0,0.669071,0,0,0,0,0,1,w,w
7323,WORK,1,1,0.938067,0,0,0,0.789105,0,0,0,0,0,0,0,0,0,0.735809,0,0,0,1,0,0,w,w
7324,WORK,1,1,0.967889,0,0.504446,0,0.52588,0,0,0,0,0,0,0,0,0,0,0,0,0,0,0,1,w,w
7325,WORK,1,1,0.972035,0,0.870585,0,0,0,0.716234,0,0,0,0,0,0,0,0,0,1,0,0,0,1,w,w
7326,WORK,1,1,0.975448,0,1.35449,0.522173,0.612913,0,0.895989,0,0,0.541436,0,0,0,0,0,0,0,0,0,0,0,w,w
7327,WORK,1,1,0.97387,0,0.976435,0,0.939333,0,0.994791,0.542478,0.575274,0.841767,0,0.637349,0,0,0,0,1,0,0,0,0,w,w
7328,WORK,1,1,0.98232,0,1.20493,0,1.03661,0,1.2868,0,0,1.41885,0,0.510507,0,0.803939,0,0,1,0,0,0,0,w,w
7329,WORK,1,1,0.983758,0,1.43226,0,0.656234,0,0.803346,0.657849,0,1.85119,0,0.953837,0,0,0,0,1,0,0,0,0,w,w
7330,WORK,1,1,0.979922,0,3.10501,0,0.661444,0,0,0.614884,0.566152,1.59013,0,0.619069,0,1.0597,0,0,1,0,0,0,0,w,w
7331,WORK,1,1,0.899769,0,3.74373,0,1.42234,0,0,0.835058,0,1.30464,0,0,0,0,0,0,1,0,0,0,0,w,w
7332,WORK,1,1,0.902376,0,4.10412,0,1.71982,0,0,0.943075,0,1.2123,0.76071,0,0,0.668506,0,0,0,0,0,0,0,w,w
7333,WORK,1,1,0.980434,0,2.97244,0,0.729333,0,0,0.921643,0.600028,1.66363,0,0,0,0.94614,0,0,1,0,0,0,0,w,w
7334,WORK,1,1,0.981221,0,1.19573,0.617571,0.665917,0,1.43285,0.536489,0,1.86965,0,0.642291,0,0,0,0,1,0,0,0,0,w,w
7335,WORK,1,1,0.935043,0.552787,0.937479,1.64712,0.52118,0,1.28172,0.549003,0,1.29799,0,0.916034,0,0,0,1,0,0,0,0,0,w,w
7336,WORK,1,1,0.915809,0.715286,0,1.84561,0,0,0.61529,0,0,0,0.788766,0.867925,0,0,0,1,0,0,0,0,1,w,w
7337,WORK,1,1,0.957037,0.895019,0.928627,1.30761,0.657486,0,1.21259,0,0,0,0.544124,0.822442,0,0,0,1,0,0,0,0,1,w,w
7338,WORK,1,1,0.987769,0,1.16538,1.00141,0,0,1.32357,0,0,0.589549,0,0.626513,0,0,0,1,0,0,0,0,0,w,w
7339,WORK,1,1,0.990917,0,1.36915,0,0,0,1.18205,0,0,0.591006,0,0.63037,0,0,0,0,0,0,0,0,0,w,w
7340,WORK,1,1,0.976298,0,2.56987,0,0,0,0.818854,0,0,1.09371,0,0.696036,0,0,0,0,0,0,0,0,0,w,w
7341,WORK,1,1,0.935106,0.580871,4.05637,0,0.538278,0,0,0,0,0.982064,1.08305,0.784705,0,0,0,0,0,1,0,0,0,w,w
7342,WORK,1,1,0.821602,0.846377,3.78745,0,1.09171,0,0,0.523579,0,0.752641,0.600043,0,0,0,0,0,0,0,0,0,0,w,w
7343,WORK,1,1,0.83061,0.879065,3.43376,0,1.2021,0,0,0,0,0,0,0,0.861899,0,0,0,0,0,0,0,0,w,w
7344,WORK,1,1,0.893372,0,2.78197,0,0.974987,0,0,0,0,0,0,0,1.31597,0,0,0,0,0,0,0,0,w,w
7345,WORK,1,1,0.893138,0,0.556847,0,0,0,0,0,0,0,0,0,0.611478,0,0.500938,0,0,0,0,0,0,w,w
7346,WORK,1,1,0.867554,0,0,0,0,0,0,0,0,0,0,0,0,0.722132,0.655264,1,0,0,0,0,1,w,w
7347,WORK,1,1,0.848292,0,0,0,0.638647,0,0,0,0,0,0,0,0,1.35981,0.84434,0,0,0,0,0,1,w,w
7349,WORK,1,1,0.895067,0,0.775849,0,0.886053,0,0,0,0,0,0,0.906066,0,0,0,0,0,0,0,0,0,w,w
7350,WORK,1,1,0.961499,0,1.00489,0,0.739814,0,0,0,0,1.3125,0,1.72301,0,0,0,0,0,0,1,0,0,w,w
7351,WORK,1,1,0.973455,0,0.93432,0,0.885951,0,0,0,0,1.00947,0,0.591322,0,1.36219,0,0,0,0,1,0,0,w,w
7352,WORK,1,1,0.951134,0,0.682386,0,0.881736,0,1.00171,0,0,1.22721,0,0,0,2.14737,0.529688,0,1,0,1,0,0,w,w
7353,WORK,1,1,0.95266,0,0,0,0.524659,0,0.50414,0.518747,0,0.951374,0,0,0,1.78347,0.714123,0,1,0,0,0,0,w,w
7354,WORK,1,1,0.899798,0,1.10408,1.06434,0,0,0.742097,0,0,0.53987,0.748431,0,0,1.93971,0.703228,0,1,0,0,0,0,w,w
7355,WORK,1,1,0.820683,0,1.86487,0,0,0,0.746657,0,0,0.840485,0,0,0.975489,2.14175,0,0,0,0,0,0,0,w,w
7356,WORK,1,1,0.78165,0,1.3969,0,0,0,0,0,0,1.24625,0,1.12639,0.910712,0,0,0,0,1,0,0,0,w,w
7357,WORK,1,1,0.858652,1.40903,1.24864,0,0,0,1.19246,0,0.919623,0,0,0.515054,0,0,0,0,0,1,0,0,0,w,w
7358,WORK,1,1,0.922028,0,0,0,0,0.520493,0.941404,0,0,0.831362,0,0.725637,0.538614,0.954844,0,0,0,1,1,0,0,w,w
7359,WORK,1,1,0.949906,0,0,0,0,0.560919,0.77891,0.505245,0,1.33212,0,0.755513,0,0,0,0,0,0,0,0,0,w,w
7360,WORK,1,1,0.967171,0,0.814711,0.573831,0,0,0,0,0.547953,1.85715,0,1.08096,0.768015,0,0,0,1,0,0,0,0,w,w
7361,WORK,1,1,0.947895,0,0.534459,0.810575,0,0,0,0.565029,1.19579,1.56273,0,1.2375,0,0,0,0,1,0,0,0,0,w,w
7375,WORK,1,1,0.955122,0,0,0,0,0,0,0,0.927464,0.631604,0,0,0.954291,1.97583,0.721636,0,1,0,0,0,0,w,w
7376,WORK,1,1,0.957973,0,0,0,0,0.552516,0,0.785897,1.44726,0,0,0,0,2.57419,0.567886,0,1,0,1,0,1,w,w
7377,WORK,1,1,0.915886,0,0,0,0,0.518104,0.890859,0.785705,0.768296,0,0,0.676545,1.21008,1.46346,0,0,1,1,0,0,0,w,w
7378,WORK,1,1,0.875996,0,0,0,0,0.695659,1.34334,0.967947,1.12047,1.00417,0.635163,1.04732,1.53957,2.26622,0,0,1,1,0,0,0,w,w
7379,WORK,1,1,0.891922,0,0,0.920956,0,0.841862,1.49006,1.11965,1.08057,1.13411,0,0.808552,1.44821,3.17767,0.572165,0,1,1,0,0,0,w,w
7380,WORK,1,1,0.893681,0,0,0,0,0.633804,0.690094,0.575927,1.20876,0,0.6579,0.762395,2.42233,2.32186,0,0,1,0,0,0,0,w,w
7381,WORK,1,1,0.937809,0,0,0,0,0.52278,1.95759,0.626453,0,0.610669,1.46808,1.08301,1.72734,1.21474,0,0,1,1,1,0,0,w,w
7382,WORK,1,1,0.931967,0,0,0,0,0,2.02714,0.502016,0,0.568514,1.49881,0.738459,1.16072,0.566892,0,0,1,1,0,0,0,w,w
7383,WORK,1,1,0.912073,0,0,0,0,0.542138,1.96187,0.781359,0,0,0.91847,0.886338,1.56569,1.01746,0,0,1,1,0,0,0,w,w
7384,WORK,1,1,0.938344,0,0,0,0,0.799017,1.97515,0.836872,0.779229,0.641929,0,0.507406,1.47824,1.12059,0,0,1,0,0,0,1,w,w
7385,WORK,1,1,0.919759,0,0,0,0,0.757991,0.829743,0.665197,1.30235,0.604171,0,0,0.627572,2.24621,0,0,1,0,0,0,1,w,w
7386,WORK,1,1,0.863204,0,0,0.696101,0,0.985678,0,0.844832,1.79477,0,0,0,0,4.77274,0,0,1,0,0,0,1,w,w
7387,WORK,1,1,0.795496,1.24254,0.570496,0.624726,0,0.542924,1.28759,0.553508,1.12368,0,0,0,1.05797,3.80956,0,0,1,0,1,0,0,w,w
7388,WORK,1,1,0.777584,2.17135,1.24083,1.43909,0,0.658249,0,0,1.29154,0,0.594958,0,0,3.27397,0.684431,0,1,0,0,0,0,w,w
7389,WORK,1,1,0.925995,1.85587,0,0,0.767005,0.89348,0,0.757855,1.7819,0.917251,1.31266,0,0,2.05737,0,0,1,0,0,0,0,w,w
7390,WORK,1,1,0.908217,1.28484,0,0,0.850615,1.02309,1.29725,0.971506,1.73101,1.19097,1.04267,0,0,2.09384,0,0,1,0,1,0,0,w,w
7391,WORK,1,1,0.861932,1.07026,0,0,0.718349,1.28108,1.50113,1.29611,1.72612,1.44519,0,0,0,2.53397,0,0,1,0,0,0,0,w,w
7392,WORK,1,1,0.826058,1.66351,0,0,0.929428,1.3102,1.3131,1.14107,1.59518,2.07134,0,0,0.631476,2.65676,0,0,1,0,0,0,0,w,w
7393,WORK,1,1,0.8984,1.01602,0,0,0.554484,1.16976,0,0.94818,1.65626,2.00043,0,0,0.540583,3.31408,0,0,1,0,0,0,0,w,w
7394,WORK,1,1,0.900117,0.559915,0,0,0.959763,0.879832,0,0.70791,1.71998,2.05099,0,0,0,1.83126,0,0,1,0,0,1,0,w,w
7395,WORK,1,1,0.925045,0.953427,0,0.612779,0.844786,0.891128,0,0.901813,1.23164,1.42001,0,0,0,0.990164,0,0,1,0,0,1,0,w,w
7396,WORK,1,1,0.931901,0,0,0.784572,0.737454,0.872058,0,0.765366,1.4807,1.73557,0,0,0.689809,0.797798,0,0,1,0,0,0,0,w,w
7407,WORK,1,1,0.785724,0,0,0.85051,0,0.584813,0,0.7709,1.33449,1.04579,0,1.40361,2.49691,0,0,0,1,1,1,0,0,w,w
7412,WORK,1,1,0.847589,0,0,0,0,0,0,0,0,1.07811,0.553674,1.16322,1.95237,0,0,0,0,0,1,0,1,w,w
7413,WORK,1,1,0.857481,0,0,0.561931,0,0,0,0.574432,0,1.12462,1.12951,1.29917,1.50029,0.591585,0,0,1,1,0,1,0,w,w
7414,WORK,1,1,0.921341,0,0,0,0,0,0,0.608655,0.572692,1.41745,0.757264,1.29092,1.60837,0,0,0,1,1,1,0,0,w,w
7415,WORK,1,1,0.913228,0,0.607079,0,0,0.593278,0,0.730255,1.33449,1.43359,0.899924,1.36306,1.78204,0,0,0,1,0,1,0,0,w,w
7416,WORK,1,1,0.929087,0,0.771823,0,0,0.624614,1.90075,0.581524,0.97085,1.00632,0,1.15522,1.28991,0,0,0,1,0,1,0,0,w,w
7417,WORK,1,1,0.933462,0,0.583234,0,0,0,1.62754,0,0,0.596551,0,0.797963,0.941745,0.626848,0,0,1,0,1,0,0,w,w
7418,WORK,1,1,0.950188,0,0.752387,0,0,0,1.32841,0,0,0,0,0,0,1.26414,0,0,0,0,1,0,0,w,w
7419,WORK,1,1,0.924572,0,1.1894,0,0,0,1.35746,0,0,0,0,0,0.57695,2.69275,0,0,0,0,1,0,0,w,w
7420,WORK,1,1,0.884596,0,0.858541,0,0,0,1.57159,0,0,0,1.22719,1.1979,1.02195,2.19963,0,0,0,1,1,0,0,w,w
7421,WORK,1,1,0.85553,0,1.29141,0,0,0,0,0,0,0,0.536769,0,1.10072,0.645286,0,0,0,0,1,0,0,w,w
7422,WORK,1,1,0.733263,0,2.30778,0,0,0,1.15914,0,0,0,0,0,0.703037,0.634523,0,0,0,0,1,0,0,w,w
7425,WORK,1,1,0.848241,0,0,0,0,0,0.689093,0,0,0,0,0,0,0,0,0,0,0,1,0,0,w,w
7426,WORK,1,1,0.920444,0,0,0,0,0,0,0,0,0,0,0,0,0,0,0,0,0,1,0,0,w,w
7427,WORK,1,1,0.932131,0,0,0,0,0,0,0,0,0,0,0,0,0.796553,0,0,0,0,1,0,0,w,w
7428,WORK,1,1,0.93136,0,0,0,0,0,0,0,0,0,0,0,0,0,0,0,0,0,1,0,0,w,w
7429,WORK,1,1,0.914652,0,0,0,0,0,0,0,0,0,0,0,0,0,0,0,0,0,1,0,0,w,w
7430,WORK,1,1,0.944555,0,0,0,0,0,0,0,0,0,0,0.5151,0,0,0,0,0,0,1,0,0,w,w
7431,WORK,1,1,0.945831,0,0,0,0,0,0,0,0,0,0,0.541998,0,0.533927,0,0,0,0,1,0,0,w,w
7432,WORK,1,1,0.937871,0,0,0,0,0,0,0,0,0.765636,0,0.531067,0,1.83601,0,0,1,0,1,0,0,w,w
7433,WORK,1,1,0.878248,0,0.672073,0,0,0,0,0,0,0,0,0.90856,0.717942,1.3006,0,0,0,0,1,0,0,w,w
7434,WORK,1,1,0.860885,0,0,0,0,0,0,0,0,0,0,0,0.692904,1.60626,0,0,0,0,1,0,0,w,w
7435,WORK,1,1,0.896058,0,1.08562,0,0,0,1.72516,0,0,0,0,0.703443,0.869965,2.07116,0,0,0,0,1,0,0,w,w
7436,WORK,1,1,0.902874,0,0,0,0.543516,0,0.830884,0,0,0,0,0,0,1.00639,0,0,0,0,1,0,0,w,w
7437,WORK,1,1,0.940068,0,0,0,0.610727,0,1.24378,0,0,0,0,0.55974,0,1.02738,0,0,0,0,1,0,0,w,w
7438,WORK,1,1,0.962157,0,0,0,0,0,1.85656,0,0,0,0,0.53658,1.19109,0,0,0,0,0,1,0,0,w,w
7439,WORK,1,1,0.968069,0,0,0,0,0,1.96936,0,0,0,0,0.555971,0.513793,0,0,0,0,0,1,0,0,w,w
7440,WORK,1,1,0.936686,0,0.868255,0,0,0,1.84115,0,0,0,0,0,0,0,0,0,0,0,1,0,0,w,w
7441,WORK,1,1,0.92627,0,1.26088,0,0.924124,0,1.04832,0,0,0,0,0,0,0.693831,0,0,0,0,1,0,0,w,w
7442,WORK,1,1,0.906403,0,0.818276,0,0.865773,0,0.689243,0,0,0,0.552947,0.592052,0.679979,1.73838,0,0,0,0,1,0,0,w,w
7443,WORK,1,1,0.888254,0,1.07096,0,0,0,1.02333,0,0,0,0.67811,1.19087,0.53709,0,0,0,0,1,1,0,0,w,w
7444,WORK,1,1,0.936373,0.709486,0.644893,0,0.621218,0,2.66042,0,0,0,0.636181,0.667784,0,0,0,0,0,0,1,0,0,w,w
7445,WORK,1,1,0.959556,0,0,0,1.13215,0.504086,1.39938,0.688052,0.941106,0,0,0,0,0,0,0,1,1,1,0,0,w,w
7446,WORK,1,1,0.976058,0,0,0,1.05411,0,1.83875,0.581997,0.767817,0,0,0,0.649146,0.650089,0,0,1,0,1,0,0,w,w
7447,WORK,1,1,0.958985,0,0,0,0,0,1.64168,0.576436,0.739089,0,0,0,0.848901,1.53474,0,0,1,1,1,0,0,w,w
7448,WORK,1,1,0.959766,0,0,0,0.688562,0,2.22221,0.522383,0.719461,0,0,0,0.948605,1.22486,0,0,1,1,1,0,0,w,w
7449,WORK,1,1,0.91302,0,1.20902,0,0,0.639457,1.82753,0.86953,1.49565,0,0,0,0,2.8733,0,0,1,0,1,0,0,w,w
7453,WORK,1,1,0.80344,0,0.720812,0,0,0.825448,1.71766,0.988563,1.46746,1.19195,0,0.626423,0.671057,1.45139,0,0,1,0,0,0,0,w,w
7454,WORK,1,1,0.923243,0,0.741517,0,0,0.660415,2.19843,0.650969,1.36887,0,0,0,0,1.1436,0,0,1,0,0,0,0,w,w
7455,WORK,1,1,0.931528,0,0.782166,0,0,0.575253,1.33307,0.621653,1.12182,0.812885,0,0,0.507468,1.6293,0,0,1,0,0,0,0,w,w
7456,WORK,1,1,0.945985,0,0.868847,0.937827,0,0.577476,0.752787,0.560065,1.15648,0.942797,0,0.511409,0.915863,1.83454,0,0,1,0,0,0,1,w,w
7457,WORK,1,1,0.908324,0,0.969033,0,0,0.537188,0.843282,0.606645,1.3268,1.02745,0,0,1.14835,1.68593,0,0,1,0,0,0,0,w,w
7458,WORK,1,1,0.785606,0,1.8572,0,0.772648,0,0.895814,0,0.762148,0,0,0,1.11451,1.84098,0,0,1,0,0,0,1,w,w
7459,WORK,1,1,0.731514,0.931015,0,0,0,0,1.44136,0,0.633321,0,0,0,2.40336,2.72036,0,0,1,0,0,0,0,w,w
7461,WORK,1,1,0.733137,0,0,0,0,0,1.21329,0,0,0,0.63379,0,1.5795,1.68038,0,0,1,1,0,0,0,w,w
7462,WORK,1,1,0.800932,0.607274,0.639967,0,0,0,0,0,0,0,0.795803,0.553076,0,1.81116,0,0,0,1,1,0,0,w,w
7463,WORK,1,1,0.905873,0,0.917511,0,0.711892,0,2.16028,0.562439,0,0,0.627603,0,0,0,0,0,0,0,1,0,0,w,w
7464,WORK,1,1,0.962653,0,0.799387,0,0,0,2.20215,0.534614,0.585393,0,0.733664,0,0.772976,0.79798,0,0,1,0,1,0,0,w,w
7465,WORK,1,1,0.967237,0.502077,0,0,0,0.880378,2.16805,1.02486,1.30192,0,0.602999,0,0.992815,0.749285,0,0,1,1,1,0,0,w,w
7466,WORK,1,1,0.947582,0.528412,0.821367,0,0,0.75867,1.54919,0.808787,1.3276,0,0,0,1.11928,1.50501,0,0,1,1,1,0,0,w,w
7467,WORK,1,1,0.952752,0.689579,1.74436,0,0,0.879899,1.48808,1.01558,1.28447,0.98194,0,0,0,0,0,0,1,0,1,0,0,w,w
7468,WORK,1,1,0.92772,0,1.79966,0,0,0.998461,1.10276,1.06061,1.67648,1.18926,0,0,0,0.561281,0,0,1,0,1,0,0,w,w
7469,WORK,1,1,0.934847,0,1.69683,0,0,0.993361,0.719485,1.03171,1.63367,1.3292,0,0,0,0,0,0,1,0,1,0,0,w,w
7470,WORK,1,1,0.899316,0,1.50407,0,0.729234,1.07462,0.793143,1.0914,1.85692,1.05364,0,0,0,0.84956,0,0,1,0,1,0,0,w,w
7471,WORK,1,1,0.885713,0,1.73389,0,1.01821,1.16266,0.760627,1.22911,2.05158,1.31715,0,0,0,0.87544,0,0,1,0,1,0,0,w,w
7472,WORK,1,1,0.911856,0,1.13788,0,0.800731,1.18789,0,1.36232,2.01578,1.30904,0,0,0,0.542951,0,0,1,0,0,0,0,w,w
7473,WORK,1,1,0.91169,0,1.10591,0,0.58223,0.952868,1.09815,1.13887,1.64018,1.05342,0,0,0.777051,0,0,0,1,0,1,0,0,w,w
7474,WORK,1,1,0.943694,0,0.676007,0,0.834171,0.962152,1.16031,1.00085,1.60458,0.566718,0,0,0,0.750764,0,0,1,0,0,0,0,w,w
7475,WORK,1,1,0.930822,0,1.18504,0,0,0.783006,0.991921,0.956778,1.06956,0,0,0,0,0.711046,0,0,1,0,0,0,0,w,w
7476,WORK,1,1,0.944639,0,1.38561,0,0,0.512379,1.79644,0.546411,0.687864,0,0,0,1.2575,1.67874,0,0,1,0,1,0,1,w,w
7477,WORK,1,1,0.958014,0,1.26385,0,0,0,1.37789,0,0,0,0,0,1.14216,3.13483,0,1,1,0,1,0,1,w,w
7478,WORK,1,1,0.964942,0,0.870766,0,0,0,1.29876,0,0,0,0,0,0.670418,3.00658,0,1,1,0,1,0,1,w,w
7479,WORK,1,1,0.958303,0,1.66184,0,0,0,1.4439,0,0,0,0,0,0,2.58651,0,0,1,0,1,0,1,w,w
7480,WORK,1,1,0.945941,0,0,0,0,0,0.524436,0,0.648285,0,0,0,0.703906,2.56348,0,0,1,0,1,0,0,w,w
7481,WORK,1,1,0.953462,0,0,0,0,0,0.884284,0.621288,0.814198,0,0,0,1.03926,2.91744,0,0,1,1,1,0,0,w,w
7482,WORK,1,1,0.906939,0,0.55011,0,0,0.634,0.65468,0.691432,1.35543,0.606177,0,0,0.670398,2.91911,0,0,1,0,0,0,0,w,w
10671,WORK,1,1,0.878051,0,0.502156,0,0,1.11974,0.974921,1.38425,1.5309,2.22834,0,0.856174,0.960014,0,0,0,1,0,0,0,0,w,w
10672,WORK,1,1,0.884223,0,0,0,0,1.09304,1.49104,1.36119,1.49502,2.42186,0,0.798944,1.0168,0,0,0,1,0,1,0,0,w,w
10673,WORK,1,1,0.890593,0,0,0,0,1.09956,1.14611,1.40668,1.6275,2.20959,0,0.802614,0.896881,0,0,0,1,0,0,0,0,w,w
10674,WORK,1,1,0.910457,0,0.523915,0,0,1.06291,0.874421,1.25673,1.40729,2.14678,0,0.753033,0.761121,0,0,0,1,0,0,0,0,w,w
10675,WORK,1,1,0.901835,0,0,0,0,1.09552,0.966071,1.32892,1.52189,1.92228,0,0.664658,0.685091,0,0,0,1,0,0,0,0,w,w
10676,WORK,1,1,0.909774,0,0,0,0,1.00231,1.41157,1.29708,1.45682,2.09128,0,0.621337,0.594715,0,0,0,1,0,0,0,0,w,w
10677,WORK,1,1,0.910337,0,0,0,0,0.944277,1.01069,1.21924,1.36048,1.92764,0,0.621624,0.91199,0,0,0,1,0,0,0,1,w,w
10678,WORK,1,1,0.890509,0,0.594388,0,0,0.902871,0.572701,1.18958,1.47143,1.70523,0,0.576221,0.796382,0,0,0,1,0,0,0,0,w,w
10679,WORK,1,1,0.964862,0,0.741629,0,0,0.894268,0,1.29806,1.52515,1.86626,0,0.642136,0.534188,0.843135,0,0,1,0,0,0,0,w,w
10680,WORK,1,1,0.949559,0,0.516706,0.817007,0,0.855048,0.797346,1.21828,1.42715,1.83817,0,0.638778,0,0,0,1,1,0,0,0,0,w,w
10681,WORK,1,1,0.947529,0,0,0,0,0.889466,0,1.2106,1.34904,1.97393,0,0.607864,0.87589,0,0,0,1,0,0,0,0,w,w
10682,WORK,1,1,0.948752,0,0,0,0,0.828057,0.931558,1.13803,1.34904,1.78051,0,0.57447,0.682292,0,0,0,1,0,1,0,0,w,w
10683,WORK,1,1,0.936066,0,0.811058,0,0,0.927685,0.570917,1.27036,1.34874,1.99415,0,0.706775,0.605458,0,0,0,1,0,1,0,0,w,w
10684,WORK,1,1,0.943903,0,0.628084,0,0,0.969511,0,1.34108,1.17478,2.06609,0,0.760709,0.779125,0,0,0,1,0,1,0,0,w,w
10685,WORK,1,1,0.954021,0,0.5069,0.530707,0,1.051,1.24455,1.44902,1.31564,1.97278,0,0.776226,0,0,0,0,1,0,1,0,0,w,w
10686,WORK,1,1,0.949405,0,1.20686,0.52714,0,1.09261,1.19835,1.53118,1.43479,1.90537,0,0.746282,0.845263,0,0,1,1,0,1,0,0,w,w
10687,WORK,1,1,0.935019,0,1.2583,0,0,1.09706,1.47867,1.53968,1.50941,2.12659,0,0.725884,0,0,0,0,1,0,0,0,0,w,w
10688,WORK,1,1,0.9498,0,0.645172,0,0,0.945228,1.52612,1.35363,1.57002,2.11771,0,0.664148,0.78142,0,0,0,1,0,1,0,0,w,w
10689,WORK,1,1,0.950203,0,0.637689,0,0,0.95405,1.26689,1.29928,1.36698,1.95328,0,0.721871,0.616773,0,0,0,1,0,1,0,0,w,w
10690,WORK,1,1,0.942702,0,0.720446,0,0,0.981952,0.766929,1.36807,1.33797,1.86183,0,0.766862,0.699826,0,0,0,1,0,0,0,0,w,w
10691,WORK,1,1,0.915148,0,0.969879,0.547868,0,1.00725,0.683665,1.5041,1.43275,2.25651,0,0.874675,1.1185,0,0,1,1,0,0,0,0,w,w
10692,WORK,1,1,0.926659,0,0.754201,0,0,1.05024,0.554414,1.501,1.52565,1.93241,0,0.737291,0.639669,0,0,0,1,0,1,0,0,w,w
10693,WORK,1,1,0.94018,0,0.736859,0,0,0.858292,0.969288,1.25053,1.37484,2.04724,0,0.695547,0.741211,0,0,0,1,0,1,0,0,w,w
10694,WORK,1,1,0.942696,0,0.884789,0.529881,0,0.855748,0.965001,1.24381,1.32902,2.05451,0,0.660867,0.751063,0,0,0,1,0,1,0,0,w,w
10695,WORK,1,1,0.946737,0,0.848075,0,0,0.923751,1.17896,1.34635,1.4533,2.17622,0,0.700374,0.763153,0,0,0,1,0,1,0,0,w,w
10696,WORK,1,1,0.947639,0,0.884029,0,0,0.884625,1.23307,1.2598,1.50168,2.11203,0,0.620949,0.861783,0,0,0,1,0,1,0,0,w,w
10697,WORK,1,1,0.950503,0,1.00454,0,0,0.892156,1.34631,1.24794,1.5045,2.22941,0,0.69882,0.93997,0,0,0,1,0,1,0,0,w,w
10698,WORK,1,1,0.947299,0,0.947831,0,0,0.843955,1.21403,1.15657,1.41947,2.02926,0,0.65415,0.844922,0,0,0,1,0,1,0,0,w,w
10699,WORK,1,1,0.94369,0,0.907904,0,0,0.83225,0.917767,1.14117,1.42702,1.88739,0,0.6526,0.581424,0,0,0,1,0,1,0,0,w,w
10700,WORK,1,1,0.943248,0,0.8602,0,0,0.838066,0.955307,1.17532,1.50174,1.81072,0,0.635183,0.608497,0,0,0,1,0,1,0,0,w,w
10701,WORK,1,1,0.934171,0,0.696123,0,0,0.822029,1.13074,1.21962,1.53455,1.87865,0,0.63874,0.682496,0,0,0,1,0,1,0,0,w,w
10702,WORK,1,1,0.942566,0,0.725044,0.510728,0,0.850492,1.15228,1.24933,1.46808,1.92497,0,0.63612,0.863676,0,0,0,1,0,1,0,0,w,w
10703,WORK,1,1,0.944976,0,0.994717,0,0,0.846013,1.16031,1.18994,1.46077,1.89269,0,0.69039,0.98999,0,0,0,1,0,0,0,0,w,w
10704,WORK,1,1,0.945517,0,0.744019,0.690682,0,0.865964,1.29024,1.17902,1.53452,2.04119,0,0.609893,0.643097,0,0,0,1,0,1,0,0,w,w
10705,WORK,1,1,0.943966,0,0.956476,0.509213,0,0.835487,1.39551,1.17097,1.43391,1.89781,0,0.605976,0.782313,0,0,0,1,0,1,0,0,w,w
10706,WORK,1,1,0.947564,0,1.04081,0,0,0.845359,1.40455,1.14241,1.57944,1.91923,0,0.545091,0.5814,0,0,0,1,0,0,0,0,w,w
10707,WORK,1,1,0.94576,0,1.00852,0,0,0.875365,1.23864,1.19807,1.52713,1.92602,0,0.657263,0.7944,0,0,0,1,0,1,0,0,w,w
10708,WORK,1,1,0.945406,0,1.00359,0,0,0.865163,1.39222,1.21926,1.45168,1.98566,0,0.669852,0.706158,0,0,0,1,0,0,0,0,w,w
10709,WORK,1,1,0.942469,0,0.948324,0,0,0.881062,1.24351,1.25851,1.50509,2.0169,0,0.669687,0.708939,0,0,0,1,0,0,0,0,w,w
10710,WORK,1,1,0.945092,0,1.07961,0,0,0.906438,1.31449,1.25592,1.4877,2.03309,0,0.641474,0.711433,0,0,0,1,0,0,0,0,w,w
10711,WORK,1,1,0.925153,0,0.9788,0,0,0.892212,0.876437,1.16568,1.33684,1.95882,0,0.645631,0,0,0,0,1,0,0,0,0,w,w
10712,WORK,1,1,0.871608,0,0,0.911953,0,1.06,0.814147,1.2533,1.64435,2.38925,0,0.756588,0.613455,0,0,0,1,0,1,0,0,w,w
10713,WORK,1,1,0.852009,0,0,0.65275,0,0.98096,0.556002,0.970292,1.51477,1.87106,0,0.665177,0.572558,0,0,0,1,0,0,0,1,w,w
10714,WORK,1,1,0.879788,0,0,0,0,0.703415,0,0.754776,1.3224,1.68866,0.735978,0.669749,0,0.724847,0,0,1,0,0,0,1,w,w
10715,WORK,1,1,0.821184,0.65743,0,0,1.01656,0,0,0.629226,1.43306,0,0.678011,0.556163,0,0,0,0,1,0,0,0,1,w,w
10716,WORK,1,1,0.891278,1.10173,0.964655,0,0.703772,0,0.920582,0.872585,1.51997,0,0,0.793464,1.5484,0,0,1,1,0,1,0,1,w,w
10717,WORK,1,1,0.942987,2.01698,1.23749,0.689676,1.02187,0,0.758382,0.622743,1.40749,0,0,0.727514,1.665,0,0,0,1,0,1,1,1,w,w
10718,WORK,1,1,0.920309,2.05791,0,0.622335,0.719418,0,1.13209,0,0.78856,0,0,0,1.04134,0,0,0,1,0,1,0,1,w,w
10719,WORK,1,1,0.792036,2.10341,0.520462,1.56362,0.595522,0,2.0146,0,0,0,0,0,0.630994,0,0,0,0,0,1,1,1,w,w
10720,WORK,1,1,0.871581,1.71131,0.842244,2.28647,0.710662,0,2.26268,0,0,0,0,0,1.24138,0,0,0,0,0,0,1,1,w,w
10721,WORK,1,1,0.867251,2.09975,0.70286,2.24531,0.751682,0,1.42721,0,0.705451,0,0,0,1.31959,0,0,0,0,0,0,1,0,w,w
10722,WORK,1,1,0.870177,1.58623,0.765284,2.33837,0.50722,0,2.10743,0,0,0,0.552078,0,1.44569,0,0,0,0,0,0,1,0,w,w
10723,WORK,1,1,0.878566,1.22949,0,1.60732,0.797019,0,1.51926,0,0.777083,0,0,0.611384,1.3289,0,0,0,1,0,0,1,0,w,w
10724,WORK,1,1,0.869881,1.63537,0,2.29932,0.730938,0,2.20446,0,0.65272,0,0,0,1.02611,0,0,0,1,0,0,1,0,w,w
10725,WORK,1,1,0.856627,1.46965,0,2.12372,0.805192,0,1.87114,0,0.656779,0,0,0,1.39446,0,0,0,0,0,0,1,0,w,w
10726,WORK,1,1,0.84628,1.46262,0,2.06935,0.72133,0,1.86485,0,0.58751,0.539155,0,0,1.49216,0,0,0,0,0,0,1,1,w,w
10727,WORK,1,1,0.84557,1.53191,0,2.13202,0.994058,0,1.24532,0,0.632623,0,0,0,1.89175,0,0,0,0,0,0,1,0,w,w
10728,WORK,1,1,0.862263,1.73717,0.639915,1.6711,0.797511,0,1.65535,0,0.730739,0,0,0,1.18669,0,0,0,1,0,0,1,0,w,w
10729,WORK,1,1,0.861581,1.71255,0.767409,1.75257,0.654492,0,1.95427,0,0.583638,0,0,0,1.17584,0,0,0,0,0,0,1,0,w,w
10730,WORK,1,1,0.859505,1.61509,0.54363,1.93218,0,0,2.47449,0,0.561865,0,0,0,1.2395,0,0,0,0,0,0,1,0,w,w
10731,WORK,1,1,0.848202,1.62061,0.534852,1.53286,0,0,2.5233,0,0.687438,0,0,0,1.54886,0,0,0,1,0,0,1,0,w,w
10732,WORK,1,1,0.84588,1.56793,0,1.51273,0,0,2.55739,0,0.710759,0,0,0,1.3109,0,0,0,0,0,0,1,0,w,w
10733,WORK,1,1,0.847114,1.54446,0,1.50795,0.627297,0,2.60149,0,0.657632,0.550127,0,0,1.23951,0,0,0,0,0,0,1,0,w,w
10734,WORK,1,1,0.836077,1.35217,0,1.59884,0.56596,0,2.34616,0,0.724731,0.508975,0,0,1.48566,0,0,0,1,0,0,1,0,w,w
10735,WORK,1,1,0.824085,1.3852,0,1.52655,0,0,2.30183,0,0.730837,0.542435,0,0,1.2679,0,0,0,1,1,0,1,1,w,w
10736,WORK,1,1,0.825652,1.26776,0,1.42911,0,0,2.4037,0,0.611936,0,0,0,1.40604,0,0,0,1,0,0,1,1,w,w
10737,WORK,1,1,0.819856,1.32938,0.595327,1.46264,0,0,2.80987,0,0,0.715025,0,0,1.30543,0,0,0,0,0,0,1,0,w,w
10738,WORK,1,1,0.813659,1.37667,0,1.48004,0,0,2.532,0,0.557008,0.666877,0,0,1.21705,0,0,0,0,0,0,1,1,w,w
10739,WORK,1,1,0.818911,1.3742,0,1.54373,0,0,2.678,0,0.58306,0.601267,0,0,1.18571,0,0,0,0,0,0,1,1,w,w
10740,WORK,1,1,0.840746,1.26795,0,1.42876,0,0,2.47249,0,0,0.520138,0,0,0.972045,0,0,0,0,0,0,1,1,w,w
10741,WORK,1,1,0.831864,1.43166,0,1.689,0,0,2.7213,0,0,0.605015,0,0,0.909866,0,0,0,0,0,0,1,1,w,w
10742,WORK,1,1,0.833168,1.30414,0,1.63199,0,0,2.45016,0,0,0.647144,0,0,0.990922,0,0,0,0,0,0,1,1,w,w
10743,WORK,1,1,0.832543,1.60366,0,1.78641,0,0,2.28038,0,0,0.564478,0,0,0.792444,0,0,0,0,0,0,1,1,w,w
10744,WORK,1,1,0.821274,1.7756,0.746211,1.63818,0,0,2.40389,0,0,0.557469,0,0,0.610323,0,0,0,0,0,0,1,0,w,w
10745,WORK,1,1,0.81291,1.58419,0,1.39397,0,0,2.14802,0,0,0,0,0,0.533384,0,0,0,0,0,0,1,1,w,w
10746,WORK,1,1,0.801102,1.81315,0.955033,1.77519,0,0,2.29861,0,0,0,0,0,0.535459,0,0,0,0,0,0,1,0,w,w
10747,WORK,1,1,0.791196,1.70146,0.551953,1.67931,0,0,2.35672,0,0,0.570141,0,0,0.695429,0,0,0,0,0,0,1,1,w,w
10748,WORK,1,1,0.827095,1.58773,0.769443,1.56729,0.582269,0,1.38538,0,0,0,0.573076,0,0.578506,0,0,0,0,0,0,1,1,w,w
10749,WORK,1,1,0.831168,1.67256,0.67139,1.37928,0.703316,0,1.66244,0,0,0,0.734633,0,0,0,0,0,0,0,0,1,1,w,w
10750,WORK,1,1,0.832395,1.95609,0.813726,1.40634,0,0,1.76019,0,0,0,0.881498,0,0.563684,0,0,0,0,0,0,1,0,w,w
10751,WORK,1,1,0.819986,2.21494,0.97523,1.09839,0,0,1.77878,0,0,0,0.758948,0,0.895827,0,0,0,0,0,0,1,1,w,w
10752,WORK,1,1,0.790939,2.12187,1.21056,1.3395,0,0,1.91915,0,0,0,0.70188,0,0.688993,0,0,0,0,0,0,1,1,w,w
10753,WORK,1,1,0.78876,2.23701,1.25208,1.36531,0,0,2.31125,0,0,0,0.563168,0,0.660248,0.864697,0,0,0,0,0,1,1,w,w
10754,WORK,1,1,0.790513,2.08962,1.34135,1.39814,0,0,2.48952,0,0,0,0.574383,0,0.702145,1.02094,0,0,0,0,0,1,1,w,w
10755,WORK,1,1,0.784304,2.04173,0.862916,1.33757,0,0,2.50961,0,0,0,0.561446,0,0.658883,1.15056,0,0,0,0,0,1,1,w,w
10756,WORK,1,1,0.787932,1.89177,0.870096,1.29735,0,0,2.39356,0,0,0,0.603318,0,0.811512,1.18775,0,0,0,0,0,0,0,w,w
10757,WORK,1,1,0.798511,1.87906,0.783725,1.11058,0,0,2.59506,0,0,0,0.517474,0,0.60379,0.655867,0,0,0,0,0,0,1,w,w
10758,WORK,1,1,0.780358,1.87633,0.857661,1.17063,0,0,2.60896,0,0,0,0.508617,0,0.693062,1.00368,0,0,0,0,0,0,1,w,w
10759,WORK,1,1,0.78992,1.82571,0.581784,1.0228,0,0,2.6859,0,0,0,0.59443,0,0.580849,1.15524,0,0,0,0,0,0,1,w,w
10760,WORK,1,1,0.786767,1.9322,0.879416,1.06821,0,0,2.39412,0,0,0,0.738545,0,0.731012,1.01003,0,0,0,0,0,0,1,w,w
10761,WORK,1,1,0.808225,1.89406,0,1.51737,0,0,1.95538,0,0,0,0.660076,0.584072,0.791306,0.983013,0,0,0,0,0,1,1,w,w
10791,WORK,1,1,0.768815,2.28612,1.79806,1.03802,0,0,0.630385,0,0,0.591384,1.28508,0,0.537381,1.79996,0,0,0,1,0,0,0,w,w
10792,WORK,1,1,0.78302,2.06363,1.80945,0.959165,0,0,0.585384,0,0,0.78258,1.00613,0,1.01167,1.51652,0,0,0,1,0,0,0,w,w
10793,WORK,1,1,0.780668,1.98535,1.63511,1.00035,0,0,0.869806,0,0,0.894878,1.10686,0,1.12392,1.6193,0,0,0,1,0,0,0,w,w
10794,WORK,1,1,0.788592,2.13479,1.49032,1.0612,0,0,0.719337,0,0,1.12624,1.33814,0,0.762942,1.28449,0,0,0,1,0,0,1,w,w
10795,WORK,1,1,0.789185,2.21897,1.73846,1.04397,0,0,0.967012,0,0,1.04615,1.39777,0,0.711022,1.31753,0,0,0,1,0,0,0,w,w
10796,WORK,1,1,0.787658,2.03909,1.64928,0.933435,0,0,1.2269,0,0,0.887177,1.06112,0,0.793825,1.63113,0,0,0,1,0,0,0,w,w
10797,WORK,1,1,0.794345,2.07683,1.5316,0.988443,0,0,1.38439,0,0,1.0846,1.01336,0,0.817128,1.40661,0,0,0,1,0,0,0,w,w
10798,WORK,1,1,0.789302,1.80241,1.20214,1.12362,0,0,1.55347,0,0,1.19464,1.10907,0,0.707211,1.61545,0,0,0,1,0,0,0,w,w
10800,WORK,1,1,0.77575,2.04059,0.522052,0.584011,0,0,0.694015,0,0,0,1.12447,0,0,0.803684,0,0,0,1,0,1,0,w,w
10801,WORK,1,1,0.743998,2.09867,1.04917,0.952873,0.640682,0,0,0,0,1.02182,0.856143,0,0.793402,1.24836,0,0,0,1,0,0,0,w,w
10856,WORK,1,1,0.785543,2.93652,1.60274,2.62742,0.755531,0,1.27874,0,0,0.849919,1.40516,0.985757,1.08241,2.28358,0.646066,1,1,0,1,0,1,w,w
10857,WORK,1,1,0.777267,2.81221,1.48807,2.23409,0.644659,0,1.44444,0,0,0.847798,1.42982,0.845884,0.983199,2.05199,0.607639,1,1,0,1,0,1,w,w
10858,WORK,1,1,0.784312,3.00577,1.5507,1.93979,0.637951,0,1.91723,0,0,0.884613,1.52213,0.67194,0.913547,2.40568,0.60906,1,1,0,1,0,1,w,w
10859,WORK,1,1,0.788781,2.7924,1.60444,1.76084,0.504753,0,1.90968,0,0,0.855901,1.48638,0.651508,1.03572,2.22893,0.61284,0,1,0,1,0,1,w,w
10860,WORK,1,1,0.781799,2.80822,1.2493,1.55035,0.719417,0,2.06276,0,0,0.727485,1.40381,0.535813,0.95356,2.54386,0.671244,1,1,0,1,0,1,w,w
10861,WORK,1,1,0.781896,2.87268,1.20239,1.94586,0,0,2.17617,0,0,0.597945,1.54983,0.601701,0.709815,2.14969,0.627139,1,1,0,1,0,1,w,w
10862,WORK,1,1,0.780253,2.81623,0.940046,1.65466,0.709338,0,2.50572,0,0,0.575053,1.39907,0.527386,0,2.28731,0.611177,1,1,0,1,0,1,w,w
10863,WORK,1,1,0.792212,3.14226,1.28373,1.86847,0.756785,0,2.38195,0,0,0.675793,1.33131,0.621546,0,2.66291,0.605232,0,1,0,1,0,1,w,w
10864,WORK,1,1,0.794483,2.93628,0.851233,1.98874,0.687672,0,2.32849,0,0,0.741594,1.57955,0.588765,0.722051,2.32565,0.632553,1,1,0,1,0,1,w,w
10865,WORK,1,1,0.784504,2.96819,1.09945,1.94285,0.64295,0,2.25175,0,0,0.649338,1.50285,0.588511,0.515218,2.29222,0.599203,0,1,0,1,0,1,w,w
12493,WORK,1,1,0.766937,1.21036,1.09687,0,0.696513,0.644233,1.38329,0.530784,0.866499,1.0297,0,0,0.782716,2.576,0,0,1,1,0,0,1,w,w
12497,WORK,1,1,0.780971,1.18845,1.30458,0,0.753997,0.593192,1.36627,0,0.806181,1.03812,0,0,1.04242,2.49505,0,0,1,1,0,0,1,w,w
12501,WORK,1,1,0.78778,1.15688,0.818411,0,0.748433,0.555597,1.1089,0,1.04635,0.912159,0,0,1.05516,2.38724,0,0,1,1,0,0,1,w,w
12524,WORK,1,1,0.741701,1.64196,0,0.568859,0.60686,0,1.6062,0,0,0.655973,0.930111,0,0,1.26279,0,1,0,1,0,1,0,w,w
12527,WORK,1,1,0.79498,1.72109,1.23462,0,0,0,1.65119,0,0,0,1.62353,0,0.596717,0,0,0,0,1,0,0,0,w,w
12528,WORK,1,1,0.813925,2.09428,1.19334,0,0,0,2.23114,0,0,0,1.29899,0,0.66473,0,0,0,0,1,0,0,0,w,w
12559,WORK,1,1,0.969888,0.983098,0,1.27667,0,0,2.33301,0,0,0.565168,1.48101,0,1.56176,0,0,1,1,1,1,0,0,w,w
12560,WORK,1,1,0.963755,0.899905,0,1.05698,0,0,1.7937,0,0,0.649436,1.85558,0,1.54016,0.888732,0,1,1,1,0,0,0,w,w
12561,WORK,1,1,0.954406,0.84056,0,0.809969,0,0,2.40775,0,0,0.526422,1.63713,0,0,0.7565,0,1,1,1,0,0,0,w,w
12562,WORK,1,1,0.890084,0.853963,0,1.19272,0,0,2.73727,0.635376,0.608957,0,1.79776,0,0,1.3084,0,1,1,1,0,0,0,w,w
12563,WORK,1,1,0.913063,0.64225,0,1.1208,0,0,2.91752,0.517788,0.755136,0,1.8828,0,0.542278,0.675481,0,1,1,1,0,0,1,w,w
12668,WORK,1,1,0.868829,0.759098,1.62347,1.06088,0,0,1.73092,0,1.08665,0,0,0,0,1.63531,0,1,1,0,1,0,0,w,w
12669,WORK,1,1,0.912629,1.11737,1.33709,1.01584,0,0.733502,1.83427,0.644381,1.23188,0,0,0,0,2.73854,0,1,1,0,1,0,0,w,w
12670,WORK,1,1,0.888054,0.702049,0.858574,0.854346,0,0.849303,1.78855,0.755605,1.10325,0,0,0,0,3.37858,0,1,1,0,1,0,0,w,w
12671,WORK,1,1,0.858534,0,0.851334,0,0.651444,0.90328,1.93572,0.785983,1.18106,0,0,0,0,3.37192,0,0,1,0,1,0,0,w,w
12672,WORK,1,1,0.867294,0,0,0.677898,0.502067,0.882353,1.36145,0.820352,1.14257,0,0,0,0,3.31587,0,1,1,0,1,0,0,w,w
12673,WORK,1,1,0.865653,0,0,0,0,0.90564,1.03356,0.840896,1.24099,0,0,0,0,3.3886,0,1,1,0,1,0,0,w,w
12674,WORK,1,1,0.88752,0,0,0,0,0.857674,1.36453,0.77215,1.15689,0,0,0,0,3.31658,0,1,1,0,1,0,0,w,w
12675,WORK,1,1,0.918002,0,0,0,0.625126,0.977488,1.58545,0.976881,1.30038,0,0,0,0,3.09331,0,1,1,0,1,0,0,w,w
12676,WORK,1,1,0.929058,0,0,0,0,1.01767,1.72858,0.951154,1.24106,0,0,0,0,2.87268,0,1,1,0,1,0,0,w,w
12677,WORK,1,1,0.931242,0.544375,0,0,0,0.930463,2.0869,1.03046,1.25243,0,0,0,0,2.42034,0,0,1,0,1,0,0,w,w
12678,WORK,1,1,0.933882,0.513584,0,0,0,1.03146,1.60047,0.966063,1.30923,0,0,0,0,3.10502,0,0,1,0,1,0,0,w,w
12679,WORK,1,1,0.938313,0.870445,0,0,0,1.02155,1.52561,0.982284,1.36046,0,0.599976,0,0,3.11507,0,0,1,0,1,0,0,w,w
12680,WORK,1,1,0.935747,0,0,0,0,1.02147,1.95872,0.98297,1.39678,0,0,0,0,3.4603,0,0,1,0,1,0,0,w,w
12681,WORK,1,1,0.930497,0.530217,0,0,0,1.08276,1.84228,1.0813,1.50622,0,0,0,0,3.40997,0,0,1,0,1,0,0,w,w
12682,WORK,1,1,0.922777,0.734819,0,0,0,1.04532,1.94833,1.00402,1.19271,0,0.616386,0,0,2.94766,0,0,1,0,1,0,0,w,w
12683,WORK,1,1,0.908348,0.663817,0,0,0,1.17026,1.63221,1.07515,1.27102,0,0.661921,0,0,4.16665,0,0,1,0,0,0,0,w,w
12684,WORK,1,1,0.895668,0,0,0,0,1.19366,1.64043,1.10283,1.47385,0,0.69061,0,0,4.41922,0,0,1,0,1,0,0,w,w
12685,WORK,1,1,0.91085,0,0,0.895435,0,1.10663,1.83457,0.99452,1.29383,0,0.898621,0,0,3.71273,0,1,1,0,1,0,0,w,w
12686,WORK,1,1,0.937123,0.553809,0,0,0,1.01555,1.43032,0.980588,1.07378,0,0.735061,0,0,3.10058,0,1,1,0,1,0,0,w,w
12687,WORK,1,1,0.926692,0.50338,0,0,0,1.18892,1.2981,1.067,1.51093,0,0,0,0,3.3552,0,0,1,0,1,0,0,w,w
16567,WORK,1,1,0.753508,1.48178,1.27487,0,0,0,0.914489,0,1.21835,0,1.59106,1.40869,0.89141,1.39509,0,0,0,1,0,0,0,w,w
17491,WORK,1,1,0.750946,2.70044,2.36643,1.7567,0.706599,0,0,0,0,0,0,0.658745,0,1.29655,0,0,1,0,1,1,0,w,w
