time_stamp,word,frame,success,confidence,AU01_r,AU02_r,AU04_r,AU05_r,AU06_r,AU09_r,AU10_r,AU12_r,AU14_r,AU15_r,AU17_r,AU20_r,AU25_r,AU26_r,AU04_c,AU12_c,AU15_c,AU23_c,AU28_c,AU45_c,speaker_gender,listener_gender
4286,DAMAGE,1,1,0.805043,0,0,0.561075,1.06263,0,1.81769,0,0,0.579223,0,0,0.792641,0.692174,0,1,0,0,0,0,0,m,w
4287,DAMAGE,1,1,0.812327,0,0,0.610606,1.01658,0,1.72581,0,0,1.03956,0,0,0.702045,0.539043,0,1,0,0,0,0,0,m,w
4288,DAMAGE,1,1,0.901951,0,0,0.61025,0.993924,0,1.56627,0,0,0.980295,0,0,0.711527,0.621983,0,1,0,0,0,0,0,m,w
4289,DAMAGE,1,1,0.881147,0,0,0,0,0,1.95423,0,0,0.810912,0,0,0.997781,0,0,1,0,0,0,0,0,m,w
4290,DAMAGE,1,1,0.876047,0.548362,0,0.713044,0,0,2.31652,0,0,0.984818,0,0,0.750266,0,0,1,0,1,0,0,0,m,w
4291,DAMAGE,1,1,0.887992,0.656461,0,0.652377,0,0,2.16536,0.502949,0,0.917139,0,0,0.680738,0,0,1,0,1,0,0,0,m,w
4292,DAMAGE,1,1,0.889651,0.583586,0,0.62364,0,0,2.33531,0,0,1.22983,0,0,0.600861,0,0,0,0,1,0,0,0,m,w
4298,DAMAGE,1,1,0.752706,1.31466,0.801597,0.698305,0,0,0,0,0,0,0.604693,0,1.62118,0,0,0,0,0,0,0,0,m,w
4299,DAMAGE,1,1,0.753941,1.17806,0,0.860725,0,0,0,0,0,0,0.532763,0,1.34565,0,0,0,0,0,0,0,0,m,w
4300,DAMAGE,1,1,0.805825,0.906956,0,0.770542,0,0,0,0,0,0,0.623641,0,1.20682,0.692832,0,0,0,0,0,0,0,m,w
4301,DAMAGE,1,1,0.942308,0,0,0.61301,0,0,0,0,0,0,0.973384,0,0.687844,1.17398,0,1,0,0,1,0,0,m,w
4302,DAMAGE,1,1,0.962414,0,0,0,0,0,0,0,0,0,0.925205,0,0,1.61539,0,0,0,0,1,0,0,m,w
4303,DAMAGE,1,1,0.961247,0,0,0.641666,0,0,0.748794,0,0,0,1.11198,0,0,2.10582,0,1,0,0,1,0,0,m,w
4304,DAMAGE,1,1,0.961725,0,0,0.625215,0,0,0.52303,0,0,0,0.991708,0,0,2.3008,0,1,0,0,0,0,0,m,w
4305,DAMAGE,1,1,0.958291,0,0,0.694381,0,0,0.8772,0,0,0,1.00978,0,0,2.70488,0,1,0,0,1,0,0,m,w
4306,DAMAGE,1,1,0.954933,0,0,0.715728,0,0,0.968675,0,0,0,0.847304,0,0.660256,2.41839,0,1,0,0,1,0,0,m,w
4307,DAMAGE,1,1,0.95666,0,0,0.579689,0,0,0.935605,0,0,0,0,0,0.53129,1.72679,0,1,0,0,1,0,0,m,w
4308,DAMAGE,1,1,0.957993,0,0,0.700008,0,0,0.869279,0,0,0,0,0,0,1.33241,0,1,0,0,0,0,0,m,w
4309,DAMAGE,1,1,0.948812,0,0,0.561946,0,0,1.01266,0,0,0,0.509947,0,0.612695,1.42226,0,1,0,0,0,0,0,m,w
4310,DAMAGE,1,1,0.944552,0,0,0.615824,0,0,1.07939,0,0,0,0,0,0.537546,0.93593,0,1,0,0,0,0,0,m,w
4311,DAMAGE,1,1,0.93297,0.509831,0.535497,0.5577,0,0,0.947586,0,0,0.582943,0,0,0.794871,0.967362,0,0,0,0,0,0,0,m,w
4312,DAMAGE,1,1,0.94762,0,0.696921,0.758024,0,0,1.14129,0,0,0.724144,0,0,0,0.769496,0,0,0,0,1,0,0,m,w
4313,DAMAGE,1,1,0.945036,0.501552,0.613124,0.766136,0,0,1.3946,0,0,0.686869,0,0,0,0,0,0,0,0,0,0,0,m,w
4314,DAMAGE,1,1,0.952847,0,0.721924,0.840131,0,0,1.64285,0,0,0.755505,0,0,0,0,0,0,0,1,0,0,0,m,w
4315,DAMAGE,1,1,0.952453,0.516794,0.54653,0.783972,0,0,1.76687,0,0,1.00179,0,0,0,0,0,0,0,1,0,0,0,m,w
4347,DAMAGE,1,1,0.953428,0.518984,0,0.676582,0,0,1.15555,0,0,0,0.875093,0,0,1.64743,0,0,0,0,0,0,0,m,w
4348,DAMAGE,1,1,0.95101,0,0,0.819676,0,0,1.28079,0,0,0,0.866814,0,0,1.43918,0,0,0,0,0,0,0,m,w
4349,DAMAGE,1,1,0.948805,0,0,0.713723,0,0,1.81974,0,0,0,0.707615,0,0,1.43224,0,1,0,0,0,0,0,m,w
4350,DAMAGE,1,1,0.949109,0.733889,0.556774,0.796617,0,0,1.38473,0,0,0,0.548996,0,0,1.7203,0,0,0,0,0,0,0,m,w
4351,DAMAGE,1,1,0.943191,0.621648,0,0.768799,0,0,1.57061,0,0,0,0,0,0,1.63729,0,1,0,0,0,0,0,m,w
4352,DAMAGE,1,1,0.946285,0.751485,0.771717,0.634266,0,0,1.54585,0,0,0,0,0,0,1.5584,0,0,0,0,0,0,0,m,w
4353,DAMAGE,1,1,0.946961,0.791827,0.861054,0.576013,0,0,1.21579,0,0,0,0.551846,0,0,2.00277,0,1,0,0,0,0,0,m,w
4354,DAMAGE,1,1,0.950966,0.745295,0.628206,0.931084,0,0,1.78382,0,0,0,0.60076,0,0,2.24001,0,1,0,0,0,0,0,m,w
4355,DAMAGE,1,1,0.952308,0.744044,0.641318,0.779769,0,0,1.74457,0,0,0,0.814951,0,0,1.84957,0,1,0,0,0,0,0,m,w
4356,DAMAGE,1,1,0.952427,0.627105,0,0.746245,0,0,1.41356,0,0,0,0.846473,0,0,1.41837,0,1,0,0,0,0,0,m,w
4357,DAMAGE,1,1,0.952703,0.663623,0.667028,0.775757,0,0,1.30272,0,0,0,0.77318,0,0,1.72207,0,1,0,0,0,0,0,m,w
4358,DAMAGE,1,1,0.953817,0.670157,0.500706,0.738523,0,0,1.33979,0,0,0,0.89791,0,0,1.29485,0,1,0,0,0,0,0,m,w
4359,DAMAGE,1,1,0.957145,0.615256,0.521592,0.885219,0,0,1.43849,0,0,0,0.810544,0,0,1.83642,0,1,0,0,0,0,0,m,w
4360,DAMAGE,1,1,0.960854,0.511013,0,0.981812,0,0,1.46303,0,0,0,0.94377,0,0,1.82361,0,1,0,0,0,0,0,m,w
4361,DAMAGE,1,1,0.962177,0.71554,0,0.886089,0,0,1.03269,0,0,0,0.861519,0,0,1.7393,0,1,0,0,0,0,0,m,w
4362,DAMAGE,1,1,0.962097,0.503972,0,0.799849,0,0,0.915797,0,0,0,0.880931,0,0.543638,1.92557,0,1,0,0,0,0,0,m,w
4363,DAMAGE,1,1,0.963393,0.53933,0,0.852717,0,0,0.995845,0,0,0,1.06899,0,0.562725,2.3773,0,1,0,0,0,0,0,m,w
4364,DAMAGE,1,1,0.965809,0,0,0.765611,0,0,0.81093,0,0,0,1.11107,0,0,2.52976,0,1,0,0,0,0,0,m,w
4365,DAMAGE,1,1,0.968659,0,0,0.880936,0,0,0.592422,0,0,0,1.06459,0,0,2.62952,0,1,0,0,0,0,0,m,w
4366,DAMAGE,1,1,0.974496,0,0,0.868129,0,0,0.600385,0,0,0,1.22773,0,0,2.42337,0,0,0,0,0,0,0,m,w
4367,DAMAGE,1,1,0.977545,0,0,0.846996,0,0,0.616416,0,0,0,1.30463,0,0,2.5462,0,0,0,0,0,0,0,m,w
4368,DAMAGE,1,1,0.980276,0,0,0.848032,0,0,0.741914,0,0,0,1.03153,0,0,2.56355,0,0,0,0,0,0,0,m,w
4369,DAMAGE,1,1,0.981187,0,0,0.921437,0,0,0.605809,0,0,0,1.0838,0,0,2.19418,0,0,0,0,0,0,0,m,w
4370,DAMAGE,1,1,0.981436,0,0,0.906097,0,0,0,0,0,0,1.14197,0,0,2.43107,0,0,0,0,0,0,0,m,w
4371,DAMAGE,1,1,0.915855,0,0,0.581023,0,0,0,0,0,0,1.00515,0,0,2.12323,0,0,0,0,0,0,0,m,w
4372,DAMAGE,1,1,0.90841,0,0,0.503098,0,0,0,0,0,0,0.942295,0,0,2.17486,0,0,0,1,1,0,0,m,w
4373,DAMAGE,1,1,0.906682,0,0,0,0,0,0,0,0,0,1.01089,0,0,2.06284,0,0,0,1,0,0,0,m,w
4374,DAMAGE,1,1,0.91387,0,0,0.868197,0.782934,0,0,0,0,0,0.943033,0,0,1.76961,0,0,0,1,0,0,0,m,w
4375,DAMAGE,1,1,0.920461,0,0,0.661816,0.654192,0,0,0,0,0,0.994376,0,0,1.97857,0,0,0,1,0,0,0,m,w
4376,DAMAGE,1,1,0.918483,0,0,0.739949,0.759371,0,0,0,0,0,0.930837,0,0,2.1398,0,0,0,1,0,0,0,m,w
4377,DAMAGE,1,1,0.916089,0,0,0.749326,0.827051,0,0,0,0,0,0.998366,0,0,2.02475,0,0,0,1,1,0,0,m,w
4378,DAMAGE,1,1,0.916996,0,0,1.11577,0,0,0,0,0,0,0.915064,0,0,1.84792,0,0,0,1,1,0,0,m,w
4379,DAMAGE,1,1,0.919492,0,0,0.611974,0.640723,0,0,0,0,0,0.922031,0,0,2.29366,0,0,0,1,1,0,0,m,w
4380,DAMAGE,1,1,0.916763,0,0,0.806282,0,0,0,0,0,0,1.0118,0,0,2.01265,0,0,0,1,1,0,0,m,w
4381,DAMAGE,1,1,0.922346,0,0,0.938568,0,0,0,0,0,0,1.13216,0,0,2.03491,0,0,0,1,0,0,0,m,w
4382,DAMAGE,1,1,0.916552,0,0,0.9876,0,0,0,0,0,0,1.31243,0,0.65888,1.96958,0,1,0,1,0,0,0,m,w
4383,DAMAGE,1,1,0.910463,0,0,0.654585,0.629975,0,0,0,0,0,1.02047,0,0.948137,1.90917,0,0,0,1,0,0,0,m,w
4384,DAMAGE,1,1,0.979968,0,0,0.678241,0,0,0,0,0,0,1.10052,0,0.649634,1.68614,0,1,0,1,0,0,0,m,w
4385,DAMAGE,1,1,0.984964,0,0,0.665436,0,0,0,0,0,0,1.19173,0,0.964811,1.81188,0,1,0,0,0,0,0,m,w
4386,DAMAGE,1,1,0.984603,0,0,0.796151,0,0,0.674114,0,0,0,1.30036,0,0.502058,1.40824,0,0,0,0,0,0,0,m,w
4387,DAMAGE,1,1,0.983078,0,0,0.952338,0,0,0.64334,0,0,0,1.56499,0,0.506115,1.7476,0,1,0,0,0,0,0,m,w
4388,DAMAGE,1,1,0.981676,0,0,0.95549,0,0,0.706208,0,0,0,1.54513,0,0,1.75085,0,1,0,0,0,0,0,m,w
4389,DAMAGE,1,1,0.981371,0,0,0.833819,0,0,0.887527,0,0,0,1.55121,0,0.610106,1.70824,0,1,0,0,0,0,0,m,w
4390,DAMAGE,1,1,0.98165,0,0,0.595437,0,0,0.523342,0,0,0,1.53656,0,0.530274,1.8041,0,1,0,0,0,0,0,m,w
4391,DAMAGE,1,1,0.981942,0,0,0.856351,0,0,0.66334,0,0,0,1.54163,0,0,2.05675,0,1,0,0,0,0,0,m,w
