time_stamp,word,frame,success,confidence,AU01_r,AU02_r,AU04_r,AU05_r,AU06_r,AU09_r,AU10_r,AU12_r,AU14_r,AU15_r,AU17_r,AU20_r,AU25_r,AU26_r,AU04_c,AU12_c,AU15_c,AU23_c,AU28_c,AU45_c,speaker_gender,listener_gender
46548,MIX,1,1,0.980528,0,0.760536,1.55747,0,0,0,0,0.562493,0.658562,0,0.53943,0.903171,0,0,1,0,1,0,0,1,w,w
46549,MIX,1,1,0.968793,0,0.647675,1.09796,0,0,0.728641,0,0.649919,0.897621,0,0.632277,0.634244,0,0,1,0,1,1,0,1,w,w
46550,MIX,1,1,0.965505,0,0.589759,1.0413,0,0,1.70939,0,0,0.894781,0,0,0,0,0,0,0,1,1,0,1,w,w
46551,MIX,1,1,0.974571,0,0.924301,0.811778,0.660698,0,1.95727,0,0,0.565806,0,0,0,0.547015,0,0,0,1,1,0,0,w,w
46552,MIX,1,1,0.98051,0,0.862754,0.759601,0.892133,0,1.63426,0,0,0,0,0.836329,0,0,0,0,0,1,0,0,0,w,w
46553,MIX,1,1,0.979841,0,0.94335,0.844964,0.626626,0,1.44206,0,0,0,0,0.867665,0,0,0,0,0,1,1,0,0,w,w
46554,MIX,1,1,0.983966,0,1.00738,0.944495,0.83628,0,1.49387,0,0,0.729907,0,0.859155,0,0,0,0,1,1,1,0,0,w,w
46555,MIX,1,1,0.984261,0,1.06493,0.898184,0.94585,0,1.31014,0.536781,0,0.848221,0.577911,0.929523,0,0,0,0,1,1,1,0,0,w,w
46556,MIX,1,1,0.983457,0,0.982469,0.998579,0.714021,0.666145,1.3411,0.58633,0,1.46177,0.790207,0.959595,0,0,0,0,1,1,1,0,0,w,w
46557,MIX,1,1,0.976927,0,1.09486,1.0847,0.735486,0.720208,1.48336,0.685781,0.668786,1.67989,0.998101,1.06803,0,0,0,0,1,1,0,0,0,w,w
47597,MIX,1,1,0.742969,1.05865,0.935945,0,0,0,0,0,0,0,0,0,2.32833,1.58117,0.579197,0,0,0,0,0,0,w,w
47606,MIX,1,1,0.8831,2.72983,1.59243,1.07357,0,0,0,0,0,0.519584,0,1.46124,1.35326,0,0,0,0,1,1,1,0,w,w
47607,MIX,1,1,0.904832,1.98128,1.32008,1.68653,0,0,0,0,0.828781,0.849079,0,1.02738,2.20259,0.736116,0.651483,0,0,0,1,0,0,w,w
46020,MIX,1,1,0.825889,1.31677,0.834742,0.610017,0.763872,0,0,0,0,0,0,0,0,0,0,1,0,0,0,0,0,w,w
46024,MIX,1,1,0.834602,0.704288,0,0.690973,0.836886,0,0,0,0,0,0,0,0,0.531156,0,1,0,0,0,0,0,w,w
46060,MIX,1,1,0.855994,0,0,0,0,0,0,0,0,0.980269,0.947799,0,2.06995,0,0,0,1,1,1,0,1,w,w
46061,MIX,1,1,0.879278,0,0,0,0,0,0,0,0,0.888082,0.85223,0,1.83604,1.31389,0,0,1,1,1,0,1,w,w
46062,MIX,1,1,0.912041,0,0,0.54273,0,0,0,0,0,0.768039,0,0,1.93382,2.13463,0,0,1,0,1,0,0,w,w
46063,MIX,1,1,0.840285,0,0,0,0,0,0,0,0,0.665039,0,0,0.862656,2.59102,0,0,1,0,0,0,0,w,w
46064,MIX,1,1,0.833181,0,0,0.7347,0.560377,0,0,0,0,0.659719,0,0,0,1.70082,0,1,1,0,0,0,0,w,w
4255,MIX,1,1,0.848732,1.1938,0,1.56008,0,0,1.05852,0,0.726379,0.716161,1.21109,0,0,0,0.560335,0,0,1,1,0,1,m,w
4256,MIX,1,1,0.782087,1.28627,0,1.06174,0,0,1.21856,0,0.586473,0,1.06303,0,0,1.08603,0,0,0,1,1,0,0,m,w
4257,MIX,1,1,0.758795,0.881537,0,1.43138,0,0,0.902303,0,0.5796,0,0.982413,0,0,1.04035,0,0,0,1,1,0,0,m,w
4324,MIX,1,1,0.818215,1.26696,0,1.23098,0,0.534837,0,0.537477,0.753678,0.858459,0,0,1.48616,1.91744,0,0,0,0,0,0,1,m,w
4325,MIX,1,1,0.850503,1.14155,0,1.49061,0,0.56595,0,0,0.728545,1.26954,0.664831,0,1.24316,3.14092,0,0,0,0,0,0,0,m,w
4326,MIX,1,1,0.890608,0,0,1.29589,0,0.585703,0,0,0,0.905609,0.592041,0,0.827547,3.19667,0,0,0,0,0,0,0,m,w
4327,MIX,1,1,0.887944,0,0,1.48673,0,0.651714,0,0,0.666196,0.99527,0.674402,0,1.19915,3.91191,0,0,1,0,1,0,0,m,w
4328,MIX,1,1,0.906272,0,0,1.23696,0,0.761384,0,0,0.658139,1.14724,0.813381,0,0.933909,3.33487,0,0,1,1,1,0,0,m,w
4329,MIX,1,1,0.927607,0,0,1.6284,0,0.892326,1.00905,0.768181,0.607966,1.24868,0.769287,0,0.732012,3.99839,0,1,1,1,1,0,0,m,w
4330,MIX,1,1,0.921328,0,0,2.06976,0,0.966835,1.42384,0.94679,0.644677,1.69855,0.750885,0,0,3.40459,0,1,1,0,1,0,0,m,w
4331,MIX,1,1,0.940582,0,0,2.03659,0,1.10584,1.98033,1.22661,0.587611,1.71556,0.725825,0,0,3.61028,0,1,1,0,1,0,0,m,w
4332,MIX,1,1,0.939408,0,0,1.70243,0,1.26883,1.50457,1.58478,0.813996,2.11613,0,0,0,3.21571,0,1,1,0,0,0,0,m,w
4333,MIX,1,1,0.834823,0,0,1.55782,0,1.23217,1.3786,1.57772,0.727708,1.95231,0,0,0,1.53174,0,1,1,0,1,0,0,m,w
4334,MIX,1,1,0.871929,0,0,1.6715,0.560692,1.25922,0.970248,1.75152,0.638274,1.6986,0,0,0,1.32558,0,1,1,0,0,0,0,m,w
4335,MIX,1,1,0.817605,0,0,1.13494,0.729679,1.13513,0,1.65191,0.617455,1.83908,0,0,0,0.730039,0,0,1,0,0,0,1,m,w
4351,MIX,1,1,0.899652,0.592909,0,1.26043,0,0,0.755028,0.651412,0.537937,0,0,0,0.732274,0,0,0,0,1,1,0,1,m,w
4352,MIX,1,1,0.908233,0,0,1.56732,0,0,0.749716,0.571247,0,0.568629,0,0,0.651196,0.898304,0,0,0,1,1,0,1,m,w
4353,MIX,1,1,0.9402,0.522709,0,1.33261,0,0,0.800678,0.552723,0,0.751876,0,0,0.730546,2.20968,0,0,0,1,1,0,1,m,w
4354,MIX,1,1,0.913682,0.543605,0,1.18378,0,0,1.00402,0,0,0.557432,0,0,1.11477,2.64457,0,0,0,0,1,0,1,m,w
4355,MIX,1,1,0.91143,0.859788,0,1.13178,0,0,0.508612,0,0,0.903299,0,0,0.815226,3.16396,0,0,0,0,1,0,0,m,w
4356,MIX,1,1,0.938543,0,0,1.26359,0,0,0.840342,0,0,0.951946,0,0,0.810401,3.07966,0,0,0,1,1,0,1,m,w
4357,MIX,1,1,0.925008,0,0,1.52767,0,0,0.965332,0,0,0.716156,0,0,0.967889,2.5649,0,0,1,1,1,0,1,m,w
4358,MIX,1,1,0.92262,0.796749,0.604741,1.05308,0,0,1.70789,0,0,0,0,0,0,2.45439,0,0,0,1,1,0,1,m,w
4359,MIX,1,1,0.941368,0.893248,0.896722,0,0,0,1.4821,0,0,0,0,0,1.24833,0,0,0,0,1,1,0,1,m,w
4360,MIX,1,1,0.858711,1.34239,1.59169,0,0,0,0.842471,0,0,0,0.56428,0,0.944326,0,0,0,0,0,1,0,1,m,w
4361,MIX,1,1,0.827017,0.868697,1.34611,0,0,0,0.906322,0,0,0.817812,0,0,0.717893,0,0,0,0,0,1,0,0,m,w
4362,MIX,1,1,0.78498,0.979414,1.70814,0,0.716579,0.506998,0.889739,0.918326,0,1.06002,0,0,0,0,0,0,0,0,1,0,0,m,w
4363,MIX,1,1,0.775868,0,1.29991,0,0.77375,0.828614,0.508241,1.2107,0,1.41694,0,0,0,1.82648,0,0,1,0,1,0,0,m,w
4364,MIX,1,1,0.742538,0,1.49575,0,1.16775,0.999667,1.38991,1.38783,0.669181,1.59582,0,0,0,1.81959,0,0,1,0,0,0,0,m,w
4368,MIX,1,1,0.745074,0.564144,1.36376,0,0.612856,1.14335,0.941814,1.52837,1.2912,1.41165,0,0,0,0.736242,0,0,1,0,0,0,0,m,w
4375,MIX,1,1,0.756056,0.974061,0.886829,0,1.07511,0.725722,0,1.10513,0.893476,1.73051,0,0,0,0,0,0,1,0,0,0,0,m,w
4376,MIX,1,1,0.780584,0.994546,0.78112,0,0.856331,0.567038,0,1.06378,0.788992,1.7277,0,0,0,0,0,0,1,0,0,0,0,m,w
4378,MIX,1,1,0.740278,1.46826,1.74779,0,0.972928,0,0,0,0.81668,1.05227,0,0,0,0,0,0,1,0,0,0,0,m,w
4401,MIX,1,1,0.765939,0,1.19713,0,0,1.07698,0,1.21865,1.75006,1.74541,0,0,1.4028,1.16886,0,0,1,0,0,0,0,m,w
4404,MIX,1,1,0.759534,0,1.47937,0,0.992957,1.05133,1.43871,1.47986,0.695782,1.00916,0,0,0,2.77679,0,0,1,0,1,0,0,m,w
4406,MIX,1,1,0.747066,0,1.42747,0,0.657227,1.02338,1.12535,1.35788,0.668149,1.2353,0,0,0,2.35198,0,0,1,0,1,0,0,m,w
4409,MIX,1,1,0.732679,0,1.58494,0,0.765361,0.858064,1.30789,1.27647,0.535728,0.868034,0,0,0,0.797665,0,0,1,0,1,0,0,m,w
4410,MIX,1,1,0.747394,0,1.47219,0,0,0.763782,1.49146,1.2285,0,0.643055,0,0,0,1.76814,0,0,0,0,1,0,0,m,w
4411,MIX,1,1,0.73542,0.57831,1.84888,0,0,0.771146,1.64116,1.2716,0.531399,0,0,0,0,0.936754,0,0,0,0,1,0,0,m,w
4412,MIX,1,1,0.726205,0,1.93868,0,0.524369,0.719772,1.27827,1.10533,0,0.860597,0,0,0,1.08327,0,0,0,0,1,0,0,m,w
4413,MIX,1,1,0.731642,0.818455,1.57674,0,0.609824,0.68554,1.69147,1.02837,0,1.13971,0,0,0,1.98127,0,0,0,0,1,0,0,m,w
4415,MIX,1,1,0.725845,0.515844,1.23331,0,0,0.809032,1.30079,1.13253,0.558681,1.08119,0,0,0,1.86728,0,0,0,0,1,0,0,m,w
4416,MIX,1,1,0.826847,0,1.55862,0,0.68545,0.941643,1.4712,1.30578,0.521885,0.854453,0,0,0,1.41484,0,0,0,0,1,0,0,m,w
4417,MIX,1,1,0.834843,0,1.56103,0,0,0.85553,1.36706,1.10416,0,1.07883,0.664398,0,0,1.59606,0,0,1,0,1,0,0,m,w
4418,MIX,1,1,0.855082,0,1.81647,0,0.599622,0.917802,0.690678,1.03494,0,1.46911,0.584364,0,0,3.05665,0,0,1,0,1,0,0,m,w
4419,MIX,1,1,0.879187,0,1.75712,0,0.839541,0.819697,0.510859,0.791687,0.673071,1.72588,0.561672,0,0,3.40383,0,0,1,0,1,0,0,m,w
4420,MIX,1,1,0.8777,0.684798,1.82622,0,1.00992,1.00631,0,1.14288,0.85202,1.48021,0.536233,0,0,3.29522,0,0,1,0,1,0,0,m,w
4421,MIX,1,1,0.793096,0,2.21432,0,1.18203,0.978637,1.35578,1.3022,0.93,1.41502,0,0,0,2.45763,0,0,1,0,1,0,0,m,w
4422,MIX,1,1,0.746487,0.605131,1.03418,0.74474,1.09084,0.884181,0,1.27715,0.59011,1.1852,0,0,0,0,0,0,1,0,0,0,0,m,w
4423,MIX,1,1,0.825186,0,1.76597,0,0.5098,0,0,0,0,0,0,0,0,0,0,1,0,0,0,0,0,m,w
4424,MIX,1,1,0.779042,0.697906,1.91099,0,0.836741,0,0,0,0,1.00377,0,0,0,0,0,1,0,0,0,0,0,m,w
