time_stamp,word,frame,success,confidence,AU01_r,AU02_r,AU04_r,AU05_r,AU06_r,AU09_r,AU10_r,AU12_r,AU14_r,AU15_r,AU17_r,AU20_r,AU25_r,AU26_r,AU04_c,AU12_c,AU15_c,AU23_c,AU28_c,AU45_c,speaker_gender,listener_gender
31711,PT:LOCPL,1,1,0.8155,1.49695,2.00329,3.06106,0,0,0,0,0,0,0,0,0,0,0,1,0,1,0,0,0,w,w
31712,PT:LOCPL,1,1,0.803348,1.57572,2.02122,3.85019,0,0,1.54461,0,0,0,0,0,0,0,0,1,0,1,0,0,0,w,w
31713,PT:LOCPL,1,1,0.763618,1.27674,1.41234,3.48271,0,0,1.95484,0,0,0,0,0,0,0,0,1,0,1,0,0,0,w,w
31714,PT:LOCPL,1,1,0.736681,1.40493,1.70703,3.12888,0,0,1.82983,0,0,0,0,0,0,0,0,1,0,0,0,0,0,w,w
31716,PT:LOCPL,1,1,0.765937,1.57466,1.52698,3.30466,0,0,1.88048,0,0,0,0,0,0,1.15466,0,1,0,0,0,0,0,w,w
31717,PT:LOCPL,1,1,0.752464,1.74324,1.43464,3.05921,0,0,1.92367,0,0,0,0,0,0,0.67624,0,1,0,0,0,0,0,w,w
31718,PT:LOCPL,1,1,0.774829,1.82366,1.52504,3.20605,0,0,1.87763,0,0,0,0,0,0,1.38857,0,1,0,0,0,0,0,w,w
31719,PT:LOCPL,1,1,0.778851,1.9307,1.6018,3.1323,0.506215,0,1.92887,0,0,0,0,0,0.595847,1.89511,0,1,0,0,0,0,0,w,w
42210,PT:LOCPL,1,1,0.883638,0.623991,0.553682,0.922482,0.680785,0,0,0,0,0,0,0,1.21691,0.681477,0,0,0,0,0,0,0,w,w
