time_stamp,word,frame,success,confidence,AU01_r,AU02_r,AU04_r,AU05_r,AU06_r,AU09_r,AU10_r,AU12_r,AU14_r,AU15_r,AU17_r,AU20_r,AU25_r,AU26_r,AU04_c,AU12_c,AU15_c,AU23_c,AU28_c,AU45_c,speaker_gender,listener_gender
1584,WANT,1,1,0.899238,0,0,0,0,0.561409,0,0.892866,0,1.37912,1.07829,0.94572,1.50167,0,0,0,1,1,1,0,0,w,m
1585,WANT,1,1,0.795378,0,0,0,0.501094,0.704591,0.890221,0.948156,1.00792,1.35128,0,0.501055,0.580692,0,0,0,1,0,1,0,0,w,m
1587,WANT,1,1,0.738095,0,0.541505,0,0,0,0.915434,0,0,0.670413,0,0.94788,0,2.34604,0,1,1,0,1,0,0,w,m
1588,WANT,1,1,0.732699,0,1.48196,0,0,0,0.81849,0,0,1.343,0.822236,0.905341,0,2.58203,0,1,1,0,1,1,0,w,m
1589,WANT,1,1,0.816498,0,0,0,0,0.599133,0.599313,0.59974,0,0.877577,1.31977,0.74761,1.45287,2.33545,0,0,1,1,1,0,0,w,m
1590,WANT,1,1,0.902004,0,0,1.11992,0,0.70418,0.834529,0.867288,0.569214,1.10473,0.954414,0,0,0.598426,0,0,1,0,1,0,1,w,m
1591,WANT,1,1,0.890911,0,0,1.00113,0,0.556997,0.760828,0.654486,0,1.27593,1.42912,0.697729,0.674606,1.18092,0,0,1,0,1,0,0,w,m
1592,WANT,1,1,0.884986,0,0,0.707022,0,0,0.882796,0,0,1.2953,1.45476,0.633393,0,0.951571,0,0,1,0,0,0,1,w,m
1593,WANT,1,1,0.939733,0,0,0,0,0,0,0,0,0.86039,1.54972,0.663908,0,0,0,0,0,1,1,0,1,w,m
1594,WANT,1,1,0.940646,0,0,0,0,0,0,0,0,0,0.746971,0.763871,0,0,0,0,1,1,1,0,1,w,m
1595,WANT,1,1,0.783047,0,0.792629,0,0,0,0,0,0,0,0,0,0.730077,0,0.501759,0,1,0,0,0,0,w,m
1596,WANT,1,1,0.901291,0,1.33627,0,0,0,1.58569,0,0,0,0,0,0,0,0,0,0,0,0,0,1,w,m
1597,WANT,1,1,0.916379,0,1.03296,0,0,0,1.56157,0,0,0,0.940179,0,0,0,0,0,0,0,0,0,1,w,m
1598,WANT,1,1,0.913996,0.608837,0.986441,0,0,0,1.10246,0,0,0,0.979038,0,0,0,0,0,1,0,1,0,1,w,m
1599,WANT,1,1,0.91314,0,1.43012,0,0,0,0.744874,0,0,0,0.885424,0.697614,0.863449,0,0,0,1,0,1,0,1,w,m
1600,WANT,1,1,0.907179,0,1.25007,0,0,0,0,0,0,0,0.844321,0.622119,0,0,0,0,1,0,1,0,1,w,m
1601,WANT,1,1,0.916854,0,0.737924,0,0,0,0,0,0,0,0.513172,0.53205,0,0,0,0,1,0,1,0,1,w,m
1602,WANT,1,1,0.930041,0,0.919177,0,0.904324,0,0,0,0,0,0,0.564509,0.971867,0,0,0,1,0,1,0,1,w,m
1603,WANT,1,1,0.935107,0,1.32391,0,1.00127,0,0.692633,0,0,0,0,0,1.05483,0,0,0,1,0,1,0,1,w,m
1604,WANT,1,1,0.925405,0,1.39295,0,1.02468,0,0.893686,0,0,0,0,0.583601,1.56464,0,0,0,0,0,0,0,1,w,m
1605,WANT,1,1,0.933071,0,1.3466,0,1.35334,0,0.705324,0,0,0.796034,0.585486,0.842324,1.9931,0.947489,0,0,0,0,0,0,0,w,m
1606,WANT,1,1,0.891831,0,0.866151,0,0.919011,0,0.735563,0.555712,0,0.904408,0.529462,0.918223,1.42601,0.914567,0,0,0,0,0,0,0,w,m
1607,WANT,1,1,0.860785,0,0.71452,0,1.0139,0,0.563881,0.76041,0,1.31416,0,1.10942,1.24481,0,0,0,0,0,0,0,0,w,m
2330,WANT,1,1,0.967882,0,0.86347,1.77131,0,1.23667,1.64292,0.900976,1.3063,0.944304,0,0,0,5,0,0,1,0,1,0,0,m,w
2331,WANT,1,1,0.966991,0,0.876643,1.70199,0,1.19996,1.77595,0.914712,1.31651,0.937059,0,0,0.56951,5,0,0,1,0,1,0,0,m,w
2332,WANT,1,1,0.96994,0,0.802725,1.62849,0,1.24883,1.67674,0.944901,1.35429,0.922714,0,0,0.53095,5,0,0,1,0,1,0,0,m,w
2333,WANT,1,1,0.967182,0,0.856915,1.81716,0,1.21558,1.7766,0.960223,1.2273,0.963738,0,0,0,5,0,0,1,0,1,0,0,m,w
2334,WANT,1,1,0.970616,0,0.954296,1.64421,0,1.29544,1.22806,1.0546,1.17193,1.03081,0,0,0,5,0,0,1,0,1,0,0,m,w
2335,WANT,1,1,0.962151,0,1.0333,1.80723,0,1.27865,1.54073,1.04998,1.11318,0.856731,0,0,0,5,0,0,1,0,1,0,0,m,w
2336,WANT,1,1,0.969151,0,0,1.62443,0,1.29378,1.29687,1.00917,1.39318,0.986582,0,0,0.938694,5,0,0,1,0,1,0,0,m,w
2337,WANT,1,1,0.969302,0,1.05665,1.55974,0,1.29938,0.805272,1.03727,1.39217,0.852683,0,0,0.782324,4.68122,0,0,1,0,1,0,0,m,w
2338,WANT,1,1,0.971114,0,1.13865,1.58287,0,1.26641,1.00534,1.10105,1.24955,0.889582,0,0,0.748284,4.11277,0,0,1,0,1,0,0,m,w
2339,WANT,1,1,0.971817,0,1.06218,1.70874,0,1.29284,0.559261,1.14145,1.41477,1.02677,0,0,0.778162,4.20028,0,0,1,0,1,0,0,m,w
2340,WANT,1,1,0.96423,0,0.958344,1.96836,0,1.32987,1.04098,1.19581,1.29652,1.215,0,0,0.724039,3.57702,0,0,1,0,1,0,0,m,w
2341,WANT,1,1,0.959731,0,1.07124,1.34114,0,1.34955,1.13623,1.1297,1.36504,1.08154,0,0,0.76247,4.05677,0,0,1,0,1,0,0,m,w
2342,WANT,1,1,0.955815,0,1.13229,1.91784,0,1.4404,0.832472,1.30559,1.3472,1.14345,0,0,0,4.39208,0,0,1,0,1,0,0,m,w
2343,WANT,1,1,0.959182,0.585457,1.41668,1.74397,0,1.45081,0.700424,1.28352,1.47539,1.1871,0,0,0,4.18687,0,0,1,0,1,0,0,m,w
2344,WANT,1,1,0.965479,0,1.02593,1.82627,0,1.43395,0.554471,1.25492,1.45005,1.18841,0,0,0,4.56689,0,0,1,0,1,0,0,m,w
2345,WANT,1,1,0.96063,0,0.968324,2.11533,0,1.29563,0,1.07569,1.42228,1.00188,0,0,0,4.63634,0,0,1,0,1,0,0,m,w
2346,WANT,1,1,0.970711,0,0,1.56609,0,1.28663,0,1.0512,1.33559,1.00671,0,0,0,3.84888,0,0,1,1,1,0,0,m,w
2347,WANT,1,1,0.955039,0,0,1.48082,0,1.25664,0,1.04928,1.3125,1.01129,0,0,0.583406,3.96398,0,0,1,0,1,0,0,m,w
2348,WANT,1,1,0.957243,0,0,1.94971,0,1.44068,0,1.35344,1.6736,1.10919,0,0,0,4.25143,0,0,1,1,1,0,0,m,w
2349,WANT,1,1,0.955793,0,0,1.59331,0,1.46597,0,1.31947,1.6318,1.0132,0,0,0.645358,3.83342,0,0,1,0,1,0,0,m,w
2350,WANT,1,1,0.965247,0,0,1.56429,0,1.40728,0.970581,1.20079,1.5748,0.832949,0,0,0.611193,3.53747,0,1,1,0,1,0,0,m,w
2351,WANT,1,1,0.973848,0,0,1.73845,0,1.45057,0.874027,1.18866,1.58226,0.808301,0,0,0.515971,3.65923,0,1,1,0,1,0,0,m,w
2352,WANT,1,1,0.977065,0,0.519249,1.5436,0,1.2966,0.940437,0.931365,1.43252,0.825007,0,0,0,3.70995,0,0,1,0,1,0,0,m,w
2353,WANT,1,1,0.960868,0,0.703165,1.87872,0,1.2318,1.36726,0.8414,1.34234,0.71998,0,0,0,4.2928,0,0,1,0,1,0,0,m,w
11070,WANT,1,1,0.929084,0,0.930827,0.786386,0,0,0,0,0,0,0,0,1.44368,1.60536,0.925768,1,0,0,0,0,1,w,m
11071,WANT,1,1,0.945587,0,0.972037,0.567455,0,0,0.547781,0,0,0,0,0,1.21406,0.910698,0.783544,1,0,1,0,0,1,w,m
11072,WANT,1,1,0.9404,0,0.939685,0.667007,0,0,1.15752,0,0,0,0,0,0.818746,1.0832,0.810615,1,0,0,1,0,1,w,m
11073,WANT,1,1,0.94181,0,0.727985,0,0,0,1.18689,0,0,0,0,0,0.59766,1.01978,0.738936,1,0,0,1,0,1,w,m
11074,WANT,1,1,0.940758,0,0.771013,0.693684,0,0,1.13784,0,0,0,0.754904,0,0,1.22023,0.695022,1,0,1,1,0,1,w,m
11075,WANT,1,1,0.941246,0,1.08883,1.05904,0,0,1.87339,0,0,0,0.748028,0,0.926993,1.68192,0.922519,1,0,1,1,0,1,w,m
11076,WANT,1,1,0.858454,1.22786,1.2773,1.45612,0,0.535973,1.81833,0,0,0,0.763483,0,0.634236,3.32088,0.798547,1,0,0,1,0,0,w,m
11077,WANT,1,1,0.877875,1.53866,1.53264,1.30965,0,0,2.18458,0,0,0,0.944321,0,0.690429,3.59879,0.762347,1,0,0,1,0,0,w,m
11078,WANT,1,1,0.896714,1.61195,1.43441,1.45832,0,0,2.36356,0,0,0,0.946692,0,0.767986,3.74508,0.712833,1,0,0,1,0,0,w,m
11079,WANT,1,1,0.895923,1.63391,1.38654,1.29763,0,0,2.73841,0,0,0,0.980952,0,0,3.45996,0.824901,1,0,0,1,0,0,w,m
11080,WANT,1,1,0.973787,0.521987,1.09279,1.06404,0,0,1.89281,0,0,0,0,0,0.6152,2.23934,1.01188,1,0,0,1,0,1,w,m
11081,WANT,1,1,0.971078,0,0.793189,1.06736,0,0,1.45721,0,0,0,0.685706,0,0.793806,1.03689,0.793016,1,0,1,1,0,1,w,m
11082,WANT,1,1,0.956221,0,0.53065,0.826342,0,0,1.71464,0,0,0,0,0,0.772082,0.859537,0.856359,1,0,0,1,0,1,w,m
11083,WANT,1,1,0.948029,0,0,1.04376,0,0,1.75892,0,0,0,0,0,1.03958,0.745851,0.796815,1,0,0,1,0,0,w,m
11084,WANT,1,1,0.945245,0,0.550188,1.22277,0,0,1.55154,0,0,0,0,0,1.06242,0.569274,0.7227,1,0,0,1,0,0,w,m
11085,WANT,1,1,0.941942,0,0.800789,1.46467,0.55685,0,1.36912,0,0,0,0,0,1.31267,1.22287,0.914974,1,0,0,1,0,1,w,m
11086,WANT,1,1,0.925685,0.857149,0.863208,1.26675,0,0,0.963968,0,0.805402,0,0,0,1.17538,3.00532,1.34046,1,0,0,1,0,1,w,m
11087,WANT,1,1,0.926637,0.540738,0,1.25571,0,0,0.790544,0,0.817659,0,0,0,1.32956,3.1042,1.34102,1,0,0,1,0,1,w,m
11088,WANT,1,1,0.938614,0.784716,0.541394,0.908222,0,0,0,0,0.817713,0,0,0,1.15813,2.87492,1.39348,1,0,0,0,0,0,w,m
11089,WANT,1,1,0.945541,0.697654,0,0.975504,0,0,0.58147,0,0.868943,0,0,0,1.58265,2.84397,1.36592,1,0,0,0,0,0,w,m
11090,WANT,1,1,0.972779,0,0.523747,1.24063,1.08892,0,0.779327,0,0,0,0,0,1.50308,1.8584,1.0387,1,0,0,1,0,0,w,m
11091,WANT,1,1,0.952904,0,0,0.840846,0.708638,0,0.566535,0,0,0,0,0,1.90091,0,0.653063,1,0,1,1,0,0,w,m
11092,WANT,1,1,0.942259,0,0,0.972535,0.727367,0,0.991896,0,0,0,0,0.515393,1.62954,1.54914,0.688783,1,0,1,1,0,0,w,m
11093,WANT,1,1,0.976354,0,0,1.15849,0.505621,0,0.564868,0,0,0,0,0,0.948656,0,0.57092,1,0,0,1,0,0,w,m
11094,WANT,1,1,0.978594,0,0,0.840315,0.672957,0,0.641376,0,0,0,0,0,0.686664,0.515328,0,1,0,0,0,0,0,w,m
11095,WANT,1,1,0.972326,0,0,0.695822,0.651032,0,0.923386,0,0,0,0,0,0,1.36248,0.809492,1,0,0,1,0,0,w,m
11096,WANT,1,1,0.942174,0,0,0.53173,0,0,0,0,0.752227,0,0,0,0.983714,2.15436,1.15713,1,0,0,1,0,0,w,m
11097,WANT,1,1,0.952853,0,0,0.815813,0,0,0.701586,0,0.586055,0,0,0,1.43595,2.45307,1.04133,1,0,0,0,0,0,w,m
11098,WANT,1,1,0.980578,0,0,0.673884,1.0786,0,0.658598,0,0,0,0,0,1.45024,2.14877,0.547355,0,0,0,1,0,0,w,m
11099,WANT,1,1,0.982839,0,0,0.761933,0.725212,0,0.813492,0,0.816274,0,0,0,1.86292,0.870195,0,0,0,1,0,0,0,w,m
11100,WANT,1,1,0.980231,0,0,1.01758,0,0,1.01407,0,0.650061,0,0,0,2.17748,0.646519,0,0,0,1,0,0,0,w,m
1029,WANT,1,1,0.992191,0.557841,0.968869,0.507609,0,0,0,0,0,0,0.556144,0,0,1.36591,0,0,0,0,1,0,1,m,w
1030,WANT,1,1,0.991646,0.702862,1.31653,0,0,0,0,0,0,0,0,0,0,1.21226,0,0,0,0,0,0,1,m,w
1031,WANT,1,1,0.991024,0.585251,1.22929,0,0,0,0,0,0,0,0,0,0,1.55104,0,0,0,0,0,0,1,m,w
1032,WANT,1,1,0.990894,0.578138,1.09047,0,0.58409,0,0,0,0,0,0.574817,0,0,1.36193,0,0,0,0,1,0,1,m,w
1033,WANT,1,1,0.991021,0.769918,1.13857,0,0,0,0,0,0,0,0,0,0,1.32858,0,0,1,0,1,0,1,m,w
1034,WANT,1,1,0.990259,0.784314,1.22844,0,0,0,0,0,0,0,0.584582,0,0,1.53712,0,0,1,0,1,0,1,m,w
1035,WANT,1,1,0.99112,0.815757,1.12958,0,0,0,0,0,0,0,0.542104,0,0,1.5177,0,0,0,1,0,0,1,m,w
1036,WANT,1,1,0.991673,0.852284,1.28226,0,0,0,0,0,0,0,0,0,0,1.41213,0,0,0,1,1,0,1,m,w
1037,WANT,1,1,0.990675,1.13105,1.32896,0.548773,0.601346,0,0,0,0,0,0.569255,0.590221,0,1.5171,0,0,0,1,1,0,1,m,w
1038,WANT,1,1,0.988319,1.1082,1.52048,0,0.785396,0,0,0,0,0,0.740058,0,0,1.28583,0,0,0,1,1,0,1,m,w
1039,WANT,1,1,0.989653,0.95578,1.40195,0,0.604916,0,0,0,0,0,0.705099,0.524016,0,1.51285,0,0,0,1,1,0,1,m,w
1040,WANT,1,1,0.987444,0.998304,1.38424,0.666773,0.576029,0,0,0,0,0,0.587201,0,0,1.9034,0,0,0,1,1,0,1,m,w
1041,WANT,1,1,0.986469,1.08876,1.31331,0.648063,0.528405,0,0,0,0,0,0.65905,0,0,1.847,0,0,0,0,1,0,1,m,w
1042,WANT,1,1,0.98777,0.959639,1.30294,0.581845,0.504407,0,0,0,0,0,0,0,0,1.38255,0,0,0,0,1,0,1,m,w
1043,WANT,1,1,0.986366,0.993054,1.50494,0,0.573135,0,0,0,0,0,0.701291,0,0,1.29619,0,0,0,0,1,0,1,m,w
1044,WANT,1,1,0.983935,1.18644,1.90709,0,0.530174,0,0,0,0,0,0.593808,0,0,1.22261,0,0,0,1,1,0,1,m,w
1045,WANT,1,1,0.981115,1.48184,1.96494,0,0,0,0,0,0,0,0.560292,0,0,0.898841,0,0,0,0,1,0,1,m,w
1046,WANT,1,1,0.977416,1.73596,1.69945,0,0.50442,0,0,0,0,0,0,0,0,0.917093,0,0,0,0,1,0,1,m,w
1047,WANT,1,1,0.980617,1.47744,1.21903,0,0.699476,0,0,0,0,0,0,0,0,0.716235,0,0,0,0,0,0,1,m,w
1048,WANT,1,1,0.9815,1.47698,1.43814,0,0,0,0,0,0,0,0,0,0,0.68827,0,0,0,0,1,0,1,m,w
1049,WANT,1,1,0.987569,1.29989,1.39486,0,0,0,0,0,0,0,0,0,0,0.967229,0.509859,0,0,0,0,0,1,m,w
1050,WANT,1,1,0.983161,0.998407,0.855515,0,0,0,0,0,0,0,0,0,0,0.917364,0.578436,0,0,0,0,0,1,m,w
1051,WANT,1,1,0.98152,1.03273,0.910542,0,0,0,0,0,0,0,0.52023,0,0,1.04175,0.640218,0,0,0,1,0,1,m,w
1052,WANT,1,1,0.981934,1.28728,0.665705,0,0,0,0,0,0,0,0.59794,0,0,1.33119,0.694476,0,0,0,1,0,1,m,w
1053,WANT,1,1,0.979609,1.22002,0.530386,0,0,0,0,0,0,0,0.58246,0,0,1.23138,0.681172,0,0,0,1,0,1,m,w
1054,WANT,1,1,0.979271,1.42247,0,0,0,0,0,0,0,0,0,0,0,1.45624,0.793892,0,0,0,1,0,1,m,w
1055,WANT,1,1,0.975806,1.45654,0,0,0,0,0,0,0,0,0,0,0,1.21447,0.697746,0,0,0,1,0,1,m,w
1117,WANT,1,1,0.97722,0.791479,0,1.11217,0,0,0.917105,0,0.560918,0.892321,0,0.791695,0,0,0,1,0,0,1,0,0,m,w
1118,WANT,1,1,0.974335,0.627923,0,1.21164,0,0,0.99585,0,0,1.46232,0,0.971162,0,0,0,1,1,1,1,0,0,m,w
1119,WANT,1,1,0.973554,0.653018,0,0.852377,0,0,0.621663,0,0,1.28168,0,0.968656,0,0,0,1,1,1,1,0,0,m,w
1120,WANT,1,1,0.97594,0,0,1.16988,0,0,1.12494,0.525566,0,1.4015,0.707602,1.0234,0,0,0,1,1,1,0,0,0,m,w
1121,WANT,1,1,0.978338,0,0,1.11298,0,0,1.1979,0.803846,0,1.18015,0.553398,1.00558,0,0,0,1,1,1,0,0,0,m,w
1122,WANT,1,1,0.983933,0,0,1.5119,0,0.542939,1.02409,0.905732,0,1.57549,0,0.978548,0,0.602133,0,1,1,1,0,0,0,m,w
1123,WANT,1,1,0.984672,0,0.502741,1.58179,0,0.577346,1.07875,1.02465,0,1.34469,0,0.933789,0,1.00207,0,1,1,1,0,0,0,m,w
1124,WANT,1,1,0.98624,0,0,1.41246,0,0.516865,1.20597,0.991616,0,1.45257,0,1.00972,0,0.917537,0,1,1,1,0,0,0,m,w
1125,WANT,1,1,0.987012,0,0.651878,1.11708,0,0,1.10995,0.955092,0,1.17896,0,1.14785,0,0,0,1,1,1,0,0,0,m,w
1126,WANT,1,1,0.983283,0,0,1.49932,0,0,0.784662,0.696669,0,1.31037,0.795131,1.52459,0,0,0,1,1,1,0,0,0,m,w
1127,WANT,1,1,0.978464,0,0.799949,1.44264,0,0,1.25608,0.814708,0,0.93138,0.947837,1.722,0,0,0,1,1,1,0,0,0,m,w
1128,WANT,1,1,0.982254,0,0.619943,1.384,0,0,1.07844,0.77249,0,0.998357,0.667452,1.29271,0,0,0,1,1,1,0,0,0,m,w
1129,WANT,1,1,0.989188,0,0.744358,1.44332,0,0,1.36128,0.870759,0,1.17008,0.727308,1.21184,0,0.909455,0,1,1,1,0,0,0,m,w
1130,WANT,1,1,0.991468,0,0,1.38462,0,0,1.67293,0.633466,0,0.807468,0.595633,0.629748,0,0,0,1,1,1,0,0,1,m,w
1131,WANT,1,1,0.992385,0,0,1.73382,0,0,1.684,0.907208,0,1.21318,0.591958,0.587706,0,1.22432,0,1,1,1,1,0,1,m,w
1132,WANT,1,1,0.990768,0,0.608101,1.7276,0,0,1.91634,0.655881,0,1.03946,0,0,0,0,0,1,1,1,1,0,0,m,w
1133,WANT,1,1,0.990062,0,0,1.50931,0,0,1.51032,0.771065,0,0.971475,0,0,0,0,0,1,1,1,0,0,1,m,w
1134,WANT,1,1,0.991242,0,0,1.36517,0,0,1.64714,0.570965,0,1.03688,0,0,0,0,0,1,0,0,0,0,0,m,w
1135,WANT,1,1,0.989795,0,0,0.968946,0,0,1.03344,0.642214,0,0.912426,0,0.520094,0,0,0,1,0,0,0,0,0,m,w
1136,WANT,1,1,0.99058,0,0,0.768397,0,0,0.668729,0,0,0.882912,0,0,0,0,0,1,0,0,0,0,0,m,w
7976,WANT,1,1,0.986033,0.569687,0,0,0,0,0,0,0,0,1.09094,0,0,0,0,0,0,1,0,0,0,m,m
7977,WANT,1,1,0.983922,0.658534,0,0,0,0,0,0,0,0,1.14891,0,0,0,0,0,0,0,0,0,0,m,m
7978,WANT,1,1,0.960694,0.521382,0,0,0,0,0,0,0,0,0.968304,0,0,0,0,0,0,0,1,0,0,m,m
7979,WANT,1,1,0.968742,0,0,0,0,0,0,0,0,0,0.822012,0,0,0,0,0,0,0,1,0,0,m,m
7980,WANT,1,1,0.970461,0,0,0,0,0,0,0,0,0,0,0,0,0,0,0,0,0,1,0,0,m,m
7981,WANT,1,1,0.974475,0,0,0,0.633718,0,0,0,0,0,0,0,0,0.932445,0,0,0,0,1,0,0,m,m
7982,WANT,1,1,0.985612,0.537592,0,0,0,0,0,0,0,0.516462,0,0,0.569881,1.52857,0.644556,0,0,0,1,0,0,m,m
7983,WANT,1,1,0.979934,0.617629,0,0,0,0,0,0,0,0.780119,0,0,0.883303,2.3231,0.833157,0,1,0,1,0,0,m,m
7984,WANT,1,1,0.976628,0,0,0,0,0,0,0.503095,0.754284,1.13546,0,0,0.888328,3.06295,0.872193,0,1,0,1,0,0,m,m
7985,WANT,1,1,0.972603,0.612573,0.588658,0,0,0,0,0.580993,0.703623,1.0489,0,0,0.939433,2.83509,0.786538,0,1,0,1,0,1,m,m
7986,WANT,1,1,0.975324,0,0,0,0,0.576856,0,0.750176,0.914539,1.16968,0,0,1.26976,3.28174,0.782757,0,1,0,1,0,1,m,m
11694,WANT,1,1,0.850128,3.16331,2.09684,0,0,0.695069,1.50541,0.801291,1.33799,1.02865,0.877553,0.856629,0,0,0,0,0,1,1,1,0,m,m
11695,WANT,1,1,0.872059,3.11237,1.97331,0,0.526065,0.869224,1.23886,0.97965,1.28465,1.42953,0.69715,1.01625,0,1.81685,0,0,0,1,1,1,0,m,m
11696,WANT,1,1,0.903693,2.04151,0.609919,0,0,0.853075,1.20232,1.06129,1.58369,1.25984,0,0.658144,0.522797,1.23807,0,0,0,1,1,0,0,m,m
11697,WANT,1,1,0.955687,2.29089,1.46719,0.637044,0,0.529334,1.76507,0.948772,0.993112,1.23332,0.879124,0,0,0,0,1,0,1,1,0,0,m,m
11698,WANT,1,1,0.960159,2.0779,0.960297,1.00435,0,0.542311,1.54906,0.828997,0.825073,1.16437,1.03538,0,0,0,0,0,0,1,1,0,0,m,m
11699,WANT,1,1,0.96589,1.89728,1.37033,0.988793,0,0,1.19318,0.907808,0.871458,1.0871,1.19856,0,0,0,0,0,0,1,1,0,0,m,m
11700,WANT,1,1,0.971254,1.9942,1.37431,1.35707,0,0,1.79996,0.678585,1.05308,0.849565,1.0869,0.566967,0,0.609007,0,0,0,1,1,0,0,m,m
11701,WANT,1,1,0.96024,2.41913,1.58277,1.09531,0,0,1.16812,0.500209,0.934358,0.72822,1.23258,0,0,0.680733,0,0,0,1,1,0,0,m,m
11702,WANT,1,1,0.98305,1.83367,1.62159,1.48695,0,0,1.75485,0,0,0.605636,0.731653,0,0,2.12671,0,0,0,0,1,0,0,m,m
11703,WANT,1,1,0.812584,3.22762,2.40494,1.33425,0,0,0,0,1.18159,0,1.37335,0,0,0.514074,0,0,0,1,0,1,0,m,m
11704,WANT,1,1,0.986651,2.02743,2.48143,1.5732,0,0,1.58358,0,0.846638,0,0.721731,0,0,2.58421,0,0,0,0,1,0,0,m,m
11705,WANT,1,1,0.892792,3.08142,2.89746,1.63592,0,0,0,0,1.25296,0,1.25891,0,0,2.04268,0,0,0,0,0,1,0,m,m
11706,WANT,1,1,0.984311,1.91039,2.27759,1.55291,0,0,1.37591,0,0.812723,0,0.978192,0,0,2.06277,0,0,0,1,1,0,0,m,m
11707,WANT,1,1,0.984098,2.16707,2.55698,1.46854,0.639218,0,0.685235,0,1.1429,0,0.977195,0,0,1.99255,0,0,0,1,0,0,0,m,m
11708,WANT,1,1,0.985375,2.02774,2.31344,1.62689,0.524719,0,1.12839,0,1.11442,0,0.998242,0,0,1.58607,0,0,0,1,0,0,0,m,m
11709,WANT,1,1,0.986706,1.90235,2.28084,1.58744,0.910531,0,1.26398,0,0.620031,0,1.0815,0,0,2.61873,0,0,0,1,0,0,0,m,m
11710,WANT,1,1,0.977593,1.23897,1.41195,2.16938,0.668778,0,2.123,0,0.590167,0,0,0,0,2.78868,0,1,0,0,1,0,0,m,m
11711,WANT,1,1,0.878137,0.542894,0.542925,1.8901,0.552313,0.520627,1.1932,0.620416,1.11602,0,0,1.28316,0,1.2838,0,1,1,0,0,0,0,m,m
11712,WANT,1,1,0.972952,1.56287,1.22934,1.52139,0,0,1.50202,0,0.753533,0.538132,1.04504,0,0,0.925398,0,1,0,1,1,0,0,m,m
11719,WANT,1,1,0.890278,1.72569,1.40599,0,0.502795,0,0,0.891372,0.78648,0,0.758081,0,1.16074,0,0,0,0,1,0,0,0,m,m
11720,WANT,1,1,0.976259,1.29374,0,1.22505,0,0,0,0,0.621818,0.586647,0.80035,0,0.947962,1.30654,0,0,0,1,1,0,0,m,m
11721,WANT,1,1,0.975602,1.73145,1.00316,1.5965,0,0,1.47516,0,0,0,0.51976,0,0.887711,2.76104,0,0,0,0,1,0,0,m,m
11722,WANT,1,1,0.831636,2.39434,2.07093,0,0,0,0,0,0.805468,0,1.36975,0,0.731942,1.49606,0,0,1,1,0,0,0,m,m
11723,WANT,1,1,0.983884,1.85474,1.68048,1.56245,0,0,1.08015,0,0.632772,0,0.688741,0,0,3.19307,0,0,0,0,0,0,0,m,m
11724,WANT,1,1,0.98202,2.33323,2.62346,1.48076,0.529917,0,0.560996,0,0.979192,0,0.999893,0,0,2.74735,0,0,0,0,0,0,0,m,m
11725,WANT,1,1,0.983685,2.17364,2.28598,1.3609,0,0,0.898411,0,0.726659,0,0.896899,0,0.534632,3.37968,0,0,0,0,0,0,0,m,m
11726,WANT,1,1,0.982671,1.56872,1.49572,1.48154,0,0,0.965182,0,0.551012,0.784721,0,0,0.771761,3.49034,0,0,0,0,1,0,0,m,m
936,WANT,1,1,0.96687,0,0,1.30058,0,0,1.69612,0,0,0,0,0,0,1.46766,0,1,0,0,0,0,1,m,w
937,WANT,1,1,0.95781,0.558593,0,1.19772,0,0,1.40617,0,0,0,0.661722,0.743676,0,1.3345,0,1,0,0,0,0,1,m,w
938,WANT,1,1,0.965051,0,0,1.44533,0,0,1.26166,0,0,0.557186,0.738021,0.772826,0,0,0,1,0,0,0,0,1,m,w
939,WANT,1,1,0.984741,0.588658,0,0.890707,0,0,1.10421,0,0,0,0,0.816488,0,0,0,1,0,0,0,0,1,m,w
940,WANT,1,1,0.990097,0,0,0,0,0,0.809012,0,0,0.749099,0,0.674917,0,0,0,0,0,0,0,0,1,m,w
941,WANT,1,1,0.989633,0.616515,0,0,0,0,1.02352,0,0,0.882133,0.746875,0.62802,0,0,0,0,0,0,0,0,1,m,w
942,WANT,1,1,0.989124,0.997221,0,0,0,0,1.00088,0,0,0.804185,0.731237,0.631547,0.609739,0,0,0,0,0,0,0,1,m,w
943,WANT,1,1,0.989146,1.07545,0,0,0,0,1.02107,0,0,0.508599,0.835219,0.554228,0.661528,0,0,0,0,0,0,0,1,m,w
944,WANT,1,1,0.989835,1.06709,0.666518,0,0,0,0.719684,0,0,0,0.616371,0.54552,0,0,0,0,0,0,0,0,1,m,w
945,WANT,1,1,0.99001,1.02897,0.778821,0.906961,0,0,1.13403,0,0,0.701385,0.7711,0.644773,0,0,0,0,0,1,0,0,1,m,w
946,WANT,1,1,0.989474,0,0,0,0,0,0.891102,0,0,0.839409,0.726704,0.590635,0.89466,0,0,0,0,1,0,0,0,m,w
947,WANT,1,1,0.972229,0.736749,0,0,0,0,0,0,0,0,1.04692,0,0.856257,0,0,0,0,1,1,0,0,m,w
43493,WANT,1,1,0.929162,0.652726,0,0,0.999946,0,0,0,0.696785,0,0,0,1.01444,1.43794,0,1,1,0,0,0,0,w,w
43494,WANT,1,1,0.917533,0,0,0,1.42859,0,0,0,0.784509,0,0,0,0.946964,1.76172,0,1,1,0,0,0,0,w,w
43495,WANT,1,1,0.904712,0.758593,0,0,1.20487,0,0,0,0.666443,0,0,0,0.798711,1.38151,0,0,1,0,0,0,0,w,w
43496,WANT,1,1,0.923392,1.02374,0.9974,0,0.887444,0,0.519841,0,0,0,0,0,0,0.900265,0,0,1,0,0,0,0,w,w
43497,WANT,1,1,0.920334,1.59906,1.22602,0,1.06079,0,0,0,0,0,0,0,0.743585,0.727774,0,0,1,0,0,0,0,w,w
37020,WANT,1,1,0.953759,0.722639,0.744312,0,0,0,0,0,0,0,0.71356,0,0,0,0,1,0,0,1,0,0,m,w
37021,WANT,1,1,0.952777,0.948426,0.988385,0,0,0,0,0,0,0,0,0,0,0,0,1,0,0,1,0,0,m,w
37022,WANT,1,1,0.938697,0.842992,0.880375,0,0,0,0,0,0,0,0.848899,0,0,0,0,1,0,0,1,0,0,m,w
37023,WANT,1,1,0.942525,0.935409,0.67305,0,0,0,0,0,0,0,0,0,0,0,0,1,0,0,1,0,0,m,w
37067,WANT,1,1,0.93455,0,0.995446,1.60962,0,0,0,0.531061,0,1.38063,0,0,0.717896,0,0,1,0,0,0,0,0,m,w
37068,WANT,1,1,0.84606,1.01647,1.29602,1.34155,0.544396,0,0,0,0,0.649977,0,0,0,0,0,1,1,0,0,0,0,m,w
689,WANT,1,1,0.97863,0,0,0.695766,0,0.715716,0.983764,0.904535,1.44232,1.32755,0,0.652377,0.935983,2.9839,0,1,1,0,0,0,0,w,m
690,WANT,1,1,0.980255,0,0,0.954864,0,0.764623,1.07283,0.940272,1.53808,1.49841,0,0.629326,1.09824,2.7432,0,1,1,0,0,0,0,w,m
691,WANT,1,1,0.980096,0,0,0.922283,0,0.774138,1.25323,0.967806,1.51929,1.55299,0,0.654492,1.11806,2.48378,0,1,1,0,0,0,0,w,m
692,WANT,1,1,0.979902,0,0,0.9653,0,0.767494,1.15051,1.00623,1.56642,1.54383,0,0.639394,1.25062,2.28622,0,1,1,0,0,0,0,w,m
693,WANT,1,1,0.979743,0,0,1.03518,0,0.793577,1.18541,1.03392,1.58694,1.551,0,0.647403,1.04557,2.2814,0,1,1,0,0,0,0,w,m
694,WANT,1,1,0.978876,0,0,1.07314,0,0.646509,1.36974,0.823888,1.34616,1.69126,0,0.579184,1.13413,2.47988,0,0,1,0,0,0,0,w,m
695,WANT,1,1,0.975955,0,0,0.714192,0,0.63097,1.18357,0.874498,1.47149,1.77331,0,0.546342,0.963693,2.2893,0,1,1,0,0,0,0,w,m
696,WANT,1,1,0.972564,0,0,0.919287,0,0.611,1.08476,0.72361,1.34128,1.65579,0,0.561583,1.00982,2.05294,0,1,1,0,1,0,1,w,m
697,WANT,1,1,0.965201,0,0,0.824138,0.952325,0,0.98703,0,1.29541,1.33877,0,0,0.842076,2.09109,0,1,1,0,1,0,1,w,m
698,WANT,1,1,0.967287,0,0,0.936454,0,0,0.726715,0,1.02084,0.852507,0,0,0,1.59355,0,1,1,1,1,0,1,w,m
699,WANT,1,1,0.966289,0,0,0.557188,0,0,0.680332,0,0.919819,0,0,0,0,1.78634,0,1,1,0,1,0,1,w,m
700,WANT,1,1,0.971968,0,0,0.534033,0,0,0,0,0.740673,0,0,0,0,1.34555,0,1,1,0,1,0,1,w,m
701,WANT,1,1,0.970733,0,0,0.595197,0,0,0,0,0.613916,0,0,0,0,1.81119,0,1,0,0,1,0,1,w,m
702,WANT,1,1,0.978209,0,0,0.604949,0,0,0.524821,0,0,0,0,0,0,2.16646,0,1,0,0,1,0,1,w,m
703,WANT,1,1,0.979206,0,0,0,0,0,0,0,0,0,0,0,0,2.04692,0,1,0,0,1,0,1,w,m
704,WANT,1,1,0.984041,0,0,0.526796,0,0,0,0,0,0,0,0,0,1.64909,0,1,0,0,0,0,1,w,m
705,WANT,1,1,0.981917,0,0,0.653039,0,0,0,0,0,0,0,0,0.507255,1.29843,0,1,0,0,1,0,0,w,m
706,WANT,1,1,0.984016,0,0,0.730735,0,0,0.600421,0,0,0,0,0,0,1.24759,0,1,1,0,1,0,0,w,m
707,WANT,1,1,0.98616,0,0,0.565128,0,0,0.665605,0,0.520543,0.584622,0,0,0.618467,1.13379,0,1,1,0,1,0,0,w,m
708,WANT,1,1,0.983917,0,0,0.645424,0,0,0,0,0,0,0,0,0,0.707397,0,1,1,0,0,0,0,w,m
709,WANT,1,1,0.950322,0,0,0,0.732246,0,0,0,0.513104,0,0,0,0,0,0,1,1,0,0,0,1,w,m
710,WANT,1,1,0.765492,0.64461,2.59176,0,0,0,0,0,0.769777,0,0,0.632464,0,0,0,1,1,0,0,1,0,w,m
711,WANT,1,1,0.958402,2.26771,1.42764,0,1.08266,0,0,0,0,0,0,0.665438,0.783868,0,0,1,0,0,0,0,0,w,m
712,WANT,1,1,0.897972,2.04196,2.92257,0,0.54339,0,0,0,0.99914,0,0,0.517903,1.30274,0,0,1,0,1,1,0,0,w,m
713,WANT,1,1,0.930072,1.42273,2.31662,0,0.983025,0,0,0,0,0,0,0,1.18534,0.516049,0,0,0,0,1,0,0,w,m
714,WANT,1,1,0.788354,1.59918,2.63175,0,0.618756,0,0,0,0,0,0,1.26941,2.39106,0,0,1,1,1,1,1,0,w,m
715,WANT,1,1,0.791892,1.97471,2.3731,1.19386,1.1195,0,0,0,0,0,0,0.660531,0.531106,0,0,1,0,0,1,0,0,w,m
716,WANT,1,1,0.909393,1.33149,1.45773,1.11473,0.524232,0,0,0,0,0,0,0.726906,1.35718,0,0,1,0,1,1,0,0,w,m
717,WANT,1,1,0.903055,1.31323,1.97486,1.16094,0,0,0,0,0.628573,0,0,0,1.82171,0,0,1,0,0,0,0,0,w,m
718,WANT,1,1,0.855662,0.800078,2.5372,1.24402,0,0,0,0,0,0,0,0.722458,2.15274,2.16743,0,1,1,1,0,0,0,w,m
719,WANT,1,1,0.754152,0,2.89023,0.582247,0,0,0,0,0.521339,0,0,0.845031,1.26202,2.05631,0,1,1,0,0,1,0,w,m
720,WANT,1,1,0.773871,0.577771,2.70288,0,0,0,0,0,0.904148,0,0.598701,0.845717,1.21667,2.68746,0,1,1,0,0,1,0,w,m
721,WANT,1,1,0.986528,0,0.745514,0,0,0,0,0,0,0,0,0,0.823302,2.19523,0,1,0,1,0,0,0,w,m
722,WANT,1,1,0.986227,0,0,0,0,0,0,0,0,0.765241,0,0,1.17852,2.56566,0,0,1,0,0,0,0,w,m
723,WANT,1,1,0.986133,0,0,0,0,0,0,0,0,1.07068,0,0,1.09118,1.48092,0,1,1,0,0,0,0,w,m
724,WANT,1,1,0.98295,0,0,0,0.657762,0,0,0,0,0.69992,0,0,1.08274,1.43433,0,1,1,0,0,0,0,w,m
725,WANT,1,1,0.979056,0,0,0,0,0,0,0,0,0.588274,0,0,0.555327,1.17993,0,1,0,0,0,0,0,w,m
726,WANT,1,1,0.977371,0,0.594007,0,0,0,0,0,0,0.510617,0,0,0.670085,0.507086,0,1,0,0,0,0,0,w,m
727,WANT,1,1,0.976918,0,0.588206,0,0,0,0,0,0,0.651621,0,0,0.764708,0.583046,0,1,0,0,0,0,0,w,m
728,WANT,1,1,0.972445,0,0,0,0,0,0,0,0,0.572583,0,0,0,1.12233,0,1,0,0,0,0,0,w,m
729,WANT,1,1,0.975255,0,0.60307,0,0,0,0,0.503754,0,0.625345,0,0,0,0.840625,0,1,0,0,0,0,0,w,m
730,WANT,1,1,0.972986,0,0.975691,0,0,0,0,0.691354,0,0.796039,0,0,0,0,0,1,0,0,0,0,0,w,m
731,WANT,1,1,0.971994,0,0.950022,0,0,0.529978,0,0.911859,0.571832,1.05572,0,0.505876,0.51321,0,0,1,0,0,0,0,0,w,m
732,WANT,1,1,0.970538,0,0.958032,0.645552,0,0.991349,0,1.38877,1.30292,1.72731,0,0.673594,0,0,0,1,1,0,1,0,0,w,m
733,WANT,1,1,0.966928,0,1.45959,0.632216,0,1.09776,0,1.38628,1.51537,1.45985,0.521631,0.54903,0,0,0,1,1,0,1,0,0,w,m
734,WANT,1,1,0.953996,0,1.65492,0.850929,0.696926,1.22725,0,1.48345,2.01812,1.66151,0,0,0,0,0,1,1,0,1,0,0,w,m
735,WANT,1,1,0.948324,0,2.12241,0.836696,1.12514,1.23614,0,1.45073,2.14371,1.7643,0,0,0,0,0,1,1,0,1,0,0,w,m
736,WANT,1,1,0.935875,0,2.68271,1.38314,1.53653,1.14985,0,1.33012,2.33199,1.79314,0.783999,0.579886,0,0,0,1,1,0,0,0,0,w,m
737,WANT,1,1,0.92798,0,2.8028,1.18825,1.54824,0.898065,0,0.887463,2.34281,1.44884,0.826925,0.634779,0,0,0,1,1,0,0,0,0,w,m
738,WANT,1,1,0.930448,0.548233,2.86252,1.63637,1.54245,0.741687,0,0,2.31498,1.42374,1.13942,0.599874,0,0,0,1,1,0,0,0,0,w,m
739,WANT,1,1,0.93238,0.679566,2.76847,1.40908,1.27933,0.555263,0,0,2.37096,1.22533,1.10317,0,0,0,0,1,1,0,0,0,0,w,m
740,WANT,1,1,0.902536,0.70031,2.49688,1.16025,1.21673,0.505295,0,0,2.43021,1.2557,1.03585,0,0,0,0,1,1,0,1,0,0,w,m
741,WANT,1,1,0.863173,0.684562,2.39376,1.044,0.935896,0.521566,0,0,2.58973,1.28104,1.17802,0,0,0,0,1,1,0,1,0,0,w,m
23294,WANT,1,1,0.954405,0,0,1.26669,0.656702,0,0.812523,0,0.893239,1.2278,0,0.648299,2.12114,0,0,0,1,1,1,0,1,w,m
23295,WANT,1,1,0.95481,0,0,1.2369,0.663515,0,0.812748,0,0.827546,1.00508,0,0.664589,2.19146,0,0,0,1,1,1,0,1,w,m
23296,WANT,1,1,0.956044,0,0,0.89845,0.821569,0,0.600009,0,0.925009,0.986425,0,0.620539,1.91866,0,0,0,1,1,1,0,1,w,m
23297,WANT,1,1,0.959028,0,0,0.954313,0.695595,0,0,0,0.861326,0.889663,0,0.667246,2.08503,0,0,0,1,1,1,0,1,w,m
23298,WANT,1,1,0.961033,0,0,1.01037,0.843272,0,0,0,0.869008,1.00068,0,0.566932,1.84418,0,0,0,1,1,1,0,1,w,m
23299,WANT,1,1,0.959534,0,0,0.901344,0.773585,0,0,0,0.849378,0.89102,0,0.563952,2.05991,0,0,0,1,1,1,0,1,w,m
23300,WANT,1,1,0.963044,0,0,1.17763,0.74365,0,0.874793,0,0.700386,0.97721,0,0.594465,2.28965,0,0,1,1,1,0,0,1,w,m
23301,WANT,1,1,0.958254,0,0,0.994243,0.69975,0,0,0.521196,0.759928,1.00771,0,0.75218,2.24498,0,0,0,1,1,1,0,1,w,m
23344,WANT,1,1,0.968624,0.934065,0,0,0.798846,0,0,0,1.11421,0,0,0,2.33241,0,0,0,1,0,0,0,1,w,m
23345,WANT,1,1,0.967316,1.24022,0,0,0,0,0.628747,0,0.846489,0,0,0,2.29265,0,0,0,1,1,0,0,1,w,m
23346,WANT,1,1,0.911353,1.21763,0,0,0.931383,0,0.758263,0,0,0,0,0,0.861642,0,0,0,0,1,0,0,1,w,m
23347,WANT,1,1,0.836522,1.4575,0,0,1.67133,0,0.803204,0,0.790125,0,0,0,1.70572,0,0,0,0,1,0,0,1,w,m
23348,WANT,1,1,0.948967,1.51062,0.555651,0,0.605568,0,1.75518,0.559577,0.706257,0,0,0,0,0,0,0,0,1,1,0,1,w,m
23349,WANT,1,1,0.965128,1.45678,1.1042,0,0.68527,0,1.16594,0,0,0,0,0,0,1.55861,0,0,0,0,1,0,1,w,m
23350,WANT,1,1,0.966751,0.974071,0,0,0.749929,0,1.19884,0,0,0,0,0,0,1.3696,0,1,0,0,0,0,1,w,m
23351,WANT,1,1,0.969475,0.750367,0.806318,0,1.12352,0,0.984547,0,0,0,0,0,0,1.08577,0,1,0,0,0,0,1,w,m
42228,WANT,1,1,0.966253,0.747512,0.529791,1.34433,0,0,3.1589,0,0,0.616441,0.795336,0.716806,1.90066,0,0,1,0,1,0,0,1,w,m
42229,WANT,1,1,0.978612,1.06266,0,1.06737,0,0,2.9144,0,0,0.703922,1.02072,0.889321,2.18461,0,0,1,0,1,1,0,1,w,m
42230,WANT,1,1,0.979382,1.12264,0.74409,0.951014,0,0,3.65232,0,0,0.774778,0.919907,0.572612,2.10185,0,0,1,0,1,0,0,1,w,m
42231,WANT,1,1,0.978622,1.24846,0.965559,0.929162,0,0,3.12938,0,0,0,0.959692,0.767173,1.92547,0,0,1,0,1,0,0,1,w,m
42232,WANT,1,1,0.973292,1.31834,1.1693,0.850086,0,0,2.97441,0,0,0,1.11321,0.762203,1.46932,0,0,1,0,1,1,0,1,w,m
42233,WANT,1,1,0.984015,0.9911,0.509355,0.997112,0,0,3.13429,0,0,0,1.43138,0.956685,1.59878,0,0,1,0,1,0,0,1,w,m
42234,WANT,1,1,0.98054,0.782109,0.566353,1.40105,0,0,3.0491,0,0,0.552186,1.16433,0.97012,1.9069,0,0,1,0,1,0,0,1,w,m
42235,WANT,1,1,0.981646,0.693412,0.803764,1.33134,0,0,3.07697,0.578851,0,0.566831,1.11245,0.996234,1.94546,0,0,1,0,1,0,0,1,w,m
42236,WANT,1,1,0.984668,0.51373,0.761746,1.36014,0,0,3.00245,0,0,0,1.28882,0.868989,1.8948,0,0,1,0,1,0,0,1,w,m
42237,WANT,1,1,0.981534,0,0.806718,1.18461,0,0,3.00225,0.506351,0,0.545751,1.16803,0.908071,1.57408,0.757565,0,1,0,1,0,0,1,w,m
42238,WANT,1,1,0.983037,0.5607,0,1.52498,0,0,3.33699,0,0,0.578012,0.908603,0.973952,1.4568,0,0,1,0,1,1,0,1,w,m
42239,WANT,1,1,0.98589,0.619119,0.631073,1.2552,0,0,3.23008,0,0,0,0.811295,0.838586,1.78243,0,0,1,0,1,0,0,1,w,m
42240,WANT,1,1,0.987011,0.750493,0,1.43256,0,0,2.96359,0,0,0,0.844389,0.511026,1.72819,0,0,1,0,1,0,0,1,w,m
42241,WANT,1,1,0.981777,1.35531,0.922497,2.19876,0,0,3.32492,0,0,0,0.878478,0,0.977817,0,0,1,0,1,0,0,1,w,m
42242,WANT,1,1,0.952578,1.43583,1.36343,1.27649,0,0,3.30999,0,0,0,0,0,1.51236,0,0,1,0,1,0,0,1,w,m
42243,WANT,1,1,0.951833,1.66844,0.916236,0.824695,0,0,3.11566,0,0,0,0,0,1.2177,0,0,1,0,0,0,0,1,w,m
42244,WANT,1,1,0.909074,1.10333,0,0.552105,0,0,3.44504,0,0,0,0.996174,0,1.58229,0,0,1,0,1,0,0,1,w,m
42245,WANT,1,1,0.754244,0.947452,0,0,0,0,2.98972,0,0,0,0.956247,0,1.59875,0,0,1,0,1,0,0,1,w,m
42246,WANT,1,1,0.927775,1.00801,1.11793,0,0,0,2.17362,0,0,0,0,0,2.86144,0,0,1,0,1,0,0,1,w,m
42247,WANT,1,1,0.927155,0.704307,0.848744,0,0,0,1.47029,0,0,0,0,0.528351,3.3669,0,0,1,0,1,0,0,1,w,m
42248,WANT,1,1,0.887412,0,0,0,0,0,1.05691,0,0,0,0,0,3.102,0,0,1,0,1,0,0,1,w,m
42252,WANT,1,1,0.740466,1.03765,0,0.551627,0,0,0.579937,0,0,0,0,0,2.36956,0,1.04949,1,0,0,0,0,1,w,m
42253,WANT,1,1,0.773853,1.33644,0,0.585976,0,0,0,0,0,0,0,0,2.39452,1.6673,1.02881,1,0,0,0,0,1,w,m
42254,WANT,1,1,0.763928,1.56295,0,0,0,0,0,0,0,0,0,0,2.42782,1.40854,1.02967,1,0,0,0,0,1,w,m
42255,WANT,1,1,0.811283,1.72381,0.571653,0,0,0,0,0,0,0,0,0,2.38625,0.989924,0.914471,1,0,0,0,0,1,w,m
42256,WANT,1,1,0.882332,1.46299,0.810591,0.803025,0,0,0.628619,0,0,0,0.537433,0,2.34368,0,0.628705,1,0,0,1,0,1,w,m
42257,WANT,1,1,0.914075,1.8764,1.33932,0,0,0,0,0,0,0,0,0,1.92652,0,0.58464,0,0,1,1,1,0,w,m
42264,WANT,1,1,0.94227,0,0,0,0,0,0,0,0,0,0,0,1.03665,1.45662,0.766034,1,0,1,0,0,1,w,m
42265,WANT,1,1,0.957128,0,0,0,0,0,0,0,0,0,0,0,0.796345,1.69503,0.696447,1,0,1,0,0,1,w,m
42266,WANT,1,1,0.982537,0,0,0.553054,0,0,0,0,0,0,0.61666,0,0.542086,2.35424,0.638954,1,0,1,0,0,1,w,m
42267,WANT,1,1,0.985072,0,0,0,0,0,0.975771,0,0,0.721595,0.66049,0,0.57109,1.50571,0,1,0,1,0,0,1,w,m
42268,WANT,1,1,0.982,0.764753,0,1.07777,0.653509,0,1.60943,0,0.737284,0.82877,0.811146,0,0.64631,1.28478,0,1,0,1,0,0,1,w,m
42269,WANT,1,1,0.975907,0.765141,0,0.584295,0.693135,0,1.30264,0,0.799803,0.603315,0.88414,0,0,0.740005,0,1,1,1,0,0,1,w,m
42270,WANT,1,1,0.98334,0.802824,0,1.00798,0.984072,0,1.7093,0,0.858738,0,0.962016,0,1.10164,1.29047,0,1,1,1,0,0,1,w,m
42271,WANT,1,1,0.959433,0.868902,0,0.632755,0.725717,0,2.03598,0,1.10357,0,1.02145,0,1.15363,1.5756,0,0,1,1,0,0,1,w,m
42272,WANT,1,1,0.968283,1.33721,0,0.86538,1.03815,0,2.37354,0,1.04026,0,0.746872,0,1.32338,1.37546,0,0,1,1,1,0,1,w,m
42273,WANT,1,1,0.969341,1.28608,0,0.671551,1.18689,0,2.24443,0,1.15872,0,0.818064,0,1.3216,1.35956,0,0,1,1,0,0,1,w,m
42274,WANT,1,1,0.974092,1.45799,0,0.711434,1.26033,0,2.27848,0,1.0679,0,0.812412,0,1.4153,1.37697,0,0,1,1,1,0,1,w,m
42275,WANT,1,1,0.972586,1.36066,0,0.74208,1.37523,0,2.54222,0,1.08485,0,0.717999,0,1.66713,1.53873,0,0,1,1,1,0,1,w,m
42276,WANT,1,1,0.975671,1.25096,0,0.743238,1.31963,0,2.49733,0,1.12236,0,0.590772,0,1.38284,1.11474,0,0,1,1,0,0,1,w,m
42277,WANT,1,1,0.979705,1.30415,0.571366,0.518374,1.43821,0,2.81188,0,0.931016,0,0.590682,0,1.49768,0.88526,0,0,1,1,1,0,1,w,m
42278,WANT,1,1,0.988267,0.94043,0,0.60364,1.3484,0,2.43364,0,0.895249,0,0.642904,0,1.34955,0,0,0,1,1,1,0,1,w,m
42279,WANT,1,1,0.984739,0.696603,0,0.672637,1.32105,0,2.16645,0,0.901296,0,0.640036,0,1.56202,0,0,0,1,1,0,0,1,w,m
42280,WANT,1,1,0.982773,0.876453,1.02071,1.19694,0.797313,0,1.63986,0,0.985886,0,0,0,1.74128,0.978484,0,0,1,1,0,0,1,w,m
42281,WANT,1,1,0.983719,0.617766,0,0.859744,0.783718,0,1.61207,0.578699,1.16947,0.703686,0,0,1.76022,0,0,0,1,1,0,0,1,w,m
42282,WANT,1,1,0.982801,0.639298,0,1.12056,0.719413,0,1.64013,0.549544,0.993956,0.547224,0,0,1.60856,0,0,0,1,1,0,0,1,w,m
42283,WANT,1,1,0.980421,1.05728,0,0.695291,0.623652,0,1.43251,0,0.992363,0.759889,0,0,1.51109,0,0,0,1,1,0,0,1,w,m
42284,WANT,1,1,0.976982,0.554911,0,0.674249,0,0,1.39803,0.594467,1.32263,0,0,0,0.933009,0.942565,0,0,1,1,0,0,1,w,m
17169,WANT,1,1,0.968543,0,0,1.08827,0,0.656353,1.09157,1.02727,0,2.11873,0.556653,0.556956,1.11043,0,0,0,1,1,1,0,0,m,m
17170,WANT,1,1,0.96659,0,0,1.30402,0,0.824419,1.44609,1.25332,0.681555,2.26036,0,0.827928,1.00915,0,0,0,1,1,1,0,1,m,m
17171,WANT,1,1,0.932356,0,0,0.889769,0,0.608129,1.06676,1.1092,0,2.01236,0.950223,1.05013,0,0,0,0,1,1,1,0,0,m,m
17172,WANT,1,1,0.938584,0.56876,0,1.01547,0,0.763593,1.41214,1.21647,1.15513,2.15063,0,0.789238,0,0,0,0,1,1,1,0,1,m,m
17173,WANT,1,1,0.952555,0,0,0.7827,0,0.948153,1.51533,1.50709,1.15645,2.47249,0,0.949909,0.853709,0,0,0,1,1,1,0,1,m,m
17174,WANT,1,1,0.954749,0,0,0,0,0.902065,1.51192,1.49427,1.21577,2.30306,0,0.707165,1.25948,0,0,0,1,1,1,0,1,m,m
17175,WANT,1,1,0.945339,0,0,0.826287,0,0.948611,1.71336,1.65383,1.41306,2.1172,0,0.777512,0.640817,0,0,0,1,1,1,0,0,m,m
17182,WANT,1,1,0.937362,0.714829,0.815241,1.0679,0,0,0.543491,0,0,0.553148,0,0,0,0.992677,0.542063,0,0,1,0,0,0,m,m
17183,WANT,1,1,0.907344,1.16496,1.21736,1.12826,0,0,0.771211,0,0,0.548264,0,0,0,0,0.538756,0,0,1,0,0,1,m,m
17189,WANT,1,1,0.826285,2.06171,2.7472,3.68544,0.738965,0,1.29051,0,0,0,0,0,0,1.19457,0,1,0,1,0,0,0,m,m
56821,WANT,1,1,0.961503,0.557816,0,1.00257,0,0,1.99285,0,0,0.809023,0,0,0,0.6128,0,1,0,1,1,0,1,m,m
56822,WANT,1,1,0.952407,0,0,1.27649,0,0,2.27347,0,0,0.642323,0,0,0,0,0,1,0,1,1,0,1,m,m
56823,WANT,1,1,0.949926,0,0,1.23302,0,0,1.86851,0,0,0.67369,0,0,0,0.746571,0,1,0,1,1,0,1,m,m
56824,WANT,1,1,0.944444,0,0,1.2789,0,0,2.19023,0,0,0.517847,0,0,0,0.89329,0,1,0,1,1,0,1,m,m
56825,WANT,1,1,0.940962,0,0,1.31843,0,0,2.10487,0,0,0.778649,0,0,0,1.31108,0,1,0,1,1,0,1,m,m
56826,WANT,1,1,0.942909,0,0,1.4384,0,0,2.15977,0,0,0.637167,0,0,0,1.51632,0,1,0,1,1,0,1,m,m
56827,WANT,1,1,0.943406,0,0,1.58489,0,0,2.08722,0,0,0,0,0,0,1.37583,0,1,0,1,1,0,1,m,m
56828,WANT,1,1,0.936832,0,0,1.53144,0,0,2.22951,0,0,0.575801,0,0,0,1.399,0,1,0,1,1,0,1,m,m
56829,WANT,1,1,0.94404,0,0,1.84959,0,0,2.41019,0,0,0.731419,0,0,0,1.60386,0,1,0,0,1,0,1,m,m
56830,WANT,1,1,0.944319,0,0,2.16844,0,0,2.19944,0,0,0.982474,0,0,0,2.12521,0,1,0,1,1,0,1,m,m
56831,WANT,1,1,0.939493,0,0,2.17314,0,0,2.18833,0,0,0.97195,0,0,0,2.32454,0,1,0,1,1,0,1,m,m
56832,WANT,1,1,0.956241,0,0,2.1019,0,0,2.2526,0,0,1.20489,0,0,0,1.9611,0,1,0,1,1,0,1,m,m
56833,WANT,1,1,0.969612,0,0,1.88409,0,0,2.32607,0,0,1.04949,0,0,0,1.301,0,1,0,1,1,0,1,m,m
56834,WANT,1,1,0.958267,0,0,0.974673,0,0,1.79735,0,0,0,0,0,0,1.23708,0,1,0,0,1,0,1,m,m
56835,WANT,1,1,0.865492,0.528285,0,0.521991,0,0,0,0,0,0.874497,0,0,0.5679,1.39681,0,1,0,0,1,0,1,m,m
56836,WANT,1,1,0.739986,2.14528,0.967913,0.915801,0,0,0,0,0.54262,1.03373,0.807819,0.970056,0,0.615534,0,1,0,0,1,0,1,m,m
56837,WANT,1,1,0.888531,2.59065,1.6589,0.722979,0,0,0,0,0.688125,1.16659,0.90915,1.07631,0,0,0,1,0,0,1,0,1,m,m
56838,WANT,1,1,0.908283,2.98159,1.86714,1.1063,0,0,0,0,0.754624,1.01882,1.05349,0.656309,0,0,0,1,0,0,1,0,1,m,m
56839,WANT,1,1,0.933746,3.02372,1.8636,1.3068,0,0,0.765449,0,0.788803,1.01041,1.0346,0,0,0,0,1,0,0,1,0,1,m,m
56840,WANT,1,1,0.938313,2.64627,1.43248,1.46122,0,0,0.759884,0,0.930019,0.984611,0.792572,0,0,0,0,1,0,0,1,0,1,m,m
56841,WANT,1,1,0.923206,2.05199,1.20452,1.46535,0,0,0.977534,0.512186,0.993949,0.961598,1.19919,0,0,0,0,1,0,0,1,0,1,m,m
56842,WANT,1,1,0.863744,1.92127,1.22777,1.64429,0,0,0.647344,0,1.12107,1.09099,1.2558,0,0.724783,0,0,1,0,0,1,0,1,m,m
56843,WANT,1,1,0.791403,2.01556,1.79332,1.50612,0,0,0,0,1.17905,1.36284,1.58337,0,0.838473,0,0,1,0,0,1,0,1,m,m
56844,WANT,1,1,0.971434,0,0,0.940282,0,0,1.45455,0,0,0,0.719438,0,0.725337,1.84652,0,1,0,1,1,0,1,m,m
56845,WANT,1,1,0.96319,0,0,1.00015,0,0,1.53463,0,0,0,1.11805,0,0.809712,1.37334,0,1,0,1,1,0,1,m,m
56846,WANT,1,1,0.949335,0,0,1.19982,0,0,1.38335,0,0,0,1.10189,0,0.832457,1.90147,0,1,0,0,1,0,1,m,m
56847,WANT,1,1,0.922464,0.717143,0,1.26726,0,0,1.35018,0,0,0,0.873795,0,1.27787,1.3193,0,1,0,0,0,0,1,m,m
56848,WANT,1,1,0.856642,1.08385,0.89282,1.16849,0,0,1.05814,0,0,0,0.789974,0,1.7405,1.63227,0,1,0,0,0,0,1,m,m
56849,WANT,1,1,0.806709,1.2242,0.998242,0.995669,0,0,0.7287,0,0,0,1.37139,0,1.83924,1.23227,0,1,0,0,0,0,1,m,m
56850,WANT,1,1,0.958532,0,0,0,0,0,1.67778,0,0,0,0,0,0.926689,1.26478,0,0,0,0,1,0,1,m,m
56851,WANT,1,1,0.792713,1.35063,0.522382,0,0,0,2.14949,0,0,0,0,0,1.06581,0.939575,0,1,0,1,0,0,1,m,m
56856,WANT,1,1,0.752455,2.31561,1.04488,1.10727,1.13978,0,0,0,0,1.11903,1.06289,1.5073,2.4266,0,0,0,0,1,1,1,0,m,m
56872,WANT,1,1,0.789568,1.62724,0.755783,3.1522,0,0,2.06264,0,0,0,0,0,0,0,0,1,0,1,0,0,0,m,m
19939,WANT,1,1,0.725072,1.27536,0.760743,1.60889,0,0,0,0,0,0,0,0,0.839076,2.08006,0,1,0,0,0,0,0,w,w
19940,WANT,1,1,0.796527,1.1348,0,1.19458,0,0,0,0,0,0,0,0,0.696336,2.57206,0,1,0,0,0,0,0,w,w
19941,WANT,1,1,0.786206,1.04476,0.590531,1.23845,0,0,0,0,0,0,0,0,0.643225,2.06724,0,1,0,0,0,0,0,w,w
19942,WANT,1,1,0.912345,1.15125,0.799117,1.19284,0,0,0,0,0,0,0,0,0.501809,2.30206,0,1,0,0,0,0,0,w,w
19943,WANT,1,1,0.904278,1.45888,1.34653,1.12622,0,0,0,0,0,0,0,0,0,0.698931,0,1,0,0,0,0,0,w,w
19944,WANT,1,1,0.903821,1.80155,1.59418,1.71246,0,0,1.17318,0,0,0,0,0,0,1.38116,0,1,0,0,0,0,0,w,w
19945,WANT,1,1,0.891976,1.95629,1.34734,1.62052,0,0,1.71952,0,0,0,0,0,0,1.21545,0,1,0,0,0,0,0,w,w
22375,WANT,1,1,0.799595,1.12676,0,2.53804,1.52721,0,1.7064,0,0,0,0,0,0,3.12257,0,1,0,0,0,0,0,w,w
22376,WANT,1,1,0.807304,1.68367,0.615166,2.44008,1.27494,0,1.28166,0,0,0,0,0,0,3.47227,0,1,0,0,0,0,0,w,w
22377,WANT,1,1,0.846848,1.78251,0.599677,2.24482,1.06881,0,1.15548,0,0,0,0,0,0,3.25398,0,1,0,0,0,0,0,w,w
22378,WANT,1,1,0.857832,1.8354,0,1.80981,1.15896,0,0.76905,0,0,0,0,0,0,3.80838,0,1,0,0,0,0,0,w,w
22379,WANT,1,1,0.823297,1.75021,0,1.5685,0.992859,0,0.512537,0,0,0,0,0,0,3.84511,0,1,0,0,0,0,0,w,w
22380,WANT,1,1,0.783632,1.65724,0,1.6287,0.935512,0,0,0,0,0.588768,0,0,0,3.48308,0,1,0,0,0,0,0,w,w
22381,WANT,1,1,0.822281,1.4819,0,1.36173,0.72579,0,0,0,0,0.644181,0,0,0,2.51442,0,1,0,0,0,0,0,w,w
22382,WANT,1,1,0.848509,1.35057,0,1.59907,0,0,0.532981,0,0,0.860607,0.666608,0,0,0.866479,0,1,0,0,0,0,0,w,w
38736,WANT,1,1,0.798115,0.818689,1.06537,1.07721,0.793745,0,1.02421,0,0,0,0.623552,0,1.19905,1.56552,0,0,0,0,0,0,0,w,w
38737,WANT,1,1,0.886367,0,0.756733,0,0.938174,0,1.20885,0,0,0.741293,0.668071,0,1.75743,1.96585,0,0,0,0,0,0,0,w,w
38738,WANT,1,1,0.876773,0.512159,0.704795,0.8926,1.05357,0,1.28258,0,0,0,0.514866,0,1.70233,1.05116,0,0,0,0,0,0,0,w,w
38739,WANT,1,1,0.868109,0.573471,0.763483,0.725119,0.939532,0,1.07701,0,0,0,0.726507,0,1.32496,0,0,0,0,0,0,0,0,w,w
38740,WANT,1,1,0.867761,0.965095,0.94837,0.989592,1.29802,0,0.664133,0,0,0,0.659136,0,1.7427,0,0,0,0,1,0,0,0,w,w
38741,WANT,1,1,0.818417,1.38768,1.15534,0.92848,0.669491,0,0,0,0,0,0.988146,0,1.34619,0,0,0,0,1,0,0,0,w,w
38748,WANT,1,1,0.888712,1.9722,1.60339,0.95297,0,0,1.87438,0.630986,0.816632,0,0,0,1.00793,1.61248,0.665567,0,0,1,0,0,0,w,w
11176,WANT,1,1,0.960914,0.680897,0,0,0,0.624849,0.888065,0.701002,0.665615,0,0,0.553188,1.01316,0,0,0,0,1,1,0,1,w,w
11177,WANT,1,1,0.959343,0.731716,0,0,0,0.630793,1.37841,0.692532,0.684424,0,0,0.628509,1.22852,0,0,0,0,1,1,0,1,w,w
11178,WANT,1,1,0.960058,1.04602,0,0,0,0.550845,1.42222,0.575845,0,0,0.506418,0.783533,1.27583,0,0,0,0,1,1,0,1,w,w
11179,WANT,1,1,0.962083,0.99793,0,0,0,0,1.45848,0.500994,0,0,0.980228,0.827918,1.03874,0,0,0,0,1,1,0,1,w,w
11180,WANT,1,1,0.967732,0.879386,0,0,0,0,1.59016,0.604691,0.541207,0,0.723656,0.80489,1.38677,0,0,0,0,1,1,0,1,w,w
11181,WANT,1,1,0.970195,0.780032,0,0,0,0.536801,1.53216,0.662201,0,0,0.788062,0.836106,1.41746,0,0,0,0,1,1,0,1,w,w
11182,WANT,1,1,0.967441,0.976348,0,0,0,0.589444,1.95824,0.653732,0,0,0.714538,0,0.797909,0,0,0,0,1,1,0,1,w,w
11183,WANT,1,1,0.961132,0.960693,0,0,0,0.564684,2.34797,0.592501,0,0,0.635756,0,0.672754,0,0.854394,0,0,1,1,0,1,w,w
11184,WANT,1,1,0.965474,1.01962,0,0,0,0,2.10777,0,0,0,0.793467,0,0,1.40828,0.91796,0,0,1,1,0,1,w,w
11185,WANT,1,1,0.961744,1.44592,0,0,0,0,1.7485,0,0,0,0.77605,0,0,1.31706,0.833447,0,0,1,1,0,1,w,w
11186,WANT,1,1,0.976815,1.2823,0,0,0,0,1.80247,0,0,0,1.05303,0.853958,0.669452,0,0.501098,0,0,1,1,0,1,w,w
11187,WANT,1,1,0.841983,1.30768,1.79926,0,0.616147,0,1.04429,0,0,0.672421,0.653807,1.05407,0,2.8866,0,0,0,1,1,1,0,w,w
11188,WANT,1,1,0.832263,1.23928,0,0,0,0.544277,1.54515,0,1.21909,1.36754,1.13659,0,0,2.04489,0,0,0,1,1,0,1,w,w
11189,WANT,1,1,0.89853,1.01847,0,0,0,0,1.74983,0,0,0,0.702413,0,0,1.01474,0,1,0,1,0,0,1,w,w
11190,WANT,1,1,0.928425,0,0.558111,1.12651,0,0,2.05627,0,0,0,0.872192,0,0,0,0,1,0,1,1,0,1,w,w
11191,WANT,1,1,0.958932,0,0.602222,1.82566,0,0,1.65443,0,0,0,0.975916,0,0,0,0,1,0,1,0,0,1,w,w
11192,WANT,1,1,0.979195,0,0.55952,1.9798,0,0,2.21777,0,0,0,0.655455,0,0,0,0,1,0,1,0,0,1,w,w
11193,WANT,1,1,0.98463,0,0,1.28735,0,0,2.75935,0.503036,0,0,0.827352,0,0.706465,0,0,1,0,1,0,0,1,w,w
11194,WANT,1,1,0.983379,0.595255,0.53018,0.881009,0,0.63455,2.62856,0.605481,0,0.978677,0.81078,0.759686,1.31146,0,0,1,0,1,0,0,1,w,w
11195,WANT,1,1,0.985244,0.701206,0,0.850097,0,0.68569,2.38085,0.638022,0,0.840086,0.750148,0.807858,1.47867,0,0,1,0,1,0,0,1,w,w
11196,WANT,1,1,0.986567,0.54509,0.597666,1.18854,0,0.61353,2.89755,0.586555,0,1.21078,0.569664,0.933346,1.87773,0,0,1,0,1,0,0,1,w,w
11197,WANT,1,1,0.985723,0.555775,0,1.40909,0,0.650106,3.08042,0.686679,0,1.33381,0.728056,0.972741,1.66473,0,0,1,0,1,0,0,1,w,w
11198,WANT,1,1,0.981855,0,0,1.43509,0,0,2.68458,0.557485,0,1.27212,0.624934,1.00704,1.26658,0,0,1,0,1,0,0,0,w,w
11199,WANT,1,1,0.980779,0.636938,0,1.30461,0,0.55063,2.49505,0.630789,0,1.00853,0.758892,1.07541,1.61081,0,0,1,0,1,1,0,0,w,w
11200,WANT,1,1,0.977208,0.517351,0,1.29663,0,0.588443,2.18459,0.664386,0.579628,0.824404,0.824805,0.767155,1.51228,0,0,0,0,1,1,0,0,w,w
11201,WANT,1,1,0.981973,0.963466,0,1.47816,0,0.518747,2.48644,0.500133,0,0.915265,0.708061,0.738019,1.55823,0,0,1,0,0,1,0,0,w,w
11202,WANT,1,1,0.981879,1.00847,0,1.28899,0,0,2.38343,0,0,0.848436,0.589139,0.740306,1.54165,0,0,1,0,1,0,0,1,w,w
11203,WANT,1,1,0.974952,1.00908,0,1.12897,0,0.563209,2.04614,0.552149,0,1.18963,0.853068,0.685463,1.27702,0,0,1,0,1,0,0,0,w,w
11204,WANT,1,1,0.93481,1.34918,0.771743,1.12588,0.552609,0,1.86568,0,0,0,0,0,1.11109,0.731567,0.540919,1,0,0,0,0,1,w,w
11205,WANT,1,1,0.933357,1.2459,0.825736,0.933347,0,0,1.54609,0.531121,0,0,0,0,1.45393,0,0.564999,1,0,1,0,0,1,w,w
17973,WANT,1,1,0.913112,0,1.04244,1.4568,0.563319,0.508116,2.38801,0.58098,0.658928,0,0,0,1.38511,1.64122,0,1,0,0,1,0,0,w,w
17975,WANT,1,1,0.955244,1.01872,2.08625,1.4266,0.822167,0.620498,1.45204,0,0.983844,0.589994,0,0,0,2.19014,0,1,1,0,0,0,0,w,w
17976,WANT,1,1,0.96145,1.32144,1.60278,0.691422,0,0,1.29702,0,1.13605,0,0,0,0.665921,2.12377,0,1,1,0,0,0,0,w,w
2118,WANT,1,1,0.988692,0,0,1.26601,0,0,0,0,0,0,1.02991,0,0.64452,4.01341,0.565977,1,0,1,1,0,0,m,m
2119,WANT,1,1,0.985722,0,0,0.943642,0,0,0,0,0,0,1.53079,0.527857,0.616634,4.47891,0,1,0,1,0,0,1,m,m
2120,WANT,1,1,0.972782,0,0,0.756868,0,0,0,0,0,0,1.34084,0,0,3.72606,0,1,0,0,0,0,0,m,m
2121,WANT,1,1,0.970284,0,0,0.752268,0,0,0,0,0,0,1.16553,0.669817,0,3.99882,0,1,0,1,0,0,0,m,m
2122,WANT,1,1,0.979209,0,0,1.03627,0,0,0,0,0,0,0.882514,0,0,4.04828,0,1,0,1,0,0,0,m,m
2123,WANT,1,1,0.987752,0,0,0.912469,0,0,0,0,0,0,0.825229,0,0,4.20285,0,1,0,1,1,0,0,m,m
2124,WANT,1,1,0.99222,0,0.506028,1.10739,0,0,0.826533,0,0,0,0,0,0,5,0.678333,1,1,1,1,0,0,m,m
2125,WANT,1,1,0.992104,0,0.970665,0.828712,0,0,0.688102,0,0,0,0,0,0,5,0.694927,1,1,1,1,0,0,m,m
2126,WANT,1,1,0.989986,0,0.645596,0.76179,0,0,0.552396,0,0,0,0,0,0,5,0.55632,1,0,1,1,0,0,m,m
2127,WANT,1,1,0.978451,0,0.975599,0,0,0,0.983668,0,0,0,0.670607,1.1735,0,5,0,1,0,1,0,0,0,m,m
2128,WANT,1,1,0.954663,0,1.53061,0,0,0,0,0,0,0,0.846094,1.31995,1.29667,5,0,1,1,1,1,0,0,m,m
2129,WANT,1,1,0.953639,0,1.02911,0,0,0,0,0,0,0,0.845924,1.32337,1.63218,4.8686,0,1,0,1,1,0,0,m,m
2130,WANT,1,1,0.837742,0,0,0.602768,0,0,0,0,0,0,1.10286,0.59551,0.742553,2.60279,0,0,0,1,1,0,0,m,m
2131,WANT,1,1,0.940533,0,0.700248,0.957933,0,0,1.23633,0,0,0,0,0.767793,1.93794,2.58496,0,1,0,0,0,0,0,m,m
2132,WANT,1,1,0.868465,0,0,1.05889,0,0,0,0,0,0,0,0.941943,1.05282,3.29914,0,0,1,0,1,0,0,m,m
2133,WANT,1,1,0.902455,0,0,0.810509,0,0,0,0,0,0.648504,0.616231,0,2.49897,0,0,0,0,0,0,0,1,m,m
2134,WANT,1,1,0.892998,0,0,0.673694,0,0,0.533597,0,0,0,0.914347,0.70705,1.88357,0,0,0,0,1,0,0,1,m,m
2136,WANT,1,1,0.822335,1.42786,1.81805,0,0,0,2.59624,0,0,0,0,0,0.884694,0,0,0,0,0,0,0,0,m,m
31977,WANT,1,1,0.961713,1.09638,0.660671,0,0,0,0,0,0,0,0,0,0,1.90302,0,1,0,0,0,0,1,m,m
31978,WANT,1,1,0.785128,1.13396,1.42439,1.23537,1.13456,0,0,0,0.53917,0.790913,0,0.606012,0,0,0,1,0,1,0,0,0,m,m
51583,WANT,1,1,0.965426,0.670724,0,0,0,0,0,0,0,0,0,0,0,1.87865,0.586109,1,0,1,0,0,1,m,m
51584,WANT,1,1,0.969023,0.501237,0,0,0.906585,0,0,0,0,0,0,0,0,1.7822,0.526069,1,0,0,0,0,1,m,m
51585,WANT,1,1,0.968114,0.613557,0,0,0.704251,0,0,0,0,0,0,0,0,2.07795,0,1,0,0,0,0,1,m,m
51586,WANT,1,1,0.970469,0.525197,0,0,0.599901,0,0,0,0,0,0,0,0,2.1716,0,1,0,1,0,0,1,m,m
51587,WANT,1,1,0.96833,0.558524,0,0,0.978258,0,0.521378,0,0,0,0,0,0,1.88417,0,1,0,1,0,0,1,m,m
51588,WANT,1,1,0.96828,0.564648,0,0,0.795021,0,0,0,0,0,0,0,0,1.9135,0,1,0,1,0,0,1,m,m
51589,WANT,1,1,0.972142,0,0,0,0.738039,0,0,0,0,0,0,0,0,1.21609,0,1,0,1,0,0,1,m,m
51590,WANT,1,1,0.956187,0,0,0,0.551197,0,0.645023,0,0,0,0,0,0,0.574922,0,1,0,0,1,0,1,m,m
51591,WANT,1,1,0.946993,0,0,0,0.885343,0,0,0,0,0,0,0,0,0,0,1,0,0,0,0,1,m,m
51592,WANT,1,1,0.950304,0.632405,0,0,0.552198,0,0.691912,0,0,0,0,0,0,0,0.614419,1,0,0,0,0,1,m,m
51593,WANT,1,1,0.95042,0.848684,0,0,0,0,0,0,0,0,0,0,0,1.36037,0.857116,1,0,0,1,0,1,m,m
51594,WANT,1,1,0.965416,0.617377,0.609836,0,0,0,0,0,0,0,0,0,0,1.88137,0.860643,0,0,1,1,0,1,m,m
51595,WANT,1,1,0.974785,0,0,0,0,0,0,0,0,0,0,0,0,1.94817,0.665218,0,1,1,1,0,1,m,m
51596,WANT,1,1,0.979325,0,0,0,0,0,0,0,0.703079,0,0,0,0,1.59056,0.57182,0,1,1,0,0,1,m,m
51597,WANT,1,1,0.978069,0,0,0,0,0,0,0,0.695221,0,0.526011,0,0,1.2395,0,0,1,1,0,0,1,m,m
51598,WANT,1,1,0.980021,0,0,0,0,0,0,0,0.914168,0.587673,0,0,0.709915,0.929314,0,0,1,1,0,0,1,m,m
51599,WANT,1,1,0.95125,0,0,0,0,0,0,0,0.973288,0.943144,0.742314,0.518456,1.54194,1.2465,0,0,1,1,0,0,1,m,m
51600,WANT,1,1,0.949351,0,0,0,0,0,0,0,0.846528,0,0,0,1.20989,0,0,0,0,1,0,0,1,m,m
51601,WANT,1,1,0.959704,0.622873,0,0,0,0,0,0,1.14979,1.01238,0,0,1.28407,1.02033,0,0,0,1,0,0,1,m,m
51602,WANT,1,1,0.980699,0,0,0.778223,0.795014,0,0.746667,0.510712,0.88429,0.85791,0.680426,0,1.22545,0,0,0,1,1,0,0,0,m,m
51603,WANT,1,1,0.979079,0.678876,0,0,1.14252,0.521346,0.53308,0.637611,1.09954,0.877846,0,0,1.06787,0.714272,0,0,1,1,0,0,0,m,m
51604,WANT,1,1,0.974955,0,0,0,0.973039,0.597521,0,0.775254,1.19923,0.897003,0,0,1.53005,0.531634,0,0,1,1,0,0,0,m,m
51605,WANT,1,1,0.969129,0,0,0,0.841764,0.546821,0,0.716621,1.33958,0.811502,0,0,1.24415,0,0,0,1,1,0,0,0,m,m
51606,WANT,1,1,0.968578,0,0,0,0.768816,0.509959,0,0.701785,1.30752,0.828292,0,0,0.948008,0,0,0,1,1,0,0,0,m,m
51607,WANT,1,1,0.972139,0,0,0,0.859735,0.624842,0,0.74507,1.4121,0.801105,0,0,1.14151,0,0,0,1,1,0,0,0,m,m
51608,WANT,1,1,0.977129,0,0,0,0.725968,0.549237,0.676479,0.601382,1.13459,0.875757,0,0,0.919082,0,0,0,1,1,0,0,1,m,m
51609,WANT,1,1,0.980577,0,0,0,0.592739,0.541071,0.623704,0.667621,0.944609,0.758919,0,0,1.33521,0,0,0,1,1,0,0,1,m,m
51610,WANT,1,1,0.984584,0,0,0.642342,0.561944,0,0.980645,0.520386,0.628845,0.540086,0,0,1.04625,0,0,0,1,1,0,0,1,m,m
51611,WANT,1,1,0.982821,0,0,0,0,0,0.601371,0.538552,0.732892,0.691582,0,0,0.547819,0.532026,0,0,1,1,0,0,1,m,m
51612,WANT,1,1,0.982823,0,0,0.603526,0.551019,0,0.759869,0,0.7685,0.579758,0,0,0.896772,0,0,0,1,1,0,0,1,m,m
51613,WANT,1,1,0.981296,0,0,0.590787,0.640349,0,1.20652,0.520676,0.65714,0.508732,0,0,0.539594,0.51221,0,0,1,1,0,0,1,m,m
51614,WANT,1,1,0.977655,0,0,0,0.527696,0,0.707794,0,0,0.596899,0,0,0.619821,0,0,0,1,1,0,0,1,m,m
51615,WANT,1,1,0.971484,0,0,0.603577,0,0,0.621972,0,0.646893,0.964756,0,0,0.954605,0,0,0,1,1,0,0,0,m,m
51616,WANT,1,1,0.976583,0,0,0.539626,0,0,0.505415,0,0,0.706004,0,0,1.07491,0.671736,0,0,1,1,0,0,0,m,m
51617,WANT,1,1,0.977208,0,0,0.520585,0,0,0.786176,0.568259,0.726765,0.592221,0,0,1.42956,1.15391,0,0,1,1,0,0,0,m,m
51618,WANT,1,1,0.983284,0,0,0,0.542862,0,0,0,0.7308,0.705913,0,0,1.2547,0.971975,0,0,1,1,0,0,0,m,m
1258,WANT,1,1,0.805288,1.40819,1.29445,0,0.592284,0.521788,0,0.568082,1.277,0,0.63912,0,0.521845,0,0,0,1,1,1,0,0,m,w
1259,WANT,1,1,0.945361,1.20165,0.719813,0,0,0,0,0,0.778367,0,0.97658,0,0,0,0,0,0,0,1,0,0,m,w
1260,WANT,1,1,0.915829,1.60102,1.37424,0,0.62363,0,0,0,1.11819,0,1.57677,0,0,0,0,0,1,0,1,0,0,m,w
1261,WANT,1,1,0.895918,2.06227,1.6645,0,0,0,0,0,1.07954,0,2.02319,0.54955,0,0,0,0,1,0,1,0,0,m,w
1262,WANT,1,1,0.911038,1.45672,1.5977,0,0.752057,0,0,0,1.03193,0,2.11156,0.926995,0,0.617671,0.536353,0,0,1,1,0,0,m,w
1263,WANT,1,1,0.897171,1.40281,2.25803,0,0,0,0.535871,0,0.685053,0,2.03383,0.613222,0,1.19539,0,0,0,1,1,0,0,m,w
1264,WANT,1,1,0.90414,1.73603,2.13485,0,0.786493,0,0,0,0.585681,0,1.27291,0,0,1.29462,0,0,0,0,1,0,0,m,w
1265,WANT,1,1,0.910727,1.50339,1.83743,0,0,0,0,0,0.744361,0,0,0,0,0,0,0,0,0,1,0,0,m,w
1275,WANT,1,1,0.884087,1.19794,0,0,0.677765,0,0,0,0,0,1.11323,0.73461,0,0.762005,0,0,1,1,1,0,0,m,w
1276,WANT,1,1,0.863048,0.999624,0,0,0,0,0,0,0,0,1.51538,0.658157,0,1.34972,0,0,1,1,1,0,0,m,w
1277,WANT,1,1,0.865229,1.27102,0,0,0,0,0.952725,0,0.815104,0,1.45497,0,0,1.3915,0,0,1,1,1,0,0,m,w
1278,WANT,1,1,0.876177,1.92959,1.45749,0,0.703194,0,1.07443,0.534022,0.974699,0,0.932574,0,0.624062,0.888348,0,0,1,1,1,0,0,m,w
1279,WANT,1,1,0.907281,2.33265,1.94868,0,0.612846,0,1.13556,0.731155,1.32659,0,0.791659,0,0,0,0.535564,0,1,1,1,0,0,m,w
1717,WANT,1,1,0.891101,0.5336,0.95381,0,1.09694,0.789382,1.14894,0.922184,1.83712,0.571985,0,0,0,0.581521,0,0,1,0,0,0,0,w,w
1718,WANT,1,1,0.886263,0,0,0,1.55896,0.697921,0.78352,0.750574,1.88137,0.570022,0,0,0,0,0,0,1,0,0,0,0,w,w
1719,WANT,1,1,0.908804,0.761142,0.610854,0,0.856192,0.594926,1.4356,0,1.75859,0.518538,0,0,0,0.746993,0,0,1,0,0,0,0,w,w
1720,WANT,1,1,0.891672,0.709395,0.995141,0,1.63582,0.551448,0,0,1.69231,0,0,0,0.556177,1.06689,0.544911,0,1,0,0,0,0,w,w
1721,WANT,1,1,0.891292,0.750807,0.766004,0,1.1779,0.602741,0.927719,0,1.79454,0.774195,0,0,0,1.39804,0,0,1,0,0,0,0,w,w
1722,WANT,1,1,0.898204,0.694754,1.02656,0,1.21994,0.559377,1.14666,0,1.91632,0.717608,0,0,0,0.939354,0,0,1,0,0,0,0,w,w
1723,WANT,1,1,0.904248,0.857681,0.544045,0,1.21696,0.614909,0,0.532242,1.84003,0.910196,0,0.641744,0,0.889031,0,0,1,0,0,0,0,w,w
1724,WANT,1,1,0.89185,1.22009,0.732519,0,1.15937,0.646357,0.668288,0.555464,1.67606,1.0024,0,0.70686,0,0.969128,0,0,1,0,0,0,0,w,w
1725,WANT,1,1,0.899333,0.875791,0.905654,0,0.843604,0.678965,0.984447,0.517405,1.5256,0.852707,0,0.613302,0.612341,1.33085,0,0,1,0,0,0,0,w,w
1726,WANT,1,1,0.902401,0.710693,0.844201,0,0,0.714166,1.29614,0.551177,1.4642,0.988256,0,0.571875,1.00538,1.32865,0,0,1,0,0,0,0,w,w
1727,WANT,1,1,0.914746,0,0.802638,0,0,0.695921,0.645236,0.537302,1.5597,1.12725,0,0,1.00244,1.01756,0,0,1,0,0,0,0,w,w
1728,WANT,1,1,0.91992,0.54826,0.545124,0,0,0.676269,0,0,1.52618,1.29961,0,0,1.06688,0,0,0,1,0,0,0,0,w,w
1729,WANT,1,1,0.909587,0.547198,0.868116,0,0,0.78495,0,0.512015,1.73128,1.64822,0,0,0.716521,0,0,0,1,0,0,0,0,w,w
1730,WANT,1,1,0.910313,0,0,0,0,0.752559,0,0,1.47041,1.46768,0,0,0.719184,0,0,0,1,0,0,0,0,w,w
4433,WANT,1,1,0.919865,0.745841,0,0,0,0,0,0,0,1.16309,0.700597,0,1.47875,0,0,0,0,1,0,0,1,m,w
4947,WANT,1,1,0.922514,1.01571,0.763458,0.726906,0,0.556184,1.05915,0.794499,0.537891,0.872401,0.932124,0,0,0,0,0,0,1,0,0,0,m,w
4948,WANT,1,1,0.950971,0.896611,0.790522,0.86557,0.691349,0.537917,1.42588,0.731748,0,0.794446,1.00167,0,0.715757,0,0,0,0,1,0,0,0,m,w
4949,WANT,1,1,0.945377,1.01516,1.20708,0.700513,0,0.501019,1.19237,0.698908,0,0.749349,0.687913,0,0,0,0,0,0,1,0,0,0,m,w
4950,WANT,1,1,0.959799,0.850757,1.05369,0.899077,0,0,1.63793,0.644716,0,0.770903,0.887818,0,0,0.687814,0,0,0,0,1,0,0,m,w
4951,WANT,1,1,0.959813,0,0.562096,0.668065,0,0.530845,1.40163,0.712281,0,0.793383,0.666626,0,0,0.922538,0,0,0,0,1,0,0,m,w
4952,WANT,1,1,0.967857,0,0,0,0.651705,0,1.13405,0.640509,0,0.690683,0.834389,0,0,1.61324,0,0,0,1,1,0,0,m,w
4953,WANT,1,1,0.966837,0,0,0,0.533911,0,1.187,0.654444,0,0.579116,0.67921,0,0,1.09294,0,0,0,0,1,0,0,m,w
4954,WANT,1,1,0.97192,0,0,0.776655,0.549966,0.504383,1.20356,0.67119,0,0.546657,0.761861,0,0,1.34924,0,0,0,1,1,0,0,m,w
4955,WANT,1,1,0.961438,0,0,0.713914,0,0,0.970885,0.509585,0,0.612223,0.984244,0,0.699351,1.89689,0,0,0,0,1,0,0,m,w
4956,WANT,1,1,0.959405,0.680863,0,0.789525,0,0,1.10378,0,0,0,0.808302,0,1.07663,0.823422,0,1,0,0,0,0,0,m,w
4957,WANT,1,1,0.910972,0.538183,0,0.603176,0,0,0,0,0,0,1.36135,0,1.31679,1.8082,0,1,0,0,0,0,0,m,w
4958,WANT,1,1,0.924875,0.77621,0.551123,0.863301,0.772804,0,0.669892,0,0,0,0.992768,0,1.15085,2.40906,0,1,0,0,0,1,0,m,w
4959,WANT,1,1,0.93155,1.06551,0.560109,0.72285,0.708418,0,0.558993,0,0,0,1.38177,0,1.3543,3.12189,0,1,0,0,0,0,0,m,w
4960,WANT,1,1,0.950851,0.915288,0.558437,0.651703,0,0,1.25754,0,0,0,1.33758,0.572898,1.13029,3.22967,0,1,0,1,1,0,0,m,w
4961,WANT,1,1,0.959186,1.19436,0.517294,0.509097,0,0,1.62437,0,0,0.649119,1.71153,0.677806,0.737948,3.41884,0,0,0,1,1,0,0,m,w
4962,WANT,1,1,0.9591,0.915949,0,0,0,0,1.76843,0,0,0.7084,1.64448,0.626318,0.925922,3.48208,0,0,0,1,1,0,0,m,w
4963,WANT,1,1,0.949266,0.62193,0,0,0,0,1.61856,0,0,0.523414,1.55737,0.812511,1.39797,3.02747,0.550546,0,0,1,0,0,0,m,w
4964,WANT,1,1,0.941892,0.573213,0,0.756285,0,0,2.01203,0,0.583485,0,1.53502,0.899874,1.34975,2.86546,0.613847,0,0,1,1,0,0,m,w
4965,WANT,1,1,0.932912,0.580469,0,0.893211,0,0.55549,2.21266,0,0.570557,0,1.13683,0.871998,1.3256,2.71945,0.624826,0,0,1,1,0,0,m,w
4966,WANT,1,1,0.942575,0.615048,0,1.18515,0,0.594105,2.3612,0,0.829111,0,1.08928,0.894491,1.09198,2.07592,0.616777,0,0,1,1,0,0,m,w
4967,WANT,1,1,0.950871,0,0,0.926511,0,0.713125,2.16233,0.57344,0.744981,0,0.868995,1.06753,1.28794,2.33273,0.643473,0,0,1,1,0,0,m,w
4968,WANT,1,1,0.950601,0,0,1.1747,0,0.678856,2.25201,0.533671,0.7144,0,0.938089,0.973398,1.39957,1.83515,0.68547,0,0,1,1,0,0,m,w
4969,WANT,1,1,0.945621,0,0,1.13462,0,0.646741,2.5101,0,0.607364,0,0.771248,0.92306,1.4149,1.81088,0.713389,0,0,1,1,0,0,m,w
4970,WANT,1,1,0.941429,0,0,1.40858,0,0.604185,2.49396,0,0,0,0.648923,0.885656,1.36151,1.79201,0.773859,0,0,1,1,0,0,m,w
4971,WANT,1,1,0.928068,0,0,1.39065,0,0.658366,2.8838,0,0.5715,0,0,0.90288,1.54419,1.24349,0.743886,0,0,1,1,0,0,m,w
4972,WANT,1,1,0.923474,0,0,1.46659,0,0.609648,2.4582,0,0.614484,0,0.532213,0.840336,1.48072,2.17187,0.787782,0,0,1,1,0,0,m,w
4973,WANT,1,1,0.929291,0,0,1.68594,0,0.540008,2.47052,0,0.55326,0,0,0.80802,1.73709,1.81723,0.801591,0,0,1,1,0,0,m,w
4974,WANT,1,1,0.931602,0,0,1.53895,0,0,2.68434,0,0,0,0,0.769006,1.57904,1.92355,0.819223,0,0,1,0,0,0,m,w
4975,WANT,1,1,0.932285,0,0,1.93907,0,0,2.28505,0,0,0,0,0.786008,1.87911,2.31625,0.845713,0,0,1,0,0,0,m,w
25,WANT,1,1,0.878437,1.22119,0,1.97166,0,0,0,0,0.973488,1.84816,0,0.853647,0.804723,2.31846,0,0,1,0,0,1,0,w,w
30,WANT,1,1,0.744,1.19424,0,0.886618,0,0,0,0,0.825295,1.61193,0.903702,0.741427,0,1.20724,0,0,1,0,0,1,0,w,w
31,WANT,1,1,0.791464,1.25117,0,0.818223,0,0,0,0,0.593563,1.53789,0.613888,0.922678,0,1.64402,0,1,1,0,0,0,0,w,w
32,WANT,1,1,0.821684,0.852029,0,0.573946,0,0,0,0,0,1.5223,0,0.993384,0,0,0,1,1,0,0,0,0,w,w
34,WANT,1,1,0.869121,0,0,1.558,0,0,0,0,0,1.42782,0,1.21965,0,0,0,1,1,0,0,0,1,w,w
35,WANT,1,1,0.845468,1.10716,0,0.84979,0,0,0,0,0,2.07609,0,1.09743,1.38396,0,0,1,1,0,0,1,0,w,w
36,WANT,1,1,0.810751,1.15579,0.802119,0,0,0,0,0,0,1.3765,0,0.753467,0,2.29222,0,1,1,0,0,0,1,w,w
37,WANT,1,1,0.790459,1.71587,1.25306,0,0,0,0.807018,0,0,1.17397,0.663483,0.64213,0,0.925935,0,1,0,0,0,1,0,w,w
38,WANT,1,1,0.747883,1.66772,0.707655,1.045,0,0.850817,2.35494,0.55968,0,1.65648,1.02106,0.735596,1.06634,2.15057,0,1,0,1,0,1,0,w,w
39,WANT,1,1,0.753715,1.85036,1.14037,1.39621,0,0.704577,1.78061,0,0,1.53019,0.773591,0.623398,0,1.71465,0,0,0,0,0,1,0,w,w
40,WANT,1,1,0.797247,2.01201,0.922351,0,1.49465,0,0,0,0,0.960421,0,0,0.712667,0,0,0,0,0,0,0,0,w,w
50,WANT,1,1,0.775069,0,0,0,0,0,0,0,0.898049,0.595829,0,0.613684,0,1.63152,0,0,1,0,0,0,0,w,w
55,WANT,1,1,0.882593,0,0,0,0,0,0.767393,0,0,1.75448,0,0.998983,0.623362,0,0,0,1,0,0,0,1,w,w
56,WANT,1,1,0.888593,0,0,0,0,0,0,0,0,1.53685,0,0.913076,1.14568,0,0,0,1,0,0,0,1,w,w
