time_stamp,word,frame,success,confidence,AU01_r,AU02_r,AU04_r,AU05_r,AU06_r,AU09_r,AU10_r,AU12_r,AU14_r,AU15_r,AU17_r,AU20_r,AU25_r,AU26_r,AU04_c,AU12_c,AU15_c,AU23_c,AU28_c,AU45_c,speaker_gender,listener_gender
5198,DEAF,1,1,0.865108,0,0,0,0,0,0,1.03523,0,2.02247,0.566378,0,0,0,0,1,0,0,0,0,1,w,m
5199,DEAF,1,1,0.938427,0,0,0.66637,0,0.53814,0,1.12673,0,2.19646,0.544067,0,0,0,0,1,0,0,0,0,0,w,m
5200,DEAF,1,1,0.944607,0,0,0.901845,0.773858,0.523157,0,1.00637,0,1.99532,0.608908,0,0,0,0,1,0,0,0,0,0,w,m
5201,DEAF,1,1,0.942233,0,0,1.26801,0,0.702951,0,1.22593,0,2.06478,0,0,0,1.16012,0,1,1,0,0,0,0,w,m
5202,DEAF,1,1,0.948718,0,0,1.05332,0,0.832201,0,1.37761,0,2.47799,0,0,0,1.92251,0,1,1,0,0,0,0,w,m
5203,DEAF,1,1,0.940103,0,0,1.06376,0,0.810285,0,1.28992,0,2.28447,0,0,0,1.36333,0,1,1,0,0,0,0,w,m
5204,DEAF,1,1,0.935868,0,0,1.17516,0,0.663056,0,1.13008,0,1.88025,0,0,0,1.19909,0,1,1,0,0,0,0,w,m
5205,DEAF,1,1,0.898732,0,0,0.776433,0,0.624337,0,1.06752,0,1.87428,0,0.530442,0,0,0,1,0,0,0,0,0,w,m
5206,DEAF,1,1,0.902988,0,0,1.10642,0,0.609453,0,1.10999,0,2.27368,0,0,0,0.614078,0,1,1,0,0,0,0,w,m
5207,DEAF,1,1,0.919083,0,0,1.23084,0,0.655306,0,1.19821,0,2.18145,0,0.562148,0,0.599792,0,1,1,0,0,0,0,w,m
5208,DEAF,1,1,0.922533,0,0,1.37395,0,0.607671,0,1.20027,0.677207,2.11298,0,0.516306,0,1.18248,0,1,1,0,0,0,0,w,m
5209,DEAF,1,1,0.923694,0,0,1.32775,0,0.61062,0,1.15023,0.61294,2.11006,0,0.680965,0,0.720963,0,1,1,0,0,0,0,w,m
5210,DEAF,1,1,0.92692,0,0,1.0485,0,0.557507,0,1.1191,0,1.93049,0,0.676643,0,0,0,1,1,0,0,0,0,w,m
5211,DEAF,1,1,0.91737,0,0,0.812602,0,0.51978,0,1.12635,0,2.12042,0,0.719482,0,0,0,1,0,0,0,0,0,w,m
5212,DEAF,1,1,0.886711,0,0,0.8096,0,0.529048,0,1.04401,0,1.96497,0,0.807864,0,0,0,1,1,0,0,0,0,w,m
5213,DEAF,1,1,0.8794,0,0,0.530028,0,0.533984,0,1.05913,0,1.79283,0,0.65906,0,0,0,1,0,0,0,0,0,w,m
5214,DEAF,1,1,0.912669,0,0,0.933428,0,0,0,0.998995,0,1.26948,0,0.597879,0,0,0,1,0,0,0,0,0,w,m
5215,DEAF,1,1,0.887302,0,0,0.866554,0,0,0,0.960944,0,1.35299,0,0.742506,0,0,0,1,0,0,0,0,0,w,m
5216,DEAF,1,1,0.894332,0,0,0.865746,0,0,0,0.747809,0,1.17707,0,0.508703,0,0.508629,0,1,0,0,0,0,0,w,m
5217,DEAF,1,1,0.883831,0,0,1.04835,0,0,0,0.772353,0,1.4427,0,0.571197,0,0.684457,0,1,0,0,0,0,0,w,m
5218,DEAF,1,1,0.882558,0,0,0.725521,0.65679,0,0,0.833981,0,1.19013,0,0,0,0,0,1,0,0,0,0,0,w,m
5219,DEAF,1,1,0.871372,0,0,0.864428,0,0,0,0.899449,0,1.27809,0,0,0,0.819892,0,1,1,0,0,0,0,w,m
5220,DEAF,1,1,0.878827,0,0,0.827269,0,0,0,0.741613,0,1.1253,0,0,0,0.620159,0,1,0,0,0,0,0,w,m
5221,DEAF,1,1,0.895437,0,0,0.880367,0,0,0,0.801475,0,1.08201,0,0,0,0,0,1,0,0,0,0,0,w,m
5222,DEAF,1,1,0.915484,0,0,0.901235,0,0,0,0.851389,0,1.09608,0,0,0,0,0,1,0,0,0,0,0,w,m
5223,DEAF,1,1,0.929599,0,0,0.87076,0,0,0,0.97043,0,1.13116,0,0,0,0,0,1,0,0,0,0,1,w,m
5224,DEAF,1,1,0.928273,0,0,0.794857,0,0,0,0.775283,0,1.04099,0,0,0,0,0,1,1,0,0,0,0,w,m
5225,DEAF,1,1,0.947767,0,0,0.602119,0,0,0,0.794869,0,1.23107,0,0.538906,0,0,0,1,0,0,0,0,0,w,m
5226,DEAF,1,1,0.952849,0,0,0,0,0,0,0.76962,0,1.21458,0,0,0,0,0,1,0,0,0,0,0,w,m
5227,DEAF,1,1,0.950708,0,0,0.581102,0,0,0,0.7215,0,1.03463,0,0,0,0,0,1,0,0,0,0,0,w,m
5228,DEAF,1,1,0.937448,0,0,0,0,0,0,0.748227,0,1.25537,0,0.503865,0,0,0,1,0,0,0,0,0,w,m
5229,DEAF,1,1,0.938896,0,0,0.54241,0,0,0,0.817694,0,1.65308,0,0.637622,0,0,0,1,0,0,0,0,0,w,m
5230,DEAF,1,1,0.933713,0,0,0,0,0.534801,0,0.776802,0.563304,1.125,0,0.679281,0,0.549234,0,1,0,0,0,0,0,w,m
5231,DEAF,1,1,0.946282,0,0,0,0,0.523266,0,0.897385,0,1.44521,0,0.697118,0,0,0,1,1,0,0,0,0,w,m
5232,DEAF,1,1,0.943995,0,0,0,0,0,0,0.767001,0,1.29156,0,0.629705,0,0,0,1,1,0,0,0,0,w,m
5233,DEAF,1,1,0.946444,0,0,0,0,0.60345,0,0.978566,0,1.16169,0,0.661182,0,0.725237,0,1,1,0,0,0,0,w,m
5234,DEAF,1,1,0.933875,0,0,0.831158,0,0.543216,0,0.82232,0,1.02697,0,0.556215,0,0.996922,0,1,1,0,0,0,0,w,m
5235,DEAF,1,1,0.93885,0,0,0.807674,0,0.653859,0,0.999496,0.618574,1.05989,0,0.830721,0,0.976928,0,1,1,0,0,0,0,w,m
5236,DEAF,1,1,0.945887,0,0,1.21496,0,0.75693,0,0.988061,0.876706,0.865327,0,0.747175,0,1.27594,0,1,1,0,0,0,0,w,m
6786,DEAF,1,1,0.924839,0,0,0,0,0,0,0,0,0.528516,0,0,0,0,0,1,0,0,0,0,1,w,m
6787,DEAF,1,1,0.763654,0,0,0,0,0,0,0.836459,0,0.559762,0,0.604318,0,0,0,1,0,0,0,0,0,w,m
6788,DEAF,1,1,0.72737,0.57985,1.26922,0,0,0.651278,0,0.792909,0.880306,0.800876,0,1.00428,0,0,0,1,1,0,1,1,0,w,m
6791,DEAF,1,1,0.87005,0,0,0,0,0,0,0.781062,0.616475,0.610668,0,0,0,0,0,1,0,0,0,0,0,w,m
6792,DEAF,1,1,0.874001,0,0,0,0,0,0,0.617717,0,0.847668,0,0,0,0,0,1,0,0,0,0,0,w,m
6793,DEAF,1,1,0.892345,0,0,0,0,0,0,0.707088,0,0.812204,0,0,0,0,0,0,0,0,0,0,1,w,m
6794,DEAF,1,1,0.763187,0,0,0,0,0.594076,0,1.08919,0.967223,0.761516,0,0,0.951652,0,0,0,0,0,0,0,0,w,m
6795,DEAF,1,1,0.727815,0,0.793769,0,0,0.643202,0,0.849768,0.764363,0.663236,0,0.937771,0,0,0,0,1,0,1,0,0,w,m
6797,DEAF,1,1,0.80437,0,0,0,0,0,0.602194,0.783098,0,0,0,0.835322,0.62505,0,0,1,0,0,0,0,0,w,m
6798,DEAF,1,1,0.880776,0,0,0,0,0,0,0.667325,0,0.600537,0,0,0,0,0,1,0,0,0,0,1,w,m
6799,DEAF,1,1,0.886298,0,0,0,0,0,0,0.718597,0,0.864245,0,0,0,0,0,0,0,0,0,0,1,w,m
6800,DEAF,1,1,0.903957,0,0,0,0,0,0,0.707669,0.517097,0.886574,0,0,0,0,0,1,0,0,0,0,1,w,m
6801,DEAF,1,1,0.843808,0,0,0,0,0,0,0,0.556616,1.34434,0,0,0,0,0,0,0,0,0,0,1,w,m
6802,DEAF,1,1,0.83929,0,0,0.555455,0,0,0,0.52497,0,1.34617,0,0.568313,0.963593,0,0,1,0,0,0,0,0,w,m
6803,DEAF,1,1,0.925154,0,0,0.718204,0,0,0,0,0,0,0.920693,0,0,0.97601,0,1,0,0,0,0,0,w,m
6804,DEAF,1,1,0.855372,0.506463,0,1.2399,0.592284,0,0,0,0.550096,0,1.24161,0,0.713949,1.3374,0,1,0,0,0,0,0,w,m
6805,DEAF,1,1,0.824008,0,0,0,0,0,2.19256,0,0,0,0.561532,0.741304,1.1943,2.16634,0,1,0,0,1,0,0,w,m
6806,DEAF,1,1,0.810351,0.765948,1.60026,0.557779,0,0,1.7981,0,0,0,0.662207,0.850705,0,2.69738,0,1,0,0,0,0,0,w,m
6807,DEAF,1,1,0.89018,1.42558,1.58644,0.513618,0,0,1.69237,0,0.821681,0,0,0,0,3.95334,0,1,0,0,0,0,0,w,m
6808,DEAF,1,1,0.949531,0.661771,0.833358,0.655215,0,0,0,0,1.15532,0,0,0,1.08543,2.94953,0.766812,0,0,0,0,0,0,w,m
6809,DEAF,1,1,0.975529,0.943615,0,1.20042,0,0,0,0,1.17373,0,0,0,0,3.20917,0.845209,1,0,0,0,0,0,w,m
6810,DEAF,1,1,0.965068,1.20485,0,1.26808,0,0,0,0,0.946776,0,0,0,0,2.76616,0.950595,1,0,0,0,0,0,w,m
6811,DEAF,1,1,0.959956,1.10888,0,1.13699,0,0,0,0,1.04275,0,0,0,0,2.34718,1.00069,1,0,0,0,0,0,w,m
6812,DEAF,1,1,0.965079,1.22282,0,1.27682,0.725407,0,0,0,1.0076,0,0,0,0.711649,2.29853,1.00373,1,0,0,0,0,0,w,m
6813,DEAF,1,1,0.969653,1.3216,0.766094,1.15201,0,0,0,0,0.976253,0,0,0.502396,0.523248,1.81486,0.983837,1,0,0,0,0,0,w,m
6814,DEAF,1,1,0.96437,1.21573,0.716551,1.19954,0,0,0,0,1.10494,0,0,0.590237,1.10376,1.7462,0.952954,1,0,0,0,0,0,w,m
6815,DEAF,1,1,0.932557,1.12557,0.862449,1.12278,0,0,0,0,0.799833,0,0,0.784671,1.39348,2.58906,1.10958,0,0,1,0,0,0,w,m
6816,DEAF,1,1,0.878021,1.02167,0,1.12478,0,0,0.845621,0,0.587722,0,0,0.839652,0,2.86411,0.868774,1,0,0,0,0,0,w,m
6817,DEAF,1,1,0.869047,0.71889,0,0,0,0,0.710444,0,0,0,0.874073,0.731301,0,3.77445,0.525714,1,0,1,1,0,1,w,m
6818,DEAF,1,1,0.826235,0,0,0,0,0,1.15286,0,0,0,1.76757,1.35435,0,2.40433,0,1,0,1,1,0,0,w,m
6820,DEAF,1,1,0.856065,0,0,0,0,0.879119,0,1.22427,0,1.56717,0,0.531456,0,5,0,1,0,0,0,0,0,w,m
6821,DEAF,1,1,0.945075,0,0,1.05506,0,0,0,0.890302,0,0.936636,0,0.580491,0,0,0,1,0,0,0,0,0,w,m
6822,DEAF,1,1,0.965639,0.614533,0,1.30053,0,0,0,0.631706,0,0.938521,0,0.564117,0,0,0,1,0,0,0,0,0,w,m
6823,DEAF,1,1,0.970007,0.587463,0,0.97067,0,0,0,0.66584,0,0.969034,0,0.505882,0,0,0,1,0,0,0,0,0,w,m
6824,DEAF,1,1,0.973622,0.607569,0,0.957222,0,0,0,0.623943,0,0.756336,0,0.512765,0,0,0,1,0,0,0,0,0,w,m
6825,DEAF,1,1,0.923162,0.592944,0,1.38329,0,0,0,0.689474,0,0.891167,0,0.561334,0,0,0,1,0,0,0,0,0,w,m
6826,DEAF,1,1,0.910657,0.613817,0,1.0714,0,0,0,0.632988,0,0.772687,0,0,0,0,0,1,0,0,0,0,0,w,m
6827,DEAF,1,1,0.900182,0.908746,0,0.894835,0,0,0,0.701534,0,1.09927,0,0.612036,0,0,0,1,0,0,0,0,0,w,m
1474,DEAF,1,1,0.834123,0,0,0.721623,0,0,0,0,0,0.600323,0,1.10977,0.723941,0,0,0,0,1,0,0,0,w,m
1475,DEAF,1,1,0.818297,0,0,0,0,0,0.863773,0,0.51979,0.858125,0,0.934102,1.306,0,0,0,0,0,0,0,0,w,m
1476,DEAF,1,1,0.850409,0,0,0,0,0,1.77875,0,0.537377,1.09663,0,0.693005,1.90885,0.770602,0,0,1,0,0,0,0,w,m
1477,DEAF,1,1,0.794748,0,0,0,0,0,2.30423,0.524525,0.916456,1.22998,0,0.583784,2.04503,0.509337,0,0,1,0,0,0,0,w,m
1478,DEAF,1,1,0.74975,0,0,0,0,0,1.01384,0,0,0,0,0.51808,0,1.62813,0,0,0,0,0,0,1,w,m
1479,DEAF,1,1,0.90124,0,0,0,0,0,1.85668,0,0,0,0,0,0,0.873521,0,0,0,0,0,0,0,w,m
1480,DEAF,1,1,0.948178,0,0,0,0,0,2.08902,0,0,0,0,0,0,1.64611,0,0,0,0,1,0,1,w,m
1481,DEAF,1,1,0.913801,0,0,0,0,0,0.814744,0,0,0,0.606876,0,0,1.38745,0,0,0,1,1,0,0,w,m
1482,DEAF,1,1,0.860098,0.557976,0,0,0,0,0.741796,0,0,0,1.03332,0,0,2.77465,0.721403,0,0,0,1,0,0,w,m
1483,DEAF,1,1,0.902508,0.775574,0,0,0,0,1.12694,0,0,0,0.664066,0,0,3.50204,0,0,0,1,1,0,1,w,m
1484,DEAF,1,1,0.802909,0,0,0,0,0,0,0,0,0,0,0.545593,0,1.60574,0,0,0,0,0,0,1,w,m
1485,DEAF,1,1,0.839209,0,0,0,0,0,0,0,0,0,0,0.584513,0.63524,1.307,0,0,0,0,0,0,1,w,m
1588,DEAF,1,1,0.774493,1.0298,1.52979,0.66312,0,0,0,0,0,0,0,0.88011,1.56948,2.44529,0,0,0,0,0,0,0,w,w
1589,DEAF,1,1,0.802057,0.888711,1.36034,0.698897,0,0,0,0,0,0.593639,0,0.9541,1.22766,1.71183,0,0,0,0,0,0,0,w,w
1721,DEAF,1,1,0.944919,0,0,1.10939,0,0,0,0,0.557077,0,0,0,0,2.93045,0,0,1,0,0,0,1,w,w
1722,DEAF,1,1,0.942331,0,0.845672,0.939894,0,0,0,0,0.571565,0,0,0,0,2.93498,0,0,0,0,0,0,0,w,w
1723,DEAF,1,1,0.942273,0,0.782507,1.41086,0,0,0,0,0.697941,0.60561,0,0,0,3.49881,0,1,0,0,0,0,1,w,w
1724,DEAF,1,1,0.934696,0,0,1.37922,0,0,0,0,0.622924,0,0,0,0,3.12967,0,1,0,0,0,0,1,w,w
1725,DEAF,1,1,0.938332,0,0.559421,1.32077,0,0,0,0,0.552848,0,0,0,0,3.08047,0,1,0,0,0,0,1,w,w
1726,DEAF,1,1,0.937005,0,0,1.32759,0,0,0,0,0.691315,0,0,0,0,3.00297,0,0,0,0,0,0,1,w,w
4802,DEAF,1,1,0.986212,0.732206,0.631468,0.51259,0.538786,0,1.26537,0,0,0,0,0,0,1.07682,0,0,1,0,0,0,0,m,w
4803,DEAF,1,1,0.985416,0.748813,0.639226,0.503734,0,0,1.14551,0,0,0,0,0,0,0.877769,0,0,0,0,0,0,0,m,w
4804,DEAF,1,1,0.985278,0.74795,1.02882,0.550011,0,0,1.0722,0,0,0,0,0,0,0.786969,0,0,1,0,0,0,0,m,w
4805,DEAF,1,1,0.986704,0.775904,0.997735,0.703667,0.529647,0,1.17058,0,0,0,0,0,0,0.976376,0,0,1,0,0,0,0,m,w
4806,DEAF,1,1,0.986823,0.776751,0.943471,0.765666,0,0,0.975274,0,0,0,0,0,0,1.38771,0,0,1,0,0,0,0,m,w
4807,DEAF,1,1,0.987484,0,0.848282,0.666863,0,0,0.654144,0,0,0,0,0,0,1.34592,0,0,1,0,0,0,0,m,w
4808,DEAF,1,1,0.987324,0,0.552253,0,0,0,0.849703,0,0,0,0,0,0,1.72705,0,0,1,0,0,0,0,m,w
4809,DEAF,1,1,0.987576,0,0.729186,0.530053,0,0,0.780492,0,0,0,0,0,0,1.67962,0,0,1,0,0,0,0,m,w
4810,DEAF,1,1,0.986694,0,0,0.574374,0,0,0,0,0,0,0,0,0,1.32003,0,0,1,0,0,0,0,m,w
4811,DEAF,1,1,0.987695,0,0,0.542018,0,0,0,0,0,0,0,0,0,1.5334,0,0,1,0,0,0,0,m,w
4812,DEAF,1,1,0.986939,0,0,0.85322,0,0,0,0,0,0,0,0,0.699559,1.78004,0,0,1,0,0,0,0,m,w
4813,DEAF,1,1,0.986651,0,0,0.881299,0,0,0.603674,0,0,0,0,0,0.752984,1.79029,0,0,1,0,0,0,0,m,w
4814,DEAF,1,1,0.986542,0,0,0.943505,0,0,0.639063,0,0,0,0,0,0.580576,1.92434,0,0,1,0,0,0,0,m,w
4815,DEAF,1,1,0.986411,0,0,1.00524,0,0,0,0,0,0,0,0,0.6885,2.2552,0,0,1,0,0,0,0,m,w
4816,DEAF,1,1,0.988327,0,0,0.896918,0,0,0,0,0,0,0,0,0,2.0023,0,0,1,0,0,0,0,m,w
4992,DEAF,1,1,0.940632,1.02794,0,0,1.21188,0,0,0,0,0,0.953269,0,0,0,0,1,0,1,1,0,0,m,w
4993,DEAF,1,1,0.941848,0.93451,0,0,0.648239,0,0,0,0,0,0.782741,0,0,0,0.587002,1,0,0,1,0,0,m,w
4994,DEAF,1,1,0.836473,0,0,0,0,0,0,0,0,0,1.07363,0.507253,0.716603,0,0.541167,0,0,1,1,0,0,m,w
4995,DEAF,1,1,0.943426,0,0,0,1.27664,0,0,0,0.707209,0.932465,0.977377,0.596819,0,2.24238,0,0,1,0,1,0,0,m,w
4996,DEAF,1,1,0.975069,0,0,0,0.790974,0,0,0,0.691608,0,0.868995,0,0,1.13715,0,0,1,0,0,0,0,m,w
4997,DEAF,1,1,0.981715,0,0,0,0.75507,0,0,0,0.607046,0,0.830405,0,0,0.934761,0,0,1,1,0,0,0,m,w
4998,DEAF,1,1,0.986061,0,0,0,0.765322,0,0,0,0.580902,0,0.79752,0,0,0.68091,0,0,1,1,1,0,0,m,w
4999,DEAF,1,1,0.98641,0,0,0,0.779915,0,0,0,0.579905,0,0.926244,0,0,0.629996,0,0,1,1,1,0,0,m,w
5000,DEAF,1,1,0.986218,0,0,0,0.722897,0,0,0,0,0,1.11042,0,0,0.614816,0,0,0,1,1,0,0,m,w
5001,DEAF,1,1,0.985258,0,0,0,0.692119,0,0,0,0,0,1.09447,0,0,0.52148,0,0,1,1,1,0,0,m,w
5002,DEAF,1,1,0.986799,0,0,0,0.747256,0,0,0,0,0,0.98259,0,0,0.96211,0,0,1,1,1,0,0,m,w
5003,DEAF,1,1,0.98668,0,0,0,0.651649,0,0,0,0,0,1.10374,0,0,0.945982,0,0,1,1,1,0,0,m,w
5004,DEAF,1,1,0.988033,0,0,0,0.816195,0,0,0,0,0,0.74068,0,0,1.22412,0,0,1,1,1,0,0,m,w
5005,DEAF,1,1,0.988206,0,0,0,0.589664,0,0,0,0,0,0.839659,0,0,1.58896,0,0,0,1,1,0,0,m,w
5006,DEAF,1,1,0.987871,0,0,0,0.685553,0,0,0,0,0,0.741112,0,0,1.12762,0,0,0,0,1,0,0,m,w
5007,DEAF,1,1,0.98767,0,0,0,0.7521,0,0,0,0,0,0.590782,0,0,1.38521,0,0,1,1,1,0,0,m,w
5008,DEAF,1,1,0.984461,0,0,0,0.785743,0,0,0,0,0,0,0,0,1.07026,0,0,1,0,1,0,0,m,w
5009,DEAF,1,1,0.983826,0,0,0,0.59344,0,0,0,0,0,0,0,0,1.06329,0,0,0,0,0,0,0,m,w
5010,DEAF,1,1,0.986267,0,0,0,0.58624,0,0,0,0,0,0,0,0,1.3628,0,0,1,0,0,0,0,m,w
8476,DEAF,1,1,0.95803,0,0,0.846858,0,0,0.530727,0,0,0.862953,0,0,0.523764,0.512019,0,1,1,0,0,0,0,m,w
8477,DEAF,1,1,0.885187,0,0,0.584416,0,0,0.694383,0,0,0,0,0,0.822311,0,0,1,1,1,0,0,0,m,w
8478,DEAF,1,1,0.900297,0,0,0,0,0,0.808875,0,0,0.74085,0,0,0.849608,0,0,1,1,1,0,0,0,m,w
8479,DEAF,1,1,0.953089,0,0,0,0,0,1.26479,0.556554,0,0.700111,0,0,0,0,0,1,1,1,1,0,0,m,w
8480,DEAF,1,1,0.97038,0,0,0.652798,0,0,1.11964,0.512104,0,0.822127,0,0,0,0,0,1,1,1,1,0,0,m,w
8481,DEAF,1,1,0.970672,0,0,0.518566,0,0,0,0.585214,0.760534,1.11347,0.570873,0,0,0,0,0,1,1,0,0,0,m,w
8482,DEAF,1,1,0.97595,0,0,0.741575,0,0,0,0.564568,0.629093,1.15168,0.559687,0,0,0,0,1,1,0,0,0,0,m,w
8483,DEAF,1,1,0.975864,0,0,0.599681,0,0,0,0.603282,0.652969,1.30002,0,0,0,0,0,0,1,0,0,0,0,m,w
8484,DEAF,1,1,0.977728,0,0,0.785305,0,0,0.512879,0,0.678218,1.40001,0,0,0,0,0,0,1,0,0,0,0,m,w
8485,DEAF,1,1,0.976837,0,0,0.830638,0,0,0.706804,0,0.558198,1.51155,0,0,0,0,0,0,1,0,0,0,0,m,w
8486,DEAF,1,1,0.975597,0,0,0.74283,0,0,0.980962,0,0,1.12323,0,0,0.656459,0.644541,0,0,1,0,0,0,0,m,w
8487,DEAF,1,1,0.976566,0,0,0.659871,0,0,0.99621,0,0,1.06972,0,0,0.798869,0.519557,0,0,1,0,0,0,0,m,w
8488,DEAF,1,1,0.975055,0,0,0.694439,0,0,0.866744,0,0,1.06074,0,0,0.68817,0,0,0,1,0,0,0,0,m,w
8489,DEAF,1,1,0.972403,0,0,0.792216,0,0,1.04348,0,0,1.06385,0,0,0.673366,0.55889,0,0,1,1,0,0,0,m,w
8490,DEAF,1,1,0.969781,0,0,0.662299,0,0,0.863209,0,0,1.06385,0,0,0.898221,0,0,0,1,0,0,0,0,m,w
8491,DEAF,1,1,0.969831,0,0,0.754648,0,0,1.03735,0,0,1.0309,0,0,0.890055,0,0,0,1,1,0,0,0,m,w
8492,DEAF,1,1,0.973441,0,0,0.879894,0,0,1.15522,0,0,0.93942,0,0,0.829561,0.580449,0,0,1,0,0,0,0,m,w
8493,DEAF,1,1,0.971927,0,0,0.847865,0,0,1.01804,0,0,1.0145,0,0,0.893786,0.502459,0,0,1,0,0,0,0,m,w
8494,DEAF,1,1,0.96941,0,0,1.13856,0,0,1.14605,0,0,0.983041,0,0,0.933092,0,0,1,1,0,0,0,0,m,w
8495,DEAF,1,1,0.969955,0,0,1.08158,0,0,1.1162,0,0,0.917,0,0,0.958278,0,0,0,1,0,0,0,0,m,w
8496,DEAF,1,1,0.968833,0,0,1.08133,0,0,1.07165,0,0,0.853325,0,0,0.581107,0,0,1,1,0,0,0,0,m,w
8497,DEAF,1,1,0.969781,0,0,1.05934,0,0,0.921102,0,0,0.762669,0,0,0.615756,0,0,1,1,1,0,0,0,m,w
2736,DEAF,1,1,0.833136,0,0,0,0,0.749566,0,0.949764,0,2.06797,0,0.994984,0,0,0,0,0,0,1,0,1,m,w
2737,DEAF,1,1,0.792014,0,0,0.989432,0,0.62287,0,0.750903,0.590956,1.48505,0,0.796846,0,1.00211,0,0,0,0,1,0,0,m,w
2738,DEAF,1,1,0.814739,0,0,0.841769,0,0.769782,0.868853,1.05881,0.721617,1.98571,0.618936,0.825213,0,0,0,0,0,0,1,0,0,m,w
2739,DEAF,1,1,0.87908,0,0,0.892069,0.51787,1.1944,0.67863,1.6078,1.12903,2.76198,0.628453,0.890055,0,1.54459,0,0,1,1,1,0,0,m,w
2740,DEAF,1,1,0.918244,0,0,0.836558,0,1.39585,0.64413,1.78531,1.1614,3.06529,0,0.995552,0.533648,1.9182,0,0,1,1,1,0,0,m,w
2741,DEAF,1,1,0.908698,0,0,0.848833,0,1.48878,0,1.85576,1.40653,2.9261,0,0.996718,0,1.6894,0,0,1,1,1,0,0,m,w
2742,DEAF,1,1,0.915459,0,0.814459,0.839764,0,1.41956,0,1.66673,1.37047,2.80512,0,0.815204,0,1.60773,0,0,1,0,1,0,0,m,w
2743,DEAF,1,1,0.92258,0,0.712553,0.699128,0,1.53294,0,1.88393,1.42762,3.04385,0,1.09227,0.700123,1.62732,0,0,1,0,1,0,0,m,w
2744,DEAF,1,1,0.934621,0,1.00071,0.937629,0.618656,1.4731,0,1.74614,1.34119,3.04052,0,0.94566,0.522638,1.85619,0,0,1,0,1,0,0,m,w
2745,DEAF,1,1,0.938822,0,0.916501,0.863612,1.03336,1.54053,0,1.78902,1.3202,3.10448,0,0.928334,0.786044,1.25634,0,0,1,0,1,0,0,m,w
2746,DEAF,1,1,0.93677,0,0.637145,0.843722,1.01888,1.43183,0,1.66006,1.57961,3.14215,0,0.838303,0.579586,2.02444,0,0,1,0,1,0,0,m,w
2747,DEAF,1,1,0.859618,0,0,0.68481,1.04317,1.50294,0,1.78035,1.50264,3.1567,0,0.867973,0.793573,4.2542,0,0,1,0,1,0,0,m,w
2748,DEAF,1,1,0.889783,0,1.20002,0.972464,0.819716,1.21581,0,1.33056,1.55418,2.58055,0,0.549849,0.748814,1.8856,0,0,1,0,0,0,0,m,w
2749,DEAF,1,1,0.923058,0,0.948336,0.612854,0.756462,1.44915,0,1.74952,1.78574,2.87708,0,0.606661,0,1.74666,0,0,1,0,1,0,0,m,w
2750,DEAF,1,1,0.940955,0,0.699894,1.07073,0,1.53054,0.804552,1.89872,1.92814,3.24949,0,0.757544,0.559208,2.80939,0,0,1,0,1,0,0,m,w
20507,DEAF,1,1,0.935802,0.541016,0,1.21785,0,0,0.577381,0,0,0,0,0.777789,0,0,0,1,0,0,1,0,1,m,w
20508,DEAF,1,1,0.946552,0,0,1.22418,0,0,0.750807,0,0,0,0,0.636314,0,0,0,1,0,0,1,0,1,m,w
20509,DEAF,1,1,0.951787,0,0,1.03469,0,0,0.73762,0,0,0.70099,0,0.771352,0,0.592586,0,1,0,0,1,0,1,m,w
20510,DEAF,1,1,0.965677,0,0,1.15013,0,0,0.707255,0,0,0.980559,0,0,0,2.7722,0,1,1,0,1,0,0,m,w
20511,DEAF,1,1,0.985085,0,0,1.3177,0,0,1.2565,0,0.755028,1.3843,0,0,0,5,0,1,1,0,1,0,0,m,w
20512,DEAF,1,1,0.988196,0,0,1.13488,0,0,0.973243,0,1.01954,1.37875,0,0,0,5,0,1,1,0,1,0,0,m,w
20513,DEAF,1,1,0.988024,0,0,1.19562,0,0,1.31912,0,0.99253,1.39709,0,0,0,5,0,1,1,0,1,0,0,m,w
20514,DEAF,1,1,0.986356,0,0.557201,1.19555,0,0,1.11004,0,0.883405,1.38451,0,0,0.75975,5,0,1,1,0,1,0,0,m,w
20515,DEAF,1,1,0.985924,0,0,1.0754,0,0,0.993427,0,0.914339,1.3279,0,0,0.847126,4.89167,0,1,1,0,1,0,0,m,w
20516,DEAF,1,1,0.98242,0,0,0.629993,0,0,0.500334,0,0.601698,1.35047,0,0,0.848782,3.73178,0,1,1,0,1,0,0,m,w
20517,DEAF,1,1,0.981485,0,0,0.61219,0,0,0.704286,0,0,0.951558,0,0,0.89176,3.00294,0,1,1,0,1,0,0,m,w
20518,DEAF,1,1,0.982157,0,0,0.698154,0,0,0.816487,0,0,1.09564,0,0,0,1.9986,0,1,1,0,1,0,0,m,w
20519,DEAF,1,1,0.9709,0,0,0,0,0,0.606652,0,0.521136,1.19511,0.505481,0.72771,0,0,0,1,1,0,1,0,1,m,w
20520,DEAF,1,1,0.971962,0,0,0,0,0,0.562421,0,0.521564,1.06742,0.561034,0.656236,0,0,0,1,1,0,1,0,1,m,w
20521,DEAF,1,1,0.963055,0.843335,0,0,0,0,0.516645,0,0,0.80437,1.1478,0,0,0,0,1,0,0,1,0,0,m,w
21788,DEAF,1,1,0.767171,0,0,0,1.32155,0,1.6286,0.760172,0.684385,1.16831,0,0.947741,2.36922,2.83548,0,0,1,0,1,0,0,m,w
7063,DEAF,1,1,0.878927,0,1.6367,0,0,1.12043,0,1.50355,1.65364,2.53497,0.86273,0,0.633396,0.641522,0,0,1,1,1,0,0,w,w
7064,DEAF,1,1,0.988685,0,1.23894,0.619353,0,0.785603,0,1.13379,1.67175,2.09285,1.55337,0,0,0.92135,0,0,0,1,1,0,0,w,w
7065,DEAF,1,1,0.981462,0.836381,1.30527,0,0.576863,0,0,0.577362,1.71532,1.30282,1.08101,0,0,1.97084,0,0,0,1,1,0,0,w,w
7066,DEAF,1,1,0.963682,0.601448,1.87562,1.26829,0.565828,0,0,0,1.14091,1.05868,0.841099,0,0,1.07635,0,1,0,1,1,0,0,w,w
7067,DEAF,1,1,0.927905,0.822515,2.14992,2.25936,0,0,0,0,0,0.571562,0.642193,0,0,0,0,1,0,1,1,0,0,w,w
7068,DEAF,1,1,0.824643,0.743052,1.90875,3.45575,0,0,2.0265,0.561337,0,0.872508,0,0.62684,0,0,0,1,0,1,0,1,0,w,w
7069,DEAF,1,1,0.739971,1.49422,2.21323,3.20229,0,0,1.32123,0.704294,0,1.18716,0.822363,1.07183,0,0,0,1,0,1,1,1,0,w,w
7070,DEAF,1,1,0.98236,0,0.649357,0.951165,0,0,0.652861,0,0.606011,0,0,0,0,0,0,0,0,1,0,0,1,w,w
7071,DEAF,1,1,0.984777,0,0,0.931806,0,0,0.791189,0,0,0,0,0,0,0,0,0,0,0,0,0,1,w,w
7072,DEAF,1,1,0.983568,0,0.708475,1.48716,0,0,1.46796,0,0,0,0,0,0,0,0,0,0,1,0,0,1,w,w
7073,DEAF,1,1,0.979568,0.548463,0.503598,0.660452,0,0,1.66269,0,0,0.524852,0,0,0,0,0,0,0,1,0,0,1,w,w
7074,DEAF,1,1,0.972107,0.797218,0.659888,0.906419,0,0,2.02741,0,0,0,0,0,0,0,0,0,0,0,0,0,1,w,w
7075,DEAF,1,1,0.952567,1.22458,0.591816,0,0.536844,0,1.89651,0,0,0.568507,0,0,0,0,0,0,0,0,0,0,1,w,w
7076,DEAF,1,1,0.95516,1.4908,0.704008,0.714007,0.681914,0,2.76972,0,0,0.656841,0,0,0,0,0,0,0,0,0,0,1,w,w
7077,DEAF,1,1,0.961158,1.49767,0,0,0.559103,0,2.22157,0,0.777445,0.775753,0,0.535665,0,0,0,0,0,0,0,0,1,w,w
7078,DEAF,1,1,0.966885,1.68197,0,0.57121,0,0,2.45465,0,0.962253,0.659038,0,0,0,0,0,0,0,0,0,0,0,w,w
7079,DEAF,1,1,0.966923,1.77655,0,0,0.703242,0,1.49017,0,1.19052,0.595691,0,0.605758,0,0,0,0,0,0,0,0,0,w,w
7080,DEAF,1,1,0.963392,1.84607,0,0,0.800361,0,1.4042,0,1.23836,0,0,0,0,0,0,0,0,0,0,0,0,w,w
7081,DEAF,1,1,0.96072,1.76659,0,0,0.965183,0,0,0,0.961327,0,0.571958,0,0,0,0,0,0,0,0,0,0,w,w
7082,DEAF,1,1,0.955993,1.93697,0,0,1.12364,0,0,0,0.961076,0,0.564855,0,0,0,0,0,0,0,0,0,0,w,w
7083,DEAF,1,1,0.95211,2.10367,0,0,1.47305,0,0.569067,0,1.21313,0,0,0,0,0,0,0,0,0,0,0,0,w,w
7084,DEAF,1,1,0.949612,2.1385,0,0,1.58043,0,0.64476,0,1.14263,0,0,0,0,0,0,0,0,0,0,0,0,w,w
7085,DEAF,1,1,0.943578,2.12092,0,0,1.78221,0,0,0,1.13729,0,0,0,0,0,0,0,0,0,0,0,0,w,w
7086,DEAF,1,1,0.944872,2.11961,0,0,1.65401,0,0,0,1.30552,0,0.597171,0,0,0,0,0,0,0,0,0,0,w,w
7087,DEAF,1,1,0.950173,2.14521,0,0,1.76124,0,0.534437,0,1.19827,0,0,0,0,0,0,0,0,0,0,0,0,w,w
7088,DEAF,1,1,0.946259,2.26088,0,0,1.86995,0,0,0,1.4023,0,0.618289,0,0,0,0,0,0,0,0,0,0,w,w
7089,DEAF,1,1,0.952807,2.25453,0,0,1.98822,0,0.547147,0,1.59378,0,0.553073,0,0,0,0,0,1,0,0,0,0,w,w
7090,DEAF,1,1,0.955424,2.179,0,0,1.86255,0,0.526481,0,1.58453,0,0.53249,0,0,0,0,0,1,0,0,0,0,w,w
7091,DEAF,1,1,0.955094,2.09881,0,0,1.56932,0,0.827603,0,1.3833,0,0.579604,0,0,0,0,0,1,0,0,0,0,w,w
7092,DEAF,1,1,0.962286,1.68918,0,0,1.07278,0,1.23313,0,1.10641,0,0.765239,0,0,0,0,0,1,0,0,0,0,w,w
7093,DEAF,1,1,0.908403,1.71808,0,0,1.30687,0,0,0,0.872634,0,0.873911,0,0,0.917155,0,0,1,0,1,0,1,w,w
7094,DEAF,1,1,0.829156,1.98504,0,0,1.05306,0,0.882991,0,0.694704,0,1.03472,0,0,1.46095,0.664038,0,1,0,1,0,1,w,w
7095,DEAF,1,1,0.851248,1.48039,0.590587,0,0.897203,0,0.714636,0,0.62553,0,1.38551,0,0,0.837065,0.739944,0,0,0,1,0,1,w,w
7096,DEAF,1,1,0.900756,1.25835,1.16748,0.701233,0.645461,0,0.549684,0,0.768238,0,1.13328,0,0,0,0,0,0,0,0,0,1,w,w
26962,DEAF,1,1,0.974782,1.129,1.49438,1.83349,0.716953,0,0,0,0.898852,1.272,1.44153,0,1.4464,2.03962,0,1,0,1,0,0,0,w,w
26963,DEAF,1,1,0.951949,0,0.899514,1.54366,0,0,0,0.667583,1.06682,1.1545,1.79291,0,0.890766,2.55975,0,0,0,1,0,0,0,w,w
26964,DEAF,1,1,0.991256,0,0.919336,1.97013,0,0,0.855629,0,0.683292,0.925122,1.53714,0,1.38168,0.904415,0.543548,1,0,1,0,0,0,w,w
26965,DEAF,1,1,0.98622,0,0,0.752353,0,0,0,0,0.60391,0,1.38018,0,0.977986,1.16052,0,0,0,1,0,0,0,w,w
26966,DEAF,1,1,0.98363,0,0,0.76326,0,0,0,0,0.678447,0.568651,1.41834,0,1.32356,1.83471,0.516052,0,0,1,0,0,0,w,w
26954,DEAF,1,1,0.854625,1.3566,0.93415,1.73983,0,0,0,0,0,1.19656,0.90082,0,0,0,0,1,1,0,1,0,0,w,w
26955,DEAF,1,1,0.95688,0.856999,0.648408,1.66242,0,0,0.583141,0,0,0.989813,0.748311,0.632252,0.829581,2.56721,0,1,1,0,1,0,0,w,w
26956,DEAF,1,1,0.970372,0.797547,0.87791,2.65845,0.612099,0,1.52826,0,0,0.946561,0.513489,0,0.681781,2.28349,0.508483,1,1,0,1,0,0,w,w
26957,DEAF,1,1,0.965371,0.902254,0.638048,2.35522,0.546298,0,1.72782,0,0.611529,0.693359,0,0,0,2.36901,0.523288,1,1,0,1,0,0,w,w
26958,DEAF,1,1,0.952922,0.765162,0,2.92103,0,0,1.84983,0,0.618598,0,0,0,0,3.59107,0.998949,1,1,1,0,0,0,w,w
26959,DEAF,1,1,0.935989,0,0.526769,2.73972,0,0.713997,1.8561,0,0.943215,0,0,0,0,3.14574,1.0962,1,1,0,0,0,0,w,w
26960,DEAF,1,1,0.97006,0,0.681117,2.80842,0,0.755593,2.28991,0,0.95145,0,0,0,0,3.49615,1.06922,1,1,1,0,0,0,w,w
26961,DEAF,1,1,0.948422,1.01539,0.800493,2.25738,0,0.738968,2.43443,0,0.871614,0.523345,0,0,0,4.24898,0.862585,1,1,1,0,0,0,w,w
26962,DEAF,1,1,0.93497,0,0.815456,1.16902,0,0.516819,0.917079,0,0.890314,0.977572,0,0.531899,0.671498,4.5297,0.755571,1,1,0,1,0,0,w,w
26963,DEAF,1,1,0.898588,0,0,0.532619,0,0,0,0,0,1.7719,0,1.01503,0.949212,1.58253,0,1,1,0,0,0,0,w,w
26964,DEAF,1,1,0.810575,0,0,1.56598,0,0,0,0,0,1.80395,0,0,0,1.41672,0,1,1,0,0,0,0,w,w
26965,DEAF,1,1,0.735597,0,0,1.18544,0,0,0,0,0.576283,1.04732,0,0,0,0,0,1,1,0,0,0,0,w,w
26966,DEAF,1,1,0.727554,0,0.980364,0.570319,0.823965,0,0,0,0.669259,0,0,0,0,0,0,1,1,0,0,0,0,w,w
1632,DEAF,1,1,0.967692,0.982106,0.837751,0,0,0,0.927287,0,0,0,0.853516,0,1.26379,2.28565,0,0,0,0,1,0,1,m,w
1633,DEAF,1,1,0.968557,0.969327,0.790602,0.554048,0,0,0.789244,0,0,0,1.01463,0,0.975356,2.77846,0,0,0,0,1,0,1,m,w
1634,DEAF,1,1,0.968732,1.0489,0.69688,0,0,0,0.961892,0,0,0,0.828648,0,0.976789,2.73498,0,0,0,0,1,0,1,m,w
1635,DEAF,1,1,0.973481,1.06804,0.88297,0,0.54301,0,0.968141,0,0,0,0.873775,0,1.03003,2.71856,0,0,0,0,1,0,1,m,w
1636,DEAF,1,1,0.974489,0.87697,0.910554,0,0,0,0.872065,0,0,0,0.84246,0,0.970454,2.39046,0,0,0,0,1,0,1,m,w
1637,DEAF,1,1,0.976921,1.0156,0.956179,0,0,0,1.00126,0,0,0,0.866053,0,0.994235,2.26282,0,0,0,0,1,0,1,m,w
1638,DEAF,1,1,0.977956,0.93471,0.879033,0,0.60926,0,0.686705,0,0,0,0.6997,0,1.20002,2.88765,0,0,1,0,1,0,1,m,w
1639,DEAF,1,1,0.977288,1.01711,0.611757,0,0,0,0,0,0,0,0.530258,0,0.921782,2.95206,0,0,1,0,1,0,1,m,w
1640,DEAF,1,1,0.980709,0.982048,0.558178,0,0,0,0,0,0,0,0,0,0.924127,3.35678,0,0,1,0,1,0,0,m,w
1641,DEAF,1,1,0.98705,1.01508,0.552352,0,0,0,0,0,0,0,0,0,1.01124,3.83504,0,0,0,0,0,0,0,m,w
1642,DEAF,1,1,0.990235,1.15085,0.584941,0,0,0,0,0,0,0.579056,0,0,0.549462,2.47058,0,0,1,0,0,0,0,m,w
1643,DEAF,1,1,0.989365,1.13528,0.613078,0,0,0,0,0,0.53365,0.556181,0,0,0.891076,1.66422,0,0,0,0,0,0,0,m,w
1644,DEAF,1,1,0.99086,0.902694,0.769629,0,0,0,0,0,0,0.580131,0,0,0,1.16687,0,0,0,0,0,0,0,m,w
1645,DEAF,1,1,0.98784,0.629746,0,0,0,0,0,0,0.532662,0.701158,0,0,0,0,0,0,0,0,0,0,0,m,w
1656,DEAF,1,1,0.969802,1.2667,0,0,0,0,1.12791,0.510838,0.664934,0.760768,1.19545,1.08559,0.909467,0,0,0,0,1,0,0,0,m,w
1657,DEAF,1,1,0.974086,1.2393,0,0,0,0,0.682253,0,0.696096,0,0,0,0,0,0,0,0,1,0,0,0,m,w
1658,DEAF,1,1,0.980642,1.1472,0,0,0,0,1.03395,0,0,0,0.586237,0,0,0,0,0,0,1,0,0,0,m,w
1659,DEAF,1,1,0.98171,1.30616,0,0,0,0,0.733765,0,0,0,0,0,0,0.770708,0,0,0,1,0,0,0,m,w
1660,DEAF,1,1,0.980866,1.2434,0,0,0,0,0.996389,0,0,0.541498,0,0,0,0,0,0,0,1,0,0,0,m,w
1661,DEAF,1,1,0.981355,1.20028,0.511817,0,0,0,1.04775,0,0,0,0,0,0,1.3185,0,0,0,1,0,0,0,m,w
1662,DEAF,1,1,0.983775,1.20097,0.672255,0,0,0,1.01993,0,0,0.694444,0.508567,0,0,1.02937,0,0,0,1,0,0,0,m,w
1663,DEAF,1,1,0.98279,1.19788,0.739217,0,0,0,1.2113,0,0,0.760429,0.512237,0,0,0.989432,0,0,0,1,0,0,0,m,w
1664,DEAF,1,1,0.984117,1.14383,0.706306,0,0,0,1.27424,0,0,0.95873,0.660447,0,0,1.33538,0,0,0,0,0,0,0,m,w
1665,DEAF,1,1,0.97348,1.40959,0.512714,0,0,0,1.01998,0,0,0.896636,0.612018,0,0,0.77075,0,0,0,0,0,0,0,m,w
1666,DEAF,1,1,0.961242,1.22904,0,0,0,0,0.680357,0,0.549595,0.942852,0,0,0.983622,0,0,0,0,0,0,0,0,m,w
1667,DEAF,1,1,0.957042,1.11424,0.651772,0,0,0,0.717035,0,0,0.732542,0.741352,0,0.793458,0.820995,0,0,0,0,0,0,0,m,w
1668,DEAF,1,1,0.979549,0.941013,0.549992,0.514095,0,0,0.89985,0,0.57721,0.741629,0.726075,0,0.942594,1.35258,0,0,0,0,0,0,0,m,w
1669,DEAF,1,1,0.983693,0,0.510058,0.626887,0,0,0.73774,0,0,0.995594,0.553508,0,1.42518,1.43233,0,0,0,0,0,0,0,m,w
1670,DEAF,1,1,0.969217,0,0,0,0,0,0.889772,0,0,0.880806,0,0,1.35372,1.80147,0,0,0,0,0,0,0,m,w
1671,DEAF,1,1,0.970974,0,0.513344,0,0,0,0,0,0.545469,0.887589,0,0,1.20772,1.48974,0,0,1,0,0,0,0,m,w
1672,DEAF,1,1,0.975084,0,0.86395,0,0,0,0,0,0,1.01659,0,0,1.07043,0.955178,0,0,1,0,0,0,0,m,w
1673,DEAF,1,1,0.971757,0.669463,0.78566,0,0,0,0,0,0,1.03884,0,0,1.15964,0,0,0,0,0,0,0,0,m,w
1674,DEAF,1,1,0.976163,0.675317,0.716518,0,0.705867,0,0,0,0,0.97816,0,0,0.834792,0,0,0,0,0,0,0,0,m,w
15314,DEAF,1,1,0.973228,0.807862,0,0.763724,0,0,0,0,0,0,0.949406,0,0,2.10568,0.747398,1,0,1,0,0,1,m,w
15315,DEAF,1,1,0.968676,0.917706,0.632906,0.719138,0,0,0.558916,0,0,0,0.843124,0,0,1.70195,0.727882,1,0,1,0,0,1,m,w
15316,DEAF,1,1,0.963516,0.746272,0,0.870385,0,0,0,0,0,0,0.67659,0,0,1.37537,0.811953,0,0,0,1,0,1,m,w
15317,DEAF,1,1,0.965831,0.775367,0,0.837505,0,0,0,0,0,0,0.808926,0,0,3.16132,0.809543,0,0,0,0,0,0,m,w
15318,DEAF,1,1,0.960809,0.822855,0,0.812488,0,0,0,0,0,0,0.87744,0,0,1.96262,0.817263,0,0,0,0,0,1,m,w
15319,DEAF,1,1,0.958301,0.845305,0.518312,0.810626,0,0,0,0,0,0,0.850628,0,0,1.47291,0.812489,0,0,0,1,0,1,m,w
15320,DEAF,1,1,0.959962,0.762347,0.646008,0.824721,0,0,0,0,0,0,0.917409,0,0,1.8539,0.812122,0,0,0,0,0,1,m,w
15321,DEAF,1,1,0.965438,0.758978,0,0.614865,0,0,0,0,0,0,0.84291,0,0,1.31875,0.759353,0,0,0,1,0,1,m,w
15322,DEAF,1,1,0.974264,0.648829,0,0.546303,0,0,0,0,0,0.682333,1.09278,0.794186,0,0.78482,0,0,0,1,1,0,0,m,w
15323,DEAF,1,1,0.977739,0,0,0,0,0,0,0,0,0.757952,0.854897,0,0,0,0,0,0,1,0,0,0,m,w
15324,DEAF,1,1,0.981475,0,0,0.726136,0,0,0,0,0,0.969227,0,0,0,0,0,0,0,1,0,0,1,m,w
15325,DEAF,1,1,0.982832,0,0,0.807233,0,0,0,0,0,1.13741,0,0,0,0,0,0,0,0,0,0,1,m,w
15326,DEAF,1,1,0.985394,0,0,0.897728,0,0,0,0.580643,0,1.41933,0.695731,0,0,0.854915,0,0,0,0,0,0,1,m,w
15327,DEAF,1,1,0.985362,0,0,1.04546,0,0,0,0.623599,0,1.42939,0.750494,0,0,0.510015,0,0,0,1,0,0,1,m,w
15328,DEAF,1,1,0.984137,0,0,1.04841,0,0,0,0.633821,0,1.39332,0.548821,0,0.569869,0,0,0,0,0,0,0,0,m,w
15329,DEAF,1,1,0.98435,0,0,0.934585,0,0,0,0.673162,0,1.34169,0.514944,0,0.930815,0,0,0,1,0,0,0,0,m,w
15330,DEAF,1,1,0.987198,0.549526,0,0.976123,0,0,0,0.587099,0,1.17749,0,0,0.571281,0,0,0,1,0,0,0,1,m,w
15331,DEAF,1,1,0.987072,0.589937,0,0.925736,0,0,0,0.659137,0,1.12972,0.723351,0,0.525961,0.518123,0,0,1,1,0,0,0,m,w
15332,DEAF,1,1,0.988328,0.651745,0,0.6431,0,0,0,0,0,0.975688,0.628243,0,0.825484,0.890724,0,0,1,0,0,0,1,m,w
15333,DEAF,1,1,0.988068,0.620385,0,0.557471,0,0,0.576065,0.582963,0,0.874686,0.563636,0,0.943927,1.31054,0,0,1,0,0,0,1,m,w
15334,DEAF,1,1,0.988321,0.711328,0,0,0,0,0,0.551417,0.506451,0.79571,0,0,0.977682,1.09704,0,0,1,0,0,0,1,m,w
15335,DEAF,1,1,0.988703,0.875637,0,0.511847,0,0,0,0.629185,0,1.00583,0.510762,0,1.1177,1.35828,0,0,0,0,0,0,1,m,w
15346,DEAF,1,1,0.980731,0,0,0.642544,0,0,0.807949,0.635028,0,1.34164,0,0,0,0,0,0,1,0,0,0,1,m,w
15347,DEAF,1,1,0.98163,0,0,0.583609,0,0,0,0.714302,0.738995,1.36235,0.508831,0,0,0,0,0,1,0,0,0,1,m,w
15348,DEAF,1,1,0.982171,0,0,0,0.516217,0,0.647427,0.612035,0,1.38162,0.503357,0,0,0,0,0,1,0,0,0,1,m,w
15349,DEAF,1,1,0.980791,0,0,0,0,0,0.631328,0.647036,0,1.42643,0.659927,0,0.538346,0,0,0,1,0,0,0,1,m,w
15350,DEAF,1,1,0.982401,0,0,0.703538,0,0,0,0.704763,0,1.66211,0.750269,0,0.682357,0,0,0,1,0,0,0,1,m,w
5530,DEAF,1,1,0.915591,1.4142,0,0,0,0,0,0,0,0,0,0,0.643165,0,0,0,0,0,0,0,0,m,w
5531,DEAF,1,1,0.920063,1.22386,0,0,0,0,0,0,0,0,0,0,0.696814,0,0,0,0,0,0,0,0,m,w
5532,DEAF,1,1,0.905488,1.12658,0,0,0,0,0,0,0,0,0,0,0.53354,0,0,0,0,1,0,0,0,m,w
5533,DEAF,1,1,0.902074,0.662475,0.680686,0,0,0,0,0,0,0,0,0,0,0,0,0,0,0,0,0,0,m,w
5534,DEAF,1,1,0.922283,0.576913,0.645295,0,0,0,0,0,0,0,0,0,0.528426,0,0,0,0,0,0,0,0,m,w
7027,DEAF,1,1,0.967406,0,0,0,0,0,0,0,0,0,1.25283,0,0,0.837279,0,0,0,0,0,0,0,m,m
7028,DEAF,1,1,0.965835,0,0,0.642562,0,0,0,0,0,0,1.25201,0,0,0.664166,0,0,0,0,0,0,0,m,m
7029,DEAF,1,1,0.964124,0,0,0.678306,0,0,0.66042,0,0,0,1.23732,0,0,0.724024,0,0,0,0,0,0,0,m,m
7030,DEAF,1,1,0.965305,0,0,0.677909,0,0,0,0,0,0,1.15079,0,0,0.89579,0,0,0,0,0,0,0,m,m
7031,DEAF,1,1,0.967102,0,0,0.661912,0,0,0,0,0,0,1.02286,0,0,0.825481,0,0,0,0,0,0,0,m,m
7032,DEAF,1,1,0.966351,0,0,0.587779,0,0,0,0,0,0,1.02246,0,0,0.565506,0,0,0,0,0,0,0,m,m
7033,DEAF,1,1,0.967413,0,0,0.649724,0,0,0,0,0,0,0.915846,0,0,0.573253,0,0,0,0,0,0,0,m,m
7034,DEAF,1,1,0.964875,0,0,0.596432,0,0,0,0,0,0,1.05115,0,0,0.603226,0,0,0,0,0,0,0,m,m
7035,DEAF,1,1,0.963519,0,0,0.600679,0,0,0,0,0,0,1.10365,0,0,0,0,0,0,0,0,0,0,m,m
7036,DEAF,1,1,0.964252,0,0,0.566406,0,0,0,0,0,0,1.11233,0,0,0,0,0,0,0,0,0,0,m,m
7037,DEAF,1,1,0.963126,0,0,0,0,0,0,0,0,0,1.11785,0,0,0,0,0,0,0,0,0,0,m,m
7038,DEAF,1,1,0.962868,0,0,0.587042,0,0,0,0,0,0,1.05715,0,0,0,0,0,0,0,0,0,0,m,m
7039,DEAF,1,1,0.962448,0,0,0.712734,0,0,0,0,0,0,1.00446,0,0,0.577863,0,0,0,0,0,0,0,m,m
7040,DEAF,1,1,0.960879,0,0,0.579853,0,0,0,0,0,0,0.973282,0,0,0.535989,0,0,0,0,0,0,0,m,m
7041,DEAF,1,1,0.959359,0,0,0.608537,0,0,0,0,0,0,0.95223,0,0,0.664704,0,0,0,0,0,0,0,m,m
7042,DEAF,1,1,0.959338,0,0,0.810682,0,0,0,0,0,0,0.936503,0,0,0.727797,0,0,0,0,0,0,0,m,m
7043,DEAF,1,1,0.962037,0,0,0.81231,0,0,0,0,0,0,0.994448,0,0,0,0,0,0,0,0,0,0,m,m
7044,DEAF,1,1,0.962916,0,0,0.891603,0,0,0,0,0,0,1.00147,0,0,0.756371,0,0,0,0,0,0,0,m,m
7045,DEAF,1,1,0.962283,0,0,0.805661,0,0,0,0,0,0,1.02573,0,0,0.712745,0,0,0,0,0,0,0,m,m
7046,DEAF,1,1,0.963487,0,0,0.884594,0,0,0,0,0,0,1.12037,0,0,0.630734,0,0,0,0,0,0,0,m,m
7047,DEAF,1,1,0.964761,0,0,0.885728,0,0,0,0,0,0,1.13445,0,0,0.536389,0,0,0,0,0,0,0,m,m
7048,DEAF,1,1,0.964762,0,0,0.869192,0,0,0,0,0,0,1.01104,0,0,0.571426,0,0,0,0,0,0,0,m,m
7049,DEAF,1,1,0.964606,0,0,0.783548,0,0,0,0,0,0,1.02106,0,0,0.580253,0,0,0,0,0,0,0,m,m
7050,DEAF,1,1,0.963856,0,0,0.84694,0,0,0,0,0,0,1.06347,0,0,0,0,0,0,0,0,0,0,m,m
7051,DEAF,1,1,0.964494,0,0,0.813772,0,0,0.560311,0,0,0,1.04145,0,0,0.516564,0,0,0,0,0,0,0,m,m
7052,DEAF,1,1,0.964924,0,0,0.857126,0,0,0.566893,0,0,0,1.03881,0,0,0.568018,0,0,0,0,0,0,0,m,m
7053,DEAF,1,1,0.965535,0,0,0.786492,0,0,0.572949,0,0,0,0.998837,0,0,0.531037,0,0,0,0,0,0,0,m,m
7054,DEAF,1,1,0.967105,0,0,0.923469,0,0,0.67478,0,0,0,0.954955,0,0,0.533294,0,0,0,0,0,0,0,m,m
7055,DEAF,1,1,0.968279,0,0,0.887221,0,0,0.714753,0,0,0,1.01169,0,0,0.623221,0,0,0,0,0,0,0,m,m
7056,DEAF,1,1,0.966868,0,0,0.826167,0,0,0.798959,0,0,0,0.978868,0,0,0.710577,0,0,0,0,0,0,0,m,m
7057,DEAF,1,1,0.965553,0,0,0.876998,0,0,0.611139,0,0,0,0.98727,0,0,0.692447,0,0,0,0,0,0,0,m,m
7058,DEAF,1,1,0.964553,0,0,1.02291,0,0,0.578047,0,0,0,0.947444,0,0,0.598568,0,0,0,0,0,0,0,m,m
7059,DEAF,1,1,0.964941,0,0,0.955163,0,0,0.565375,0,0,0,0.987375,0,0.56,0,0,0,0,0,0,0,0,m,m
7060,DEAF,1,1,0.966899,0,0,0.801754,0,0,0.609647,0,0,0,0.995555,0,0,0.766218,0,0,0,0,0,0,0,m,m
7061,DEAF,1,1,0.9674,0,0,0.772554,0,0,0,0,0,0,1.0022,0,0,1.01204,0,0,0,0,0,0,0,m,m
7062,DEAF,1,1,0.966098,0,0,0.8766,0,0,0.536673,0,0,0,1.08381,0,0.540367,0.866724,0,0,0,0,0,0,0,m,m
5871,DEAF,1,1,0.935955,0,1.83956,0,0,1.02123,0.786689,1.22816,0.701127,2.00887,0,0.704844,0,0,0,0,0,0,0,0,1,m,m
5872,DEAF,1,1,0.935703,0,1.48618,0,0,1.00455,0.921536,1.21345,0.762424,1.79066,0,0,0,0,0,0,0,0,0,0,0,m,m
5873,DEAF,1,1,0.930909,0,1.34027,0,0,0.945263,1.16738,1.15428,0.546297,1.72484,0,0.505045,0,0,0,0,0,0,0,0,1,m,m
5874,DEAF,1,1,0.909031,0,1.35127,0,0.663598,0.95453,0.950388,1.20051,0.61139,1.68917,0,0.580773,0,0,0,0,0,0,0,0,1,m,m
5875,DEAF,1,1,0.928536,0,1.21856,0,0.662535,0.852824,0.735734,1.14567,0.589907,1.62279,0,0.580699,0,0,0,0,0,1,0,0,0,m,m
5876,DEAF,1,1,0.932594,0,0.813399,0,0,0.728878,0.756878,0.979092,0.568131,1.53996,0.632935,0.623843,0,0,0,0,0,1,1,0,0,m,m
5877,DEAF,1,1,0.913119,0.523703,0.63456,0,0,0.663618,0.712188,0.850019,0.514088,1.17198,0.603668,0.661078,0,0,0,0,0,1,1,0,0,m,m
5878,DEAF,1,1,0.87861,0.743021,0.607853,0,0,0.57022,0.662757,0.679323,0.520894,1.11498,0,0.571641,0,0,0,0,0,1,1,0,0,m,m
5879,DEAF,1,1,0.905078,0.683069,0.724775,0,0,0.554672,0,0.745153,0.672649,1.02199,0,0.541185,0,0,0,0,0,1,1,0,0,m,m
5880,DEAF,1,1,0.919743,0.625123,0.960747,0,0,0.539995,0.786448,0.691386,0.504093,1.21985,0,0.61352,0,0,0,0,0,1,1,0,0,m,m
5881,DEAF,1,1,0.915967,0.53639,0.664647,0,0.504495,0.576837,0.685959,0.709038,0,1.06645,0.715243,0.627868,0,0,0,0,0,1,1,0,0,m,m
5882,DEAF,1,1,0.921254,0,0.650945,0,0.552134,0.628569,0.690564,0.759433,0,1.14096,0.530711,0.610242,0,0,0,0,0,1,0,0,0,m,m
5883,DEAF,1,1,0.91509,0,0.665538,0,0.513497,0.5989,0.728375,0.752488,0.603141,1.08154,0.546305,0.615148,0,0,0,0,0,1,1,0,0,m,m
5884,DEAF,1,1,0.92563,0.577474,1.12102,0,0,0.615144,0.753561,0.774813,0.599859,1.162,0.547704,0.584717,0,0,0,0,0,1,1,0,0,m,m
5885,DEAF,1,1,0.934141,0.613207,1.09328,0,0.631406,0.628654,0.909424,0.808103,0.57766,1.17517,0,0.614476,0,0,0,0,0,1,1,0,0,m,m
5886,DEAF,1,1,0.938371,0,1.02211,0,0.601774,0.636902,0.978985,0.816229,0.535034,1.36272,0.513449,0.512048,0,0.771426,0,0,0,0,1,0,0,m,m
5887,DEAF,1,1,0.906255,0,1.07477,0,0.714449,0.66213,0.883727,0.940504,0,1.3765,0,0.69252,0,0,0,0,0,1,1,0,0,m,m
5888,DEAF,1,1,0.841699,0.511241,0.847434,0,0.657383,0,0.743986,0.662855,0,1.16386,0,0.606693,0,0.790227,0,0,0,1,1,0,0,m,m
5889,DEAF,1,1,0.760078,0.848408,0,0.574142,0,0,1.23131,0.564026,0,0.822018,0,0.52066,0,1.08604,0,0,0,1,1,0,0,m,m
5890,DEAF,1,1,0.795138,1.09567,0,0.518461,0,0,0.990716,0,0,1.11783,0,0,0,0.796198,0,0,0,1,1,0,0,m,m
5891,DEAF,1,1,0.755276,0.858873,0,0,0,0,0,0.567956,0,1.48076,0,0,0,0,0,0,0,1,1,0,1,m,m
5892,DEAF,1,1,0.814769,0.543113,0,0,0,0,0,0,0,1.47718,0,0,0,0,0,0,0,1,1,0,1,m,m
5893,DEAF,1,1,0.861171,0,0,0,0,0,0,0.555455,0,1.40544,0,0,0,0,0,0,0,1,1,0,1,m,m
5894,DEAF,1,1,0.851597,0,0,0,0,0,0,0,0,1.13996,0,0,0,0,0,0,0,1,1,0,1,m,m
5896,DEAF,1,1,0.87492,0,0,0,0.517169,0,0,0.514666,0,0.88373,0,0,0,0,0,1,0,0,1,0,0,m,m
5897,DEAF,1,1,0.905765,0,0,0,0.60846,0.539865,0,0.803501,0,1.29246,0,1.02102,0,0,0,1,0,0,0,0,0,m,m
5898,DEAF,1,1,0.760325,0,0,0,0,0,0,0,0,0.948538,0,0.524175,0.534828,0,0,1,0,0,0,0,0,m,m
8488,DEAF,1,1,0.955946,0.525752,0,0,0,0,0,0,0,0,0.548274,0,0,0,0,0,0,1,0,0,0,w,m
8489,DEAF,1,1,0.965908,0,0,0,0,0,0,0,0,0,0,0,0,0,0,0,0,1,0,0,0,w,m
8490,DEAF,1,1,0.966115,0,0,0,0,0,0.689119,0,0,0,0.601553,0,0,0,0,0,0,1,0,0,0,w,m
8491,DEAF,1,1,0.973893,0,0,0,0,0,1.13032,0,0,0,0.56371,0,0,0,0,0,0,1,1,0,0,w,m
8492,DEAF,1,1,0.967216,0,0,0,0,0,1.46413,0,0,0,0.536874,0,0,0.550119,0,0,0,1,0,0,0,w,m
8493,DEAF,1,1,0.934807,0.701327,0,0,0,0,1.73452,0,0,0,0.600597,0,0,0,0,0,0,1,1,0,1,w,m
8494,DEAF,1,1,0.916243,0.579581,0,0,0,0,0.8377,0,0,0,1.25387,0,0,1.03964,0,0,0,1,1,0,0,w,m
8495,DEAF,1,1,0.905945,0.912978,0,0,0.712163,0,0.844155,0,0,0,1.26664,0,0,0.91011,0,0,0,1,1,0,0,w,m
8496,DEAF,1,1,0.886465,1.06979,0,0,0.544817,0,0.857202,0,0,0,1.1303,0,0,1.02676,0,0,0,1,1,0,0,w,m
8497,DEAF,1,1,0.880945,0,0,0,0,0,0.655326,0,0,0,0,0,0.591515,1.75207,0,0,0,1,1,0,1,w,m
8498,DEAF,1,1,0.828655,0,0,0,0,0,0.679586,0,0,0,0,0,0.710268,0.906811,0,0,0,1,1,0,0,w,m
8499,DEAF,1,1,0.839297,0,0,0,0,0,0,0,0,0,0,0,0.6197,0.505717,0,0,0,0,0,0,0,w,m
8500,DEAF,1,1,0.747056,0,0,0,0,0,0,0,0,0,0,0,0.571725,0.720187,0,0,0,0,0,0,1,w,m
8501,DEAF,1,1,0.872176,1.16775,0,0,0,0,0,0,0,0,0,0,0.856977,0.819812,0.594386,0,0,1,1,0,0,w,m
8502,DEAF,1,1,0.928601,0,0,0,0.880897,0,0,0,0,0,0,0,0.68113,0,0,0,0,1,0,0,0,w,m
8550,DEAF,1,1,0.952855,0.78006,0,0.598688,0.628136,0,0.95973,0,0.738964,0.622626,0.648313,0,0,0,0,0,0,1,0,0,0,w,m
8551,DEAF,1,1,0.962643,0.651912,0,0.626206,1.00115,0,0,0,0.769304,0,0,0,0,0,0,0,0,1,0,0,0,w,m
8552,DEAF,1,1,0.955308,0.871354,0,0.690338,1.26656,0,0.655704,0,0.717021,0,0,0,0,0,0,0,0,1,0,0,0,w,m
8553,DEAF,1,1,0.954163,0.892436,0,0.728495,1.30897,0,0.744902,0,0.671188,0,0,0,0,0,0,0,0,1,0,0,0,w,m
8554,DEAF,1,1,0.956394,0.708126,0,0.716795,1.11376,0,0.746131,0,0.556004,0,0,0,0,0,0,0,0,1,0,0,0,w,m
8618,DEAF,1,1,0.954976,0.501293,0.629578,1.12408,0.901219,0,1.84793,0,0.861672,0.780093,0,0,0.519361,1.03429,0,0,0,0,0,0,0,w,m
8619,DEAF,1,1,0.95091,0,0,0.868644,1.11962,0,1.35373,0,1.0166,0.852227,0,0,0.671066,0,0,0,0,0,0,0,0,w,m
8620,DEAF,1,1,0.942549,0.53427,0.581798,0.808583,0.978685,0,1.73105,0,0.8848,1.0581,0,0,0,0,0,0,0,1,0,0,0,w,m
8621,DEAF,1,1,0.94748,0.58888,0,0.901586,0.910694,0,1.44421,0,0.900446,0.836457,0,0,0,0,0,0,0,1,0,0,0,w,m
8622,DEAF,1,1,0.950207,0.661016,0,0.978319,0.843023,0,1.41264,0,0.728002,0.518462,0,0,0,0,0,0,0,1,0,0,0,w,m
8623,DEAF,1,1,0.945963,0.653112,0,1.0633,0.618442,0,1.29065,0,0.703975,0.616148,0,0,0,0,0,0,0,1,0,0,0,w,m
8624,DEAF,1,1,0.960332,0,0,1.04256,0.578607,0,1.49743,0,0.779331,0.504165,0,0,0,0,0,0,0,1,0,0,0,w,m
8625,DEAF,1,1,0.958927,0.564806,0,1.18547,0.670425,0,1.19295,0,0.75422,0.625511,0,0,0,0,0,0,0,1,0,0,0,w,m
8626,DEAF,1,1,0.957438,0.631857,0,1.38289,0.738022,0,1.14784,0,0.787966,0.723476,0,0,0,0,0,0,0,1,0,0,0,w,m
8627,DEAF,1,1,0.951855,0.533993,0,1.28931,0.750542,0,0.652353,0,0.819203,0.652114,0,0,0,0,0,0,0,1,0,0,0,w,m
8628,DEAF,1,1,0.945457,0.527372,0,1.52547,0.555651,0,0.810071,0,0.750997,0,0,0,0,0,0,0,0,1,0,0,0,w,m
8629,DEAF,1,1,0.947507,0.762518,0,1.35153,0.637342,0,0.546088,0,0.777496,0.518494,0,0,0,0,0,0,0,1,0,0,0,w,m
8630,DEAF,1,1,0.938301,0.607562,0,1.4232,0.650867,0,0.647647,0,0.635258,0,0,0,0,0,0,0,0,1,0,0,0,w,m
8631,DEAF,1,1,0.924844,0.678429,0,1.18688,0,0,0,0,0,0,0.514625,0,0,0,0,0,0,1,0,0,0,w,m
8632,DEAF,1,1,0.92244,0.803968,0,1.22719,0.760962,0,0,0,0,0,0.80841,0,0,0,0,0,0,1,0,0,0,w,m
8633,DEAF,1,1,0.932009,0.911394,0,1.04634,0.7434,0,0.554296,0,0.611277,0,0.634487,0.586388,0,0,0,0,0,1,0,0,0,w,m
8634,DEAF,1,1,0.936144,1.11637,0,1.18407,0.699793,0,0.797842,0,0.632462,0,0.501281,0,0,0,0,0,0,1,0,0,0,w,m
8635,DEAF,1,1,0.941126,1.02805,0,1.36936,0,0,0.784707,0,0.572819,0,0,0,0,0,0,0,0,1,0,0,0,w,m
8636,DEAF,1,1,0.954871,0.786355,0,1.10025,0,0.503969,0,0,0.841742,0.761716,0,0,0,0.582729,0,0,0,1,0,0,0,w,m
8637,DEAF,1,1,0.96035,0.754161,0,1.30473,0,0.527431,0.655856,0,0.639783,0,0,0,0,0.855517,0,0,0,1,0,0,0,w,m
8638,DEAF,1,1,0.958219,0,0,1.10707,0,0,0.910461,0,0.69378,0,0,0,0,0.963664,0,0,0,1,0,0,0,w,m
8639,DEAF,1,1,0.951953,0.526446,0,1.29748,0.538783,0,0.72409,0,0.889287,0,0,0,0,0.81425,0,0,0,1,0,0,0,w,m
8640,DEAF,1,1,0.951488,0,0,1.26018,0.663722,0,0.784934,0,0.921425,0,0,0,0,1.19471,0,0,0,1,0,0,0,w,m
8641,DEAF,1,1,0.958579,0,0,1.02296,0.847445,0,0.703238,0,0.957322,0,0,0,0,0.869841,0,0,1,1,0,0,0,w,m
8642,DEAF,1,1,0.965518,0,0,0.799401,0.682164,0,0,0,0.993673,0.531115,0,0,0,0.604771,0,0,1,1,0,0,0,w,m
8643,DEAF,1,1,0.964585,0,0,0.857981,0,0,0,0,0.933873,0,0,0,0,0.871328,0,0,1,0,0,0,0,w,m
8644,DEAF,1,1,0.957724,0,0,0.939517,0,0,0.882808,0,1.00144,0.576009,0,0,0,0,0,0,1,0,0,0,0,w,m
8645,DEAF,1,1,0.957367,0,0,0.602596,0,0,0.882831,0,1.01271,0.551639,0,0,0,0.722767,0,0,1,0,0,0,0,w,m
8646,DEAF,1,1,0.949755,0,0.60296,0.506988,0,0,1.0464,0,0.82608,0.75337,0,0,0,1.05162,0,0,1,0,0,0,0,w,m
8647,DEAF,1,1,0.944015,0,0.532085,0.678336,0,0,0.909041,0,0.65587,0.531196,0,0,0,1.8367,0,0,1,0,0,0,0,w,m
8648,DEAF,1,1,0.915589,0,0.661036,0,0,0,1.37258,0,0,0.653777,0,0,1.14604,1.83431,0,0,1,1,1,0,0,w,m
8649,DEAF,1,1,0.938945,0,0.784395,0,0,0,1.07242,0,0,0,0,0,1.53692,2.34396,0,1,0,1,1,0,0,w,m
8650,DEAF,1,1,0.88289,0,0.610254,0,0,0,1.15966,0,0,0,0,0,0.84645,2.98975,0,1,0,1,1,0,0,w,m
8651,DEAF,1,1,0.825175,0,0,0,0,0,0.850136,0,0,0.508476,0,0,1.35667,2.18588,0,0,0,1,1,0,0,w,m
8652,DEAF,1,1,0.861308,0,0,0,0.753829,0,0,0,0,0,0,0,0.685955,1.39719,0,1,0,1,1,0,0,w,m
8653,DEAF,1,1,0.872775,0,0,0,0.674819,0,0,0,0,0,0,0,0,0.69861,0,0,0,1,1,0,1,w,m
8654,DEAF,1,1,0.798337,0,0,0,0,0,0,0,0,0,0,0,0,0,0,0,0,1,0,0,1,w,m
8655,DEAF,1,1,0.763887,0,0,0,0,0,0,0,0,0,0,0,0.512292,0,0,0,0,1,1,0,1,w,m
8656,DEAF,1,1,0.738658,0.51917,0.619781,0,0.579892,0,0,0,0,0,0,0,0.998102,1.29952,0,0,0,0,1,0,0,w,m
8657,DEAF,1,1,0.788727,0.593457,0,0,0.914967,0,0,0,0,0,0,0.690175,1.38752,0,0,0,0,0,0,0,1,w,m
8658,DEAF,1,1,0.865556,0,0,0,0.973505,0,0,0,0,0,0,0,0.742103,0,0,0,0,0,0,0,1,w,m
8659,DEAF,1,1,0.895353,0.53078,0,0,1.07785,0,0,0,0,0.528752,0,0,0,0,0.570644,0,0,0,0,0,1,w,m
8660,DEAF,1,1,0.946032,1.16278,0.873838,0.525816,0.844676,0,1.44333,0,0.629269,0,0,0,0,0,0,0,0,1,0,0,0,w,m
8661,DEAF,1,1,0.957178,0.718601,0,0.958616,1.00173,0,0.552761,0,0.616147,0.770748,0,0.601901,0,0,0,0,0,1,0,0,0,w,m
8662,DEAF,1,1,0.960748,0.623896,0,1.02801,0.615399,0,0.816062,0,0.86915,0.751158,0,0,0,0,0,0,0,1,0,0,0,w,m
8663,DEAF,1,1,0.958203,0.637231,0,1.04045,0.732216,0,0.705984,0,0.966078,0,0,0.512315,0,0,0,0,0,1,0,0,0,w,m
8664,DEAF,1,1,0.959753,0.690316,0,1.02039,0.701636,0,0.916573,0,0.83933,0,0,0,0,0,0,0,0,1,0,0,0,w,m
8665,DEAF,1,1,0.96323,0.733046,0,1.13921,0.685376,0,0.672289,0,0.954278,0.783098,0,0,0,0,0,0,0,1,0,0,0,w,m
8666,DEAF,1,1,0.964984,0.601586,0,1.32174,0.545828,0,0,0,0.953127,0.593596,0,0,0,0,0,0,0,1,0,0,0,w,m
8667,DEAF,1,1,0.96324,0.553153,0,1.07625,0.815878,0,0,0,0.998886,0.55234,0,0.511055,0.877444,0,0,0,0,1,0,0,0,w,m
8668,DEAF,1,1,0.960626,0,0,1.22346,0.521096,0,0.697072,0,0.811677,0.627755,0,0,0.832019,0,0,0,0,1,0,0,0,w,m
8677,DEAF,1,1,0.950052,0,0,0.565468,0.749957,0,0,0,0.527785,0,0,0,0,0,0,0,0,0,0,0,0,w,m
8678,DEAF,1,1,0.947632,0,0,0.934188,0.578535,0,0.893759,0,0,0.518363,0,0,0.565385,0,0,0,0,1,0,0,0,w,m
8679,DEAF,1,1,0.95202,0,0,0.776793,0.510253,0,0.731201,0,0.646987,0,0,0,0.597175,0,0,0,0,1,0,0,0,w,m
8680,DEAF,1,1,0.954795,0,0,0.820624,0,0,0.832012,0,0.69572,0,0,0,0,0,0,0,0,1,0,0,0,w,m
8681,DEAF,1,1,0.96252,0,0,0.769707,0.552251,0,0.989841,0,0.757777,0,0,0,0.509838,0,0,0,0,1,0,0,0,w,m
8683,DEAF,1,1,0.960116,0.50988,0,0.828347,0.548823,0,0.837528,0,0.770179,0,0,0,0,0,0,0,0,1,0,0,0,w,m
8684,DEAF,1,1,0.957519,0,0,1.07762,0.622886,0,1.24281,0,0.772069,0,0,0,0.636804,0,0,0,0,1,0,0,0,w,m
8685,DEAF,1,1,0.958034,0,0,0.855809,0.554664,0,0.815059,0,0.733235,0,0,0,0,0,0,0,0,1,0,0,0,w,m
8686,DEAF,1,1,0.960846,0,0,0.938591,0,0,1.07834,0,0.804699,0,0,0,0.552552,0,0,0,0,1,0,0,0,w,m
8687,DEAF,1,1,0.962515,0,0,0.879616,0.543641,0,0.868528,0,0.802945,0,0,0,0.573231,0,0,0,0,1,0,0,0,w,m
8688,DEAF,1,1,0.96242,0.622613,0,1.11935,0,0,1.14974,0.515859,0.847097,0.532832,0,0,0.593373,0,0,0,0,1,0,0,0,w,m
8689,DEAF,1,1,0.963402,0,0,0.986526,0.578633,0,1.16884,0.599895,0.969337,0.803381,0,0,0,0,0,0,0,0,0,0,0,w,m
8690,DEAF,1,1,0.966857,0,0,1.3785,0,0,0.890459,0.591076,1.09308,0.672809,0,0,0.690309,0,0,0,0,0,0,0,0,w,m
8691,DEAF,1,1,0.966799,0,0,1.15642,0.522033,0.59832,0.701406,0.705782,1.23733,0.86554,0,0.526002,0.931027,0,0,0,0,1,0,0,0,w,m
8692,DEAF,1,1,0.952906,0.567938,0,1.26149,0,0.596015,1.18295,0.672066,1.05961,0.872396,0,0.51799,1.32149,0,0,0,0,1,0,0,0,w,m
8693,DEAF,1,1,0.950656,0,0,1.01776,0,0.597313,0.63311,0.668528,0.950739,0.92509,0,0,1.32225,0,0,0,0,1,0,0,0,w,m
8694,DEAF,1,1,0.955452,0,0,0.959993,0,0.605292,0.962077,0.704217,1.07365,0.839786,0,0.577706,1.11786,0,0,0,1,1,0,0,0,w,m
8695,DEAF,1,1,0.955598,0,0,0.918705,0,0.590389,0.822392,0.71749,1.11909,0.874282,0,0.565166,1.24488,0,0,0,1,1,0,0,0,w,m
8696,DEAF,1,1,0.950526,0,0,0.91845,0,0.557399,1.01455,0.643704,1.10272,0.881445,0,0.551299,1.28568,0,0,0,1,1,0,0,0,w,m
8697,DEAF,1,1,0.940718,0,0,0.713946,0,0.682624,0.677342,0.808404,1.26572,0.729254,0,0.503446,1.04192,0,0,0,1,1,0,0,0,w,m
8698,DEAF,1,1,0.942,0,0,0.868506,0,0.560881,0.814416,0.599331,1.03047,0.635896,0,0,0.884758,0,0,0,0,1,0,0,0,w,m
8699,DEAF,1,1,0.943984,0.551198,0,0.588403,0,0.586806,0.750971,0.647618,1.098,0.57439,0,0,1.24769,0,0,0,0,1,0,0,0,w,m
8700,DEAF,1,1,0.950251,0,0,0.695039,0,0,0.728351,0.614986,1.05946,0.602432,0,0,0,0,0,0,0,1,0,0,0,w,m
8701,DEAF,1,1,0.953022,0,0,0.600082,0,0,0,0.646432,1.08214,0.546318,0,0.544815,0.778143,0,0,0,0,0,0,0,0,w,m
8702,DEAF,1,1,0.949855,0,0,0.762204,0.550853,0,0,0.624857,1.03134,0.73428,0,0,0,0,0,0,0,0,0,0,0,w,m
8703,DEAF,1,1,0.949458,0.696938,0,0.516523,0.58992,0,0,0.663704,0.989004,0.575695,0,0,0.615859,0,0,0,0,1,0,0,0,w,m
8704,DEAF,1,1,0.949526,0.842858,0,0.685837,0.866574,0,0.634739,0,0.947557,0.802092,0,0,0,0,0,0,0,0,0,0,0,w,m
8705,DEAF,1,1,0.9485,0.537994,0,0.52425,0.832504,0,0.823489,0.500846,0.818817,0.951396,0,0,0.62956,0,0,0,0,0,0,0,0,w,m
8706,DEAF,1,1,0.954563,0.664802,0,0.619559,0.658826,0,0.762249,0,0.744107,0.810613,0,0,0.784854,0,0,0,0,0,0,0,0,w,m
8707,DEAF,1,1,0.957071,0,0,0.723348,0.730977,0,0.921811,0,0.929128,0.710733,0,0,0.506096,0,0,0,0,0,0,0,0,w,m
8708,DEAF,1,1,0.957085,0,0,0.897626,0.573193,0,1.27952,0,0.892452,0.98373,0,0,0.65621,0,0,0,0,0,0,0,0,w,m
8709,DEAF,1,1,0.955065,0,0,0.969012,0.651048,0,1.10129,0.524907,1.03368,0.952164,0,0,1.05838,0,0,0,0,0,0,0,0,w,m
8710,DEAF,1,1,0.962107,0,0,0.84031,0.566829,0,0,0.521997,1.04943,0.933798,0,0,0.937407,0,0,0,0,0,0,0,0,w,m
8711,DEAF,1,1,0.964472,0,0,0.680613,0.789665,0,0.639754,0.638729,1.10912,0.698521,0,0,1.00279,0,0,0,1,0,0,0,0,w,m
8712,DEAF,1,1,0.962204,0.584134,0,0.721188,0.629304,0,0.908939,0.54131,0.884803,0.560295,0,0,0.839636,0,0,0,0,0,0,0,0,w,m
8713,DEAF,1,1,0.958797,0.564607,0,0.77149,0,0,1.20137,0.58731,0.831436,0.61809,0,0,0.510446,0,0,0,0,0,0,0,0,w,m
8714,DEAF,1,1,0.961535,0,0,0.842912,0.525411,0,1.08806,0.594446,0.829404,0.657328,0,0,0.782823,0,0,0,0,0,0,0,0,w,m
8715,DEAF,1,1,0.957638,0,0,0.790981,0.868656,0,1.13472,0.622445,0.837954,0.558596,0,0,0.743385,0,0,0,0,0,0,0,0,w,m
8716,DEAF,1,1,0.960096,0,0,0.769617,0.74855,0,0.959561,0.503911,0.912494,0.562037,0.541104,0,0.818769,0,0,0,0,1,0,0,0,w,m
8717,DEAF,1,1,0.960954,0,0,0.581745,0.623356,0,0.62688,0.533743,0.985128,0,0,0,0.984204,0,0,0,0,0,0,0,0,w,m
8718,DEAF,1,1,0.963493,0,0,0.612291,0.699071,0,0.844126,0.553954,1.05216,0.561743,0,0,0.892254,0,0,0,0,1,0,0,0,w,m
8719,DEAF,1,1,0.963816,0,0,0.566784,0.615041,0,0.763044,0.58596,1.15569,0.684185,0,0,0.729813,0,0,0,1,1,0,0,0,w,m
8720,DEAF,1,1,0.965161,0,0,0.596135,0.570439,0.520314,0.69626,0.624921,1.12942,0.531469,0,0,0.629418,0,0,0,1,0,0,0,0,w,m
8721,DEAF,1,1,0.963085,0,0,0.58279,0.630859,0,0.854859,0.604103,0.965027,0.606458,0,0,0.573279,0,0,0,1,0,0,0,0,w,m
8722,DEAF,1,1,0.964996,0,0,0.727891,0.623007,0,0.886822,0.520542,0.915893,0.535044,0,0,1.04167,0,0,0,0,0,0,0,0,w,m
8723,DEAF,1,1,0.967916,0,0,0,0,0,0.934756,0.601501,0.922285,0.61525,0,0.51699,0.926634,0,0,0,0,0,0,0,0,w,m
8724,DEAF,1,1,0.964229,0,0,0.655424,0,0,0.609235,0.602951,0.829292,0.819478,0,0.541958,1.08139,0,0,0,0,0,0,0,0,w,m
8725,DEAF,1,1,0.960452,0.576291,0,0.536862,0.523322,0,0.736944,0.63961,0.933579,0.890544,0,0,1.31954,0,0,0,1,0,0,0,0,w,m
8726,DEAF,1,1,0.961414,0,0,0.708615,0,0,0.976025,0.680711,0.971643,0.791911,0,0,0.915476,0,0,0,1,0,0,0,0,w,m
2454,DEAF,1,1,0.962499,0.545736,0,1.18187,0,0,0,0,0.967516,0,0,0,1.41103,0.804471,0.529103,0,0,1,0,0,0,w,m
2468,DEAF,1,1,0.957782,0,0,1.05294,0,0,1.57041,0,0,0,0,0,0,0,0,1,0,0,0,0,1,w,m
2469,DEAF,1,1,0.95497,0.580801,0,1.4509,0,0,1.89468,0,0,0,0,0,0,0,0.543859,1,0,0,0,0,1,w,m
2470,DEAF,1,1,0.939718,1.01254,0.507313,1.48979,0,0,2.19078,0,0,0,0.828525,0,0,1.27581,0.528143,1,0,0,1,0,1,w,m
2471,DEAF,1,1,0.861655,1.08202,1.02613,0,0,0,1.83517,0,0,0,0.739324,0,0,1.49744,0,1,0,0,1,1,1,w,m
2472,DEAF,1,1,0.931898,1.67065,1.37612,0,0,0,1.27801,0,0,0,0,0.685465,0,0,0,1,0,0,1,1,1,w,m
2473,DEAF,1,1,0.89646,1.22596,0.53831,0.651315,0,0,0,0,0,0.736753,0,0.551444,0,0,0,1,0,0,0,0,0,w,m
2474,DEAF,1,1,0.881489,1.89331,0.75266,0.560365,0,0,0.721004,0,0,0,0.669091,0,0,0,0,1,0,0,1,0,1,w,m
2475,DEAF,1,1,0.920582,1.64469,0.729323,0.678878,0,0,0.941169,0,0,0,0,0,0,0,0,1,0,0,1,0,1,w,m
2476,DEAF,1,1,0.800799,2.16884,0.74206,0,0,0,0,0,0,0.513445,1.06884,0.572355,0,0,0,1,0,0,1,0,1,w,m
2477,DEAF,1,1,0.774601,1.97064,1.05347,0,0,0,0,0,0,0.764228,1.08357,0.691067,0.717109,0,0,1,0,0,1,0,0,w,m
2478,DEAF,1,1,0.885676,1.00457,0.575115,0.59308,0,0,0,0,0,0,0.656178,0,0,0,0,1,0,0,1,0,0,w,m
2479,DEAF,1,1,0.886404,0.990408,0.912274,0.761197,0,0,0,0,0,1.26978,0,0,0.583423,0,0,1,0,0,1,0,0,w,m
2480,DEAF,1,1,0.839883,1.14698,0.566289,0,0,0,0,0,0,2.06305,0,0,0.922925,0,0,1,0,0,1,0,0,w,m
2481,DEAF,1,1,0.800695,1.66935,0.741634,0,0,0,0,0,0,2.03535,0,0,0.687096,0,0,0,0,0,1,1,0,w,m
2482,DEAF,1,1,0.945203,0,0,0.743606,0,0,1.62726,0,0,0,1.31169,0.572551,0,0,0,1,0,1,1,0,1,w,m
2483,DEAF,1,1,0.95395,0,0,1.16218,0.542608,0,2.01316,0,0,0,1.28126,0.533104,0,0,0,1,0,1,1,0,0,w,m
2484,DEAF,1,1,0.929035,0,0,0.911799,0,0,2.32413,0,0,0,1.06082,0.898352,0.903407,0,0,1,0,1,1,0,0,w,m
2485,DEAF,1,1,0.818252,0,0.879772,1.32859,0,0,1.76464,0,0,0,1.01701,0.876482,0.962552,0,0,1,0,1,1,0,0,w,m
391,DEAF,1,1,0.9465,0.808404,0,0,1.7154,0,0,0,0,0,0.834868,0.585908,1.95575,0,0,1,0,0,0,0,0,w,w
392,DEAF,1,1,0.94954,0,0,0,1.63278,0,0,0,0.517779,0,0.735211,0.52934,2.21201,0,0,1,0,0,0,0,1,w,w
393,DEAF,1,1,0.954453,0.771267,0,0,1.62247,0,0,0,0.507665,0,0.70591,0.72443,1.63808,0,0,1,0,0,0,0,1,w,w
394,DEAF,1,1,0.958162,0.77049,0,0,1.93055,0,0,0,0,0,0.6275,0.685703,2.1531,0,0,1,0,1,0,0,0,w,w
395,DEAF,1,1,0.96653,1.04565,0,0,1.81817,0,0,0,0,0,1.12642,0.719921,2.15028,0,0,1,0,1,0,0,1,w,w
396,DEAF,1,1,0.969032,0.851029,0,0,1.86852,0,0,0,0,0,0.945151,0.506066,1.81794,0,0,1,0,1,0,0,1,w,w
397,DEAF,1,1,0.967684,0.84872,0,0,1.95146,0,0,0,0,0,1.1473,0.760042,2.12137,0,0,1,0,1,0,0,1,w,w
398,DEAF,1,1,0.964057,0.79512,0,0,1.93484,0,0,0,0,0,1.15105,0,2.34966,0,0,1,0,1,0,0,0,w,w
399,DEAF,1,1,0.958266,0.689344,0,0,2.09423,0,0,0,0,0,1.11085,0.566612,2.04935,0,0,1,0,1,0,0,0,w,w
400,DEAF,1,1,0.957006,0.855029,0,0,1.85224,0,0,0,0,0,1.11597,0.612102,1.7488,0,0,1,0,1,0,0,1,w,w
401,DEAF,1,1,0.955413,0.794547,0,0,1.95808,0,0,0,0,0,1.09312,0,1.77779,0,0,1,0,1,0,0,1,w,w
402,DEAF,1,1,0.959484,0.795586,0,0,1.9355,0,0,0,0,0,1.10502,0,1.98626,0,0,1,0,1,0,0,1,w,w
403,DEAF,1,1,0.964797,0.973968,0,0,1.9332,0,0,0,0,0,1.03108,0,2.00468,0,0,1,0,1,0,0,1,w,w
404,DEAF,1,1,0.976636,1.05556,0,0,1.65353,0,0,0,0,0,1.12333,0.766641,2.36648,0,0,1,0,1,0,0,1,w,w
405,DEAF,1,1,0.97036,0.97604,0,0,1.51596,0,0,0,0,0,0.946331,0.641528,1.33257,0,0,1,0,1,0,0,1,w,w
406,DEAF,1,1,0.973888,0.927077,0,0,1.63002,0,0.84553,0,0,0,0.853539,0.68473,1.42989,0,0,1,0,1,1,0,1,w,w
407,DEAF,1,1,0.972683,0.877922,0,0,1.62505,0,0.634847,0,0,0,1.07544,0.529609,1.60004,0,0,1,0,1,0,0,1,w,w
408,DEAF,1,1,0.975201,0.923513,0,0,1.62645,0,0,0,0,0,1.25187,0,1.49494,0,0,1,0,1,0,0,0,w,w
409,DEAF,1,1,0.974952,0.917212,0,0,1.73991,0,0.506965,0,0,0,1.10582,0,1.57753,0,0,1,0,1,0,0,1,w,w
410,DEAF,1,1,0.976295,0.865757,0,0,1.68686,0,0,0,0,0,1.42514,0.690175,1.0684,0,0,1,0,1,0,0,1,w,w
411,DEAF,1,1,0.979354,0.80312,0,0,1.50923,0,0.572306,0,0,0,1.20126,0.674235,1.36644,0,0,1,0,1,0,0,1,w,w
412,DEAF,1,1,0.984238,0.560651,0,0,1.33462,0,0.922686,0,0,0,0.941553,0.582083,1.42161,0,0,1,0,1,0,0,1,w,w
413,DEAF,1,1,0.983536,0.662704,0,0,1.52939,0,0.590166,0,0,0,1.33621,0.543184,1.5839,0,0,1,0,1,0,0,1,w,w
414,DEAF,1,1,0.981763,0.653251,0,0,1.62084,0,0.563874,0,0,0,1.32668,0,1.26316,0,0,1,0,1,0,0,1,w,w
415,DEAF,1,1,0.981758,0.748056,0,0,1.76205,0,0.662813,0,0,0,1.26442,0,1.13149,0,0,1,0,1,0,0,1,w,w
416,DEAF,1,1,0.981265,0.805454,0,0,1.57509,0,0.884262,0,0,0,1.31607,0,1.18168,0,0,1,0,1,0,0,1,w,w
417,DEAF,1,1,0.982934,0.73894,0,0,1.34595,0,0.714395,0,0,0,1.35769,0,1.0449,0,0,1,0,1,0,0,1,w,w
418,DEAF,1,1,0.982267,0.754913,0,0,1.4213,0,0,0,0,0,1.11035,0.619572,0.802532,0,0,1,0,1,0,0,1,w,w
419,DEAF,1,1,0.983323,0.831221,0,0,1.47899,0,0,0,0,0,0.815973,0.612195,0.79094,0,0,1,0,1,0,0,1,w,w
420,DEAF,1,1,0.981715,0.685336,0,0,1.09459,0,0.87477,0,0,0,0.789247,0.595226,1.00561,0,0,1,0,1,0,0,1,w,w
421,DEAF,1,1,0.984743,0.701094,0,0,1.18087,0,0.98121,0,0,0,0.936537,0.504315,1.1234,0,0,1,0,1,0,0,1,w,w
422,DEAF,1,1,0.9852,0,0,0,1.20333,0,0.841207,0,0,0,0.953046,0,1.12253,0,0,1,0,1,0,0,1,w,w
423,DEAF,1,1,0.98436,0.522702,0,0,1.17613,0,0.869067,0,0,0,1.1046,0.508104,0.912078,0,0,1,0,1,0,0,1,w,w
424,DEAF,1,1,0.984419,0,0,0,1.03448,0,0.984067,0,0,0,1.01837,0,0.956724,0,0,1,0,1,0,0,1,w,w
425,DEAF,1,1,0.983897,0.511653,0,0,1.03422,0,0.921502,0,0,0,0.876524,0.555867,1.36683,0,0,1,0,1,0,0,1,w,w
426,DEAF,1,1,0.983137,0.513988,0,0,1.16367,0,0.675216,0,0,0,1.07974,0.576228,1.40933,0,0,1,0,1,0,0,1,w,w
427,DEAF,1,1,0.982711,0,0,0,1.35084,0,0.606542,0,0,0,0.994338,0.519286,1.68276,0,0,1,0,1,0,0,1,w,w
428,DEAF,1,1,0.983073,0,0,0,1.34066,0,0.742282,0,0,0,0.945301,0,1.33387,0,0,1,0,1,0,0,1,w,w
429,DEAF,1,1,0.98411,0,0,0,1.15419,0,0.883812,0,0,0,1.07576,0,1.30429,0,0,1,0,1,0,0,1,w,w
430,DEAF,1,1,0.983231,0.530785,0,0,1.47911,0,1.01167,0,0,0,1.23244,0,1.20919,0,0,1,0,1,0,0,1,w,w
431,DEAF,1,1,0.982359,0.537293,0,0,1.38694,0,0.958266,0,0,0,1.16834,0,1.1806,0,0,1,0,1,0,0,1,w,w
432,DEAF,1,1,0.983069,0,0,0,1.25721,0,1.28322,0,0,0,1.09536,0,1.22329,0,0,1,0,1,0,0,1,w,w
433,DEAF,1,1,0.982555,0.754814,0,0,1.30644,0,1.29071,0,0,0,1.09452,0,1.12492,0,0,1,0,1,0,0,1,w,w
434,DEAF,1,1,0.981691,0.664004,0,0,1.11842,0,1.28365,0,0,0,1.09854,0,0.975,0,0,1,0,1,0,0,1,w,w
435,DEAF,1,1,0.981071,0.776422,0,0,1.22419,0,0.992352,0,0,0,1.13391,0.519917,0.944612,0,0,1,0,1,0,0,1,w,w
436,DEAF,1,1,0.981439,0.75738,0,0,1.23065,0,1.1153,0,0,0,1.2239,0.545615,0.853797,0,0,1,0,1,0,0,1,w,w
437,DEAF,1,1,0.98114,0.688221,0,0,1.04773,0,1.08087,0,0,0,1.37743,0.51446,0.785318,0,0,1,0,1,0,0,1,w,w
438,DEAF,1,1,0.981703,0.576065,0,0,1.22757,0,1.11221,0,0,0,1.10606,0,0.789391,0,0,1,0,1,0,0,1,w,w
439,DEAF,1,1,0.973493,0.982982,0,0,0.969595,0,0.584947,0,0,0,0.982325,0.545269,1.59489,0,0,1,0,1,0,0,1,w,w
440,DEAF,1,1,0.969992,1.36495,0,0,0.818371,0,0.607833,0,0,0,0.705406,0,1.39212,0,0,1,0,0,0,0,1,w,w
441,DEAF,1,1,0.954716,1.20704,0,0,0.769268,0,0,0,0,0,1.37819,0.634501,1.04621,0,0,1,0,1,0,0,0,w,w
442,DEAF,1,1,0.953418,1.30822,0,0,1.13147,0,0,0,0,0,0.785302,0.526138,1.34873,0,0,1,0,0,0,0,0,w,w
443,DEAF,1,1,0.956255,1.33671,0,0,1.08994,0,0,0,0,0,0.789337,0.541055,1.32446,0,0,1,0,1,0,0,0,w,w
444,DEAF,1,1,0.947914,1.1467,0,0,1.25915,0,0,0,0,0,0.874086,0,1.24965,0,0,1,0,1,1,0,0,w,w
445,DEAF,1,1,0.943382,0.881954,0,0,1.01135,0,0,0,0,0,0.756702,0,1.0352,0,0,0,0,1,1,0,1,w,w
446,DEAF,1,1,0.961993,1.26296,0,0,0.776457,0,0,0,0,0,0.719407,0,1.1834,0,0,1,0,1,0,0,1,w,w
447,DEAF,1,1,0.960599,1.27372,0,0,0.800767,0,0.745534,0,0,0,0.730595,0,0.635984,0,0,1,0,0,0,0,1,w,w
448,DEAF,1,1,0.965057,0.8128,0,0,0,0,0.589892,0,0,0,0.733961,0,0,0,0,1,0,1,0,0,1,w,w
449,DEAF,1,1,0.97527,0.691623,0,0,1.22601,0,0,0,0,0,0.852127,0,0.59091,0,0,1,0,1,0,0,1,w,w
450,DEAF,1,1,0.981224,0.61348,0,0,0.595799,0,0.615504,0,0,0,0.945232,0,0,0,0,1,0,1,0,0,1,w,w
451,DEAF,1,1,0.983983,0.734025,0,0,0,0,0.580064,0,0,0,0.962814,0,0,0,0,1,0,1,0,0,1,w,w
452,DEAF,1,1,0.97896,0.75094,0,0,0.508321,0,0.779625,0,0,0,1.11003,0,0,0,0,1,0,1,0,0,1,w,w
453,DEAF,1,1,0.977011,1.14905,0,0,0.710814,0,0.986906,0,0,0,1.04614,0,0,0,0,1,0,1,0,0,1,w,w
454,DEAF,1,1,0.97392,0.833885,0,0,0,0,0.859843,0,0,0,0.898193,0,0.570309,0,0,1,0,1,1,0,1,w,w
455,DEAF,1,1,0.975828,0.89706,0,0,0.870747,0,0.737557,0,0,0,0.834762,0,0.819339,0,0,1,0,1,0,0,1,w,w
4851,DEAF,1,1,0.779843,0.795802,0,1.5152,0,0,1.79065,0,0,0,2.16529,0,1.63964,3.27787,0,1,0,1,0,0,0,w,w
4852,DEAF,1,1,0.742039,0,0,1.06502,0,0.68015,0.582865,0.628356,0,0,1.3724,0,3.21022,2.85789,0,1,0,0,0,0,0,w,w
4853,DEAF,1,1,0.836617,1.46553,0,1.21267,0,0.60532,0,0.586385,0,0,1.24931,0,2.5799,1.43983,0,1,0,0,0,0,0,w,w
4854,DEAF,1,1,0.753224,1.00923,0,0.74224,0,0,0,0,0,0.523037,1.51992,0,1.26823,1.04702,0,1,0,0,0,0,1,w,w
4857,DEAF,1,1,0.895635,0.827825,0.918027,1.19566,0,0,0,0,0,0,0,0,1.30605,1.82514,0,1,0,0,1,0,0,w,w
4864,DEAF,1,1,0.729727,1.6602,0,0,0,0,2.0316,0,0,0,1.32449,0.766107,0.838733,0.617012,0,1,0,1,1,0,0,w,w
4886,DEAF,1,1,0.909001,0.602921,1.49994,2.52781,0,0,0,0,0,1.54423,0,0.991572,1.68417,0,0,1,0,1,1,0,0,w,w
4887,DEAF,1,1,0.943121,0,1.10048,2.12425,0,0,0.563041,0,0,1.75696,0,1.31909,1.72544,0,0,1,0,1,1,0,0,w,w
4888,DEAF,1,1,0.965069,0,1.00188,1.5325,0,0,0,0,0,1.84713,0,1.14111,1.63206,0,0,0,0,1,1,0,0,w,w
4891,DEAF,1,1,0.883215,0,0,0.657216,0.87027,0,0,0,0,0,0,0.718348,0.550585,0.768674,0.506318,0,0,1,0,0,0,w,w
4892,DEAF,1,1,0.878896,0,0,0.641181,0,0,0,0,0,0,0,0.647075,0,0,0.525395,0,0,0,0,0,0,w,w
4893,DEAF,1,1,0.908162,0,0,0,0,0,0,0,0,0.80835,0,0.591887,0.704634,1.79792,0.888435,0,0,0,0,1,0,w,w
4894,DEAF,1,1,0.929981,0,0,0,0,0,0,0,0,0.925893,0,0,0,4.04374,0.707055,0,0,0,0,0,0,w,w
4895,DEAF,1,1,0.947769,0.52608,0.548653,1.03999,0,0,0,0,0,1.36939,0,0,0,2.95548,0.861489,0,0,0,1,0,0,w,w
4896,DEAF,1,1,0.956037,0,0,1.14722,0,0,0,0,0,1.382,0,0.515876,0,1.52813,0,0,0,1,1,0,0,w,w
4897,DEAF,1,1,0.936521,0,0,0.656264,0,0,0,0,0,0,0,0.681541,0,0.76036,0,0,0,1,0,0,1,w,w
4898,DEAF,1,1,0.922719,0.60895,0,1.66768,0,0,0,0,0,0,0.517271,0,1.13164,1.45303,0,0,0,0,1,0,0,w,w
4899,DEAF,1,1,0.907779,0.763169,0.948716,0.908449,0.595123,0,0,0,0,0,0,0.789982,0.786864,1.36142,0,0,0,0,1,0,0,w,w
4900,DEAF,1,1,0.904241,1.1299,0,0.88729,0,0,0,0,0,0,0,0.51088,0.793083,1.54028,0,0,0,1,1,0,1,w,w
4901,DEAF,1,1,0.904343,1.33314,0.749101,1.17911,0.856204,0,0,0,0,0,0,0,1.15583,2.09517,0.505062,0,0,0,0,0,1,w,w
4907,DEAF,1,1,0.738161,0.765869,0.561077,0,0,0,0,0,0,1.53699,0,0.56636,1.07672,2.97486,0,1,1,0,1,0,0,w,w
4909,DEAF,1,1,0.938798,0.70054,0.967576,1.62381,0,0,0,0,0,1.28806,0,0.50478,1.05031,1.02552,0,1,1,0,1,0,0,w,w
4910,DEAF,1,1,0.826168,0.501284,0,1.65389,0,0,1.03368,0,0,0.84131,0,0,0.831913,1.1042,0,1,0,1,1,0,0,w,w
4911,DEAF,1,1,0.882759,0,1.06771,2.66571,0,0,0.95753,0,0,2.14614,0,0.609741,2.35937,2.36441,0.68862,1,0,0,1,0,0,w,w
4912,DEAF,1,1,0.952464,0,0.546621,2.61017,0,0,0.584105,0,0,1.20417,0.584688,0.761081,1.75443,0,0,1,0,1,0,0,0,w,w
4916,DEAF,1,1,0.947568,1.33348,0,2.65553,0,0,0.787595,0,0,1.36347,0,0.620159,1.84427,0,0,1,0,1,1,0,0,w,w
4917,DEAF,1,1,0.965765,1.10034,0.523249,2.38804,0,0,1.26942,0.503435,0,1.12438,0,0.804824,2.09548,0,0,1,0,0,0,0,1,w,w
4918,DEAF,1,1,0.958356,1.38917,0,2.30221,0,0,1.54988,0,0,0.788096,0.701525,0.709557,1.78989,0,0,1,0,0,0,0,1,w,w
4919,DEAF,1,1,0.96153,1.29455,0,1.8537,0,0,1.73599,0,0,0.646874,0,0.773956,1.59727,0,0,1,0,0,0,0,1,w,w
4920,DEAF,1,1,0.889047,1.61358,1.64519,2.19231,0,0,2.12843,0,0,0,0,1.29723,2.10144,0,0,1,0,0,0,0,1,w,w
4924,DEAF,1,1,0.811059,1.19443,1.3271,1.59356,0,0,2.10711,0,0,1.49115,0.572962,1.17228,1.06507,3.81588,0,0,0,0,0,0,1,w,w
4925,DEAF,1,1,0.896635,0.565835,0.548216,0.984606,0,0.716787,1.52657,0.50584,0,0,0,0,1.30664,3.84729,0,1,1,0,1,0,1,w,w
4926,DEAF,1,1,0.906103,0.82588,1.15218,2.0486,0,0.634043,2.00695,0,0.750759,1.00939,0,0,0,1.67126,0,0,0,1,1,0,1,w,w
4927,DEAF,1,1,0.924683,1.19449,1.39094,1.94027,0,0,1.56685,0,0,0.682466,0,0.723937,0,0.827647,0,1,0,1,1,0,1,w,w
4928,DEAF,1,1,0.92428,0,1.45719,1.5554,0,0.550188,1.64782,0.639932,0.651623,1.30975,0,0.713105,0.53941,0.585601,0,1,0,1,1,0,1,w,w
4929,DEAF,1,1,0.9115,0,1.02522,1.75282,0,0,0.691535,0,0.674564,1.24409,0,0.573219,0.721023,1.70939,0,1,0,0,1,0,0,w,w
4930,DEAF,1,1,0.950566,0.533271,1.0768,2.08914,0,0,0,0.632718,0,1.62884,0,0.661102,0.887261,1.56741,0,0,0,1,1,0,0,w,w
4931,DEAF,1,1,0.947339,0.849743,0.659825,2.57293,0,0,0.705488,0.625084,0,1.02111,0,0.931497,0.966596,0,0,1,0,1,1,0,0,w,w
4932,DEAF,1,1,0.975635,0,0.975854,3.03199,0,0.547076,2.19444,0.626661,0,1.44867,0,0.535911,1.3149,1.37552,0,1,0,1,0,0,1,w,w
4933,DEAF,1,1,0.97021,0,0.855979,2.87633,0,0,1.7497,0.519374,0,1.66141,0,0.804429,1.47715,1.24093,0,1,0,1,0,0,1,w,w
4934,DEAF,1,1,0.967316,0.531058,0,3.28369,0,0,1.92342,0,0,1.14115,0,0.895528,1.0585,1.50735,0,1,0,0,0,0,1,w,w
4935,DEAF,1,1,0.967246,0,0,2.77377,0,0,1.52075,0.536844,0,0.831176,0.621405,1.03703,0.980683,0,0,1,0,0,0,0,1,w,w
4936,DEAF,1,1,0.96925,0,0,2.391,0,0,2.09875,0.522205,0,1.0573,0.826093,1.02563,1.44103,0,0,1,0,0,1,0,1,w,w
4937,DEAF,1,1,0.968373,0.949662,0,1.72206,0,0.527884,1.74635,0.577413,0,0.722171,0.877698,1.24656,1.29702,0,0,1,0,1,1,0,1,w,w
4938,DEAF,1,1,0.946756,0.708058,0,1.5733,0,0.603266,1.89719,0.645036,0,1.00474,0.991345,1.62932,1.2936,0,0,1,0,1,0,0,1,w,w
4939,DEAF,1,1,0.952017,0,0,1.67635,0,0.65134,1.80294,0.71884,0,1.6985,1.10323,1.86577,1.09789,0,0,1,0,1,0,0,1,w,w
4940,DEAF,1,1,0.93817,0,0,2.38102,0,0.752162,2.48324,0.826831,0,1.28315,1.02751,1.75135,0.99395,0.834133,0,1,0,1,1,0,1,w,w
4941,DEAF,1,1,0.943498,0,0,1.78064,0,0.790237,2.88245,0.990404,0,1.47108,1.46396,1.82472,1.25433,0.524037,0,1,0,1,1,0,1,w,w
4942,DEAF,1,1,0.946109,0,0,1.48614,0,0.662656,2.47472,0.885787,0,1.30149,1.44165,1.69785,1.41599,0.705738,0,1,0,1,1,0,1,w,w
4943,DEAF,1,1,0.930334,0.539656,0,1.71574,0,0,2.12372,0.537938,0,0.956303,1.73103,1.41126,1.11494,0,0,1,0,1,1,0,1,w,w
4944,DEAF,1,1,0.86113,1.05082,0,1.79924,0,0,2.63221,0.592695,0,0.788899,1.42055,1.48619,1.13999,0,0,1,0,1,1,0,1,w,w
4945,DEAF,1,1,0.920183,0.893555,1.00766,2.3176,0,0.519717,2.42132,0.646906,0,0,0.666791,1.26961,0.798489,0,0,1,0,1,1,0,1,w,w
4946,DEAF,1,1,0.793215,0.55395,1.45997,1.43907,0,0.551994,2.53259,0.610371,0,0,0.97302,1.17031,1.33958,0,0,1,0,1,1,0,1,w,w
4947,DEAF,1,1,0.783219,0.545811,0,1.49521,0,0,2.17378,0,0,0,0,0,1.13,0,0,1,0,0,1,0,1,w,w
4949,DEAF,1,1,0.865544,0,0,1.97564,0,0.589627,2.77597,0,0,0.854374,0.946854,1.02492,1.47786,1.737,0,1,1,1,1,0,0,w,w
4950,DEAF,1,1,0.799857,0,0,1.66323,0,0,2.71524,0,0,0,1.63359,0.666463,0.590963,1.65829,0,1,0,1,1,0,1,w,w
4951,DEAF,1,1,0.838359,0,0,1.67148,0,0,2.36401,0,0,0,1.64778,0.58478,0,2.07987,0,1,1,1,1,0,0,w,w
4952,DEAF,1,1,0.863892,0.668313,0,1.56932,0,0,2.38547,0,0,0.626504,1.26364,0.568231,0,5,0,1,1,1,1,0,0,w,w
4953,DEAF,1,1,0.895524,0,0,1.40708,0,0,1.98223,0,0,0.874432,1.65853,0,0,1.46595,0,1,0,1,0,0,1,w,w
4954,DEAF,1,1,0.95555,0,0,2.03222,0,0.50037,2.43928,0.561145,0,0.828229,0.933845,0.539319,0.584117,2.08953,0,1,0,1,1,0,1,w,w
4955,DEAF,1,1,0.90083,0.56074,0,2.58455,0,0.547261,2.9078,0.693881,0,1.29171,0.987865,0.561611,0,0.638518,0,1,0,1,1,0,1,w,w
4956,DEAF,1,1,0.921648,0,0,3.00521,0,0,2.96575,0,0,0.938469,0.906886,0.667353,0.934683,0,0,1,0,1,1,0,1,w,w
4957,DEAF,1,1,0.953439,0.550394,0.964315,2.35757,0,0,2.14383,0.640536,0,1.24155,0.844637,1.11463,1.48044,0,0,1,0,1,1,0,1,w,w
4958,DEAF,1,1,0.913473,0.993433,0,2.36808,0,0,1.47562,0,0,0.529234,0.717533,1.5408,2.04143,0,0,1,0,1,1,0,1,w,w
4959,DEAF,1,1,0.880899,1.22237,1.09496,2.45626,0,0,1.6483,0,0,0,0.837647,0.894708,1.40131,0.658968,0,1,0,1,1,0,1,w,w
4960,DEAF,1,1,0.899437,1.25091,0.84478,1.73024,0,0,1.79951,0,0,0,0.605242,0.845378,0.964946,0,0,1,0,0,0,0,0,w,w
4961,DEAF,1,1,0.925204,0.955207,0.970489,2.16001,0,0,0.847471,0,0,0,0.807912,1.07983,1.39143,0,0,1,0,1,1,0,0,w,w
4962,DEAF,1,1,0.909098,1.30377,1.6506,2.78741,0,0,1.4024,0,0,0.902627,0,1.62307,2.09921,0,0,1,0,1,1,0,0,w,w
4963,DEAF,1,1,0.912617,1.47969,0.954238,2.40033,0,0,1.86623,0,0,0,0,1.59347,1.21802,0,0,1,0,1,0,0,1,w,w
4964,DEAF,1,1,0.880412,1.21932,0,2.38641,0,0,1.87076,0,0,0,0,0.835569,1.07113,0,0.675557,1,0,0,1,0,1,w,w
4965,DEAF,1,1,0.889066,1.46596,0,2.32274,0,0,1.6955,0,0,0,1.02645,0.599514,1.2716,2.19205,0.867488,1,0,1,0,0,1,w,w
4966,DEAF,1,1,0.902413,1.33731,0,2.24069,0,0,1.43549,0,0,0.602941,1.25945,0,1.31122,1.63929,0.918974,1,0,1,0,0,1,w,w
4967,DEAF,1,1,0.909442,0.521054,0,2.22345,0,0,0,0,0,1.10545,1.00247,0.849645,2.10362,1.66732,0.811109,1,0,1,0,0,0,w,w
4968,DEAF,1,1,0.872999,0.924362,0,1.80539,0,0,0,0,0,1.14411,0,0,0,0,0.583177,1,0,0,0,0,0,w,w
4969,DEAF,1,1,0.925307,0,0.617655,1.95122,0,0.517461,0,0.560323,0.511468,1.80276,0,1.94746,1.06433,0,0,1,0,1,1,1,0,w,w
4970,DEAF,1,1,0.931838,0.7605,0,2.22008,0,0.612915,0.750288,0.671106,0,1.33892,0,1.85054,0.612415,0,0,1,0,1,1,1,0,w,w
4971,DEAF,1,1,0.912492,0.574188,1.07306,1.90283,0,0,1.11206,0,0,0.502035,0,1.5395,0,0,0,1,0,1,0,0,0,w,w
4972,DEAF,1,1,0.873551,0,0.806903,1.2909,0,0,0,0,0,0,0,1.71209,0,0,0,1,0,1,0,0,0,w,w
4973,DEAF,1,1,0.847293,0,0.601597,1.63898,0,0,0,0,0,0,0,1.60816,0.786224,0,0,1,0,1,0,1,0,w,w
4974,DEAF,1,1,0.869796,0.740611,0,1.41878,0,0,0.713772,0,0,0,0,1.35041,0.748983,0,0,1,0,1,0,0,1,w,w
4975,DEAF,1,1,0.838802,1.04793,1.22398,1.69278,0,0,0,0,0,0.514721,0,1.22727,0,0,0,1,0,1,0,1,1,w,w
4976,DEAF,1,1,0.803236,0.558292,0.507514,2.38289,0,0,0.727727,0,0,0.80788,0,1.2925,0.509309,0.565929,0,1,0,1,0,1,0,w,w
4988,DEAF,1,1,0.797614,1.18393,0,2.17699,0,0,2.14895,0,0,0,0.817201,0.859751,1.7713,1.40985,0,1,0,0,1,0,0,w,w
4989,DEAF,1,1,0.781514,1.01314,0,2.45215,0.56912,0,1.40751,0,0,0,0.57136,0.559644,3.1167,0.820931,0,1,0,1,0,1,0,w,w
4990,DEAF,1,1,0.769557,1.53472,0,2.72202,0,0,2.08035,0,0,0,0.643667,0,2.6697,0.636109,0,1,0,0,0,0,1,w,w
6377,DEAF,1,1,0.840266,1.45254,0,0,1.59136,0,0,0,0.916471,0,0,0,1.78674,0,0,0,1,0,1,0,1,w,w
6378,DEAF,1,1,0.880099,1.61243,1.11931,0,1.10754,0,0.589225,0,0.714673,0.657308,0,0,0.507272,0,0,0,0,0,1,0,1,w,w
6379,DEAF,1,1,0.783533,1.35579,1.2041,0,1.26027,0,0,0,0,1.27973,1.31313,0,0,0.641784,0,0,0,0,1,0,0,w,w
6385,DEAF,1,1,0.924688,1.40247,1.2029,0.600579,0.738872,0,0,0,1.18436,0.842843,1.27437,0.87252,0.669928,0,0,0,1,0,0,0,0,w,w
6386,DEAF,1,1,0.74457,1.77944,1.71107,1.23782,0.682837,0,0,0,0.926039,0,0.60605,0.837622,1.95236,0,0,0,1,0,0,0,0,w,w
6412,DEAF,1,1,0.940204,0,0,2.18412,0,0.620258,0.878925,0.730736,0,1.0671,0,0,1.12782,3.12527,0.720856,1,1,0,0,0,0,w,w
6413,DEAF,1,1,0.892167,0.664737,0,2.34916,0.51276,0.706207,1.37018,0.89137,0,0.554259,1.07938,0,0,0.78383,0.600196,1,0,0,0,0,0,w,w
6414,DEAF,1,1,0.855814,0,0,2.02037,0,0.538103,0.64801,0,0,0.759859,1.68085,0,0,0.572767,0.604321,1,0,0,0,0,0,w,w
6415,DEAF,1,1,0.861631,0.990172,0,2.11696,0.716882,0,0,0.507027,0.612629,0.553563,1.78684,0.664662,0,1.45862,0.621752,1,1,0,0,1,0,w,w
6416,DEAF,1,1,0.790098,0.730921,0.768378,1.08689,1.05498,0,1.67245,0,0,0,0.807555,0.662631,1.9402,0,0,1,0,0,1,0,0,w,w
6417,DEAF,1,1,0.785786,0.889694,0.791723,1.32481,1.33751,0,0,0,0,0,1.0922,0,0.78245,0,0,1,0,0,0,0,0,w,w
6418,DEAF,1,1,0.883313,1.34335,1.35436,1.69871,1.11778,0,0.987606,0,0,0,0.547036,0.516794,0.868636,0,0,0,1,0,0,0,0,w,w
6419,DEAF,1,1,0.847705,0.834154,0.557508,2.26157,1.46628,0,0,0,0,0.564155,0,0.716794,1.22624,0.912798,0,1,1,0,0,0,0,w,w
6422,DEAF,1,1,0.871829,0.896428,0.632403,1.5097,0,0,2.06816,0,0,0,0.691803,0,0,0,0,1,1,1,0,0,0,w,w
6423,DEAF,1,1,0.888118,0.983952,0,1.17975,0.990387,0,1.71323,0,0,0,0.687561,0,1.64153,0.799262,0,1,1,1,0,0,0,w,w
6424,DEAF,1,1,0.883418,0.880491,0,0.898685,0.818745,0,1.6617,0,0,0,0.571857,0,1.32616,0,0,0,1,0,0,0,0,w,w
6425,DEAF,1,1,0.884854,1.6231,0.7981,1.86222,1.33755,0,1.29121,0,0,0,0.811773,0,1.28209,1.46922,0.547105,0,1,1,0,0,1,w,w
6426,DEAF,1,1,0.860032,1.09936,0.818637,1.56831,0.623322,0,0.567942,0,0,0,0.750495,0,1.6072,3.42665,0.532998,1,0,0,0,0,0,w,w
6427,DEAF,1,1,0.880314,0.892277,0.665778,1.84044,0.909553,0,1.12948,0,0,0,0.755483,0,1.63749,1.93216,0,1,0,0,0,0,0,w,w
6428,DEAF,1,1,0.791672,1.10046,0.709941,0.515567,0.898536,0,0.888819,0,0,0,1.01271,0,1.97662,1.45142,0,1,0,0,0,0,0,w,w
6429,DEAF,1,1,0.833612,0.641519,1.17182,0.817564,1.40496,0,0,0,0,0,0.533988,0,1.55702,1.28526,0,0,0,0,0,0,0,w,w
6430,DEAF,1,1,0.893925,0.852882,2.04642,0.949763,0.790862,0,0,0,0.616622,0,0.616575,0,0,0.589992,0,0,0,0,1,0,0,w,w
18629,DEAF,1,1,0.894187,1.03192,1.8175,0.679872,0,0,1.30339,0,0.734,0,0.966845,0,0,3.91689,0.880918,1,1,0,0,0,1,w,w
18630,DEAF,1,1,0.875206,0.914001,1.79791,1.0219,0,0,1.95543,0,0.654105,0,1.04842,0,0,3.55015,0.888051,1,1,0,1,0,1,w,w
18631,DEAF,1,1,0.906198,1.11032,2.09857,1.06942,0,0,1.60667,0,0.711506,0,0.935791,0,0.634273,3.58848,0.915361,1,1,0,1,0,1,w,w
18632,DEAF,1,1,0.906985,0.758336,1.55471,1.13156,0,0,1.85619,0,0.671609,0,1.02952,0,0.81255,3.52014,0.962946,1,1,0,0,0,1,w,w
18633,DEAF,1,1,0.899149,0.906812,1.50106,1.02712,0,0,1.71493,0,0.559242,0,1.2415,0,0,3.80004,0.979925,0,1,0,1,0,1,w,w
18634,DEAF,1,1,0.919064,0.531116,1.22124,0.559338,0,0,1.31245,0.592617,0.858744,0,1.28239,0,0,4.24987,1.06505,0,1,0,0,0,1,w,w
18635,DEAF,1,1,0.914874,0,0.976924,0.784647,0,0,1.19982,0,0.818198,0,0.952979,0,0,4.01551,0.971116,0,1,0,0,0,1,w,w
18636,DEAF,1,1,0.922102,0,1.08495,0.953536,0,0,0.974124,0.516032,0.727046,0,0.86102,0,0,4.81473,1.01884,0,1,0,0,0,0,w,w
18637,DEAF,1,1,0.922005,0.546208,1.286,0,0,0.599916,0.906609,0.724343,1.05186,0,0.675617,0,0,4.66478,0.954078,0,1,0,0,0,0,w,w
18638,DEAF,1,1,0.935916,0.658005,0.551399,0.816819,0,0.582659,1.34445,0.57146,1.08518,0.706175,0,0,0,4.91259,0.952684,0,1,0,0,0,0,w,w
18639,DEAF,1,1,0.926139,0.57313,0.709622,0,0,0.642345,0.955471,0.728531,1.26186,0,0,0,0,4.88876,0.837834,0,1,0,0,0,0,w,w
18640,DEAF,1,1,0.926356,0,0,0.570819,0,0.790919,1.40751,0.84537,1.40738,0.736189,0,0,0,4.38125,0.803445,0,1,0,0,0,0,w,w
18641,DEAF,1,1,0.926949,0.561122,1.40236,0,0,0.881368,1.22314,1.00282,1.59358,0.770028,0,0,0,4.92154,0.709556,0,1,0,1,0,0,w,w
18642,DEAF,1,1,0.931517,0,1.00827,0,0,0.981227,1.53853,1.11127,1.63748,0.701628,0,0,0,4.9348,0.690253,0,1,0,1,0,0,w,w
18643,DEAF,1,1,0.915313,0,0.791512,0,0,1.13304,1.70723,1.26759,1.94975,0.910494,0,0,0,4.6852,0.607858,0,1,0,1,0,0,w,w
18644,DEAF,1,1,0.891831,0,0.622612,0.507933,0,1.12574,1.74835,1.2318,1.78105,1.08974,0,0,0,4.77314,0.675308,0,1,0,1,0,0,w,w
18645,DEAF,1,1,0.857748,0,0,0,0.67071,1.10387,1.06772,1.32239,1.61888,1.11035,0,0,0,4.30717,0.587935,0,1,0,0,0,0,w,w
18646,DEAF,1,1,0.903219,0,0,0,0,1.06746,1.55684,1.0444,1.53398,1.03333,0,0,0,3.64643,0,0,1,0,1,0,0,w,w
18647,DEAF,1,1,0.890333,0,0,0,0,1.02656,1.54116,1.11689,1.59401,0.795908,0,0,0,3.95389,0,0,1,0,0,0,0,w,w
18648,DEAF,1,1,0.918386,0,0,1.57927,0,0.990618,1.51854,0.987053,1.51545,1.35596,0,0,0,3.77605,0,1,1,0,0,0,1,w,w
18649,DEAF,1,1,0.937726,0.580751,0,1.61588,0,0.989302,1.59795,0.996481,1.55336,0.824113,0,0,0,2.57241,0,1,1,0,0,0,1,w,w
18650,DEAF,1,1,0.885031,0,0,1.12628,0,1.0448,0.973143,1.0582,1.54604,1.75387,0,1.02016,0,2.39202,0,1,1,0,0,0,1,w,w
18651,DEAF,1,1,0.852105,0,0,0.919164,0,1.02868,0,1.04112,1.07316,1.70595,0.694199,0.82947,1.32432,0,0,1,1,0,1,0,1,w,w
18652,DEAF,1,1,0.835444,0,0,0.714764,0,0.846816,1.03171,0.774188,0.959472,1.27189,0,0.742292,0.955144,1.07787,0,0,1,0,0,0,1,w,w
18653,DEAF,1,1,0.790975,0,0,0.69134,0,0.828177,1.66876,0.909556,1.01653,1.51206,0.567871,0.50649,0.529723,0,0,0,1,0,0,0,1,w,w
18654,DEAF,1,1,0.887996,0,0,0.676452,0,0.623489,1.8224,0.552891,0.841664,1.58383,0.972331,0.847134,1.69244,1.29267,0,0,1,0,0,0,1,w,w
18655,DEAF,1,1,0.792284,0,0,0.868884,0,0.737678,1.53816,0.818256,0.860677,1.11047,1.02623,0.819488,1.55447,0.688201,0,0,1,0,0,0,1,w,w
18656,DEAF,1,1,0.879798,0,0,0.867033,0,0.539549,1.21915,0.612942,0.884365,1.02263,0.629787,0.770759,1.70644,0,0,0,1,0,0,0,1,w,w
18657,DEAF,1,1,0.817585,0.587213,0.689208,0.621174,0,0.718289,1.21153,0.732451,0.863637,1.35925,0,1.04911,2.21928,0,0,0,1,0,0,0,1,w,w
18658,DEAF,1,1,0.848544,0.77549,0,0.713824,0,0.660864,0.723136,0.689748,1.00326,1.05129,1.08958,0.852466,1.73591,0.555384,0,0,1,0,0,0,1,w,w
18659,DEAF,1,1,0.80949,0.927257,0.996061,1.156,0,0.662653,1.26061,0.810097,0.755501,1.01542,1.74313,0.999785,1.78584,0,0,0,1,1,0,0,1,w,w
18660,DEAF,1,1,0.860531,0.834006,0,0.949192,0,0.594488,1.26331,0.719114,0.737464,0.855505,1.71952,0.690286,1.3246,0,0,0,1,1,0,0,1,w,w
18661,DEAF,1,1,0.86492,0.774468,0,0.783044,0,0.7401,0.965888,0.934495,1.33951,0,1.49179,0.722759,1.52951,0,0,0,1,0,0,0,0,w,w
18662,DEAF,1,1,0.888239,0.714107,0,0.759503,0.613566,0.748632,0.756459,0.831315,1.09928,0,1.93566,0,0.806038,0,0,0,1,1,0,0,0,w,w
18663,DEAF,1,1,0.792776,0,0,0,0.853849,0.956122,0.511948,1.02146,1.49247,0,1.10032,0,0.887661,0,0,0,1,0,0,0,1,w,w
18664,DEAF,1,1,0.844004,0,0,0,1.03903,0.882132,0,0.899258,1.44276,0,0.714941,0,1.1274,0,0,0,1,0,0,0,1,w,w
18665,DEAF,1,1,0.845062,0,0,0,1.00504,0.987763,0,0.997178,1.62281,0.669071,0.521574,0,1.0594,0.620053,0,0,1,1,0,0,1,w,w
18666,DEAF,1,1,0.765612,0,0,0,0,0.953728,0,1.05652,1.4419,0,0.697521,0,1.5687,0,0,0,1,1,0,0,0,w,w
18667,DEAF,1,1,0.822647,0,0,0,0.617476,1.02959,0,1.107,1.64211,0,0.971572,0,1.69385,0.583658,0,0,1,1,0,0,0,w,w
18668,DEAF,1,1,0.838131,0,0,1.07153,0.973228,0,0,0.546911,1.17541,0,0.770092,0.660946,0,2.38344,0,0,0,0,0,0,0,w,w
18669,DEAF,1,1,0.750804,0,0,0,1.13875,0,0,0.617635,1.2886,0.70525,0,0.77716,0,2.33204,0,0,1,0,0,0,0,w,w
18670,DEAF,1,1,0.799789,0,0,0,0.683906,0.591052,0,0.723672,1.25802,0.668948,0,0.795128,0.642913,1.98222,0,0,1,0,0,0,0,w,w
18671,DEAF,1,1,0.774835,0,0,0,1.00265,0.576949,0,0.691936,1.27078,0.685164,0,0.73692,0.847306,2.89671,0,0,1,0,0,0,0,w,w
18672,DEAF,1,1,0.744603,0,0,0.588438,1.15743,0.563824,0,0.719328,1.12641,0,0,0.599566,0,2.49903,0,0,1,0,0,0,0,w,w
18673,DEAF,1,1,0.809794,0,0,0.836582,1.45624,0.580844,0,0.671126,1.0931,0,0,0,0,1.91637,0,0,1,0,0,0,0,w,w
6151,DEAF,1,1,0.846142,1.43627,1.17939,0.684225,0,0.597216,0,1.01171,1.09303,1.45969,0,0.865873,0,0,0,0,0,0,0,0,0,m,m
