time_stamp,word,frame,success,confidence,AU01_r,AU02_r,AU04_r,AU05_r,AU06_r,AU09_r,AU10_r,AU12_r,AU14_r,AU15_r,AU17_r,AU20_r,AU25_r,AU26_r,AU04_c,AU12_c,AU15_c,AU23_c,AU28_c,AU45_c,speaker_gender,listener_gender
929,PAST,1,1,0.921364,0,0.812435,0.925214,0,0,1.00811,0,0,0,0,0,0.726334,0,0,0,0,0,1,0,1,w,w
930,PAST,1,1,0.921376,0.508638,0.897945,0.997267,0,0,1.01719,0,0,0,0,0,0.591697,0,0,0,0,0,1,0,1,w,w
931,PAST,1,1,0.926886,0.637395,1.25222,1.00093,0,0,1.40948,0,0,0,0,0,0.516275,0,0,0,0,0,1,0,1,w,w
932,PAST,1,1,0.924238,0.908607,1.22139,1.05244,0,0,1.33101,0,0,0,0,0,0,0,0,0,0,0,0,0,1,w,w
933,PAST,1,1,0.874568,1.00783,1.22142,1.11122,0,0,1.09129,0,0,0,0,0,0,0,0,0,0,0,1,0,1,w,w
934,PAST,1,1,0.869446,1.01461,1.3339,0.84431,0,0,0.683432,0,0,0,0,0,0,0,0,0,0,0,1,0,1,w,w
935,PAST,1,1,0.897635,0.611308,0.961567,0.9426,0,0,0.640669,0,0,0,0,0,0,0,0,0,0,1,1,0,1,w,w
936,PAST,1,1,0.896804,0.525951,0.781986,1.02493,0,0,0.647363,0,0,0,0,0,0,0,0,0,0,1,1,0,1,w,w
937,PAST,1,1,0.873266,0.716313,0.882258,1.15543,0,0,0.615816,0,0,0,0,0.506682,0,0,0,0,0,1,1,0,0,w,w
938,PAST,1,1,0.865529,0.75424,0.676282,1.20569,0,0,1.03963,0,0,0,0,0,0,0.503898,0,0,0,1,0,0,1,w,w
939,PAST,1,1,0.871102,0.765254,0.873153,1.29534,0,0,0.800645,0,0,0,0,0,0,0.770993,0,0,0,1,0,0,1,w,w
940,PAST,1,1,0.856246,0.928815,0.898677,0.686806,0,0,0.733809,0,0,0.604948,0,0,0,0,0,0,0,1,1,0,0,w,w
941,PAST,1,1,0.879332,0,0,1.26148,0,0,1.44042,0,0,0,0,0,0,0,0,0,0,1,1,0,1,w,w
942,PAST,1,1,0.862376,0.560694,0.558653,0.852209,0,0,0.969467,0,0,0,0,0,0,0,0,0,0,0,1,0,1,w,w
943,PAST,1,1,0.91187,0,0.755893,0.580242,0,0,1.04189,0,0,0,0,0,0,0,0,0,0,0,0,0,1,w,w
944,PAST,1,1,0.922741,0,1.2109,0,0.57729,0.548909,1.0062,0,0.607051,0.550995,0,0,0,0,0,0,1,0,0,0,1,w,w
945,PAST,1,1,0.926818,0,1.17889,0,0.662535,0,0.576286,0,0.861658,0.792819,0,0,0,0.767816,0,0,1,0,0,0,1,w,w
946,PAST,1,1,0.892107,0,1.35606,0,0,0,0,0,0.833716,0,0,0,0,0.772039,0,0,1,0,0,0,1,w,w
143,PAST,1,1,0.908656,0.671397,0.685292,0,0.726067,0,0,0,0,1.22405,0,0.86217,0.641988,1.06392,0,0,1,0,0,1,0,w,m
144,PAST,1,1,0.91096,0,0,0,0,0,0,0,0,0.887043,0,0.633574,0,0,0.504338,0,1,0,0,1,0,w,m
145,PAST,1,1,0.910719,0,0,0,0.807033,0,0,0,0,0.59474,0,0.628612,0.668742,1.35127,0.50589,0,1,0,0,1,0,w,m
146,PAST,1,1,0.941037,0,0,0,1.06809,0,0,0,0,0.738043,0,0,1.02141,1.79145,0,0,1,0,0,0,0,w,m
147,PAST,1,1,0.9441,0,0,0,1.04205,0,0,0,0,1.044,0.634836,0.652469,1.11394,0.903411,0,0,1,0,0,0,0,w,m
535,PAST,1,1,0.977857,0.72981,0.699658,3.14196,0,0,0.800415,0,0,0,1.00739,0,0,4.19462,0.571859,1,0,1,0,0,0,m,w
536,PAST,1,1,0.969772,0.717305,0,2.78118,0,0,0.738669,0,0,0,0.680924,0,0,3.37606,0.810249,1,0,1,1,0,0,m,w
537,PAST,1,1,0.951143,2.32937,1.61966,2.3611,0.796443,0,0,0,0,0.615673,0,0,0,5,0.940977,0,0,0,1,0,0,m,w
538,PAST,1,1,0.824988,2.0686,1.1295,1.2693,1.05399,0,0,0,0,1.03115,0,0,0,4.71971,0.850621,0,0,0,1,0,0,m,w
539,PAST,1,1,0.826808,2.12708,1.13414,0,0.991676,0,0,0,0,0.513062,0,0,0,3.67411,0.768966,0,0,0,1,0,0,m,w
540,PAST,1,1,0.820876,2.02666,0.589116,1.60203,0,0.77724,0,0.653995,0.919232,1.7111,0,0.875832,0.968516,0,0,0,0,0,0,0,0,m,w
743,PAST,1,1,0.836794,0.735507,0,0,0,0.601208,1.1529,1.00921,0.956384,1.34519,0,0,1.4099,0,0,0,0,1,1,0,0,m,w
744,PAST,1,1,0.770087,1.26194,0,0,0,0.51009,0.911845,0.917084,0.610496,1.19493,0,0,0.977887,0,0,0,0,1,0,0,0,m,w
745,PAST,1,1,0.871745,0.601545,0,0,0,0,0,0.945838,0,1.89122,0.63985,0,1.33451,0,0,0,0,1,0,0,0,m,w
746,PAST,1,1,0.966724,0,0,0,0,0,0,0.914538,0,2.16858,0.511801,0,1.16026,0,0,0,0,1,1,0,1,m,w
747,PAST,1,1,0.964032,0,0,0,0,0,0.96823,0.964883,0.56039,2.53166,0.510884,0,0.784672,0,0,0,1,0,1,0,1,m,w
748,PAST,1,1,0.874613,0,0,0,0.638277,0,0,0.727156,0.696156,2.3886,0.652836,0,0.690415,0,0,0,1,0,1,0,0,m,w
749,PAST,1,1,0.820011,0,0,0,0.887512,0,0.811215,0.771949,0.53653,1.95559,0.535274,0,1.27077,0,0,0,0,0,1,0,0,m,w
750,PAST,1,1,0.898166,0,0,0.605629,0.595421,0,1.40097,0.550602,0.535603,1.59761,0,0,0.884562,0,0,1,1,0,1,0,0,m,w
751,PAST,1,1,0.981046,0,0,0.994706,0.669212,0,1.43944,0,0,1.14164,0.58389,0,0.984641,0,0,0,0,0,1,0,1,m,w
752,PAST,1,1,0.989951,0,0,0.670708,0,0,1.28719,0,0,0.968529,0.530087,0.503758,0.619196,0,0,0,0,0,0,0,0,m,w
753,PAST,1,1,0.989692,0,0,0.764804,0,0,1.33266,0,0,0.990882,0.739923,0.639752,0.580972,0,0,0,0,0,1,0,0,m,w
4548,PAST,1,1,0.962999,0,0.570605,0.719387,0,0,1.82983,0.746384,0.715418,1.06925,0,0,0.940631,0,0,0,0,1,0,0,1,w,m
4549,PAST,1,1,0.957797,0,0,0,0,0,1.79727,0.851841,0.662455,1.24688,0.711036,0,0.919634,0,0,0,0,1,0,0,1,w,m
4550,PAST,1,1,0.947442,0.667623,0,0,0,0,1.03292,0.55636,0.900398,0,0,0,0,0,0,0,0,1,0,0,0,w,m
4551,PAST,1,1,0.943804,0.551627,0,1.20532,0,0,0,0.516502,0.773886,0.733804,0,0,0,0,0,0,0,1,0,0,0,w,m
4552,PAST,1,1,0.972564,1.28616,1.43903,0.809547,0,0,1.07601,0.697114,1.14118,0.54429,0,0,0,0,0,0,1,1,1,0,0,w,m
4553,PAST,1,1,0.970069,0.738914,1.38158,0.721194,0,0,1.27175,0.645827,1.32964,1.03463,0,0,0,1.03638,0,0,1,1,0,0,0,w,m
4554,PAST,1,1,0.973543,0.615163,0,0.539253,0,0,0.571738,0.635443,1.2231,0.976645,0,0,0,0,0,0,1,1,1,0,0,w,m
4555,PAST,1,1,0.976214,0.542275,0.532531,0.713914,0,0,0,0.616407,1.09555,1.11962,0,0,0.647291,0.538341,0,0,1,1,0,0,0,w,m
4556,PAST,1,1,0.973962,0.665489,0.506932,0.55969,0,0,0,0,0.959199,1.05228,0,0,0,0.789548,0,0,1,1,0,0,0,w,m
4557,PAST,1,1,0.974225,0,0,0.569413,0,0,0,0,0.867176,1.3073,0,0,0.674168,1.23906,0,0,1,1,0,0,0,w,m
4558,PAST,1,1,0.973709,0.714538,0,0,0,0,0,0,0.7175,1.0579,0,0,0,0.942101,0.510526,0,1,1,0,0,0,w,m
4559,PAST,1,1,0.972622,0.567301,0,0.591878,0,0,0,0,0.708599,0.906332,0,0,0,0,0,0,0,1,1,0,0,w,m
4560,PAST,1,1,0.97444,0.659345,0,0.605405,0,0,0.563291,0,0.635146,0.969508,0,0,0.775811,0.908501,0,0,0,1,0,0,0,w,m
4561,PAST,1,1,0.973113,0.946696,0,0,0,0,0,0,0.614598,0.802291,0,0,0,0,0,0,1,1,0,0,0,w,m
4562,PAST,1,1,0.972297,0.682146,0,0,0,0,0,0,0.607695,0.657033,0,0,0.72733,0.974293,0,0,1,1,1,0,0,w,m
4563,PAST,1,1,0.968741,0.767309,0,0,0,0,0.656597,0,0.676541,0.787155,0,0,0.648653,1.17923,0,0,1,1,1,0,0,w,m
4564,PAST,1,1,0.973219,0.718034,0,0,0,0,0.774686,0,0.829706,0.82418,0,0,0.579148,1.46969,0,0,1,1,1,0,0,w,m
4565,PAST,1,1,0.973463,0.740323,0,0.694235,0,0,0.837767,0,0.569174,0.899046,0,0,0.833878,1.36972,0,0,1,1,0,0,0,w,m
4566,PAST,1,1,0.969734,0,0,0.522591,0,0,0.60333,0,0.684759,1.19527,0,0,0.693004,1.33086,0,0,1,1,0,0,0,w,m
4567,PAST,1,1,0.967231,0,0,0,0,0,0.756037,0.593513,0.810903,1.007,0,0,0,1.15569,0,0,1,1,1,0,1,w,m
4568,PAST,1,1,0.974552,0,0,0.630468,0,0,0,0,0,0.700105,0,0,0,0.690306,0,0,1,1,1,0,1,w,m
4569,PAST,1,1,0.975198,0,0,0,0,0,0.783597,0,0,1.03908,0,0,0,0.659285,0,0,1,1,1,0,1,w,m
4570,PAST,1,1,0.972675,0,0,0.604774,0,0,0.530341,0,0.503085,0.885297,0,0,0,0.708454,0,0,1,0,1,0,1,w,m
4571,PAST,1,1,0.972814,0,0,0.591551,0,0,0,0,0,0.909541,0,0,0,0.534234,0,0,1,1,1,0,1,w,m
4572,PAST,1,1,0.973055,0,0,0.744592,0,0,0,0.59093,0.526068,0.844918,0,0,0,0.989822,0,0,1,1,1,0,1,w,m
4573,PAST,1,1,0.970959,0,0,0.56662,0,0,0,0.661272,0.543777,0.964489,0,0,0,1.45747,0,0,1,1,1,0,1,w,m
11250,PAST,1,1,0.912966,1.89936,0.694919,1.85772,0,0,0,0.548642,0,2.35229,0.882314,0.650072,0.713948,0,0,0,0,1,0,0,0,w,w
11251,PAST,1,1,0.916213,1.99899,1.29114,2.26281,0,0,0,0,0,1.5449,0.886636,0.841095,0.587552,0,0,0,0,1,0,0,0,w,w
11252,PAST,1,1,0.83176,1.84749,1.3099,2.16585,0,0,0,0,0,1.35351,0,0.656593,0.804522,0,0,0,0,1,0,0,0,w,w
11253,PAST,1,1,0.78643,2.23798,1.05209,2.10244,0,0,0,0,0,1.48618,0,0.882087,1.25146,0,0,0,0,1,0,1,0,w,w
11257,PAST,1,1,0.925178,1.227,0.886723,0.781458,0.535424,0.548418,0,1.05063,0,2.29005,0,0.826204,1.23602,0,0,1,0,1,0,0,0,w,w
11258,PAST,1,1,0.933368,1.40354,0.644751,0.803976,0,0.523691,0,1.01663,0,2.33198,0,0.654968,1.39962,0,0,1,1,1,0,0,0,w,w
11259,PAST,1,1,0.922216,1.26673,0,0,0.848228,0,0,1.04153,0,2.06349,0,0.563954,1.31121,0,0,0,1,1,0,0,0,w,w
11264,PAST,1,1,0.950559,0.516073,0,0,0.708524,0,0,0,0,1.63337,0.53426,0,0.677486,0,0,0,1,1,0,0,0,w,w
11269,PAST,1,1,0.920217,0.970096,0,1.50247,0.90523,0,0,0.507643,0,1.40575,0.527111,0,0,0,0,1,0,1,0,0,0,w,w
11270,PAST,1,1,0.92855,0.750745,0,1.72625,0,0,0.590368,0,0,0.880028,0,0,0,0,0,1,1,1,0,0,0,w,w
11271,PAST,1,1,0.937184,0.792001,0,1.08051,0,0,0.942415,0.579618,0,0.741125,0.662939,0,1.43964,0.644244,0,1,1,1,0,0,1,w,w
11272,PAST,1,1,0.947761,0.789711,0,0.749329,0,0,1.38324,0.501015,0,0.686093,0.879661,0,1.9254,0.816255,0,0,1,1,1,0,1,w,w
17182,PAST,1,1,0.888009,0.887198,1.48074,0,0,0.715241,0,0.821636,0.805147,1.82475,0,0,0,0,0,0,1,0,0,0,0,w,w
17183,PAST,1,1,0.873037,0.712732,1.16152,0,0,0.862841,0,1.04201,1.12819,1.78903,0,0,0,0,0,0,1,0,0,0,0,w,w
17184,PAST,1,1,0.890637,0,1.36404,0,0,0.874726,0,1.02997,1.16269,1.66457,0,0,0,0,0,0,1,0,0,0,0,w,w
17185,PAST,1,1,0.900075,0,0.904553,0,0,0.755253,0,0.887101,1.12275,1.84295,0,0,0,0,0,0,1,0,0,0,0,w,w
17186,PAST,1,1,0.881965,0,0.71967,0,0,0.631825,0,0.649993,0.844201,1.80887,0,0,0,0,0,0,1,0,0,0,0,w,w
17198,PAST,1,1,0.88108,0,0.994855,0,0,1.0743,0,0.837579,1.59004,2.41464,0,0,1.34314,0,0,0,1,1,0,0,0,w,w
17204,PAST,1,1,0.914054,2.13081,1.60051,1.54242,0,0.803526,1.34742,0,1.70628,0.670732,0,0,1.01579,3.07942,0.668921,0,1,1,0,0,0,w,w
17205,PAST,1,1,0.960824,2.2173,1.45021,1.83768,0,0.922818,1.48778,0.560247,1.84247,1.1378,0,0,1.4779,2.8912,0.670698,0,1,1,0,0,0,w,w
17206,PAST,1,1,0.971301,1.83723,0.773178,1.94144,0,1.02693,1.39226,0.719138,1.877,1.81291,0.574241,0,1.46574,3.77261,0.853072,0,1,1,0,0,0,w,w
17207,PAST,1,1,0.972345,2.31555,1.0957,2.18511,0,1.21007,1.6029,0.984098,2.0306,1.68295,0.835749,0,0.707173,4.29607,0.819912,0,1,1,0,0,0,w,w
17208,PAST,1,1,0.979135,1.25918,0,1.93903,0,1.21531,1.71552,0.925728,1.71891,1.06436,1.09105,0,0.653512,4.44244,0.755629,0,1,1,0,0,0,w,w
17209,PAST,1,1,0.958061,0.880084,0,1.76481,0,1.25982,1.48145,1.10897,1.90357,0.690542,0.862402,0,0,4.89334,0.548665,0,1,1,1,0,0,w,w
17210,PAST,1,1,0.941889,0,0,1.73919,0,0.934384,1.73145,0.681703,1.52355,0.50527,0.645504,0,0,3.80612,0,0,1,1,1,0,0,w,w
17211,PAST,1,1,0.922684,0,0,1.00168,0,0.834655,1.29916,0.81995,1.50039,0.678845,0,0,0.584001,2.83088,0,0,1,1,1,0,0,w,w
17212,PAST,1,1,0.925824,0,0,0.818466,0,0.816949,1.42904,0.765068,1.30623,1.1492,0,0,0,2.55355,0,0,1,1,0,0,0,w,w
17213,PAST,1,1,0.930122,0,0.870475,0,0,0.929505,1.03378,1.12298,1.11871,1.53013,0,0.522082,0.847322,1.27782,0,0,1,1,0,0,0,w,w
17214,PAST,1,1,0.980477,0,0.664447,0,0,0.979138,0.734321,1.06271,1.20432,1.8652,0,0,0,0.961334,0,0,1,0,1,0,0,w,w
27333,PAST,1,1,0.731853,0.98897,1.41464,0,1.69651,0.733017,0,1.06271,1.66082,1.63305,0,0,0,0,0,1,1,0,0,0,0,m,w
27997,PAST,1,1,0.796045,0.691468,0,2.1655,0,0,0,0.53991,0,0,0,0.981163,0,0,0,1,0,0,1,0,0,m,w
28005,PAST,1,1,0.97045,0,0,1.6159,0,0,0,0,0,0.98755,0.537881,0,2.08341,2.48362,0,1,1,0,1,0,0,m,w
28006,PAST,1,1,0.866192,0,0,0,0.928229,0,0,0,0,0,0,0,0.912782,2.12376,0,0,1,0,0,0,0,m,w
28007,PAST,1,1,0.957312,0.51546,1.02604,1.2123,0.909461,0,0.893685,0,0.930741,0.725259,0,0,1.02395,4.70714,0,1,1,0,1,0,0,m,w
28008,PAST,1,1,0.95533,0.628312,1.07811,1.18281,0.773928,0,0.701591,0,0,0,0.629075,0,0.705349,4.70266,0,1,1,0,1,0,1,m,w
28009,PAST,1,1,0.955682,0,0,0.961581,0.528712,0,0,0,0,0,0.746396,0,0.769051,3.95362,0,1,1,0,1,0,1,m,w
28010,PAST,1,1,0.874977,0,0,1.20375,0.809587,0,0,0,0,0,0,0,0.622345,2.99291,0,1,1,0,1,0,0,m,w
28011,PAST,1,1,0.948825,0,0,0,0,0,0,0,0,0,0,0,0.863751,0.939603,0,1,1,0,1,0,0,m,w
28012,PAST,1,1,0.813514,0,0,0,0,0,0,0,0,0.573565,0,0,0.636479,0,0,1,1,0,1,0,0,m,w
28016,PAST,1,1,0.951415,0,0,0,0,0,0,0,0,0,0,0,0,1.26781,0,0,1,0,1,0,0,m,w
28017,PAST,1,1,0.920284,0,0,0,0.568394,0,0,0,0,0,0,0,0,1.15874,0,0,1,0,1,0,0,m,w
28018,PAST,1,1,0.932631,0,0,0,0.614091,0,0,0,0,0,0,0,0,1.85352,0,0,1,0,1,0,0,m,w
28019,PAST,1,1,0.927599,0,0,0,0.549149,0,0,0,0,0,0,0,0,0.990128,0,1,1,0,1,0,0,m,w
28020,PAST,1,1,0.791406,0,0,0.728914,0.801598,0,0,0,0,0.701586,0,0.582937,0,1.99094,0,1,1,0,1,0,0,m,w
49526,PAST,1,1,0.89523,0,0,0.904489,0,0.747064,2.02216,1.36504,0.839233,2.11481,0.767974,0.518224,0,0,0,1,1,1,0,0,0,m,w
49527,PAST,1,1,0.888952,0,0,0.631578,0,0.798197,1.40993,1.40969,1.10827,1.79038,0.82994,0,0,0,0,1,1,0,0,0,0,m,w
49528,PAST,1,1,0.884288,0,0.643892,0.615064,0,0.849667,1.56256,1.47216,0.759185,1.88477,0.611294,0.546528,0,0,0,1,1,0,0,0,0,m,w
49529,PAST,1,1,0.88676,0,0,0.600257,0,0.775466,1.94645,1.35162,0.955961,1.95001,0.670588,0,0,0,0,1,1,0,0,0,0,m,w
49530,PAST,1,1,0.893154,0,0,0.594114,0,0.792518,2.27983,1.32395,0.897254,1.73153,0.758078,0,0,0,0,1,1,0,0,0,0,m,w
49531,PAST,1,1,0.897904,0,0,0.595027,0,0.796012,2.01185,1.31413,0.974329,1.66134,0.851729,0,0,0,0,1,1,0,0,0,0,m,w
49532,PAST,1,1,0.947492,0,0,1.18417,0,0.982258,2.30814,1.50838,1.45406,2.08748,0.809811,0,0,0,0,1,1,1,1,0,0,m,w
49533,PAST,1,1,0.922888,0,0,1.49675,0,0.944632,2.3504,1.38619,1.11546,2.19052,0.765064,0,0,0,0,1,1,0,1,0,0,m,w
49534,PAST,1,1,0.93405,0,0,1.28359,0,1.12043,1.84156,1.54881,1.26305,1.99077,0,0,0,0,0,1,1,0,1,0,0,m,w
49535,PAST,1,1,0.936675,0,0,1.32095,0,1.12628,2.17042,1.60621,1.18293,2.23159,0,0,0,0,0,1,1,0,0,0,0,m,w
49536,PAST,1,1,0.939054,0,0,1.31056,0,1.14009,2.01136,1.62477,1.23111,2.22741,0,0,0,0,0,1,1,0,1,0,0,m,w
49537,PAST,1,1,0.924582,0,0,1.15778,0,1.11902,2.06783,1.61745,1.13678,2.24017,0,0,0,0,0,1,1,0,1,0,0,m,w
49538,PAST,1,1,0.911584,0,0,1.43215,0,1.1259,2.00471,1.51416,1.16254,1.86566,0,0,0,0,0,1,1,0,1,0,0,m,w
49539,PAST,1,1,0.924868,0,0,1.30252,0,1.13471,2.12405,1.5517,1.16758,1.94782,0,0,0,0,0,1,1,0,1,0,0,m,w
49540,PAST,1,1,0.933136,0,0,1.297,0,1.03394,2.04881,1.40625,0.956275,1.85546,0,0,0,0,0,1,1,0,1,0,0,m,w
49541,PAST,1,1,0.944301,0,0,1.39435,0,1.09124,1.36651,1.424,1.40448,1.59975,0,0,0,0,0,1,1,0,1,0,0,m,w
49542,PAST,1,1,0.95841,0,0,1.18749,0,0.986524,1.41165,1.24039,1.26576,1.56372,0,0,0,0,0,1,1,0,1,0,0,m,w
49543,PAST,1,1,0.967851,0,0,1.03584,0,0.949101,1.03851,1.24172,1.31344,1.46534,0,0,0,0,0,1,1,0,1,0,0,m,w
49544,PAST,1,1,0.972086,0,0,0.940617,0,0.887633,1.38777,1.17618,1.43063,1.47303,0,0,0,0,0,1,1,0,1,0,0,m,w
49545,PAST,1,1,0.973999,0,0,1.23884,0,0.834556,1.48826,1.08399,1.24437,1.46043,0,0,0,0,0,1,1,0,0,0,0,m,w
49546,PAST,1,1,0.976026,0,0,1.03236,0,0.820034,1.23565,1.03569,1.30768,1.66515,0,0,0,0,0,1,1,0,1,0,0,m,w
49547,PAST,1,1,0.974141,0,0,1.00163,0,0.791799,1.25207,0.970582,1.24478,1.51103,0,0,0,0,0,1,1,0,1,0,0,m,w
49548,PAST,1,1,0.974678,0,0,1.0272,0,0.837355,1.71006,1.04291,1.13331,1.58235,0,0,0,0,0,1,1,0,1,0,0,m,w
49549,PAST,1,1,0.972078,0,0,1.03218,0,0.772049,1.42806,0.962182,1.04819,1.66158,0,0,0,0,0,1,1,0,1,0,0,m,w
49550,PAST,1,1,0.971872,0,0,0.905093,0,0.704209,1.088,0.87661,1.04291,1.64774,0,0,0,0,0,1,1,0,1,0,0,m,w
49551,PAST,1,1,0.97574,0,0,0.792974,0,0.7352,1.32901,0.904968,1.12464,1.66548,0,0,0,0,0,1,1,0,1,0,0,m,w
49552,PAST,1,1,0.976168,0,0,0.84114,0,0.695237,1.29243,0.885445,1.12203,1.53445,0,0,0,0,0,1,1,0,1,0,0,m,w
49553,PAST,1,1,0.980132,0,0,0.927495,0,0.633231,1.54671,0.86086,0.940816,1.44733,0,0,0,0,0,1,1,0,1,0,0,m,w
49554,PAST,1,1,0.981048,0,0,0.898386,0,0,1.40035,0.697388,0.671415,1.2638,0,0,0,0,0,1,1,0,0,0,0,m,w
49555,PAST,1,1,0.981573,0,0,0.761522,0,0,1.29483,0.706654,0.644407,1.31502,0,0,0,0.722616,0,1,1,0,0,0,0,m,w
49556,PAST,1,1,0.983793,0,0,0.873068,0,0,1.93082,0.59064,0,1.03181,0.805306,0,0,0.953157,0,1,1,0,0,0,0,m,w
49557,PAST,1,1,0.985176,0.800762,0,0,0,0,2.16439,0.544034,0,0.991713,1.01786,0,0,0,0,1,1,1,0,0,0,m,w
49558,PAST,1,1,0.969935,1.23194,0,0.80086,0,0,1.8967,0,0,0.599417,0.942412,0,0,0,0,1,0,1,0,0,0,m,w
49559,PAST,1,1,0.975386,1.51368,0,0.776404,0,0,2.31215,0.519547,0,0,1.01845,0,0,0,0,1,0,1,0,0,0,m,w
33204,PAST,1,1,0.90725,0,0,0,0,0.574658,0.668804,0.712251,0.676612,1.18031,0,0,2.02692,1.52172,0.667378,0,0,1,0,0,0,m,m
33205,PAST,1,1,0.848574,0,0.539134,0.671088,0,0.845442,0.760523,1.02673,0.934211,1.45551,0,0.651198,2.57938,2.22119,0.709355,1,0,1,0,0,1,m,m
33206,PAST,1,1,0.869974,0,0.866484,0,0,0.569663,0,0.661165,0,0.869631,0,0,0,2.09944,0,1,0,1,1,0,1,m,m
33207,PAST,1,1,0.911233,0,0.724166,0,0,0,0.932743,0,0,1.07399,0,0,0,0.960037,0,1,0,1,1,0,1,m,m
33208,PAST,1,1,0.908215,0,0,0,0,0,0.875521,0,0,1.37593,0,0,0,1.38608,0,1,0,1,1,0,1,m,m
33209,PAST,1,1,0.87905,0.700243,0.543636,0.507684,0,0,0.6601,0,0,1.40185,0,0.608933,0.538961,1.82853,0,1,0,1,1,0,1,m,m
33210,PAST,1,1,0.893849,0,0,0.581375,0,0,0,0,0,0.897238,0,0.877625,0,2.13581,0,1,0,1,1,0,1,m,m
33211,PAST,1,1,0.924456,0,0,0.953044,0,0,0,0,0,1.37023,0,0.852738,0,1.888,0,1,0,1,1,0,1,m,m
33212,PAST,1,1,0.955067,0,0,1.50519,0,0,0.958522,0,0,1.36227,0,0.826339,0,1.38784,0,1,0,1,1,0,1,m,m
33213,PAST,1,1,0.948502,0,0,1.2093,0,0,0.864223,0,0,1.08407,0,0.566412,0,1.90683,0,1,0,1,0,0,1,m,m
33214,PAST,1,1,0.883608,0,0,0.78603,0,0,0,0,0,0,1.10719,0,0.500653,2.65953,0,1,0,1,1,0,1,m,m
33215,PAST,1,1,0.812444,0,0,0,0,0,0,0,0,0.783852,1.48309,0.504427,1.08311,3.37221,0,1,0,1,0,0,0,m,m
33216,PAST,1,1,0.882028,0,0,0,0,0,0,0,0,0,0.790092,0,0.686425,1.20982,0.59873,0,0,1,0,0,1,m,m
33231,PAST,1,1,0.769866,0,1.57421,1.47988,0.768945,0,0,0,0.514644,0,0.649036,0,1.2574,0,0,0,0,1,0,0,0,m,m
33236,PAST,1,1,0.885302,0.661777,0,1.63711,0,0.629806,0,0.621452,0.887763,0.851799,0,0,2.72305,0.941913,0.587539,0,0,1,0,0,0,m,m
33237,PAST,1,1,0.83386,0,0,1.3794,0,0.559609,0,0.611013,0.729668,0,0,0,2.59794,0.664741,0.701592,1,0,0,0,0,1,m,m
33238,PAST,1,1,0.843002,0.6336,0,1.41177,0,0,0,0,0.548511,0,0,0,2.02203,0,0.612336,1,1,1,0,0,1,m,m
33239,PAST,1,1,0.855547,0,0,0,0.87053,0,0,0,0,0,0.644576,0,1.20526,0,0.549511,0,0,0,0,0,1,m,m
33243,PAST,1,1,0.917076,0,0,0,0,0,0,0,0,0,0,0,0.985697,0.656816,0,0,0,0,0,0,1,m,m
33244,PAST,1,1,0.78318,0,0,0,0,0,0,0,0,0,0,0,1.69096,2.12862,0,0,0,1,1,0,0,m,m
33253,PAST,1,1,0.888902,0,0,0,0.68008,0,0.657419,0,0,0,0,0,1.3624,2.19933,0,1,0,1,0,0,1,m,m
33254,PAST,1,1,0.829718,0,0,0,0,0,0.915688,0,0,0,0.64992,0,2.55989,4.11481,0,0,0,1,0,0,1,m,m
33255,PAST,1,1,0.85565,0,0,0,0,0,0,0,0,0,0,0,1.77816,1.01538,0,0,0,0,1,0,1,m,m
33256,PAST,1,1,0.85872,1.0853,0.895686,0,0.571168,0,0,0,0.625774,0,0,0,1.77572,0,0,0,1,0,1,0,0,m,m
33257,PAST,1,1,0.854021,1.54692,1.29222,0,0.844116,0,0.762058,0,0.829173,0,0,0,1.73813,0,0,0,1,0,1,0,0,m,m
33258,PAST,1,1,0.828118,1.20082,1.51213,0,1.03972,0,0,0,0.853588,0,0,0,1.79455,0,0,0,1,0,1,0,0,m,m
33259,PAST,1,1,0.842597,1.17001,1.24856,0,0.898971,0,0.635114,0,0.852491,0.785088,0,0,1.88322,0,0,0,1,0,1,0,0,m,m
33260,PAST,1,1,0.857782,1.30097,1.34619,0,0.762898,0,0,0,0.848917,0,0,0,1.78053,0,0,0,1,0,1,0,0,m,m
33261,PAST,1,1,0.849434,1.27614,1.34846,0,0.747162,0,0.591873,0,0,0,0,0,2.32797,1.22971,0,0,1,1,1,0,0,m,m
56606,PAST,1,1,0.782227,2.27537,0.888912,2.26316,0,0,0,0,0,0,1.07039,0.500404,0,0.816927,0,0,0,1,1,0,1,m,m
56607,PAST,1,1,0.827285,2.04185,0.869027,2.29355,0,0,0,0,0,0,1.18907,0.539303,0.567389,0,0,0,0,1,1,0,1,m,m
56608,PAST,1,1,0.858093,1.65054,0.656093,2.29151,0,0,0,0,0.548803,0,1.00739,0.632756,0.812648,0,0,0,0,1,1,0,1,m,m
56609,PAST,1,1,0.873694,1.44157,0.694916,2.29181,0,0,0,0,0,0,0.932174,0.733548,0.990514,0,0.571278,0,0,1,1,0,0,m,m
45069,PAST,1,1,0.894353,2.25106,3.24379,1.06456,0.763619,0.971025,0,1.256,1.27545,2.02546,0,1.23809,1.80271,1.93007,0,0,1,1,0,1,0,w,w
742,PAST,1,1,0.980207,0,0.599089,2.05242,0,0,1.00773,0,0,0,0,0,0,2.82872,0,1,0,0,0,0,0,m,w
743,PAST,1,1,0.984622,0,0.502749,1.87936,0,0,0.663696,0,0,0,0,0,0,2.48248,0,1,0,0,0,0,0,m,w
744,PAST,1,1,0.983623,0,0,2.20975,0,0,0,0,0,0,0,0,0,3.24304,0,1,0,0,0,0,0,m,w
745,PAST,1,1,0.977393,0,0,2.45348,0,0,0,0,0,0,0,0.566361,0,3.2786,0,1,0,0,0,0,0,m,w
746,PAST,1,1,0.981295,0,0,2.2333,0,0,0,0,0,0,0.571873,0.706786,0,2.8783,0,1,0,0,0,0,0,m,w
747,PAST,1,1,0.985218,0,0,2.16012,0,0,0,0,0,0,0,0.697113,0,2.5779,0,1,0,0,0,0,0,m,w
748,PAST,1,1,0.987531,0,0,1.78352,0,0,0.627831,0,0,0.568318,0,0.564962,0,3.20112,0,1,0,0,0,0,0,m,w
749,PAST,1,1,0.985965,0,0,1.70275,0,0,0.816762,0,0,0,0.541101,0.583535,0,3.02107,0,1,0,0,0,0,0,m,w
750,PAST,1,1,0.986216,0,0,1.91034,0,0,0,0,0,0,0.864526,0.612153,0,3.13841,0,1,0,1,0,0,0,m,w
751,PAST,1,1,0.986995,0,0,1.753,0,0,0,0,0,0,1.04239,0.693953,0,3.18527,0,1,0,1,0,0,0,m,w
752,PAST,1,1,0.987712,0,0,2.0465,0,0,0,0,0,0,1.48836,0.761445,0.587719,2.92292,0,1,0,1,0,0,0,m,w
753,PAST,1,1,0.985229,0,0,1.98699,0,0,0,0,0,0.752635,1.3563,0.956745,0.862736,2.80358,0,1,0,1,0,0,0,m,w
754,PAST,1,1,0.983916,0,0,1.99586,0,0,0,0,0,0.602963,1.70426,0.846579,0.838389,2.91537,0,1,0,1,0,0,0,m,w
755,PAST,1,1,0.983578,0,0,1.60157,0,0,0,0,0,0,1.84041,0.715071,0.885407,2.43291,0,1,0,1,0,0,0,m,w
756,PAST,1,1,0.985294,0,0,2.00335,0,0,0,0,0,0,2.19686,0.610388,0.711048,2.20617,0,1,0,1,0,0,0,m,w
757,PAST,1,1,0.979748,0,0,1.5641,0,0,0,0,0,0,1.90061,0.622072,0.769083,2.54618,0,1,0,1,0,0,0,m,w
758,PAST,1,1,0.983504,0,0,1.83284,0,0,0,0,0,0,1.98155,0.57105,0.932334,2.5153,0,1,0,1,0,0,0,m,w
759,PAST,1,1,0.983346,0,0,1.79376,0,0,0,0,0,0,1.97043,0.701793,0.817484,2.42014,0,1,0,1,0,0,0,m,w
760,PAST,1,1,0.984145,0,0,1.72976,0,0,0,0,0,0,1.76925,0.556859,0.777893,2.11191,0,1,0,1,0,0,0,m,w
761,PAST,1,1,0.982328,0,0,1.82826,0,0,0,0,0,0,2.11581,0.651336,0.789498,2.35992,0,1,0,1,0,0,0,m,w
762,PAST,1,1,0.981961,0,0,1.73482,0,0,0,0,0,0,2.40782,0,0.556666,2.39997,0,1,0,1,0,0,0,m,w
763,PAST,1,1,0.981901,0,0,1.60376,0,0,0,0,0,0,2.3723,0.508015,0,2.44637,0,1,0,1,0,0,0,m,w
764,PAST,1,1,0.982852,0,0.805652,1.68137,0,0,0,0,0,0,2.18041,0.513688,0,2.39538,0,1,0,1,0,0,0,m,w
765,PAST,1,1,0.982112,0,0.951344,1.84434,0,0,0,0,0,0,2.152,0,0,2.46873,0,1,0,1,0,0,0,m,w
766,PAST,1,1,0.982367,0,0.975478,1.90833,0,0,0,0,0,0,2.19575,0,0,2.86564,0,1,0,1,0,0,0,m,w
767,PAST,1,1,0.979162,0.739795,1.16175,1.54815,0,0,0,0,0,0,2.33965,0.507448,0,2.33968,0,1,0,1,0,0,0,m,w
768,PAST,1,1,0.975264,0.698095,1.32611,1.36788,0,0,0,0,0,0,2.39324,0,0,2.26055,0,1,0,1,0,0,0,m,w
769,PAST,1,1,0.977781,0.681307,1.27743,1.22704,0,0,0,0,0,0,2.37853,0,0,2.61448,0,1,0,1,0,0,0,m,w
770,PAST,1,1,0.985592,0,1.05045,1.21446,0,0,0,0,0,0,1.8932,0,0,2.73866,0,1,0,1,0,0,0,m,w
771,PAST,1,1,0.985476,0.706734,1.30196,1.44857,0,0,0.636148,0,0,0,1.62621,0,0,3.71345,0,0,0,1,0,0,0,m,w
772,PAST,1,1,0.986664,0.688641,1.17815,1.77192,0,0,1.40802,0,0,0,1.33335,0,0,3.75811,0,1,0,1,0,0,0,m,w
773,PAST,1,1,0.990467,0.941923,1.70606,1.90348,0,0.544755,1.82958,0,0.56659,0,0.819746,0,0,4.09986,0,0,0,1,0,0,0,m,w
774,PAST,1,1,0.985424,1.08966,1.88883,2.02231,0,0.611574,2.00479,0.526547,0.857664,0,0,0,0,4.52564,0,0,1,1,0,0,0,m,w
775,PAST,1,1,0.983061,1.04283,2.07379,1.5581,0.599444,0.703207,1.37456,0.649512,1.16412,0,0,0,0,4.51778,0,0,1,1,0,0,0,m,w
776,PAST,1,1,0.980012,1.31613,2.50012,1.28517,0,0.666235,1.46294,0.619148,1.15901,0,0,0,0,4.08608,0.537566,0,1,1,0,0,0,m,w
777,PAST,1,1,0.960205,1.87191,3.56713,1.10347,0.53761,0,0.984915,0,0.80966,0,0,0,0,4.28535,1.04964,0,0,1,0,0,0,m,w
778,PAST,1,1,0.979434,1.17725,1.92622,1.22584,0,0,0,0,0,0,1.0893,0.59495,0,4.0859,0.890556,0,0,1,0,0,0,m,w
779,PAST,1,1,0.97552,1.35614,2.04517,0.728375,0,0,0,0,0,0,1.30934,0.529562,0,3.87235,1.10377,0,0,1,0,0,0,m,w
780,PAST,1,1,0.97502,1.77671,2.14831,1.19201,0.744237,0,0,0,0,0,1.34885,0.501408,0,4.28062,1.19162,0,0,1,0,0,0,m,w
781,PAST,1,1,0.956768,1.80349,2.1057,0.823947,0,0,0,0,0,0,1.6264,0.547406,0,4.1049,1.0568,0,0,1,0,0,0,m,w
782,PAST,1,1,0.971498,1.96964,1.82507,0.958392,0,0,0,0,0,0,1.6836,0.504722,0,3.77173,1.05377,0,0,1,0,0,0,m,w
783,PAST,1,1,0.973618,1.53473,1.3857,0,0,0,0,0,0,0,1.93887,0.658734,0,2.55714,0.655,0,0,1,0,0,0,m,w
784,PAST,1,1,0.975825,1.65212,1.67701,0.686454,0,0,0,0,0,0,1.8668,0.688895,0,2.54522,0.598608,0,0,1,0,0,0,m,w
785,PAST,1,1,0.975624,1.65784,1.76878,0.502934,0.513067,0,0,0,0,0,1.8213,0.808801,0,2.33587,0.517816,0,0,1,0,0,0,m,w
786,PAST,1,1,0.972439,1.50529,1.48264,0.651171,0,0,0,0,0,0,1.68146,0.778395,0,2.77337,0.532311,0,0,1,0,0,0,m,w
787,PAST,1,1,0.972659,1.36329,1.67305,0.653313,0,0,0,0,0,0,1.77711,0.827677,0,2.90581,0,0,0,1,0,0,0,m,w
788,PAST,1,1,0.971388,1.38799,1.72162,0,0.530574,0,0,0,0,0,2.0988,0.697537,0,2.79398,0,0,0,1,0,0,0,m,w
789,PAST,1,1,0.967363,1.27342,1.60158,0.546347,0,0,0,0,0,0,1.86817,0.775689,0,3.15514,0,0,0,1,1,0,0,m,w
790,PAST,1,1,0.964993,0.716283,1.65421,1.03673,0,0,0,0,0,0,2.292,0.990086,0,2.77077,0,0,0,1,1,0,0,m,w
791,PAST,1,1,0.980687,0.789116,1.32017,0.664496,0,0,0,0,0,0,2.16275,0.892813,0,3.00298,0,1,0,1,1,0,0,m,w
792,PAST,1,1,0.979179,0.660013,1.37048,1.04924,0,0,0.872899,0,0,0,1.93826,0.977038,0,3.23934,0,0,0,1,1,0,0,m,w
793,PAST,1,1,0.976236,0.659851,0.878223,0.857629,0,0,0,0,0,0,2.18916,0.929026,0,3.05072,0,0,0,1,1,0,0,m,w
794,PAST,1,1,0.9815,0,0,1.42228,0,0,0,0,0,0,1.71702,0.726575,0,3.24446,0,1,0,1,1,0,0,m,w
795,PAST,1,1,0.981903,0,0,1.30576,0,0,0,0,0,0,1.76847,0.782929,0,3.05383,0,1,0,1,1,0,0,m,w
796,PAST,1,1,0.981248,0,0,1.4562,0,0,0,0,0,0,1.62336,0.593514,0,3.38938,0,1,0,1,0,0,0,m,w
797,PAST,1,1,0.981812,0,0,1.26171,0,0,0,0,0,0,1.53099,0.623586,0.512714,2.93623,0,1,0,1,0,0,0,m,w
798,PAST,1,1,0.981295,0,0,1.36661,0,0,0,0,0,0,1.40882,0.577882,0.785733,3.20099,0,1,0,1,0,0,0,m,w
799,PAST,1,1,0.97975,0,0,1.20551,0,0,0,0,0,0,1.43323,0.545555,0.695546,2.8717,0,1,0,1,0,0,0,m,w
800,PAST,1,1,0.978951,0,0,1.29468,0,0,0,0,0,0,1.45326,0,0,3.13465,0,1,0,1,1,0,0,m,w
801,PAST,1,1,0.978888,0,0,1.34029,0,0,0,0,0,0,1.37647,0.564617,0.505538,2.99317,0,1,0,1,0,0,0,m,w
802,PAST,1,1,0.979196,0,0,1.49852,0,0,0,0,0,0,1.51003,0.552907,0.728979,2.6723,0,1,0,1,1,0,0,m,w
803,PAST,1,1,0.982192,0,0,1.3997,0,0,0,0,0,0,1.46521,0.619615,0.758956,2.67649,0,1,0,1,0,0,0,m,w
804,PAST,1,1,0.986899,0,0,1.3473,0,0,0.522585,0,0,0,1.25417,0.572456,0.514857,2.86127,0,1,0,1,0,0,0,m,w
805,PAST,1,1,0.986726,0,0.682876,1.29977,0,0,0.739666,0,0,0,1.17371,0.534701,0,3.21835,0,1,0,1,0,0,0,m,w
806,PAST,1,1,0.98568,0,0,1.23742,0,0,0,0,0,0,1.07319,0.506664,0,3.41704,0,0,0,1,1,0,0,m,w
807,PAST,1,1,0.982379,0,0.583559,1.00419,0,0,0.624124,0,0,0,1.01313,0,0,3.05625,0,1,0,1,1,0,0,m,w
808,PAST,1,1,0.98291,0,0.823546,0.975058,0,0,0.876525,0,0,0,0.818387,0.508294,0,3.36057,0,0,0,1,1,0,0,m,w
809,PAST,1,1,0.983722,0,0.683082,1.1473,0,0,0.69451,0,0,0,0.833452,0.618884,0,3.31427,0,0,0,1,1,0,0,m,w
810,PAST,1,1,0.984419,0,0.775768,1.15389,0,0,0.769438,0,0,0,0,0.696652,0,4.15335,0.532314,0,0,0,1,0,0,m,w
811,PAST,1,1,0.978965,0,0.850634,0.872822,0,0,0,0,0,0,0,0.700823,0,4.18145,0.549609,0,0,0,1,0,0,m,w
812,PAST,1,1,0.975875,0.749496,1.38503,0.915925,0,0,0.798474,0,0,0,0,0.51059,0,4.95677,0.539882,0,0,0,1,0,0,m,w
813,PAST,1,1,0.972264,1.20486,1.62121,0.537891,0,0,1.09525,0,0,0,0,0,0,4.86074,0.688781,0,0,1,1,0,0,m,w
814,PAST,1,1,0.96023,1.68228,1.7952,0,0,0,0.978252,0,0,0,0,0,0,4.63752,0.798078,0,0,1,1,0,0,m,w
815,PAST,1,1,0.967817,1.22822,1.89002,0,0.559726,0,1.29456,0,0,0,0,0,0,4.94923,0.651063,0,0,1,1,0,0,m,w
13179,PAST,1,1,0.938635,2.44306,1.30645,0.62701,0,0,0,0.69538,0,0,0,0,0,1.10021,0.537823,0,0,0,1,0,0,w,m
13180,PAST,1,1,0.976622,1.69169,0.710461,0.549227,0,0,0,0.687447,0,0,0,0,0.536347,0,0,0,0,0,1,0,0,w,m
13181,PAST,1,1,0.981247,0.734412,0,1.16083,0,0.598992,0.534772,0.616038,0.807901,0.808408,1.34654,0,0,0,0,0,0,1,1,0,0,w,m
13182,PAST,1,1,0.982227,0.694038,0.622152,1.20153,0,0.606593,0.585523,0.616888,0.773411,0.972829,1.35857,0,0,0,0,0,0,0,1,0,0,w,m
13183,PAST,1,1,0.983321,0.808632,0.651775,1.43665,0,0.741978,0,0.718237,0.863544,1.10826,1.16849,0,0,0.654453,0,0,0,0,1,0,0,w,m
13184,PAST,1,1,0.985057,0.709281,0.566088,1.79508,0,0.902198,0.539296,0.830875,1.01741,1.11006,1.01968,0,0,1.33725,0,0,1,1,1,0,0,w,m
13185,PAST,1,1,0.979162,0,0,1.14186,0,1.06644,0,1.05494,1.08132,1.07564,0.967605,0,0,1.63903,0,0,1,1,1,0,0,w,m
13186,PAST,1,1,0.982852,0.510303,0,1.26213,0,1.21702,0,1.12028,1.52982,1.22966,0.943066,0,0,2.5384,0,0,1,0,1,0,0,w,m
13187,PAST,1,1,0.978094,0.634682,0,1.24632,0,1.19128,0,1.18337,1.83317,1.25614,0.813304,0,0,3.1643,0,0,1,0,1,0,0,w,m
13188,PAST,1,1,0.95801,1.22472,1.02998,1.44547,0.93301,0.972538,0.530283,1.04358,1.55115,1.30802,0.891119,0,0,2.78045,0.736313,0,1,0,1,0,0,w,m
13189,PAST,1,1,0.956074,1.34448,1.31915,1.38311,0.666108,0.852839,0,0.805197,1.45238,0.65714,1.0221,0,0,2.23095,0.762313,0,0,0,1,0,1,w,m
13190,PAST,1,1,0.97091,0.592714,0,1.53815,0.767922,0.954079,0.960782,0.914895,1.33413,0.766418,0,0,0,2.52305,0,0,1,0,1,0,0,w,m
13191,PAST,1,1,0.988305,0,0,1.62196,0.658219,0.71135,1.46198,0.687523,0.822232,0,0.548101,0,0,0.968752,0,0,0,0,1,0,0,w,m
13192,PAST,1,1,0.951974,0,0,1.11044,0.847957,0,2.01074,0,0.595369,0,0,0,0,1.68962,0,0,0,0,1,0,1,w,m
13208,PAST,1,1,0.86092,0,0,0,0,0.595781,0,0.531454,0.787746,0.896025,0,0,0,1.10641,0,0,0,0,0,0,0,w,m
13209,PAST,1,1,0.920569,0,0,0,0.795861,0.61258,0.741509,0.662713,0.813328,1.01016,0,0,0.770447,1.22739,0,0,0,0,0,0,0,w,m
13210,PAST,1,1,0.954126,0.504216,0.710164,0,0.577164,0,2.08199,0,0,0.568824,0,0,0.949787,0,0,0,0,0,0,0,0,w,m
13211,PAST,1,1,0.978119,1.13635,0,0,0.688886,0,1.37431,0,0,0,0,0,0.767586,0,0,0,0,0,0,0,1,w,m
13212,PAST,1,1,0.963276,1.33545,0,0,0.726151,0,1.60368,0,0,0,0,0,0,0,0,0,0,0,1,0,1,w,m
13213,PAST,1,1,0.912331,1.78288,0,0,0,0,1.2405,0,0,0,0.7365,0,0,1.0397,0.887271,0,0,0,1,0,1,w,m
13214,PAST,1,1,0.930609,1.80599,0,0,0,0,1.29748,0,0,0,0,0,0,1.29969,0.849368,0,0,0,1,0,0,w,m
13215,PAST,1,1,0.967435,1.66885,0,0,0,0,1.05757,0,0,0.728721,0.52574,0.790102,0,1.00427,0,0,0,0,1,0,0,w,m
13216,PAST,1,1,0.975487,2.0542,0,0,0,0,1.55412,0,0,0,0.659367,0.733313,0,0,0,0,0,0,1,0,1,w,m
13217,PAST,1,1,0.971032,2.04044,0,0,0,0,1.30934,0,0,0,0.913053,0.921396,0,0,0,1,0,0,1,0,0,w,m
13218,PAST,1,1,0.96899,2.21844,0.70695,0,0,0,1.40617,0,0,0,0.916186,0.785514,0,0,0,0,0,0,1,0,0,w,m
13219,PAST,1,1,0.962469,2.41899,1.29037,0,0,0,1.47152,0,0,0,0.503088,1.04801,0,0,0,0,0,0,0,0,0,w,m
13220,PAST,1,1,0.957891,2.2722,1.61873,0.672906,0,0,1.73045,0,0,0.515389,0,1.07429,0,0,0,1,0,0,0,1,0,w,m
13221,PAST,1,1,0.950842,2.50921,1.92794,0.809817,0.514341,0,1.36038,0,0,0.568331,0,1.30063,0,0,0,1,0,0,0,1,0,w,m
13222,PAST,1,1,0.945469,2.44226,1.97513,1.09279,1.02006,0,1.82376,0,0,0.892872,0,1.32852,0,0,0,1,0,0,0,1,0,w,m
13223,PAST,1,1,0.912505,2.41725,2.21516,1.12326,1.20849,0,1.38402,0.681079,0,1.26982,0,1.33292,0,0,0,1,0,0,0,1,0,w,m
13224,PAST,1,1,0.898779,2.24859,2.20354,1.11469,1.32209,0,1.69291,0.538769,0,0.869135,0,0.72386,0,0,0,1,0,0,0,0,0,w,m
13225,PAST,1,1,0.839598,2.82016,2.70496,0.836942,1.40482,0,0.64729,0.730366,0,0.677863,0,0.586117,0,0,0,1,0,0,0,0,0,w,m
13227,PAST,1,1,0.885082,1.63577,1.51643,0.72497,0.883803,0.573545,1.7842,0.55153,0,1.65006,0,0.54109,1.59713,1.31835,0.77347,1,0,0,1,0,0,w,m
13247,PAST,1,1,0.906828,1.36043,1.1181,1.49032,0,0,0,0,0,1.42711,0,0,1.70904,1.43048,0.520104,0,0,0,0,0,1,w,m
13248,PAST,1,1,0.871601,1.29868,0.714165,2.48246,0,0,0,0,0,0.821469,0.506075,0.676618,1.55995,1.64401,0,1,0,0,1,0,1,w,m
13249,PAST,1,1,0.800999,1.94521,0.696256,1.55282,0,0,1.09194,0,0,0.634355,0,0,0.600371,1.29356,0,1,0,0,0,0,1,w,m
13250,PAST,1,1,0.738414,1.70548,0,1.54652,0,0,0,0,0,0.990842,0,0,1.14821,1.67552,0,1,1,0,1,0,1,w,m
13251,PAST,1,1,0.72582,1.9828,0.749612,1.60015,0,0,0,0,0,1.2545,0,0.781096,1.34904,1.70352,0,1,1,0,1,0,1,w,m
13298,PAST,1,1,0.908428,0,0,0.771836,0,0.644609,0,0.602491,1.11701,1.92188,0,0,0,0,0,0,1,0,0,0,0,w,m
13299,PAST,1,1,0.9537,0,0,0.618462,0,0.913414,0,0.963098,1.01878,2.14149,0,0,0,0.738936,0,0,1,0,0,0,0,w,m
13300,PAST,1,1,0.98837,0,0,1.08428,0,0.837054,1.2124,0.780203,0.905478,2.19577,0,0,0,1.25102,0,0,0,0,0,0,0,w,m
13301,PAST,1,1,0.984825,0,0,1.44563,0,0.732429,1.9623,0.89005,0.928562,2.11998,0.807261,0,0,1.27079,0,0,0,0,1,0,0,w,m
13302,PAST,1,1,0.962779,0.826623,0,2.42443,0,0,2.75719,0.530604,0.807043,1.65349,1.27311,0,0,0.981946,0,1,0,0,1,0,0,w,m
13303,PAST,1,1,0.868065,1.25499,0,2.51124,0,0,2.74037,0.52094,0.570855,1.58708,1.32505,0,0,0,0,1,0,0,1,0,0,w,m
13304,PAST,1,1,0.897695,1.1838,0,2.43642,0,0,2.60046,0,0.856217,1.39142,0.722341,0,0,0,0,1,0,0,1,0,0,w,m
13305,PAST,1,1,0.919995,0.824291,0,1.91601,0,0,0.892362,0,0.837036,1.26311,0.902411,0,0,0,0,1,0,0,0,0,0,w,m
13327,PAST,1,1,0.967152,0,0,0.684393,0.608688,0,0,0,0.73649,0,1.82574,0,0,0.594766,0,0,0,0,1,0,0,w,m
13328,PAST,1,1,0.973324,0,0,0.639035,0.809478,0,0,0,0,0.555503,1.72294,0,0.801162,1.2437,0,0,0,0,1,0,0,w,m
13329,PAST,1,1,0.970036,0,0,0.908998,0.504576,0,0,0,0,0,1.93883,0,0.632938,1.30966,0,0,0,0,1,0,1,w,m
13330,PAST,1,1,0.974577,0,0,1.01696,0.60039,0,0,0,0,0,1.44139,0,0.712798,1.88825,0,0,0,0,1,0,1,w,m
13331,PAST,1,1,0.976013,0,0,0.848973,0.701261,0,0.714907,0,0,0,1.62431,0,0,1.41695,0,0,0,0,1,0,1,w,m
13332,PAST,1,1,0.981764,0,0,0.690438,0,0,0.574651,0,0.545649,0,1.77867,0,0,0.986153,0,0,0,0,1,0,1,w,m
13333,PAST,1,1,0.976392,0,0,0.632185,0,0,0.5846,0,0,0,1.41411,0,1.07108,1.66181,0,0,0,0,1,0,1,w,m
13334,PAST,1,1,0.980439,0,0,0.614354,0,0,0,0,0.606762,0,1.46941,0,0.862738,1.09174,0,0,0,0,1,0,1,w,m
13335,PAST,1,1,0.982255,0,0,0.760131,0.544872,0,0,0,0.669572,0,1.47267,0,0.726878,0.977354,0,0,0,0,1,0,1,w,m
13336,PAST,1,1,0.981635,0,0,0.542049,0,0,0,0,0.698167,0.670869,1.23361,0,0.807226,1.15878,0,0,0,0,1,0,1,w,m
13337,PAST,1,1,0.982738,0,0,0,0.543788,0,0,0,0.646347,0.708301,1.17417,0,1.13952,1.40773,0,0,0,0,1,0,1,w,m
13338,PAST,1,1,0.983633,0,0,0.501561,0.519826,0,0,0,0.927977,0.910145,1.06802,0,0.755132,1.17327,0,0,0,0,1,0,1,w,m
13339,PAST,1,1,0.984701,0,0,0,0.621006,0,0,0,0.898942,0.918405,1.20452,0,0.641443,0.8887,0,0,1,0,1,0,1,w,m
13340,PAST,1,1,0.985219,0,0,0,0.76795,0,0,0,1.04337,0.809268,0.825869,0,0.670604,1.24877,0,0,0,0,1,0,0,w,m
13341,PAST,1,1,0.983808,0,0,0,0.71029,0,0,0,1.00722,0.9489,1.01242,0,0.825499,1.01721,0,0,0,0,1,0,1,w,m
13342,PAST,1,1,0.983513,0,0,0,0.693956,0.521387,0,0,1.1672,0.982829,0.65287,0,0.988582,1.23852,0,0,1,0,1,0,1,w,m
13343,PAST,1,1,0.982727,0,0,0,0.746344,0.501236,0,0,1.17291,0.941407,0.537263,0,0.726293,1.27785,0,0,1,0,1,0,0,w,m
13344,PAST,1,1,0.981626,0,0,0,0,0.521658,0,0,1.14348,0.845301,0.571418,0,1.11849,1.1096,0,0,0,0,1,0,0,w,m
13345,PAST,1,1,0.979906,0,0,0,0.530083,0,0,0,1.17623,0.864274,0,0,1.15066,1.29838,0,0,0,0,1,0,0,w,m
13346,PAST,1,1,0.97898,0,0,0,0,0.582764,0,0.510164,1.43185,1.0145,0.759407,0,0.890008,1.18442,0,0,1,0,1,0,0,w,m
13347,PAST,1,1,0.980448,0,0,0,0,0.588153,0,0,1.36448,0.907427,0.640507,0,1.08745,0.983915,0,0,1,0,1,0,0,w,m
13348,PAST,1,1,0.980439,0,0,0,0,0.652903,0,0.588898,1.48276,1.20776,0.523913,0,1.22575,0.991705,0,0,1,0,1,0,1,w,m
13349,PAST,1,1,0.978287,0,0,0,0,0.699712,0,0.587531,1.57221,1.03557,0,0,0.934986,1.16832,0,0,1,0,1,0,1,w,m
13350,PAST,1,1,0.975625,0,0,0,0,0.686104,0,0.641539,1.51069,0.982933,0,0,1.12905,0,0,0,1,0,1,0,0,w,m
13351,PAST,1,1,0.97076,0,0,0,0,0.693417,0,0.619322,1.59568,0.998976,0,0,1.07761,0.664647,0,0,1,0,1,0,0,w,m
13352,PAST,1,1,0.969625,0,0,0,0,0.661011,0,0.57145,1.53511,1.03311,0,0,1.03234,0,0,0,1,0,1,0,0,w,m
13353,PAST,1,1,0.973389,0,0,0,0,0.650104,0,0.573656,1.49185,1.03799,0,0,1.16965,0.585632,0,0,1,0,1,0,0,w,m
13354,PAST,1,1,0.976241,0,0,0,0,0.591864,0,0.525795,1.37281,1.06116,0.549012,0,1.35658,0.68042,0,0,0,0,0,0,1,w,m
13355,PAST,1,1,0.971814,0,0,0,0,0,0,0,1.17005,0.917122,0.651812,0,1.17732,0.682432,0,0,0,0,0,0,1,w,m
13356,PAST,1,1,0.941214,0,0,0,0.68352,0,0,0,0.612494,0.751384,1.22289,0,1.3227,0.791753,0,0,0,0,0,0,0,w,m
13357,PAST,1,1,0.746525,0,0,0,0,0,0,0,0.656672,0.51054,0,0,0,0,0,0,0,0,0,0,0,w,m
13358,PAST,1,1,0.98484,0,1.7811,0,1.26944,0,0.625098,0.734256,0,1.18844,0.631589,1.10599,0.999806,0,0,0,0,0,1,0,1,w,m
13359,PAST,1,1,0.98515,1.10279,1.85517,0.830864,1.01073,0,1.40387,0.86335,0,1.40514,0,0.985346,0.786452,0,0,0,0,0,1,0,1,w,m
13360,PAST,1,1,0.958804,1.37236,1.73374,0.960377,1.5315,0,0.789929,0.739358,0,0.806859,0.700321,0,0.536351,1.83175,0.668553,1,0,0,1,0,1,w,m
13361,PAST,1,1,0.955296,1.30907,1.83821,0.869417,0.852746,0,1.12981,0.51412,0,0.660938,1.53298,0,0,3.36055,0.720106,0,0,0,1,0,1,w,m
13362,PAST,1,1,0.917493,1.28382,1.50482,0.773052,0.7255,0,0,0,0,0,2.22258,0,0,2.6974,0.641034,0,0,0,1,0,1,w,m
13363,PAST,1,1,0.80245,1.03666,1.25452,0,0.582054,0,0,0,0,0,1.78242,0,0,1.23319,0.736762,0,0,0,1,0,1,w,m
13364,PAST,1,1,0.780924,1.26687,1.91126,0,0.52104,0,0,0,0,0,1.30772,0,0,0.822897,0.901888,0,0,0,0,0,1,w,m
13369,PAST,1,1,0.814215,1.99254,0.711018,0,0.865117,0,2.1084,0,0.808724,0,0,0,0.581985,1.36915,0.952233,1,0,0,1,0,1,w,m
13370,PAST,1,1,0.950025,0,0,0,0.69434,0,1.1083,0,0,0,0.741979,0,0.658878,1.49467,0.500313,0,0,0,1,0,1,w,m
13371,PAST,1,1,0.896349,0,0,0,0,0,0,0,0,0.711332,0,0.587508,0.693616,1.60679,0.550971,0,0,0,0,0,0,w,m
13372,PAST,1,1,0.91024,0,0,0,0.622771,0,0,0,0,0,0,0,0.993438,3.0586,0.587146,0,0,0,1,0,1,w,m
13373,PAST,1,1,0.963106,0.598727,0.989804,0,0.678363,0,0.822907,0,0,0.715458,0.969366,0,1.41733,2.98773,0,0,0,0,1,0,1,w,m
13374,PAST,1,1,0.972597,0.808782,0.923026,1.07953,0,0,1.47308,0,0,0.733953,0.971316,0,0.699696,1.73264,0,0,0,0,1,0,1,w,m
13375,PAST,1,1,0.980677,0.632406,0.729977,1.08614,0,0,0.808898,0,0,0,1.32586,0,0,0.603413,0,0,0,0,1,0,1,w,m
13376,PAST,1,1,0.972869,0,0,0.986231,0,0,0.798091,0,0.663187,0.815888,0.81806,0,0,0,0,0,0,0,1,0,1,w,m
13377,PAST,1,1,0.975342,0,0,0.829498,0,0,1.05711,0.525067,0.98704,0.913375,0.817546,0,0,0,0,0,0,0,1,0,1,w,m
13378,PAST,1,1,0.981699,0,0,1.15358,0,0,1.49949,0,1.01255,1.34822,0.860135,0,0.88941,0.863422,0,0,1,0,1,0,1,w,m
13379,PAST,1,1,0.988166,0,0,1.34106,0,0,0.962364,0.556776,0.5788,1.07783,0.522327,0,0.729201,1.61131,0.502032,1,0,0,1,0,1,w,m
13380,PAST,1,1,0.965227,0,0,1.41205,0,0,0.872164,0,0,0,1.16274,0,1.03168,2.79501,0.999337,1,0,0,1,0,1,w,m
13381,PAST,1,1,0.952247,0.574455,0,0.947412,0,0,0,0,0,0,1.21637,0,1.13236,3.46007,0.693043,1,0,0,1,0,1,w,m
13382,PAST,1,1,0.731298,1.12165,1.42276,1.05386,0,0,0.903514,0,0.57138,0,0,0,0.794151,0,0.556482,1,0,0,0,0,1,w,m
13383,PAST,1,1,0.92333,1.40087,0.923519,1.00554,0,0,0.941046,0,0,0,0.941366,0,0.762231,3.85785,1.07021,0,0,0,0,0,1,w,m
13384,PAST,1,1,0.981196,0,0,0.851707,0,0,0.919022,0,0,0,0.533196,0,0,2.71102,1.04364,1,0,0,1,0,1,w,m
13385,PAST,1,1,0.988653,0,0,0.761163,0,0,0.723577,0,0.519394,0,0.576743,0,0.802093,2.60799,1.009,0,0,0,1,0,1,w,m
13386,PAST,1,1,0.98671,0,0,0.737038,0,0,0.533359,0,0,0.525532,0.69339,0,0.849578,2.13379,0.786779,1,0,0,1,0,1,w,m
13387,PAST,1,1,0.974427,1.05719,0,0,0,0,1.63954,0,0,0,0.570583,0,1.0462,2.0372,0.552791,0,0,0,1,0,0,w,m
13388,PAST,1,1,0.95471,0.554858,0.97505,0,0,0,0,0,0,0,0,0,1.73916,1.48843,0.68965,0,0,0,0,0,1,w,m
13389,PAST,1,1,0.937188,0.600035,0,0.798541,0,0.519978,0.573314,0.532752,0,0,0,0,1.69312,1.8498,0.914745,0,0,1,1,0,0,w,m
13390,PAST,1,1,0.844205,0.607856,0,0.71986,0,0,1.05089,0,0,0,0.770298,0,1.76613,2.13287,1.20063,0,0,1,1,0,0,w,m
13391,PAST,1,1,0.884535,0,1.19094,0,0,0,0.516903,0,0,0,0.869291,0,0.633636,1.33626,1.32558,0,0,0,1,0,1,w,m
13392,PAST,1,1,0.911359,0.581672,0,0,0,0,0,0,0,0,0.991482,0,0,1.36966,1.28053,1,0,0,1,0,1,w,m
13393,PAST,1,1,0.937707,0,0,0,0,0,0,0,0,0,1.38982,0,0,2.27931,0.864352,1,0,0,1,0,1,w,m
13394,PAST,1,1,0.95883,0,0,0.540112,0,0,0.604342,0,0,0,1.26268,0,0.708669,2.92508,1.10191,1,0,0,1,0,1,w,m
13395,PAST,1,1,0.961672,0,0,0.602976,0,0,1.30941,0,0,0,0.853164,0,0.570499,1.49059,0.886523,0,0,0,1,0,1,w,m
13396,PAST,1,1,0.973608,0,0,0,0,0,1.15038,0,0,0,1.59485,0,0.808964,1.5153,0.817063,1,0,0,1,0,1,w,m
13397,PAST,1,1,0.982201,0,0,0,0,0,0.846483,0,0,0,1.264,0,0,1.23815,0.542339,0,0,0,1,0,1,w,m
13398,PAST,1,1,0.984225,0,0.699159,0,0,0,1.02004,0,0,0,1.42988,0,0,1.03392,0,0,0,0,1,0,1,w,m
13399,PAST,1,1,0.976164,0,0,0,0,0,0.704789,0,0,0,1.49281,0,0,0.603656,0,0,0,0,1,0,0,w,m
13400,PAST,1,1,0.955853,0,0,0,0,0.501833,0.508569,0.545455,0.927432,0.527059,1.45488,0,0.868955,1.06895,0,0,0,1,1,0,0,w,m
13401,PAST,1,1,0.957956,0,0,0,0,0.521306,0.595478,0.554598,0.965145,0.610035,1.11248,0,1.19793,0,0,0,0,0,1,0,0,w,m
13402,PAST,1,1,0.969338,0,0,0,0,0,0.846915,0,0.760861,0.925518,1.27193,0,1.56575,0,0,0,0,1,1,0,0,w,m
13403,PAST,1,1,0.974411,0,0,0,0,0,0.799267,0,0,0.552398,1.18455,0,1.49954,0,0,0,0,0,0,0,0,w,m
13404,PAST,1,1,0.97264,0,0,0,0,0,0,0,0,0.518649,1.24216,0,1.69345,0,0,0,0,0,1,0,1,w,m
13405,PAST,1,1,0.976695,0,0,0,0,0,0.646501,0,0,0,1.20385,0,1.45732,0,0,0,0,0,1,0,0,w,m
13406,PAST,1,1,0.980512,0,0,0,0,0,0,0,0,0.71108,1.27273,0,1.17684,0,0,0,0,0,1,0,1,w,m
2473,PAST,1,1,0.833184,1.60548,1.21139,1.08753,1.19871,0,0,0,0,0,0,0,0,2.24259,0,1,1,0,1,0,0,w,w
2474,PAST,1,1,0.791972,1.07057,0.83407,0.573065,0,0,0,0,0.605918,0,0,0,0,1.05575,0,1,1,0,0,0,0,w,w
2521,PAST,1,1,0.752469,1.24777,0,1.79501,0,0,1.09951,0,0,1.14868,1.08015,1.10409,0,1.18221,0,1,0,1,1,0,0,w,w
2522,PAST,1,1,0.779243,1.19299,0,1.47567,0,0,1.2104,0,0.521828,1.17117,1.68532,1.03175,0.63967,0.73366,0,1,0,1,1,0,0,w,w
2523,PAST,1,1,0.77007,1.04946,0,1.62524,0,0,0.975724,0,0,1.12567,1.70304,1.11094,0,1.09566,0,1,0,1,0,0,0,w,w
2524,PAST,1,1,0.741006,0,0,1.07589,0,0,1.10271,0,0,1.14924,1.13415,1.05352,0,1.38597,0,1,0,1,0,0,0,w,w
