time_stamp,word,frame,success,confidence,AU01_r,AU02_r,AU04_r,AU05_r,AU06_r,AU09_r,AU10_r,AU12_r,AU14_r,AU15_r,AU17_r,AU20_r,AU25_r,AU26_r,AU04_c,AU12_c,AU15_c,AU23_c,AU28_c,AU45_c,speaker_gender,listener_gender
47473,TRAVEL,1,1,0.77067,0.743726,1.523,0.579674,1.80029,0,0,0,0.584934,1.07131,0,1.25563,0,0,0,0,1,0,1,1,0,m,w
47479,TRAVEL,1,1,0.795262,0,1.8649,0.666972,1.17407,0,0,0,0,0,0,0,0,0,0,1,1,0,1,0,0,m,w
2745,TRAVEL,1,1,0.77211,2.44858,3.93038,0,1.30652,0,0,0.832834,0.985211,0,0,0,1.12003,1.82427,0,0,0,1,1,1,0,w,w
2767,TRAVEL,1,1,0.781229,2.21761,2.76349,0,1.1982,0,0,0.598201,0.812371,0,0,0.59255,0,0.701366,0,0,0,1,1,1,0,w,w
2768,TRAVEL,1,1,0.876549,1.51184,2.08668,0,0.986039,0,0,0,0.830437,0,0,0,0,0.557778,0,0,0,1,1,0,0,w,w
2769,TRAVEL,1,1,0.923478,1.21094,2.22207,0,1.11114,0,0,0,0.860636,0,0.735235,0,0,0.952348,0,0,0,0,1,0,0,w,w
2770,TRAVEL,1,1,0.981645,1.19999,1.59873,1.18065,1.1079,0,0,0,0.927744,0,0.693414,0,0,0.925186,0,0,0,0,1,0,0,w,w
2801,TRAVEL,1,1,0.949225,0.976395,0,1.00083,1.23427,0,0.866913,0,0,0,0,0.706431,0,0,0,0,0,1,0,0,0,w,w
2802,TRAVEL,1,1,0.959293,0,0.779629,0,0,0,0.582766,0,0.600262,0,0.685543,0,0,2.11801,0,0,0,1,0,0,0,w,w
2803,TRAVEL,1,1,0.974687,0,1.48242,0,0.651001,0,0.934882,0,0.730599,0,0,0.534926,0,0.988284,0,0,0,1,0,0,1,w,w
2804,TRAVEL,1,1,0.972903,0.816412,1.92946,0.728413,0.535855,0,1.44982,0,0,0.581912,0,0.7052,0,0,0,0,0,1,0,1,0,w,w
2805,TRAVEL,1,1,0.961204,0.746586,1.70908,0.991739,0,0,1.53002,0.59541,0.641227,0.999194,0,0.746686,0,0,0,0,0,1,0,1,0,w,w
2806,TRAVEL,1,1,0.94512,0.70561,0.926505,0.73768,0,0,0.886759,0,0,0.820255,0,0.785166,0,0,0,0,0,1,0,0,0,w,w
2807,TRAVEL,1,1,0.946093,0.75575,0.900294,0.505441,0,0,0.604296,0,0.506474,0.736693,0,0.682447,0.743598,0,0,0,0,0,0,0,0,w,w
2834,TRAVEL,1,1,0.911713,1.83734,1.98548,0,0,0,1.79997,0,0,0,0,0,0,0,0,0,0,0,0,0,0,w,w
2835,TRAVEL,1,1,0.93681,2.32551,0,0,0.695154,0,1.74291,0,0,0,0,0.554187,0,0,0,0,0,0,0,0,1,w,w
2836,TRAVEL,1,1,0.945492,2.12605,0,0,0.912356,0,1.59015,0,0.557552,0,0.534804,0,0,0,0,0,0,0,0,0,1,w,w
2837,TRAVEL,1,1,0.94948,2.04147,0,0,0.794916,0,1.86757,0,0,0,0,0.503216,0,0,0,0,0,0,0,0,1,w,w
2838,TRAVEL,1,1,0.959034,1.80285,0.536733,0,0.667826,0,1.64204,0,0,0,0,0,0,0,0,0,0,0,0,0,0,w,w
2839,TRAVEL,1,1,0.952959,1.66609,0.579829,0,0.579437,0,1.74315,0,0,0,0,0,0,0,0,0,0,0,0,0,0,w,w
2840,TRAVEL,1,1,0.926923,1.81327,0,0,0,0,1.71319,0,0.663005,0,0.586687,0,0,1.7924,0,0,0,0,0,0,1,w,w
2841,TRAVEL,1,1,0.897938,1.9971,0,0,0,0,1.74124,0,0.662802,0,1.21761,0,0,0,0.626647,0,0,0,0,0,1,w,w
2842,TRAVEL,1,1,0.909479,2.18458,0.609518,0,0,0,1.31483,0,0.929544,0,0.635368,0,0,0,0,0,0,0,0,0,0,w,w
2843,TRAVEL,1,1,0.849482,1.89046,1.36624,0,0,0,1.40216,0,0.670244,0,1.01541,0,0,0,0,0,0,0,0,0,0,w,w
2844,TRAVEL,1,1,0.869081,1.15569,0,0,0,0,0,0,1.05122,0,0,0,0,0,0,0,0,0,0,0,0,w,w
2916,TRAVEL,1,1,0.795334,1.92589,0.614707,0.526583,1.32322,0.617296,0,1.00766,1.37845,0.665321,0,0.904425,1.54618,2.08014,0,0,0,0,1,1,0,w,w
2917,TRAVEL,1,1,0.804046,1.70083,0.778765,1.50207,0,0.600484,0,1.17022,1.10117,1.47455,0,1.06072,1.34124,2.61092,0,0,1,1,1,1,0,w,w
2918,TRAVEL,1,1,0.952805,0.554175,0.754563,1.68619,0,0,0,0.519397,0.868421,0,0,0.659083,0,0,0,0,0,1,0,0,0,w,w
2919,TRAVEL,1,1,0.929446,1.22577,0,1.60061,0.869634,0,0,0.677927,0,0.547772,0,0.573511,0,0,0,0,0,1,1,0,0,w,w
2920,TRAVEL,1,1,0.845483,1.60602,0,1.61886,0,0,0,0.621598,0.889001,0.717699,0,0,0,1.46041,0,0,1,0,0,0,0,w,w
2921,TRAVEL,1,1,0.972377,0.89463,1.19064,1.19156,0.975753,0,0,0,0,0,0,0,0,0,0,0,0,1,0,0,1,w,w
2922,TRAVEL,1,1,0.973607,0.843467,0.913817,0.523842,0.882045,0,0,0,0.636345,1.01345,0,0,0,0,0,0,0,1,0,0,0,w,w
2923,TRAVEL,1,1,0.967403,0.939316,1.09223,0,0.522256,0,0.768873,0,0.646446,1.17172,0,0,0,0,0,0,0,1,0,0,1,w,w
2924,TRAVEL,1,1,0.970586,0.795361,0.943776,0.877755,0.513834,0,1.07569,0,0.636067,1.30771,0,0,0,0,0,0,0,1,0,0,1,w,w
2925,TRAVEL,1,1,0.965434,0.830938,0.766816,0.67123,0.517356,0.551453,1.20241,0.64635,0.789712,1.09947,0,0,0,0,0,0,0,1,0,0,1,w,w
2926,TRAVEL,1,1,0.969549,0.912147,0.588367,1.06327,0,0,1.31736,0.605242,0.94021,0.98216,0,0,0,0,0,0,0,0,0,0,1,w,w
2927,TRAVEL,1,1,0.967643,1.03513,0,0.845234,0,0,1.30514,0.538521,1.26028,0.653569,0,0,0,0,0,0,0,0,0,0,0,w,w
2928,TRAVEL,1,1,0.969813,0.77962,0,1.23431,0,0,1.39989,0,1.16733,0,0,0,0,0,0,0,0,0,0,0,0,w,w
