time_stamp,word,frame,success,confidence,AU01_r,AU02_r,AU04_r,AU05_r,AU06_r,AU09_r,AU10_r,AU12_r,AU14_r,AU15_r,AU17_r,AU20_r,AU25_r,AU26_r,AU04_c,AU12_c,AU15_c,AU23_c,AU28_c,AU45_c,speaker_gender,listener_gender
44994,BORROW,1,1,0.765157,1.34502,2.25062,0.68153,1.31264,0,0,0.505838,0,0,0,0,0,0,0,1,0,1,0,0,1,m,m
44995,BORROW,1,1,0.7931,2.0408,2.36814,2.44621,0,0,1.15908,0,0,0,0,0.984002,0,2.19282,0,1,0,1,0,0,1,m,m
44996,BORROW,1,1,0.91261,1.72882,2.10658,3.19036,1.01158,0,1.92229,0,0,0,0,0,0,1.46484,0,1,0,1,0,0,1,m,m
45001,BORROW,1,1,0.812956,2.60649,2.23456,2.73122,0.873314,0,0,0,0,0,0,0,0,1.5936,0.581623,1,0,1,0,0,0,m,m
45002,BORROW,1,1,0.79311,2.34739,2.63392,3.10657,1.08233,0,0.819641,0,0,0,0,0,0,2.05014,0,1,0,1,0,0,0,m,m
45003,BORROW,1,1,0.794353,2.28652,2.38027,3.16221,1.33473,0,0.713306,0,0,0,0,0,0,1.97922,0,1,0,1,0,0,0,m,m
45004,BORROW,1,1,0.785215,1.99263,2.38438,2.62865,1.33214,0,0.598955,0,0,0,0,0.504901,0,1.56698,0,1,0,1,0,0,0,m,m
45005,BORROW,1,1,0.779771,2.38813,2.34646,2.32214,1.14268,0,0.620882,0,0,0,0,0,0,1.5053,0,1,0,1,0,0,0,m,m
45006,BORROW,1,1,0.82895,2.83543,2.6485,2.69621,0.681466,0,1.24761,0,0,0,0,0.792824,0,2.1159,0,1,0,1,0,0,1,m,m
45007,BORROW,1,1,0.735728,2.52713,2.39063,2.10351,2.32457,0,1.44986,0,0.737524,0,0,0,0,1.83054,0,1,0,1,0,0,0,m,m
45013,BORROW,1,1,0.784298,1.68355,1.33292,1.25822,1.61845,0,0,0,0,0,0,0,0,2.45994,0.594678,0,0,1,0,0,0,m,m
45014,BORROW,1,1,0.837152,1.73719,1.40077,1.09072,1.48484,0,0,0,0,0,0,0,0,2.70138,0.641701,0,0,0,0,0,0,m,m
45015,BORROW,1,1,0.818994,1.4315,1.47043,0.953697,1.47908,0,0,0,0,0,0,0,0,2.66475,0.570787,0,0,1,0,0,0,m,m
45016,BORROW,1,1,0.812054,1.47313,1.89441,0.732209,1.20731,0,0,0,0,0,0,0,0,2.19743,0.563626,0,0,0,0,0,0,m,m
45017,BORROW,1,1,0.804064,1.52577,1.9305,0.989487,1.1249,0,0,0,0,0,0,0,0,2.25192,0.608813,0,0,0,0,0,0,m,m
45018,BORROW,1,1,0.832337,1.67852,1.69216,1.33663,0.748631,0,0,0,0,0,0,0,0,2.04383,0.716862,0,0,0,0,0,0,m,m
45019,BORROW,1,1,0.858609,1.586,1.19603,1.07909,0.869607,0,0,0,0,0,0,0,0,2.02886,0.654035,0,0,1,0,0,0,m,m
45020,BORROW,1,1,0.885054,1.89681,1.34605,1.12976,0,0,0,0,0,0,0,0,0,2.66947,0.640887,1,0,0,0,0,0,m,m
45021,BORROW,1,1,0.92736,1.5015,1.52857,1.19138,0,0,0,0,0,0,0,0,0,1.71737,0.760779,1,0,0,0,0,0,m,m
55134,BORROW,1,1,0.899107,0.758085,0,0,0,0,0,0,0,0,0,0.588026,0,2.26494,0,0,0,1,0,0,1,m,m
55135,BORROW,1,1,0.929059,0.888161,0,0,0,0,0,0,0.663768,0,0,0,0,0,0.683931,0,0,1,1,0,1,m,m
55136,BORROW,1,1,0.961764,0.921981,0,0,0,0,0,0,0,0,0,0,0,1.97961,0,0,0,1,0,0,1,m,m
55137,BORROW,1,1,0.952487,1.12952,0,0,0.523008,0,0,0,0.638863,0,0,0,0,0.818497,0,1,1,1,0,0,1,m,m
55138,BORROW,1,1,0.963771,1.20102,0,1.07877,0,0,0.731725,0,0.974221,0,0,0,0.590988,0.921103,0,1,1,1,0,0,1,m,m
55139,BORROW,1,1,0.959673,0.911263,0,0.719225,0,0,0.835814,0.692153,0.994743,1.06858,0,0,0,1.15838,0,1,1,1,0,0,1,m,m
55140,BORROW,1,1,0.936987,0.613671,0,0,0,0,1.27786,0.82446,0.983857,1.94,0,0.537755,0.69497,2.31437,0,0,1,1,0,0,1,m,m
55175,BORROW,1,1,0.883828,0.927875,0,0.875715,0,0,0.870934,0.525184,0,1.62095,0,0,1.13667,0,0,0,0,1,1,0,1,m,m
55176,BORROW,1,1,0.906044,0.694458,0,1.03398,0,0,0.964474,0.718062,0,1.49184,0,0,0.933077,0,0,1,0,1,1,0,1,m,m
55177,BORROW,1,1,0.914889,0,0,1.88713,0,0,0,0.635766,0,0.94173,0,0,0.745313,1.70966,0,1,0,1,1,0,1,m,m
55178,BORROW,1,1,0.934053,0,0,1.86932,0,0,0,0,0,0.846311,0,0,0,1.80502,0,1,0,1,1,0,1,m,m
55179,BORROW,1,1,0.923338,0,0,1.62943,0,0,0,0,0,0.68391,0,0,0.890523,2.23546,0,1,0,1,1,0,1,m,m
55180,BORROW,1,1,0.92328,0,0,2.12403,0,0,0,0,0,0,0,0,0.990018,2.46493,0,1,0,1,1,0,1,m,m
55181,BORROW,1,1,0.921844,0.637155,0,2.23051,0,0,0.657736,0,0,0,0,0,0.837657,2.42608,0,1,0,1,1,0,1,m,m
55182,BORROW,1,1,0.949225,0.776649,0,1.81506,0,0,0.7161,0,0,0,0.568161,0,0.896122,1.60312,0,1,0,1,1,0,1,m,m
55183,BORROW,1,1,0.955118,1.54665,0,1.55586,0,0,1.05859,0,0,0,0.969435,0,0.861718,1.48261,0,1,0,1,1,0,1,m,m
55184,BORROW,1,1,0.940119,1.00477,0,1.53495,0,0,0,0,0,0,0.765939,0,2.24818,3.53612,0,1,0,1,1,0,1,m,m
55185,BORROW,1,1,0.900511,0.673537,0,1.15343,0,0,0,0,0,0,1.27492,0,2.29114,2.75444,0,1,0,1,1,0,1,m,m
55186,BORROW,1,1,0.897762,0,0,0.963419,0.638331,0,0,0,0,0,0.597923,0,2.05642,3.54689,0,1,0,1,1,0,1,m,m
55187,BORROW,1,1,0.888506,0,0,0.631032,0.620467,0,0,0,0,0,0.786895,0,1.67395,3.73658,0,1,0,1,1,0,1,m,m
55188,BORROW,1,1,0.894639,0,0,0.832864,0.58832,0,0,0,0,0,0.511579,0,1.83635,3.55918,0,1,0,1,1,0,1,m,m
55189,BORROW,1,1,0.877653,0,0,0.689755,0.631395,0,0,0,0,0,0.709644,0,1.88502,3.22411,0,1,0,1,1,0,1,m,m
44832,BORROW,1,1,0.945739,0,0,2.46587,0,0,0,0,0,0.576857,0.506664,0,1.37554,1.25738,0.561397,1,0,1,1,0,0,m,m
44833,BORROW,1,1,0.932481,0,0,1.84037,0,0,0.621027,0,0,0.559019,0,0.553078,1.39856,1.05439,0,1,0,1,1,0,0,m,m
44834,BORROW,1,1,0.92052,0,0,1.86183,0,0,0.587598,0,0,0,0,0.533966,1.72053,0,0,1,0,1,1,0,1,m,m
44884,BORROW,1,1,0.886932,0,0.597181,1.44169,0,0.945161,0,1.2183,0.781179,0.851916,0,0,1.05663,0,0,1,1,1,0,0,0,m,m
44885,BORROW,1,1,0.916874,0,0.821356,1.10886,0,1.08922,0.999509,1.39968,0.781218,0.944988,0,0,0,0.675406,0.591576,1,1,1,0,0,0,m,m
44886,BORROW,1,1,0.903051,0,1.19648,1.1307,0,1.30902,1.79144,1.49284,1.17764,1.35829,0,0,0,1.61758,0.637279,1,1,1,0,0,0,m,m
44887,BORROW,1,1,0.883572,0.504834,1.01225,0.94865,0,1.36117,1.11577,1.55407,1.32773,1.51377,0,0,0.924536,1.5756,0.610043,1,1,1,0,0,0,m,m
44888,BORROW,1,1,0.845796,0,0.539315,0.663236,0,1.41109,0.765722,1.61138,1.7002,1.82707,0,0,1.10534,1.33992,0.642829,0,1,0,0,0,0,m,m
44889,BORROW,1,1,0.82416,0,0.687224,0.871043,0,1.41047,0.820907,1.67327,1.82525,1.71791,0,0.615116,1.42722,2.06056,0.665298,0,1,1,0,0,0,m,m
44890,BORROW,1,1,0.833886,0,0.749824,1.22989,0,1.2286,0.553591,1.45646,1.55938,1.55822,0,0.576744,1.66671,2.30962,0.686791,1,1,1,0,0,0,m,m
44891,BORROW,1,1,0.882862,0.584615,1.06132,1.59332,0,1.18649,0,1.43034,1.54026,1.73901,0,0.753906,2.0839,1.98371,0.661257,0,1,1,0,0,0,m,m
46202,BORROW,1,1,0.81554,0.722044,1.38393,1.18282,0,0.595619,1.4063,0.812166,0,0.959205,0.722795,0,1.29666,0,0,1,1,1,1,0,0,m,m
46203,BORROW,1,1,0.802801,1.17248,1.20921,1.86084,0,0.853555,0.714104,1.05536,0,0.664915,0.733148,0,1.10452,0,0.566423,1,1,0,1,0,0,m,m
46204,BORROW,1,1,0.824138,0.674178,1.04766,1.68075,0,0.908914,1.04935,1.09972,0.59624,1.01921,0.990366,0,1.5703,0.577905,0.571579,1,1,0,0,0,0,m,m
46205,BORROW,1,1,0.842115,0.767481,1.25739,1.19322,0,0.901254,1.08986,1.13402,0.552047,0.914072,0.73642,0,1.44147,0.603313,0,1,1,0,1,0,0,m,m
46206,BORROW,1,1,0.821233,0.60404,1.20852,1.0615,0,0.787528,1.69922,1.03656,0.747021,1.24538,0,0,1.28437,0,0,0,1,0,1,0,0,m,m
46207,BORROW,1,1,0.811004,0,1.48293,0.517701,0,0.889504,1.6569,1.13268,1.01961,1.28419,0,0,0.867387,1.23902,0,0,1,0,1,0,0,m,m
46208,BORROW,1,1,0.744968,0,1.269,0.863014,0.831054,0.786413,0,1.00744,1.44767,1.35487,0.508004,0.76356,0.730397,0.954768,0,0,1,0,1,0,0,m,m
46209,BORROW,1,1,0.862147,0,0.574072,1.16324,0,0.799755,1.15535,0.912761,1.30454,1.79486,0,0,0,0.624548,0.505025,0,1,1,1,0,0,m,m
48960,BORROW,1,1,0.849505,0.682659,0.675695,0.689854,0.741586,0,0,0,0,0,0,0,1.3512,0.975553,0.517869,1,0,0,1,0,0,m,m
48961,BORROW,1,1,0.893882,0.949705,1.06312,0.522996,0,0,0,0,0,0,0,0,1.31986,1.05101,0.57999,1,0,0,0,0,1,m,m
48962,BORROW,1,1,0.892152,0.734487,0,0.714363,0.767967,0,0,0,0,0,0,0,1.48109,1.76908,0.624772,1,0,0,0,0,1,m,m
48963,BORROW,1,1,0.771831,0.857002,0.584246,0,0.835978,0,0,0,0,0,0,0,1.14683,1.46163,0.630696,1,0,0,1,0,0,m,m
48964,BORROW,1,1,0.881694,0.664328,0.893659,0.612089,0.70596,0,0,0,0,0,0,0,1.38678,1.29663,0.586966,1,0,0,1,0,0,m,m
48965,BORROW,1,1,0.892809,0.643535,1.02144,0.906413,0.74116,0.558999,0,0,0,0,0,0,1.39526,1.43431,0.642568,1,0,0,1,0,1,m,m
48966,BORROW,1,1,0.892139,0,0.887327,1.15225,0.514516,0.551745,0,0,0,0,0,0,1.37966,1.1395,0.627437,1,0,0,1,0,1,m,m
50880,BORROW,1,1,0.907223,1.29927,0,2.32535,0,0,0,0,0,0.827915,0,0.633191,1.39202,0,0.514301,0,0,1,0,0,1,m,m
50881,BORROW,1,1,0.88512,1.20708,0,1.90735,0,0,0,0,0,0,0,0.788745,1.51514,0,0,0,0,1,1,0,1,m,m
50882,BORROW,1,1,0.899361,0.968146,0,1.30076,0,0,0,0,0,0.603506,0,0.553412,1.53798,0.738044,0.507027,0,0,1,1,0,1,m,m
50883,BORROW,1,1,0.895259,0.979387,0,1.29535,0,0,0,0,0,0.642047,0,0.541694,1.16423,1.31391,0.573574,0,0,1,1,0,0,m,m
59377,BORROW,1,1,0.768576,0,1.77992,0,0,0.73962,0,1.02037,0.981136,0.954564,0.649847,0,0.837308,1.59873,0,1,1,0,1,0,0,m,m
59378,BORROW,1,1,0.788762,0,1.23801,0,0,0.638067,0.598127,0.836353,0.968496,1.3754,0.934756,0.528814,0.651207,1.95181,0,1,1,1,1,0,0,m,m
59379,BORROW,1,1,0.761625,0,1.35169,0,0,0.552126,0,0.661708,0.802522,1.58626,1.78572,0,0.723146,0,0,1,1,1,1,0,0,m,m
59380,BORROW,1,1,0.879733,0,1.46063,0,0,0.510562,1.48698,0,0.648681,1.49363,1.12995,0,0.727739,0.956458,0,1,1,1,1,0,0,m,m
59381,BORROW,1,1,0.805143,0,1.96804,0,0,0.57831,0.982217,0.90505,1.82392,1.16941,1.49605,0.698988,0,1.38768,0,1,1,1,1,0,0,m,m
59382,BORROW,1,1,0.794567,0,2.81229,0,0,0.744126,1.63366,1.00076,1.35084,0.931485,0,0,0,0,0,0,1,1,1,0,1,m,m
59383,BORROW,1,1,0.827789,0.586056,1.6886,0,0,0.93027,0,0.97386,0.690148,1.1358,0,0.866476,0,0.976009,0,0,0,1,1,0,0,m,m
59384,BORROW,1,1,0.923094,0.647965,1.5305,0,0.620405,0.824894,1.41322,0.896805,0.934422,1.72696,0,0,0,1.83013,0,0,1,1,1,0,0,m,m
59385,BORROW,1,1,0.934949,0,1.21773,0,0,0.515521,1.88797,0.87771,0,1.45479,1.08007,0,0,1.80289,0,0,0,1,0,0,0,m,m
59386,BORROW,1,1,0.928008,0.619715,1.67723,0,0.760882,0.598907,1.49237,0.841793,0,1.08884,0.863432,0,0,2.41243,0,0,1,1,1,0,1,m,m
59387,BORROW,1,1,0.947956,1.26587,2.49988,0.901524,0,0,1.51993,0.522351,0,1.57031,0,0,0.85487,0,0,0,0,1,1,0,1,m,m
59388,BORROW,1,1,0.853398,0,1.72717,0,0,0.879033,1.78264,0.889322,1.03672,0.872653,0,0.997437,0,0,0,0,1,1,1,0,0,m,m
59389,BORROW,1,1,0.812549,0,1.45424,0,0,0.869334,1.96412,0.816623,1.33585,0.961977,0,0.515959,0,2.03778,0,0,1,0,0,1,1,m,m
59390,BORROW,1,1,0.877944,0,1.37903,0.722845,0,0,1.63356,0.627339,0.938682,0,0.684753,0,0,0,0,1,1,1,0,0,1,m,m
59391,BORROW,1,1,0.818041,0.882745,3.23048,0,1.08973,0.530336,1.00976,0.683079,0,0,0.561418,0,0,0.855562,0,0,1,1,0,0,0,m,m
59392,BORROW,1,1,0.744423,2.13089,4.76655,2.36859,0,0,0,0,0,0,0,0,0,0,0,0,0,1,1,0,0,m,m
