time_stamp,word,frame,success,confidence,AU01_r,AU02_r,AU04_r,AU05_r,AU06_r,AU09_r,AU10_r,AU12_r,AU14_r,AU15_r,AU17_r,AU20_r,AU25_r,AU26_r,AU04_c,AU12_c,AU15_c,AU23_c,AU28_c,AU45_c,speaker_gender,listener_gender
3315,FROM-TO,1,1,0.959616,1.46595,0.861475,0,0,0,0.885256,0,0,0,0,0,0.549191,3.95912,1.0167,0,0,1,0,0,0,m,w
3316,FROM-TO,1,1,0.960706,1.49864,1.15571,0,0,0,1.62765,0,0,0,0.862183,0,0,4.02845,0.939163,0,0,1,0,0,0,m,w
3317,FROM-TO,1,1,0.906801,1.65353,1.15799,0,0,0,1.52937,0,0,0,0.793028,0,0,4.4031,0.753623,0,1,1,1,0,0,m,w
3318,FROM-TO,1,1,0.90053,1.01858,1.43141,0,0.568829,0,1.26412,0,0,0,0.630716,0,0.524057,3.99628,0.57897,0,1,1,1,0,0,m,w
3319,FROM-TO,1,1,0.984247,0.771701,0.809274,1.18292,0,0,1.9007,0,0,0,0,0,0,4.07881,0.775299,0,0,1,0,0,0,m,w
3320,FROM-TO,1,1,0.975307,0,0,0.930531,0,0,1.52303,0,0,0,0.538457,0,0,3.83094,0.519764,0,1,1,1,0,0,m,w
3321,FROM-TO,1,1,0.900068,0,0,1.54976,0,0.509532,1.05836,0,0,0,0,0,0,2.08234,0.576192,0,1,1,0,0,0,m,w
3322,FROM-TO,1,1,0.97978,0.606664,0.586813,0.591618,0,0,1.00003,0,0.5526,0,0,0,0.933341,2.84012,0,0,1,0,1,0,0,m,w
3323,FROM-TO,1,1,0.97374,0,0,1.05188,0.534712,0,1.15078,0,0,0.877805,0,0,0,3.12892,0,0,1,0,0,0,0,m,w
3324,FROM-TO,1,1,0.926648,0,0,1.74335,0.901396,0,0,0,0,0.60282,0,0,0,1.63029,0,0,1,0,0,0,0,m,w
3325,FROM-TO,1,1,0.862836,0,0,2.03332,0.997471,0,0,0,0,0,0,0,0,0.858968,0,1,1,0,0,0,0,m,w
3326,FROM-TO,1,1,0.78446,0,0,2.52254,1.06787,0,0,0,0,0,0,0,0,0,0,1,1,0,0,0,0,m,w
3327,FROM-TO,1,1,0.786739,0,0.715226,2.80805,1.38725,0,0,0,0,0,0,0,0,0,0,1,0,0,1,0,1,m,w
3328,FROM-TO,1,1,0.784325,0.742232,1.05182,2.96605,1.94052,0,0,0,0,0,0,0,0,0,0,1,0,0,1,0,1,m,w
3345,FROM-TO,1,1,0.961818,0.764196,0,0,0,0,0.52696,0,0.693036,0.978314,0,0,0,0,0,0,1,0,0,0,0,m,w
3346,FROM-TO,1,1,0.969676,0.601668,0,0,0,0,0,0,0.877161,0.618101,0,0,0.545149,0,0,0,1,1,1,0,0,m,w
3347,FROM-TO,1,1,0.969163,0.691426,0,0,0,0,0,0,1.00288,0,0,0,0,0,0,0,1,0,1,0,0,m,w
3348,FROM-TO,1,1,0.96216,0,0.534163,0,0,0,0,0,0.723539,0,0,0,0,0,0,0,1,0,1,0,0,m,w
3349,FROM-TO,1,1,0.919538,1.05371,0,0,0,0,0,0,0.776042,0,0,0,0,0,0,0,1,0,1,0,0,m,w
3350,FROM-TO,1,1,0.950904,0.929595,0,0,0,0,0,0,0.604875,0,0.905076,0,0,0.844706,0,0,1,0,1,0,0,m,w
3351,FROM-TO,1,1,0.920979,1.77755,0,0,0,0,0,0.502439,1.49778,0,0.959004,0,1.12662,2.02997,0,0,1,1,1,0,0,m,w
3352,FROM-TO,1,1,0.895887,2.06068,0,0,0,0,0,0,1.39851,0.658826,0.987789,0,0.914007,1.64107,0.579945,0,1,0,1,0,0,m,w
3353,FROM-TO,1,1,0.894749,1.51305,0,0,0,0,0,0,1.04879,0.575369,1.02159,0,1.29833,2.67123,0.630126,0,1,0,1,0,0,m,w
3354,FROM-TO,1,1,0.963724,1.80281,0.700065,0,0,0.656167,0,0.631671,1.56547,0.619528,0.783341,0,0,2.74325,0,0,1,0,1,0,0,m,w
3355,FROM-TO,1,1,0.971713,1.76126,0.913376,0,0,0.816459,0,0.889013,1.70571,0.867723,0.677624,0,0,2.48028,0,0,1,0,1,0,0,m,w
3356,FROM-TO,1,1,0.972986,1.5466,1.28767,0,0.589786,0.890402,0,0.968316,1.66554,0.933436,0,0,0,2.63121,0,0,1,0,1,0,0,m,w
2719,FROM-TO,1,1,0.874039,1.19141,0,0,0.674278,0,0,0,0,0,0,0,1.06383,0,0,0,0,0,1,0,0,m,w
2720,FROM-TO,1,1,0.883755,1.06453,0,0,1.05726,0,0,0,0.987487,0,0,0,0.885377,0.920977,0,1,1,0,0,0,0,m,w
2721,FROM-TO,1,1,0.8379,1.09235,0,0,0.675891,0,0,0,0.648684,0,0,0,1.47765,1.98815,0,1,0,0,0,0,0,m,w
2722,FROM-TO,1,1,0.810469,1.49849,0,0,0.954506,0,0,0,0.745086,0,0,0,1.02982,2.297,0,1,0,0,0,0,0,m,w
2723,FROM-TO,1,1,0.896562,1.44239,0.878464,0.746869,0.597934,0,0,0,0.699033,0,0,0,0.811328,2.47412,0,1,0,0,0,0,0,m,w
2724,FROM-TO,1,1,0.909027,1.36492,0.877649,0,0.710481,0,0.863696,0,0.607517,0,0,0,0.762643,1.07167,0,1,0,0,1,0,0,m,w
2725,FROM-TO,1,1,0.858939,0.599253,0.646777,0,0.5586,0.536115,0.88019,0,0.768564,0.526208,0,0.538846,0.614981,0.807642,0,0,1,0,1,0,0,m,w
2726,FROM-TO,1,1,0.875601,0,0,0.702967,0.582747,0,0,0,0,0,0,0.690085,0.651107,1.41786,0,1,1,0,1,0,0,m,w
2727,FROM-TO,1,1,0.876056,0,0,0,0,0,1.12589,0,0,0.689296,0,0.80651,0,0,0,0,1,0,1,0,0,m,w
2728,FROM-TO,1,1,0.925541,0,0,0.568904,0,0,1.6305,0,0,0.70963,0,0.715849,0,0,0,1,1,0,1,0,0,m,w
2729,FROM-TO,1,1,0.922783,0,0,0,0.578122,0,1.0736,0,0,0.743599,0,0.872651,0,0,0,0,1,0,1,0,0,m,w
2730,FROM-TO,1,1,0.919054,0,0,0,0,0,1.03112,0,0.579151,0.815169,0,0.714203,0,0,0,0,1,0,1,0,0,m,w
2731,FROM-TO,1,1,0.897589,0,0,0,0,0,0.985068,0.517631,0.680243,0.988536,0,0.772883,0,0,0,0,1,0,1,0,0,m,w
2732,FROM-TO,1,1,0.909093,0,0,0,0,0.5207,1.20261,0.604125,0.79966,1.20217,0,0.739158,0,0,0,0,1,0,1,0,0,m,w
2733,FROM-TO,1,1,0.935278,0,0.702581,0,0,0.534403,0.528922,0.669006,0.6259,1.36166,0,0.723052,0.547321,0,0,0,1,0,1,0,0,m,w
326,FROM-TO,1,1,0.95499,0.971032,0,1.11888,0,0,0,0,0,1.00319,0,0.853683,1.55255,0,0,1,0,1,0,0,0,w,w
327,FROM-TO,1,1,0.955156,0.73385,0,1.09564,0,0,0,0,0,0.847101,0,0.847546,1.36779,0,0,1,0,1,0,0,0,w,w
328,FROM-TO,1,1,0.941473,0.89758,0.596757,0.999894,0,0,0,0,0,0.668373,0,0.664352,0.91887,0.58136,0,1,0,1,0,0,1,w,w
329,FROM-TO,1,1,0.93194,0.630427,0,1.10738,0,0,0.530629,0,0,0.608432,0,0,1.09362,1.67678,0.553164,1,0,0,0,0,1,w,w
330,FROM-TO,1,1,0.924816,0.631012,0,1.11302,0,0,0,0,0,0.580904,0,0,0.898521,1.21329,0.559607,1,0,0,0,0,1,w,w
339,FROM-TO,1,1,0.898407,1.21463,1.52002,0,0,0,0,0,0,0,0,0,1.94348,0,0,0,0,1,0,0,0,w,w
1787,FROM-TO,1,1,0.907379,0,0.915193,0,0.780138,0,0,0,0,0,0,0,0.766257,0,0,0,0,0,1,0,0,w,w
1788,FROM-TO,1,1,0.913921,0,1.02589,0,0.763609,0,0,0,0,0,0,0,1.01061,0,0,0,0,0,0,0,0,w,w
1789,FROM-TO,1,1,0.922747,0,1.17967,0,0.721277,0,1.01241,0,0,0,0,0,0,0.614924,0,0,0,0,1,0,0,w,w
1790,FROM-TO,1,1,0.823754,0,1.65785,0,0.573226,0,1.0898,0,0,0,0,0,0,2.39557,0,0,0,0,0,0,1,w,w
1791,FROM-TO,1,1,0.863666,0,1.47414,0,0.520504,0,1.06919,0,0,0,0.578143,0,0,2.70685,0.571825,0,0,0,0,0,1,w,w
1792,FROM-TO,1,1,0.877868,0,1.41318,0,0,0,1.57436,0,0,0,0,0,0,2.87781,0.602704,0,0,0,0,0,1,w,w
1793,FROM-TO,1,1,0.887954,0,1.37949,0,0,0,1.35809,0,0,0,0,0,0,3.24061,0.616712,0,0,0,0,0,1,w,w
1794,FROM-TO,1,1,0.885362,0,1.39962,0,0,0,1.42509,0,0,0,0,0,0,2.91349,0.601897,0,0,0,0,0,1,w,w
1795,FROM-TO,1,1,0.889062,0,1.4836,0,0.521319,0,1.28898,0,0,0,0,0,0,2.99968,0.581483,0,0,0,0,0,1,w,w
1796,FROM-TO,1,1,0.902131,0,1.81158,0,0.693881,0,1.11126,0,0,0,0,0,0,2.29296,0.537725,0,0,0,0,0,1,w,w
1797,FROM-TO,1,1,0.87756,0,1.18004,0,0.647262,0,0.971353,0,0,0,0,0,0,1.89917,0,0,0,0,0,0,1,w,w
1798,FROM-TO,1,1,0.880741,0,1.30933,0,0.709581,0,0.948032,0,0,0,0,0,0.803416,1.72924,0,0,0,0,0,0,0,w,w
1799,FROM-TO,1,1,0.913839,0,0.655366,0,0.622778,0,0.683041,0,0,0,0,0,1.15409,1.33351,0,0,0,0,0,0,0,w,w
1800,FROM-TO,1,1,0.897521,0,0.697148,0,0,0,0,0,0,0,0.888069,0,0.750464,0.993523,0,0,0,0,0,0,0,w,w
2575,FROM-TO,1,1,0.940956,0,0,0.709066,0,0.685418,0,0,0.961316,0.833734,0,0,0,0.967293,0,0,1,0,0,0,0,w,w
2576,FROM-TO,1,1,0.908187,0,0.611226,0.73475,0,0.549796,0,0.58908,1.03332,0.832465,0,0,0,2.03751,0,0,1,0,0,0,0,w,w
2577,FROM-TO,1,1,0.931647,0,0,0.670081,0,0.67994,0,0.561811,0.989609,1.10666,0,0,0,1.76303,0,0,1,0,0,0,0,w,w
2578,FROM-TO,1,1,0.954245,0,0,0.925562,0,0.797038,0,0.69422,1.30395,1.04884,0,0,0.554265,1.60452,0,0,1,0,0,0,0,w,w
2580,FROM-TO,1,1,0.956282,0,0.689857,0.62891,0,0.756481,0,0.716012,1.29248,1.41599,0,0,0,1.31407,0,0,1,1,0,0,0,w,w
2581,FROM-TO,1,1,0.928502,0.787584,0,0.913031,0,0.745258,0,0.537987,1.36276,0.825443,0,0,0,1.56931,0,0,1,1,0,0,0,w,w
2583,FROM-TO,1,1,0.918328,0.508744,1.156,1.11364,0,0,0,0,1.24783,0.718388,0,0,0,3.09075,0.660134,0,1,0,0,0,0,w,w
2584,FROM-TO,1,1,0.899616,0,1.21364,1.15154,0,0,0.52857,0,0.960223,0,0,0,0,3.04448,0.637477,1,1,0,0,0,1,w,w
2585,FROM-TO,1,1,0.904589,0.652646,1.21804,1.42935,0,0,1.18728,0,0.840533,0.618642,0,0,0,2.84138,0.696482,1,1,0,0,0,1,w,w
2586,FROM-TO,1,1,0.884101,0,0.773354,1.24821,0,0,0,0,0.787817,0,0,0,0,2.93086,0.60714,1,1,0,0,0,0,w,w
2588,FROM-TO,1,1,0.896339,0,0.800814,1.25819,0,0,0,0,0.948818,0,0,0,0.76079,2.8404,0.648141,1,1,0,0,0,0,w,w
2589,FROM-TO,1,1,0.939001,0.551032,0.671363,1.10522,0,0,0.656415,0,0.735812,1.36632,0,0.870533,0,0,0,0,1,1,0,0,0,w,w
2590,FROM-TO,1,1,0.939059,0,0.521456,1.15729,0,0,0,0,0,1.30564,0,0.750666,0,0.540913,0,0,1,1,0,0,0,w,w
2591,FROM-TO,1,1,0.937621,0,0,1.04439,0,0,0,0,0,0.618657,0,0.532189,0,0,0,0,0,1,0,0,0,w,w
2600,FROM-TO,1,1,0.908459,0,0,1.26563,0,0,0.812248,0,0,0,0,0,0,0.845048,0,1,0,0,0,0,1,w,w
2601,FROM-TO,1,1,0.927848,0,0,1.19794,0,0,0.939399,0,0,0,0,0,0,0.529794,0,1,0,0,0,0,1,w,w
2602,FROM-TO,1,1,0.904133,0,0,1.19613,0,0,0.773691,0,0,0,0,0,0,1.00075,0,1,0,0,0,0,1,w,w
2603,FROM-TO,1,1,0.907601,0,0,0.527041,0,0,0,0,0.632027,0.594135,0,0,0,1.36639,0,1,1,1,1,0,1,w,w
2604,FROM-TO,1,1,0.900584,0.569791,0.761845,0.753016,0,0,0,0,0.553473,0.518979,0,0.889623,0,2.10634,0,1,0,0,0,1,0,w,w
2609,FROM-TO,1,1,0.930247,0,0.588956,1.04644,0,0,1.01498,0,0,0,0,0,1.21937,2.13554,0.595457,1,1,0,1,0,0,w,w
2610,FROM-TO,1,1,0.920768,0,0.63792,1.1243,0,0,0,0,0,0,0.595953,0.693785,1.18212,2.01594,0.732534,1,0,0,1,0,1,w,w
2611,FROM-TO,1,1,0.911059,0.607396,0,0.900418,0,0,0,0,0,0,0.620644,0,1.02538,2.16005,0,1,0,0,0,0,1,w,w
2612,FROM-TO,1,1,0.915816,0,0.559518,1.13656,0,0,0,0,0,0,0,0,0.905821,1.84255,0,1,0,0,0,0,1,w,w
2613,FROM-TO,1,1,0.932489,0,0.562315,0.869497,0,0,0,0,0,0,0,0,0.72196,2.99834,0,1,0,0,1,0,0,w,w
2614,FROM-TO,1,1,0.871859,0.534407,0.731979,0,0,0,0.562809,0,0.659994,0,0,0,0,3.2729,0,1,0,0,1,0,0,w,w
2615,FROM-TO,1,1,0.923409,0,0.603108,0.883355,0,0,0,0,0,0,0,0,0,2.54928,0,1,0,0,1,0,0,w,w
2616,FROM-TO,1,1,0.869327,0,0,1.00368,0,0,0,0,0,0,0,0,0,1.95468,0,1,0,0,1,0,0,w,w
2617,FROM-TO,1,1,0.887101,0,0.575618,1.08508,0,0,0,0,0,0,0,0,0,2.22014,0,1,0,0,1,0,0,w,w
2618,FROM-TO,1,1,0.903988,0.526738,0.628324,1.09013,0,0,0,0,0,0,0,0,0,1.69869,0,1,0,1,0,0,0,w,w
2619,FROM-TO,1,1,0.913252,1.0915,0.806502,1.01763,0,0,0.584875,0,0.609093,0,0,0,0,2.39074,0,1,0,0,0,0,0,w,w
2620,FROM-TO,1,1,0.883641,0.952964,0,0.706204,0,0,0,0,0,0,0.793337,0.836538,0,1.66807,0,1,0,1,0,0,0,w,w
2621,FROM-TO,1,1,0.918573,0.783841,0,1.26019,0,0,0.619606,0,0,0,0,0,0,0.816102,0,1,0,0,0,0,0,w,w
2622,FROM-TO,1,1,0.906449,0,0,0.806116,0,0,0.704787,0,0,0,0,0,0,0.583085,0,1,0,0,0,0,0,w,w
2623,FROM-TO,1,1,0.926814,0,0,0.843553,0,0,0,0,0,0,0,0,0,0.519842,0,1,0,0,0,0,0,w,w
2624,FROM-TO,1,1,0.911422,0,0,0.733107,0,0,0,0,0,0,0,0,0,0,0,1,0,0,1,0,0,w,w
2625,FROM-TO,1,1,0.923314,0,0,0.833014,0,0,0,0,0,0,0,0,0,0,0,1,0,0,0,0,0,w,w
2107,FROM-TO,1,1,0.844455,0,0,0,0,0,1.22299,0,0,0,0,0,0,0.551575,0.556767,0,0,0,0,0,0,w,m
2108,FROM-TO,1,1,0.827437,0,0,0,0,0,0.948432,0,0,0.629969,0,0,0,2.63313,0,1,0,0,0,0,0,w,m
2109,FROM-TO,1,1,0.764352,0,0,0.58038,0,0,0,0,0.513979,1.21926,0,0,0,4.27694,0,0,0,0,0,0,0,w,m
2110,FROM-TO,1,1,0.907373,0,0.980542,1.43983,0,0,1.48354,0,0,1.06207,0,0,0,0,0.552744,1,0,1,1,0,1,w,m
2111,FROM-TO,1,1,0.871924,0,0.575417,1.3287,0,0,1.15693,0,0,1.16817,0,0,0,0,0,0,0,1,1,0,0,w,m
2112,FROM-TO,1,1,0.867825,0,0,1.06074,0,0,0.909345,0.515687,0,1.44907,0,0,0.794303,0,0,0,0,1,1,0,1,w,m
2113,FROM-TO,1,1,0.880878,0,0,1.04948,0,0,1.27927,0.507907,0,1.58432,0,0,0.771812,0,0,0,0,0,1,0,0,w,m
2114,FROM-TO,1,1,0.789705,0,0,1.11558,0,0,0.835453,0,0,1.79428,0,0,0.702732,0,0,0,0,0,1,0,1,w,m
2115,FROM-TO,1,1,0.765638,0,0,1.40084,0,0,0.923308,0,0,1.86361,0.641911,0,0,0,0,0,0,0,1,0,1,w,m
2116,FROM-TO,1,1,0.807081,0,0,1.31961,0,0,0.863106,0,0,1.54824,0.726157,0,0,0,0,0,0,1,1,0,1,w,m
2117,FROM-TO,1,1,0.810647,0,0,1.71666,0,0,1.0948,0,0,1.50379,0.865191,0,0,0,0,1,0,1,1,0,1,w,m
2118,FROM-TO,1,1,0.810615,0,0,1.47699,0,0,1.30026,0,0,1.22263,0.912544,0,0.585599,0,0,0,0,0,1,0,1,w,m
2119,FROM-TO,1,1,0.857174,0,0,1.66874,0,0,1.70267,0,0,1.41212,0.832313,0,0,0,0,0,0,1,1,0,1,w,m
2120,FROM-TO,1,1,0.903326,0,0,1.66492,0,0,1.74857,0,0,1.17378,0.695444,0,0,0,0,0,0,1,1,0,1,w,m
2121,FROM-TO,1,1,0.899379,0,0,1.73745,0,0,2.10047,0,0,0.781016,0.805366,0,0,0,0,1,0,1,1,0,0,w,m
2122,FROM-TO,1,1,0.783772,0,0,1.99121,0,0,1.59977,0,0,0,0.890617,0,0,0,0,1,0,0,0,0,0,w,m
2123,FROM-TO,1,1,0.819419,0,0,1.95814,0,0,1.71015,0,0,0,0,0,0,0,0.520041,1,0,1,0,0,0,w,m
2129,FROM-TO,1,1,0.897053,0,1.64892,0.79029,1.41474,0,0,0,0,0,0,0,0.58892,0,0,0,0,0,0,0,1,w,m
2130,FROM-TO,1,1,0.883913,0.797493,0.952603,1.54321,0,0,0,0,0.570316,0,0,0,0,0,0,0,0,0,0,0,1,w,m
2143,FROM-TO,1,1,0.766641,1.78193,1.43567,1.01343,0,0,0,0,0,0,0,0,0,0,0,1,0,0,0,0,0,w,m
2144,FROM-TO,1,1,0.783148,1.86495,1.86206,1.29485,0,0,0,0,0,0,0,0,0,0,0,0,0,0,0,0,0,w,m
2151,FROM-TO,1,1,0.79113,1.81974,2.06442,0.700363,0,0,0,0,0,1.16952,0,0.612883,0,0,0,0,0,1,0,0,0,w,m
2152,FROM-TO,1,1,0.779294,1.93514,2.3997,0.942222,0,0,0,0,0,1.15874,0,1.03384,0,0,0,0,0,1,1,1,0,w,m
2153,FROM-TO,1,1,0.764603,1.49571,1.97935,0,0,0,0.687697,0,0,1.05706,0,1.25056,0,0,0,0,0,1,1,1,0,w,m
2162,FROM-TO,1,1,0.735437,1.85636,1.64366,0,0,0,0.858452,0,0,0,0,0,0,0,0,0,0,0,0,0,1,w,m
2167,FROM-TO,1,1,0.759895,1.83017,1.82163,0.547011,0.657817,0,1.07469,0,0,0,0,0,0,0,0,0,0,0,0,0,1,w,m
2169,FROM-TO,1,1,0.743374,1.56086,1.6643,0.550193,0.538128,0,1.09157,0,0,0,0,0,0,0,0,0,0,1,0,0,0,w,m
2170,FROM-TO,1,1,0.761711,2.00682,1.43598,0,0.598072,0,1.44385,0,0,0,0,0,0,0,0,0,0,1,0,0,1,w,m
2177,FROM-TO,1,1,0.772543,1.94629,1.65586,0.726115,1.02589,0,0.680969,0,0,0,0,0,0,0,0,0,0,0,0,0,1,w,m
2178,FROM-TO,1,1,0.736318,2.24387,2.15935,0.616874,0.886598,0,0.644108,0,0,0,0,0,0,0,0,0,0,0,0,0,0,w,m
2181,FROM-TO,1,1,0.747129,1.66646,1.53399,0.756317,1.06733,0,0,0,0,0,0,0,0,0,0,0,0,0,0,0,0,w,m
2182,FROM-TO,1,1,0.732369,1.88921,1.73778,0,0.944191,0,0,0,0,0,0,0,0,0,0,0,0,0,0,0,0,w,m
2183,FROM-TO,1,1,0.72939,2.33204,2.11443,0,1.01275,0,0.675924,0,0,0,0,0,0,0,0,0,0,0,0,0,0,w,m
2184,FROM-TO,1,1,0.738205,2.54698,2.41554,0.747086,0.644989,0,0.943977,0,0,0,0,0,0,0,0,0,0,0,0,0,0,w,m
26752,FROM-TO,1,1,0.809537,0.999771,0,1.39073,0,0,0,0,1.3152,0,0,0,0.797645,1.86343,0.754691,0,0,0,1,0,0,w,w
26753,FROM-TO,1,1,0.853575,1.12829,0,1.36332,0,0,0,0,1.38097,0,0,0,0.869923,2.21788,0.698459,0,0,0,0,0,0,w,w
26754,FROM-TO,1,1,0.884983,0.947214,0,1.17934,0,0,0,0,1.29127,0,0,0,1.34743,2.22801,0.69856,0,0,1,0,0,0,w,w
27707,FROM-TO,1,1,0.969392,0,0,0.503807,0.716433,0.635608,1.02882,1.14287,0.646584,2.00765,0.713744,0,0.571328,0,0,0,1,0,0,0,0,w,w
27708,FROM-TO,1,1,0.968758,0,0,0.542925,0.594751,0.702583,1.20743,1.15556,0.718649,1.79473,0.642963,0,0,0,0,0,1,0,0,0,0,w,w
27709,FROM-TO,1,1,0.973639,0,0,0.776758,0.601812,0.685495,1.34438,1.27568,0.628043,1.7947,0.585495,0,0,0,0,0,1,0,0,0,0,w,w
27710,FROM-TO,1,1,0.980658,0,0,0.984416,0.729482,0,1.57686,0.990756,0,1.20519,0,0,0,0,0,0,0,0,0,0,0,w,w
27711,FROM-TO,1,1,0.979277,0.848259,0.531882,1.5138,0,0,2.16083,0.973915,0,1.03887,0.730367,0.668611,0,0,0,1,0,0,1,0,0,w,w
27712,FROM-TO,1,1,0.980962,1.0152,0.648473,1.5448,0,0,1.44867,0.759686,0,1.32041,1.065,0.828823,0,0,0,1,0,0,0,0,0,w,w
27713,FROM-TO,1,1,0.98769,1.33557,0.772539,1.4364,0,0,1.44962,0.799337,0,1.19866,1.08715,0.882344,0,0,0,1,0,0,0,0,0,w,w
27714,FROM-TO,1,1,0.991733,1.32311,0,1.3179,0,0,0.711867,0.637062,0,0.970906,1.34795,0.822687,0,0,0,1,0,1,0,0,0,w,w
27715,FROM-TO,1,1,0.992583,1.24002,0,1.09441,0,0,0.810205,0.696591,0,0.992685,1.35289,0.962981,0,0,0,1,0,1,0,0,0,w,w
27716,FROM-TO,1,1,0.992365,1.13974,0,1.02857,0,0,0.606063,0.671718,0.631088,0.754027,1.52938,0.841232,0,0,0,1,0,1,0,0,0,w,w
27717,FROM-TO,1,1,0.985249,1.35124,0,1.23573,0,0,0.860778,0,0.563508,0.724132,1.50118,0.813236,0,0,0,1,0,1,0,0,0,w,w
27718,FROM-TO,1,1,0.975965,1.47519,0.561046,1.56567,0,0,0.841809,0,0,0.800134,1.29123,0.823816,0,0,0,0,0,1,0,0,0,w,w
27719,FROM-TO,1,1,0.962146,1.45769,0.632194,1.63945,0,0,0.847138,0.643571,0,0.748449,1.03237,0.817527,0,0,0,0,0,0,0,0,0,w,w
27720,FROM-TO,1,1,0.962867,1.35461,0,1.57774,0,0,0.586326,0.772076,0.619688,0.94926,1.24878,0.794119,0,0,0,0,0,0,0,0,0,w,w
27721,FROM-TO,1,1,0.970954,1.26854,0,1.49859,0,0,0.669029,0.903413,0.639332,1.0627,0.788834,0.790668,0,0,0,0,0,1,0,0,1,w,w
27722,FROM-TO,1,1,0.950962,1.027,0,0.995993,0,0,0.828389,0.870786,0.799014,1.40236,1.23232,0.536026,0,0,0,0,0,1,0,0,0,w,w
27723,FROM-TO,1,1,0.848827,1.60096,0.569968,0,0,0,0,0.999113,0.888992,1.75473,0.726274,0,0,0,0,0,0,0,0,0,1,w,w
27724,FROM-TO,1,1,0.986998,0.842992,0,0.51566,0.834783,0,1.15433,0.80744,0,1.50923,0,0.590385,0,1.43249,0,0,0,0,1,0,1,w,w
27725,FROM-TO,1,1,0.981838,0.978684,0,0,0.539685,0.556037,1.70137,0.720799,0,0.773394,0,0,0,1.41847,0,0,0,0,1,0,1,w,w
27726,FROM-TO,1,1,0.980198,1.06024,0.885544,0,0.513356,0.537824,1.89121,0,0,1.40375,0,0.649215,0,0,0,0,0,1,1,0,1,w,w
27727,FROM-TO,1,1,0.968624,0.888876,1.2206,0,0,0.623348,1.74862,0.565689,0,1.63212,0,0.751606,0,0,0,0,0,1,1,0,0,w,w
27728,FROM-TO,1,1,0.97179,0,0,0,0,0.562252,1.46118,0,0.674273,1.58819,0,0.973339,0.504155,0,0,0,0,1,1,0,0,w,w
27729,FROM-TO,1,1,0.971767,0,0,0,0,0.600696,1.24401,0.502969,0.704085,1.72563,0,1.18998,1.14955,0,0,0,0,1,1,0,0,w,w
27730,FROM-TO,1,1,0.977766,0,0,0,0,0.592212,1.64097,0,0.719182,1.79599,0,1.18007,1.44388,0,0,0,0,1,1,0,0,w,w
27731,FROM-TO,1,1,0.97825,0,0,0,0,0.593922,0.949765,0.5274,0.526497,1.81519,0,1.09906,1.39485,0,0,0,0,1,1,0,0,w,w
27732,FROM-TO,1,1,0.98001,0,0,0,0,0.601037,0.763872,0,0.56183,1.79746,0,0.978644,1.21914,0,0,0,0,1,1,0,0,w,w
27733,FROM-TO,1,1,0.980585,0,0,0,0,0.612638,0,0.504871,0.626833,1.69273,0,0.870817,1.24644,0,0,0,0,1,0,0,0,w,w
27734,FROM-TO,1,1,0.977333,0,0.536211,0,0,0,0,0,0.679806,1.96117,0,0.739618,1.82666,0,0,0,0,1,0,0,0,w,w
38500,FROM-TO,1,1,0.905426,0.927486,1.7115,0,0.887159,0,0,0,1.31097,0,0,0,0.632529,2.40848,0,0,1,1,1,0,0,w,w
38521,FROM-TO,1,1,0.832137,0,0.724564,1.05663,0,0,0.830152,0,0,0,0,0,0.802122,0,0.577761,1,0,1,1,0,1,w,w
38522,FROM-TO,1,1,0.970716,0,0,0.864659,0.724554,0,0,0,0,0,1.10695,0,0,0,0,0,0,1,0,0,1,w,w
38523,FROM-TO,1,1,0.960361,1.11398,0,0.933125,1.10149,0,0.886037,0,0,0,0.788546,0,0,0,0,1,0,1,0,0,1,w,w
38524,FROM-TO,1,1,0.952341,1.10115,0.903991,0.767189,1.18386,0,1.4527,0,0,0,0,0.606769,0,0,0,0,0,0,1,0,0,w,w
38525,FROM-TO,1,1,0.963377,1.27865,0,0,1.17154,0,0.946203,0,0,0,0,0.660274,0,0,0,0,0,0,0,0,0,w,w
38526,FROM-TO,1,1,0.957481,1.2218,0.751254,0.645455,0.934643,0,1.16386,0,0,0,0,0.5754,0,0,0,1,0,0,1,0,0,w,w
38527,FROM-TO,1,1,0.959236,1.81923,1.36786,0,0.906269,0,0.744219,0,0,0,0,0,0,0,0,1,0,1,1,0,0,w,w
38528,FROM-TO,1,1,0.948247,1.59754,0.745516,0.807292,0.862178,0,0,0,0,0,0.642162,0,0,0,0,1,0,1,1,0,1,w,w
38529,FROM-TO,1,1,0.910463,1.99574,1.08107,0.968294,0,0,0,0,0,0,1.22185,0,0,0,0,1,0,1,1,0,1,w,w
38530,FROM-TO,1,1,0.910143,1.85789,1.05956,1.07272,0,0,0,0,0,0,1.31705,0,0,0.810435,0,1,0,1,1,0,0,w,w
38531,FROM-TO,1,1,0.933364,1.59552,0,0,0.551436,0,0,0,0,0,1.69863,0,0,1.01004,0,1,0,0,1,0,0,w,w
38532,FROM-TO,1,1,0.941588,1.04803,0,0,0.61275,0,0,0,0,0,1.09343,0,0,1.08626,0.54657,1,0,0,1,0,0,w,w
38533,FROM-TO,1,1,0.954209,0,0,0,0.766427,0,0,0,0,0,1.06905,0,0,0.871982,0.611993,0,0,1,1,0,0,w,w
38534,FROM-TO,1,1,0.941352,0.568784,0,0.816978,0.953027,0,0.536257,0,0,0,0.728371,1.04637,0,0,0.545003,0,0,1,1,0,0,w,w
38535,FROM-TO,1,1,0.927042,0.558251,0,0.544655,0.584927,0,0,0,0,0,0,0.870625,0,0,0,0,0,0,1,0,0,w,w
38536,FROM-TO,1,1,0.95717,0,0,0.75267,0.935602,0,1.10335,0,0,0,0,0,0,0,0,0,0,0,1,0,0,w,w
38537,FROM-TO,1,1,0.889013,0.985689,1.01799,0,0.632057,0,0.662646,0,0,0,0,0,0,0,0.589468,0,0,1,0,0,0,w,w
38538,FROM-TO,1,1,0.887734,0.947785,0,0,0,0,0,0,0,0,1.01904,0,1.40271,0,0.882458,0,0,1,1,0,0,w,w
38539,FROM-TO,1,1,0.865755,1.58071,0.567163,0,0,0,0,0,0,0,1.12514,0,0.979103,0,1.01445,0,0,1,1,0,0,w,w
38540,FROM-TO,1,1,0.911824,1.94234,1.15951,0,0.811685,0,0,0,0,0,0.731394,0,0,0,0.764888,0,0,1,0,0,0,w,w
38541,FROM-TO,1,1,0.933749,0.742102,0,0,1.07294,0,0,0,0,0,0,0,0.755124,0,0,0,0,1,0,0,0,w,w
38542,FROM-TO,1,1,0.963512,0.701027,1.08018,0,0.612983,0,0,0,0,0,0,0,1.50689,0,0,0,0,1,0,0,0,w,w
38592,FROM-TO,1,1,0.956257,0,0,0.816412,0,0.797454,2.77294,0.565127,0.793766,0.539623,0,0,1.1412,0,0,0,0,0,0,0,1,w,w
38593,FROM-TO,1,1,0.97501,0,0,1.0735,0,0.588525,2.18702,0.785334,0.917259,1.14621,0,0,0,0,0,0,1,0,0,0,1,w,w
38596,FROM-TO,1,1,0.927589,0.565393,0,1.47379,0,0,2.65307,0,0,0,0,0.62184,0,2.40224,0.891043,0,0,1,0,0,1,w,w
38597,FROM-TO,1,1,0.93965,0,0,0,0,0,0.547708,0,0,0,0.509876,0,0,1.11297,0,1,0,1,1,0,1,w,w
38598,FROM-TO,1,1,0.871942,0,0,0,0,0,0,0,0,0,0.532071,0,0,0.662991,0,1,0,1,0,0,1,w,w
38599,FROM-TO,1,1,0.875758,0.683924,0,0,0,0,0,0,0,0,0.552021,0,0,0.838241,0,1,0,1,1,0,1,w,w
38601,FROM-TO,1,1,0.913214,0.756161,0,0,0,0,0,0,0,0,1.80634,0,0,0,0.597891,0,0,1,1,0,1,w,w
38602,FROM-TO,1,1,0.94152,0,0,0,0,0,0,0,0,0,1.37403,0,0,0,0,1,0,0,1,0,1,w,w
38603,FROM-TO,1,1,0.794945,0,0,0,0,0,0,0,0,0,0.558815,0,0,0,0,1,0,0,1,0,1,w,w
38604,FROM-TO,1,1,0.749795,1.13727,0,0.689885,0,0,0,0.538181,0,1.11131,0.66842,0,0,0,0,1,0,0,1,1,0,w,w
38605,FROM-TO,1,1,0.804764,1.35913,0,1.00424,0,0,0,0.90406,0,1.20513,1.25891,0.567582,0,0.587432,0,1,1,0,1,1,0,w,w
38606,FROM-TO,1,1,0.866702,1.38652,1.32678,0.71791,1.05005,0.54965,0,0.92478,0,1.18158,0.929519,0.914601,0,1.36392,0,1,1,1,1,1,0,w,w
38607,FROM-TO,1,1,0.728565,1.05408,1.18793,0,0,0,0,0,0,0,0,0,1.06283,1.12337,0.811688,0,0,1,1,0,0,w,w
38608,FROM-TO,1,1,0.850028,0,0,0,0,0,0,0,0,0,1.5383,0,0,1.13543,1.19722,0,0,1,1,0,1,w,w
38609,FROM-TO,1,1,0.907652,0,0,0.533853,0,0,1.72139,0,0,0,1.31161,0,0,0.629744,0.911945,1,0,1,0,0,1,w,w
38610,FROM-TO,1,1,0.928928,0,0,0,0,0,2.07858,0,0,0,0,0,1.03142,0.537613,0.659381,1,0,1,0,0,1,w,w
38611,FROM-TO,1,1,0.931527,0,0.503291,0.737038,0,0,1.11789,0,0,0,0.517034,0,1.01032,0.752439,0,0,0,1,0,0,0,w,w
38612,FROM-TO,1,1,0.975085,0,0,0.870423,0,0,0.6903,0,0,0,0.746364,0,0,0.538022,0,0,0,1,0,0,0,w,w
38630,FROM-TO,1,1,0.963256,0,0,0,0,0,0,0,0,0,1.80634,0,0,3.17503,1.01733,0,0,1,1,0,0,w,w
38631,FROM-TO,1,1,0.978332,0.658186,0,0,0.72486,0,0,0,0,0,1.23635,0,0,1.11973,0.748804,0,0,1,0,0,0,w,w
38632,FROM-TO,1,1,0.950484,0.597167,0.61646,0,0.659567,0,1.10665,0,0,0,1.04614,0,0,0,0,0,0,1,0,0,0,w,w
38633,FROM-TO,1,1,0.935865,0.87887,1.08202,0,0.619527,0,1.22733,0,0,0,0.545814,0.507797,0,0,0,0,0,1,0,0,0,w,w
38634,FROM-TO,1,1,0.931545,0.66147,0.962627,0,0.915036,0,0.999859,0,0,0,0.874063,0.585117,0,0,0,0,0,1,0,0,0,w,w
38635,FROM-TO,1,1,0.916991,0.687848,0,0,0.846761,0,0,0,0,0,1.94359,0,0,1.46074,0.515454,0,0,1,1,0,0,w,w
38636,FROM-TO,1,1,0.915,0.615678,0,0,0.676893,0,0,0,0,0,1.94499,0,0.974989,2.81844,0.757722,0,0,1,1,0,0,w,w
38637,FROM-TO,1,1,0.921777,0.838246,0,0,0.884861,0,0,0,0,0,2.16714,0,0,1.57332,0.627904,0,0,1,1,0,0,w,w
38638,FROM-TO,1,1,0.923637,0.78572,0.950374,0,1.033,0,0,0,0,0,1.79459,0.59107,0,0,0,0,0,1,1,0,0,w,w
38639,FROM-TO,1,1,0.927826,0.977059,1.18897,0,0.839929,0,0,0,0,0,1.55505,0.883292,0,0,0,0,0,1,1,1,0,w,w
38640,FROM-TO,1,1,0.869146,1.15185,1.19537,0,0.965815,0,0,0,0,0,1.18282,0.793874,0,0,0,0,0,1,1,1,0,w,w
38641,FROM-TO,1,1,0.876134,1.22356,1.3114,0,0.814335,0,0,0.54321,0,0,1.09381,0.555092,0,0,0,0,0,1,0,0,0,w,w
49081,FROM-TO,1,1,0.815663,0.601239,1.74895,0,0,0.985341,1.12781,1.01802,1.87483,1.22479,0,0.639692,1.08367,1.4933,0,0,1,0,1,0,0,w,w
49082,FROM-TO,1,1,0.828785,0,2.02826,0,0.77439,0.854294,0,0.981107,1.50729,0.681767,0,0,0.912792,2.65785,0,0,1,0,1,0,0,w,w
49083,FROM-TO,1,1,0.873741,0.54495,1.92177,0,0.816862,0.787814,0,1.00627,1.34969,1.10905,0,0.577277,1.06737,1.17006,0,0,1,0,1,0,0,w,w
49084,FROM-TO,1,1,0.907603,1.09966,1.92916,0,0.859997,0.800599,0.950084,0.87144,1.38805,1.49923,0,0.677629,0.763355,0.995905,0,0,1,0,1,0,0,w,w
49085,FROM-TO,1,1,0.845395,1.4252,1.91615,0,1.1303,0.776711,0.744626,0.804636,1.44104,1.53267,0,0.7715,0.760376,0.778837,0,0,1,0,1,0,0,w,w
49086,FROM-TO,1,1,0.728275,1.57755,1.9409,0.637201,1.61305,0.727499,0.876339,0.733288,1.27122,0.943527,0,0.504714,0,1.34873,0,0,1,0,0,0,0,w,w
49087,FROM-TO,1,1,0.768024,1.72871,1.5951,0.597258,1.90679,0.78157,1.07933,0.838459,1.44553,0,0,0,0,1.26904,0,0,1,0,0,0,0,w,w
49088,FROM-TO,1,1,0.780168,1.40243,1.82868,0,1.22694,0.872189,1.10866,0.805376,1.90572,0.68419,0,0,0,1.10776,0,0,1,0,0,0,0,w,w
49089,FROM-TO,1,1,0.834191,1.27354,2.02848,0,0,1.0242,1.78549,1.06607,1.87869,1.80428,0,0.55194,1.21272,0.673925,0,0,1,0,1,0,0,w,w
49090,FROM-TO,1,1,0.829009,0.999322,2.24006,0,0,0.978778,1.21065,1.21943,1.70133,1.97726,0,0,0,1.71684,0,0,1,0,1,0,0,w,w
49091,FROM-TO,1,1,0.818708,0.550358,1.94611,0,0,1.01298,1.10332,1.2727,1.81804,2.03246,0,0,0.751618,2.09152,0,0,1,0,1,0,0,w,w
49092,FROM-TO,1,1,0.886561,0,1.87966,0,0.852987,0.98103,1.17162,1.26667,1.61921,1.8247,0,0,0.542354,1.41047,0,0,1,0,1,0,0,w,w
49093,FROM-TO,1,1,0.92811,0.712864,1.34454,0,0.666581,0.903132,1.01248,1.0805,1.67771,1.80614,0,0,0,0.651045,0,0,1,0,1,0,0,w,w
49094,FROM-TO,1,1,0.90761,0.789476,1.71855,0,0.632626,0.534364,0,0.630869,1.26707,1.22153,0,0,0,1.39681,0,0,1,1,1,0,0,w,w
49095,FROM-TO,1,1,0.934747,0.778796,1.07547,0,0.802571,0,0.716157,0,1.31513,1.36544,0,0,0,1.05287,0,0,1,1,1,0,0,w,w
8114,FROM-TO,1,1,0.9789,0,0,0.528229,0,0.871505,1.87819,0.850611,1.32595,1.86176,0,0.844613,1.21663,1.87695,0,1,1,0,1,0,0,m,w
8115,FROM-TO,1,1,0.974987,0,0,0,0,0.884853,1.10453,0.839162,1.63871,1.57938,0,0,1.19287,2.03921,0,0,1,0,1,0,0,m,w
8116,FROM-TO,1,1,0.930988,0,0,0,0,0.818951,0.932344,0.582731,1.64475,1.58569,0,0,1.40705,3.43043,0,1,1,0,1,0,0,m,w
8117,FROM-TO,1,1,0.943795,0,0.690208,0,0,0.701839,0.627314,0.538635,1.37219,1.84956,0,0.807202,1.04347,2.35797,0,1,1,1,1,0,0,m,w
8118,FROM-TO,1,1,0.948184,0,0,0,0,0.728081,0,0.683459,1.92767,1.50007,0.649411,0.542473,0,3.57781,0,1,1,1,1,0,0,m,w
8119,FROM-TO,1,1,0.969052,0,0,0,0,0.664939,0,0.512148,1.89735,0,0,0,0.501705,3.97058,0,1,1,0,0,0,0,m,w
8120,FROM-TO,1,1,0.912344,0,0,0,0.53022,0.667178,0,0,2.05144,0.77217,0,0,0.587262,3.40847,0,1,1,0,0,0,0,m,w
8121,FROM-TO,1,1,0.923521,0,0,0,0.686614,0.789091,0,0.573793,2.07983,0.941093,0,0,0,3.11686,0.632075,0,1,0,0,0,0,m,w
8122,FROM-TO,1,1,0.907549,0,0,0,0.63663,0.8145,0,0.701437,2.37272,0.809404,0,0,0,2.61496,0.757871,0,1,1,0,0,0,m,w
8123,FROM-TO,1,1,0.904407,0,0,0,0.751827,0.765296,0,0.723715,2.11609,0,0,0,0.651238,2.34342,0.7546,1,1,1,0,0,0,m,w
8124,FROM-TO,1,1,0.898043,0,0,0,0.740507,0.700489,0,0.654861,2.24475,0.512484,0,0,0,2.32629,0.795391,0,1,1,0,0,0,m,w
8125,FROM-TO,1,1,0.89743,0,0,0.567232,0.907415,0.745298,0,0.770232,2.37758,0.594673,0,0,0.607034,2.32977,0.845896,1,1,1,0,0,0,m,w
8130,FROM-TO,1,1,0.927907,0,0,1.35185,0,0.934833,0,0.694899,2.4482,0.957336,0,0,0,1.95802,0.844208,1,1,1,0,0,0,m,w
8131,FROM-TO,1,1,0.916574,0,0,1.19094,0,1.07167,0,0.874415,2.50854,1.09496,0,0,0,2.29905,0.81869,1,1,1,0,0,0,m,w
8132,FROM-TO,1,1,0.918861,0,0,0.885231,0,1.04683,0,0.812489,2.44629,1.03669,0,0,0.595936,2.42409,0.696999,1,1,1,0,0,0,m,w
8133,FROM-TO,1,1,0.901414,0,0,0.796454,0,1.05235,0,0.868619,2.26252,1.40756,0,0,0,2.9897,0.631829,1,1,0,1,0,0,m,w
8134,FROM-TO,1,1,0.894375,0,0,1.01187,0,0.834696,0,0.717207,2.10904,1.25126,0,0,0.664983,3.85914,0.611702,1,1,0,0,0,0,m,w
8135,FROM-TO,1,1,0.860688,0,0,0.539756,0,0.891108,0,0.834494,2.07387,1.11416,0,0,0,3.96261,0.511053,1,1,0,0,0,0,m,w
8136,FROM-TO,1,1,0.869293,0,0,0.662167,0,0.880001,0,0.809492,2.05075,1.36316,0,0,0,3.77949,0,1,1,0,0,0,0,m,w
8137,FROM-TO,1,1,0.900127,0,0,0.51831,0,0.921927,0,0.871947,2.17806,1.19432,0,0,0,3.51499,0,1,1,0,0,0,0,m,w
8138,FROM-TO,1,1,0.95474,0,0,0,0,0.948172,0.502136,0.892633,2.32223,1.3424,0,0,0,3.75475,0,1,1,0,1,0,0,m,w
8139,FROM-TO,1,1,0.951597,0,0,0,0,0.895185,0,0.829546,2.30124,1.26491,0,0,0.514692,3.89787,0,1,1,0,1,0,0,m,w
8140,FROM-TO,1,1,0.952687,0,0,0,0,0.841074,0,0.84091,2.46342,1.38574,0,0,0,4.32518,0,1,1,0,1,0,0,m,w
8141,FROM-TO,1,1,0.849529,0,0,0,0,0.829418,0,0.789674,2.2719,1.29151,0,0,0.589822,4.35064,0,1,1,0,1,0,0,m,w
8142,FROM-TO,1,1,0.956476,0,0,0,0,0.805456,0,0.738612,2.01051,1.14436,0,0,0.582926,4.42909,0,1,1,0,1,0,0,m,w
8143,FROM-TO,1,1,0.95027,0,0,0,0,0.843365,0,0.822892,2.12854,1.29431,0.622209,0,0,3.99359,0,1,1,0,1,0,0,m,w
8144,FROM-TO,1,1,0.960085,0,0,0,0,0.929528,0,0.948872,2.35849,1.57815,0,0,0,4.33692,0,1,1,1,1,0,0,m,w
8145,FROM-TO,1,1,0.955257,0,0,0,0.502886,0.966354,0,0.998168,2.31093,1.6019,0,0.61453,0,3.72068,0,1,1,0,1,0,0,m,w
8146,FROM-TO,1,1,0.961867,0,0,0,0.604864,1.14619,0,1.26907,2.36145,2.0832,0,0.903407,0.589192,3.11653,0,1,1,0,1,0,0,m,w
8147,FROM-TO,1,1,0.963264,0,0,0,0.944362,1.20963,0.933034,1.29575,1.96935,2.61636,0,1.01533,0.847682,2.64398,0,1,1,0,1,0,0,m,w
8148,FROM-TO,1,1,0.7789,0,0,0,0.973038,0.838396,1.1813,0.85632,1.12881,2.40331,0,1.03064,0.794038,2.03361,0,1,1,0,1,0,0,m,w
8149,FROM-TO,1,1,0.941538,0,0,0,0.718854,1.06604,1.53122,1.26067,1.77934,2.25521,0.568083,0.92387,0.762995,0,0,1,1,1,1,0,0,m,w
8150,FROM-TO,1,1,0.782207,0,0,0.747204,1.0587,0.520354,1.11637,0.637811,0.787284,1.29914,0,0.840864,0,0,0,1,1,0,1,0,0,m,w
8151,FROM-TO,1,1,0.877209,0,0,0.782416,1.27198,0.615082,0.734,1.08397,1.38708,2.04917,0.712696,1.04077,2.59859,2.32762,0,1,1,1,1,0,0,m,w
8152,FROM-TO,1,1,0.758488,0,0,0,1.91556,0,0,0,1.14407,1.00256,0,0.582632,1.62432,0,0,1,1,0,0,0,0,m,w
44706,FROM-TO,1,1,0.777999,2.01063,1.28081,2.46135,1.08782,1.0078,0,1.3302,1.89058,2.94539,0,1.73955,0,0.6616,0,1,1,1,1,1,0,m,w
3456,FROM-TO,1,1,0.920416,0.515385,0.655051,0,0,0,2.44321,0,0,0,0,0.87566,1.4902,0,0,0,0,1,0,1,0,w,w
3457,FROM-TO,1,1,0.894259,0,0,0,0,0,1.48525,0,0,0,0,1.05264,1.48994,0,0,0,0,1,1,0,1,w,w
3458,FROM-TO,1,1,0.944924,0.607623,0,0,0,0,2.33721,0,0,0,0,0.887228,0.693106,0,0,0,0,1,0,0,0,w,w
3459,FROM-TO,1,1,0.956384,1.03376,0,0,0,0,2.75932,0,0,0,0,0.972605,0.65439,0,0,0,0,1,0,0,0,w,w
3460,FROM-TO,1,1,0.958602,0.922155,0,0,0,0.506413,2.48628,0,0,0,0,1.0296,0.908076,0,0,0,0,1,0,0,0,w,w
3461,FROM-TO,1,1,0.849499,1.24862,0,0,0,0.54351,1.7547,0.618977,0,0,0,1.48195,1.48632,0,0,0,0,1,0,0,0,w,w
3462,FROM-TO,1,1,0.866304,1.20594,0,0.525731,0,0.513262,1.77727,0.681641,0,0,0,1.09629,1.74894,0,0,0,0,1,0,0,0,w,w
3463,FROM-TO,1,1,0.89174,1.48442,0.603403,0.875805,0,0,0.991295,0.635332,0,0,0,0.673977,2.26306,0,0,0,0,1,1,1,0,w,w
3464,FROM-TO,1,1,0.87821,1.73993,1.64783,0.998798,0,0.520435,1.55751,0.765287,0.818172,0,0,0.682892,0.81662,0,0,0,0,1,0,0,0,w,w
3486,FROM-TO,1,1,0.884966,1.72619,1.46053,0.802049,0,0,0,0,0.984556,0,0,0,0,2.57635,0.837338,0,0,0,1,0,0,w,w
3488,FROM-TO,1,1,0.742443,2.23756,2.18004,0,0,0,0.765343,0.736468,1.22606,0,0,0,1.38288,1.39399,0,0,0,0,1,0,0,w,w
3492,FROM-TO,1,1,0.775632,1.95064,0.620871,0,0,0,0,0.716436,1.57008,1.36746,0,0,3.03753,0.589488,0,0,0,0,0,0,0,w,w
3493,FROM-TO,1,1,0.738086,2.13371,2.07283,0,0,0.672884,0,1.11145,1.53031,1.14958,0,0,3.17976,0.77907,0,0,0,0,1,0,0,w,w
3517,FROM-TO,1,1,0.981963,0,0,0,0.651819,0.564085,1.62015,0.692861,0.691827,0,0,0,0.650201,1.52368,0,0,0,1,0,0,1,w,w
3518,FROM-TO,1,1,0.97968,0.511328,0.696769,0.739641,0.630964,0,2.05587,0.603062,0.780897,0,0,0,0,1.15559,0,0,0,0,0,0,1,w,w
10967,FROM-TO,1,1,0.920423,2.13885,1.41438,0,0,0,0,0,0.768388,0.748748,1.02838,0.627896,0,0,0,0,0,1,0,0,0,w,w
10968,FROM-TO,1,1,0.931407,2.05709,1.23009,0,0,0,0,0,0,0.927671,0.831457,0.695683,0,0,0,0,0,1,0,0,0,w,w
10969,FROM-TO,1,1,0.931681,1.99389,0.702559,0,0,0,0,0,0,1.12663,0.67645,0.898482,0,0,0,0,0,1,0,1,0,w,w
10970,FROM-TO,1,1,0.962397,2.45926,1.20598,0,0,0,0.979564,0,0,1.22872,0,0.824542,0,0,0,0,0,0,0,1,0,w,w
10971,FROM-TO,1,1,0.961827,2.26624,0,0,0,0,0.876035,0,0,1.35188,0.769048,0,0,0,0,0,0,0,0,0,1,w,w
10972,FROM-TO,1,1,0.953642,2.60024,0,0,0,0,0.950228,0.520675,0.853151,1.10442,0.931639,0,0,0.541598,0,0,0,0,0,0,1,w,w
10973,FROM-TO,1,1,0.930635,2.51213,0,0,0,0,0,0.513042,1.13343,0.876784,0.621413,0,0,0,0,0,0,0,0,0,1,w,w
10974,FROM-TO,1,1,0.944062,2.59392,0,0,0,0,0,0.544567,1.13593,0.785978,1.64543,0.894034,0,0,0,0,0,1,0,0,1,w,w
10975,FROM-TO,1,1,0.961812,2.75523,0,0,0,0,0,0.565652,1.20707,0,1.47725,0,0,0,0,0,0,1,0,0,1,w,w
10976,FROM-TO,1,1,0.955798,2.5178,0,0,0,0,0,0.600845,1.14798,0,1.39968,0,0,0,0,0,0,1,0,0,1,w,w
10977,FROM-TO,1,1,0.947073,2.69445,0,0,0,0,0,0.56921,1.13126,0,1.44868,0,0,0,0,0,0,1,0,0,1,w,w
10978,FROM-TO,1,1,0.962693,2.78686,0,0,0,0,0,0.694047,1.28906,0.53228,1.40893,0,0,0,0,0,0,1,0,0,1,w,w
10979,FROM-TO,1,1,0.961789,2.25048,0,0,0,0,0.629701,0.721928,0.85626,1.06884,2.08593,0,0,0,0,0,0,1,0,0,1,w,w
10980,FROM-TO,1,1,0.888511,1.92259,0,0,0.773585,0,0,0,0.53455,0,2.04221,0,0,1.03024,0,0,0,0,0,0,1,w,w
10981,FROM-TO,1,1,0.977789,2.17034,0.977704,0,0.671307,0,1.49717,0,0,0.841212,0,0,0,1.23287,0,0,0,0,0,0,1,w,w
10982,FROM-TO,1,1,0.94907,1.90247,1.43322,0.634556,0,0,1.27248,0,0,0,1.10876,0,0,0,0,0,0,0,0,0,0,w,w
10983,FROM-TO,1,1,0.860938,2.2705,1.14294,0,0,0,0.980847,0,0,0,2.01683,0,0,0,0,0,0,0,0,0,0,w,w
11007,FROM-TO,1,1,0.957572,1.70022,0,0,0.749317,0,0.548917,0,0,0,1.7357,0.525855,0,2.83385,0,0,0,1,1,0,1,w,w
11008,FROM-TO,1,1,0.950329,1.8679,0,0,0.527201,0,1.0221,0,0,0.615915,1.27417,0.6767,0,0,0,0,0,1,1,0,1,w,w
11009,FROM-TO,1,1,0.952369,2.68413,0,0,0,0,0.580505,0,1.18532,0,0.589662,0,0,0,0,0,1,0,0,0,1,w,w
11010,FROM-TO,1,1,0.961377,2.01331,0,0,1.59556,0,0.889304,0,0.904441,0,0,0,0,1.67304,0,0,0,0,0,0,1,w,w
11011,FROM-TO,1,1,0.974824,2.05607,0,0,0,0,0,0,0.739629,0,0,0,0,0,0,0,0,1,0,0,1,w,w
11012,FROM-TO,1,1,0.975075,1.81784,0.886003,0,0.55839,0,0.865669,0,0,0,0,0,0,1.16862,0,0,0,0,0,0,0,w,w
11013,FROM-TO,1,1,0.967982,1.57477,0.732471,0,0.537548,0,0,0,0,0,0,0,0,0.913172,0,0,0,0,0,0,0,w,w
11014,FROM-TO,1,1,0.985759,1.67164,1.03061,0,0,0,0.581237,0,0,0.92836,0,0.627451,0,0.832233,0,0,0,0,0,0,0,w,w
11015,FROM-TO,1,1,0.977405,1.33806,0.621059,0,0,0,0,0,0,1.10789,0,0.777574,0,0,0,0,0,0,0,0,0,w,w
19065,FROM-TO,1,1,0.926132,0,0.599797,1.4454,0,0,0.728094,0,0,0,0.64935,0,0.57125,3.52814,0,1,0,1,1,0,1,w,w
19066,FROM-TO,1,1,0.950637,0,1.12214,1.66186,0,0,0.735826,0,0,0,1.47416,0,0,3.62788,0.811123,1,0,1,1,0,1,w,w
19067,FROM-TO,1,1,0.860074,0.795699,1.22784,1.35873,0,0,0.660715,0,0,0,2.05821,0.550245,0.669212,2.24569,1.10262,1,0,1,1,0,0,w,w
19068,FROM-TO,1,1,0.75229,0,1.88692,0,0,0,0,0,0,0,1.26567,0.756844,1.54428,3.39694,0.547436,1,0,1,1,0,0,w,w
19069,FROM-TO,1,1,0.756167,0.658412,1.95534,0,0,0,0,0,0,0.631053,0,1.03083,1.57449,1.22787,0,1,1,0,0,0,0,w,w
19070,FROM-TO,1,1,0.837624,0,0.988866,0,0,0,0,0,0,0,0,0.518289,1.34929,0.841393,0,1,1,0,0,0,0,w,w
19071,FROM-TO,1,1,0.930587,0,1.30001,0,0,0,0,0,0,0,0.642405,0,0,1.13363,0,1,0,0,1,0,0,w,w
19072,FROM-TO,1,1,0.883626,0,1.30571,0,0,0,0,0,0,0,0,0,1.03714,2.31533,0,1,1,0,1,0,0,w,w
19073,FROM-TO,1,1,0.850139,0,1.65892,0,0,0,0,0,0,0,0,0,1.32655,2.35222,0,0,1,0,0,0,0,w,w
19074,FROM-TO,1,1,0.782415,0,1.05558,0,0,0,0,0,0,0.649676,0,0,1.15858,0.914397,0,1,1,0,0,0,0,w,w
19075,FROM-TO,1,1,0.858187,0,0.830108,0,0,0,0,0,0,0,0,0,1.11297,0.50302,0,0,1,0,0,0,0,w,w
19076,FROM-TO,1,1,0.915846,0,0.690747,0,0,0,0,0,0,0,0,0,0.85397,1.13461,0,0,1,0,0,0,0,w,w
19077,FROM-TO,1,1,0.926479,0,0,0,0,0,0.508714,0,0,0,0,0,0,0,0,0,1,0,0,0,0,w,w
19078,FROM-TO,1,1,0.976366,0,0,0.778231,0,0.765626,0,0.631866,1.36341,1.30828,0,0,1.48407,3.46788,0,1,1,0,1,0,0,w,w
19079,FROM-TO,1,1,0.925745,0,0,1.15933,0,0.662357,0,0.518598,1.21082,1.23193,0,0,0,2.64825,0,1,1,0,0,0,0,w,w
19080,FROM-TO,1,1,0.86378,0,0,1.3522,0.960572,0,0,0,0.867178,1.36149,0,0,0,1.63929,0,1,1,0,0,0,0,w,w
19092,FROM-TO,1,1,0.848174,1.31916,0.526669,1.25634,1.55902,0,0,0,0,0,0,0,0.767223,0.935249,0,1,0,0,0,0,0,w,w
19093,FROM-TO,1,1,0.890829,1.47693,1.41772,1.82471,0.906536,0,1.82968,0,0,0,0,0,0,2.3323,0,1,0,0,0,0,0,w,w
19094,FROM-TO,1,1,0.86845,1.30432,1.50721,2.70693,0,0,1.83398,0,0,0,1.24732,0,0,1.87534,0,1,0,1,1,0,0,w,w
19095,FROM-TO,1,1,0.767009,0.93896,0.522971,0.980487,1.01176,0.557992,0.653574,0,0.686426,0.761933,0,0,1.05486,0,0,1,1,0,1,0,0,w,w
19096,FROM-TO,1,1,0.863004,1.52942,0.946688,2.36979,0,0,2.1303,0,0,0,0,0,0,0,0,1,0,1,1,0,0,w,w
19103,FROM-TO,1,1,0.740448,0.523573,0,0.836712,0.7485,0.745107,0,0.772373,0.537122,0.577014,0,0,2.28228,1.58313,0,1,1,0,0,0,0,w,w
19110,FROM-TO,1,1,0.974929,0.968579,0.782612,2.50374,0,0,2.29682,0,0.557566,0.51574,0,0,1.00308,4.92241,0.629303,1,1,0,0,0,0,w,w
19111,FROM-TO,1,1,0.981484,0.56496,0.974294,2.39246,0,0,2.2519,0,0,0,0,0,0,3.91648,0.901138,1,1,1,0,0,0,w,w
25863,FROM-TO,1,1,0.900543,0.58136,0,1.00947,0.603868,0,0.609982,0,0,0,0,0,0.925857,2.2195,0,1,0,0,0,0,0,w,w
25869,FROM-TO,1,1,0.838609,0,0.705882,1.7679,0.720629,0,0,0,0.638916,0.80914,0,0,0,0,0,1,1,0,0,0,0,w,w
46534,FROM-TO,1,1,0.975409,0,0,0,0,0.707505,0.56733,0.850789,0.694423,1.6892,0,0.895914,0.970339,0,0,0,1,1,0,0,0,w,w
16431,FROM-TO,1,1,0.983229,1.49332,0,0,0,0,0,0,0,0,1.20748,0,0,1.73687,1.19487,0,0,0,1,0,1,m,m
16432,FROM-TO,1,1,0.987665,1.49203,0,0,0,0,0,0,0,0,0,0,0,1.72544,0.956286,0,0,0,1,0,1,m,m
16433,FROM-TO,1,1,0.981252,1.49425,0,0,0,0,0,0,0,0,0,0,0,0.668615,0.500075,0,0,1,1,0,1,m,m
16434,FROM-TO,1,1,0.982481,1.25886,0,0,0,0,0,0,0,0,0,0.526977,0,0,0,0,0,1,1,0,0,m,m
16619,FROM-TO,1,1,0.98719,0,0,0,0.502444,0.807347,2.85189,1.07968,1.19238,0.523202,0.582921,0,0.937324,0.954687,0,0,1,0,0,0,0,m,m
16620,FROM-TO,1,1,0.985219,0,0,0,0.74125,0.736686,2.34474,0.989869,1.13628,0.586437,0,0,0.911878,1.05577,0,0,1,0,0,0,0,m,m
17061,FROM-TO,1,1,0.973237,1.28991,0,0,0.821293,0,1.0227,0,1.59805,0,0.712963,0,1.52875,2.8545,0.607452,0,1,0,1,0,0,m,m
17062,FROM-TO,1,1,0.9705,1.17539,0,0,1.1938,0,1.43286,0,1.51202,0,0,0,1.16482,4.02885,0.583585,0,1,0,1,0,0,m,m
17063,FROM-TO,1,1,0.958853,0.913622,0,0,1.23528,0,1.41144,0,1.35555,0,0,0.660012,1.60893,3.30797,0,0,1,0,1,0,0,m,m
18624,FROM-TO,1,1,0.987221,1.03019,0,0,0,0,1.07598,0,0,0,0,0.648357,0.878858,2.06955,0.917293,0,0,0,1,0,0,m,m
18625,FROM-TO,1,1,0.989707,0.816485,0,0,0.621791,0,0,0,0,0,0,0,0.857319,2.983,0.935169,0,0,0,1,0,0,m,m
18626,FROM-TO,1,1,0.982429,0.640946,0,0,0.525647,0,0,0,0,0,0,0,0.72829,3.28342,0.923441,0,0,0,1,0,0,m,m
18627,FROM-TO,1,1,0.983832,0.546885,0.598238,0,0.686504,0,0,0,0,0,0,0,1.04357,3.12082,0.893953,0,0,0,1,0,0,m,m
18628,FROM-TO,1,1,0.983608,0.758254,0.879743,0,0.598269,0,0.526772,0,0,0,0,0,0.936763,3.80979,0.990668,0,0,0,1,0,0,m,m
18629,FROM-TO,1,1,0.982028,0.809103,0.989583,0,0.727913,0,0,0,0,0,0,0,0.931219,3.9503,1.00007,0,0,0,1,0,0,m,m
18630,FROM-TO,1,1,0.980265,0.892644,1.09474,0,0.822131,0,0,0,0,0,0,0,0.948536,4.1644,1.01059,0,0,0,1,0,0,m,m
18631,FROM-TO,1,1,0.9807,0.937273,0.928621,0,0.843301,0,0,0,0,0,0,0,0.993321,4.2446,1.01671,0,0,0,1,0,0,m,m
18632,FROM-TO,1,1,0.981652,0.859679,1.04073,0,0.906445,0,0,0,0,0,0,0,0.721568,4.09092,1.01828,0,0,0,1,0,0,m,m
18633,FROM-TO,1,1,0.981067,0.89192,1.07428,0,0.903447,0,0,0,0,0,0,0,0.681474,3.83223,1.00633,0,0,0,1,0,0,m,m
18634,FROM-TO,1,1,0.981916,0.77769,1.00036,0,0.811537,0,0,0,0,0,0,0,0.624317,4.18103,1.00291,0,0,0,1,0,0,m,m
18635,FROM-TO,1,1,0.982174,0.790993,1.10818,0,0.757771,0,0,0,0,0,0,0,0.702364,4.33989,1.005,0,0,0,1,0,0,m,m
18636,FROM-TO,1,1,0.98406,0.973805,1.22261,0,0.566959,0,0,0,0,0,0,0,0.829932,4.1684,0.913007,0,0,0,1,0,0,m,m
18637,FROM-TO,1,1,0.986358,1.09261,1.2967,0,0.665516,0,0,0,0,0,0,0,0.631843,4.24035,0.813334,0,0,0,1,0,0,m,m
18638,FROM-TO,1,1,0.987959,1.31865,1.32402,0,0.676806,0,0,0,0,0,0,0,0.84309,4.31157,0.731401,0,0,0,1,0,0,m,m
18639,FROM-TO,1,1,0.985999,1.44214,1.59933,0,0,0,0,0,0,0,0,0,0.531551,3.7577,0.66343,0,0,0,1,0,0,m,m
18640,FROM-TO,1,1,0.982432,1.86606,1.7635,0,0.500008,0,0,0,0,0,0,0,0.779463,3.23753,0.626786,0,1,0,1,0,0,m,m
18641,FROM-TO,1,1,0.991824,1.62921,1.66212,0,0,0,0,0,0,0,0,0,0.918473,3.06486,0.631211,0,1,0,1,0,0,m,m
18642,FROM-TO,1,1,0.991136,1.38478,1.12095,0,0,0,0,0,0,0,0,0,0.550853,1.26583,0.794647,0,0,0,1,0,0,m,m
18665,FROM-TO,1,1,0.951651,2.36319,3.22291,2.31721,0,0,2.93713,0,0,0,1.22507,0.764705,0,0,0,1,0,1,0,0,0,m,m
5916,FROM-TO,1,1,0.8007,0.843583,1.31967,0,0.714682,0,0,0,0,0.689562,0.674874,0,0.806531,1.0865,0,1,0,0,0,0,0,m,m
5917,FROM-TO,1,1,0.801028,1.05705,1.7543,0.728572,0.562569,0,1.07881,0,0,0,1.15895,0,1.00826,0.789335,0,1,0,0,0,0,0,m,m
5918,FROM-TO,1,1,0.821935,1.16934,1.65608,0.779057,0.824373,0,0.825117,0,0,0,0.778352,0,0.678413,1.15984,0,1,0,0,1,0,0,m,m
5927,FROM-TO,1,1,0.915133,1.39042,0.767244,1.60174,0,0,0,0,0.596142,0,1.18788,0,0.806885,1.21881,0,1,0,1,0,0,1,m,m
5928,FROM-TO,1,1,0.918465,1.64776,0.868506,1.51243,0,0,0,0,0.765801,0.57031,1.03079,0,0.613499,1.36566,0,1,0,1,0,0,1,m,m
5929,FROM-TO,1,1,0.933206,1.57918,0.728365,1.39392,0,0,0,0,1.0618,0.726313,1.33812,0,0,1.80316,0,1,0,1,0,0,0,m,m
5930,FROM-TO,1,1,0.923907,1.52202,1.49387,0.761599,0,0,0,0,1.40268,1.40767,0.879913,0,0.990924,2.31453,0,0,0,1,1,0,0,m,m
5931,FROM-TO,1,1,0.842567,1.7088,0.806491,0,1.15331,0,0,0,1.02288,0,0,0,1.54672,2.93373,0,0,0,1,1,0,0,m,m
5954,FROM-TO,1,1,0.913708,0,0,0,0,0,0.737069,0.776252,0,0.815635,0,0,0,0,0,1,0,1,1,0,1,m,m
5955,FROM-TO,1,1,0.900908,0,0,0,0,0,0.811935,0.999013,0,1.23053,0.544437,0,0,0,0,1,0,1,1,0,1,m,m
5956,FROM-TO,1,1,0.78923,0,0,0,0,0,0,0.836402,0,1.19732,0.540401,0,0,0,0,1,0,0,0,0,1,m,m
5957,FROM-TO,1,1,0.951459,0,0,0,0,0,0.857781,0,0,0.884122,0,0,0,0,0,1,0,0,0,0,1,m,m
5958,FROM-TO,1,1,0.826565,0,0,0.891592,0,0,0.57557,0,0,0,0.694852,0,0,0,0,1,0,1,0,0,1,m,m
5959,FROM-TO,1,1,0.962246,0,0,0.926316,0,0,1.57786,0,0,0,0.701757,0,0,0,0,1,0,0,0,0,1,m,m
5960,FROM-TO,1,1,0.906093,0,0,0,0,0,0,0,0,0,0,0,0,0,0,1,0,0,0,0,1,m,m
5961,FROM-TO,1,1,0.968139,0,0,0,0,0,1.24844,0,0,0.700672,0,0,0,0,0,1,0,0,0,0,1,m,m
5962,FROM-TO,1,1,0.955041,0,0,0,0.745149,0,0,0,0,0.741922,0,0,0,0,0,1,0,0,0,0,1,m,m
5963,FROM-TO,1,1,0.941524,0,0,0,0.619609,0,0,0,0,0,0,0,0,0,0,1,0,0,0,0,1,m,m
5964,FROM-TO,1,1,0.955407,0,0,0,0,0,1.07316,0,0,0,0,0,0,0,0,1,0,0,0,0,1,m,m
5965,FROM-TO,1,1,0.948633,0,0,0,0,0,0.814527,0,0,0,0,0,0,0,0,1,0,0,1,0,1,m,m
5966,FROM-TO,1,1,0.954946,0,0,0,0.566491,0,1.83619,0,0,0,0.640019,0,0,0,0,1,0,1,0,0,1,m,m
5967,FROM-TO,1,1,0.930034,0.824236,0.7682,0,0.542806,0,0.561337,0,0,0,1.27782,0,0,0,0,1,0,1,0,1,1,m,m
5968,FROM-TO,1,1,0.947256,0,0,0.542113,0.614741,0,0,0,0,0,1.2727,0,0,1.2607,0.510593,1,0,1,0,0,1,m,m
5986,FROM-TO,1,1,0.897803,0.656855,0.503052,0.599867,0,0,1.1396,0,0.584075,1.13394,0.688719,0,0.780433,0.977351,0.686307,0,0,1,1,0,1,m,m
5987,FROM-TO,1,1,0.944872,0.874731,0.716902,0,0,0.602133,1.02429,0.586205,0.513681,1.21219,0.741593,0.757129,0.543179,0.778703,0,1,0,1,1,0,1,m,m
5988,FROM-TO,1,1,0.950447,0,0,0.553661,0,0.656257,0.702756,0.665537,0,1.11356,1.08262,0.658608,0,0.959577,0,1,0,1,1,0,1,m,m
5989,FROM-TO,1,1,0.951147,0,0,0,0,0.877965,0,0.974052,0.704401,1.48227,0.513825,0.577403,0,1.40979,0,1,0,1,1,0,1,m,m
5990,FROM-TO,1,1,0.964283,0,0,0,0,0.896938,0,0.974498,1.05363,1.75301,0,0,0,1.43801,0,1,1,1,1,0,1,m,m
5991,FROM-TO,1,1,0.917506,0,0,0,0,0.751641,0.799797,0.832165,1.12166,1.02162,0,0,0,1.07878,0,1,0,1,1,0,1,m,m
5992,FROM-TO,1,1,0.903317,0,0,0,0,0.746236,0.921103,0.857242,1.52692,2.54301,0,0.579335,0,1.11627,0,1,1,1,1,0,1,m,m
5993,FROM-TO,1,1,0.907449,0.55752,1.06981,0,0,0,0.608548,0,0.779614,2.40106,0,0.693333,0.579383,0,0,1,1,1,1,0,0,m,m
5994,FROM-TO,1,1,0.838701,1.04383,0.862074,0,0,0,0,0,0.687927,1.95274,0,0.533986,0.681597,0,0,1,0,1,1,0,0,m,m
6003,FROM-TO,1,1,0.777397,1.94948,1.4402,1.52884,0,0,0,0,1.13692,0,0,1.20686,1.48418,0,0,1,0,0,1,0,1,m,m
6014,FROM-TO,1,1,0.882989,1.35017,1.87074,0,0,0.734452,0,1.1058,1.02611,0.947612,0.745037,0,1.20133,3.43736,0.573376,1,0,1,0,0,0,m,m
6015,FROM-TO,1,1,0.788264,1.44995,1.68078,0,0,0.80821,0,1.12695,1.20075,1.53392,0,0,0.797103,3.6249,0.64792,0,0,1,0,0,0,m,m
6016,FROM-TO,1,1,0.844675,1.70956,1.93257,0,0,0.579166,0,0.734087,0.974625,1.89592,0,0,0.756219,2.96757,0.808729,0,0,1,0,0,0,m,m
6018,FROM-TO,1,1,0.827133,0,1.89955,0,0,0.774636,0,0.783012,0.991835,1.36299,0.911581,0,0.937742,3.45629,0,1,1,1,1,0,0,m,m
6019,FROM-TO,1,1,0.76208,1.31369,2.08319,0,0.6839,0.598975,0,0.541862,1.12768,0,0,0.994391,0,2.91649,0,1,0,1,1,0,1,m,m
6020,FROM-TO,1,1,0.85657,1.01408,2.28367,0,1.24485,0,0.679563,0,0,0,0,0.634926,0,1.56738,0,1,0,0,1,0,0,m,m
6021,FROM-TO,1,1,0.795302,1.11538,1.87967,0.515408,0,0,0,0,0,0,0,0.768074,0,0.821986,0,1,0,1,1,1,1,m,m
6022,FROM-TO,1,1,0.74528,1.14858,1.03781,1.15096,0,0,0,0,0,0,0,0.692941,0,1.16726,0.513508,1,0,1,1,1,1,m,m
6051,FROM-TO,1,1,0.927784,0.651257,0,0,0,0,1.02331,0,0,1.18936,0.719929,1.18328,0.791521,0,0,1,0,1,1,0,1,m,m
6065,FROM-TO,1,1,0.896201,0,1.11955,1.24054,0,0.518019,2.92386,0.705026,0,0.860496,0.786011,0,1.63273,2.73225,0,1,0,1,1,0,1,m,m
6066,FROM-TO,1,1,0.913237,0.514253,0,1.36057,0,0.643398,2.37755,1.01074,0,1.21547,0.959928,0,1.2818,2.06584,0,1,0,1,1,0,1,m,m
6067,FROM-TO,1,1,0.942879,0,0,0.869868,0,0.797004,1.81965,1.32048,0,1.28715,0,0,1.43528,0,0,1,0,1,1,0,1,m,m
6068,FROM-TO,1,1,0.96954,0.741789,0.508908,1.49482,0,0.983333,2.71071,1.2517,0.784121,1.21804,0,0,0.895282,2.30726,0.614207,1,1,1,1,0,1,m,m
6069,FROM-TO,1,1,0.976409,0.727733,0,1.74127,0,0.874529,2.86603,1.06705,0.776753,1.14681,0,0,0.997629,2.10922,0.678928,1,1,1,0,0,1,m,m
6070,FROM-TO,1,1,0.984483,0,0,1.7048,0,0.773629,2.64959,0.886492,0.868096,1.23663,0,0,1.00086,1.32798,0.610337,1,1,1,1,0,1,m,m
6071,FROM-TO,1,1,0.976241,0.572693,0,1.90402,0,0,2.36716,0.598044,0.512695,1.38149,0.762033,0,1.2822,1.49366,0.662416,1,0,1,1,0,1,m,m
6072,FROM-TO,1,1,0.962282,0.643129,0,2.01087,0,0,2.11318,0,0,0.838145,1.02087,0,0,0.571845,0.616119,1,0,1,1,0,1,m,m
6073,FROM-TO,1,1,0.945029,0.675433,0.913879,1.0447,0,0,1.33158,0,0.514426,0.738607,0,0,0.908519,0,0.543667,1,0,1,1,0,1,m,m
6076,FROM-TO,1,1,0.753508,1.17736,0.715142,0.878223,0,0,1.77908,0,0,0,0,1.13775,1.24213,0.788133,0.653595,1,0,1,1,0,1,m,m
6077,FROM-TO,1,1,0.84564,0,0,1.36479,0,0,0.983431,0,0,0,0,0.964619,2.02911,0.754312,0.816034,1,0,1,1,1,1,m,m
2295,FROM-TO,1,1,0.968764,0,0,1.1156,0,0,0.741998,0.937971,0,1.55058,0,0.618757,0.541068,0.607848,0,1,0,0,1,0,0,w,m
2296,FROM-TO,1,1,0.972848,0,0,0.928322,0.512174,0,1.11912,0.690122,0,1.58104,0,0.504854,0.681516,0.693567,0,1,0,0,1,0,0,w,m
2297,FROM-TO,1,1,0.97085,0,0,0.772736,0.541907,0,1.2291,0.712999,0,1.36522,0,0,0.615034,1.14016,0,1,0,0,1,0,0,w,m
2298,FROM-TO,1,1,0.975803,0,0,0,0.50367,0,0.929778,0.711373,0,1.38976,0,0,0.908973,1.44752,0,1,1,0,1,0,0,w,m
2299,FROM-TO,1,1,0.972824,0,0,0,0,0,0.787221,0.799276,0,1.45835,0,0,0.823973,1.95157,0,1,1,0,1,0,0,w,m
2300,FROM-TO,1,1,0.972547,0,0,0.654861,0.504254,0,1.13873,0.712708,0,0.995472,0,0,0,1.94261,0,1,0,0,1,0,0,w,m
2301,FROM-TO,1,1,0.972509,0,0,0,0,0,0.766725,0.720744,0,0.923333,0,0,0.514084,1.89459,0,0,0,0,1,0,0,w,m
2302,FROM-TO,1,1,0.976407,0,0,0.646723,0,0,0.943025,0.593785,0,1.01572,0,0,0,2.44809,0,1,0,0,1,0,0,w,m
2303,FROM-TO,1,1,0.97469,0,0.669489,0.566076,0,0,1.14745,0.57686,0,0.890047,0,0,0,2.32836,0,1,0,0,1,0,0,w,m
2304,FROM-TO,1,1,0.96767,0,0.50176,0.579915,0,0,0.573908,0,0,0.863234,0,0,0,2.50458,0,1,0,0,1,0,1,w,m
2305,FROM-TO,1,1,0.94915,0,0.943968,0,0,0,0,0,0,0.639535,0,0,0,2.59392,0,0,0,0,1,0,0,w,m
2306,FROM-TO,1,1,0.94619,0,0,0,0,0,0,0,0.584158,0.706835,0,0,0.566776,3.21039,0.545416,0,0,0,1,0,0,w,m
2307,FROM-TO,1,1,0.940439,0,0.855444,0,0,0,0,0,0.640695,0.928555,0,0,0.727866,3.04986,0.572455,0,0,0,0,0,0,w,m
6955,FROM-TO,1,1,0.956609,0,0,0.896759,0,0,0,0,0,0,1.27721,0,0,1.99207,0,0,0,0,0,0,1,m,m
6956,FROM-TO,1,1,0.952535,0,0,1.08457,0,0,0,0,0,0,1.23025,0,0,2.10675,0,0,0,0,0,0,1,m,m
6957,FROM-TO,1,1,0.949995,0,0,1.00597,0,0,0,0,0,0,1.27178,0,0,1.67289,0,0,0,0,0,0,1,m,m
6958,FROM-TO,1,1,0.954812,0,0,0.916703,0,0,0,0,0,0,1.46716,0,0,1.66855,0,0,0,0,0,0,1,m,m
6959,FROM-TO,1,1,0.945268,0.526012,0,0.663233,0,0,0,0,0,0,1.34607,0,0,1.45901,0,0,0,0,0,0,1,m,m
6960,FROM-TO,1,1,0.938863,0,0,0.795612,0,0,0,0,0,0,0.881499,0,0,1.52816,0,0,0,0,0,0,1,m,m
6961,FROM-TO,1,1,0.952944,0,0,0.860078,0,0,0,0,0,0,1.10511,0.540408,0,1.0672,0,0,0,1,0,0,1,m,m
6962,FROM-TO,1,1,0.954465,0,0,1.11991,0,0,0,0,0,0,1.02868,0.597215,0.515083,0.882939,0,1,0,1,0,0,1,m,m
6963,FROM-TO,1,1,0.949982,0,0,0.753723,0,0,0,0,0,0,0.828805,0.652774,0.589597,1.11993,0,0,0,1,0,0,1,m,m
6964,FROM-TO,1,1,0.953647,0,0,0.754975,0,0,0,0,0,0,1.02173,0.627513,0.727718,1.15806,0,0,0,1,0,0,1,m,m
6965,FROM-TO,1,1,0.9548,0,0,0.753338,0,0,0,0,0,0,0.833784,0.528617,0,0.875969,0,0,0,0,0,0,1,m,m
6966,FROM-TO,1,1,0.955864,0,0,0.658746,0,0,0,0,0,0,0.956759,0,0.680003,0.815914,0,0,0,0,0,0,1,m,m
6967,FROM-TO,1,1,0.958476,0,0,0,0,0,0,0,0,0,0.996401,0,0.569113,1.14704,0,0,0,0,0,0,1,m,m
6968,FROM-TO,1,1,0.956032,0,0,0,0,0,0,0,0,0,0.911295,0,0.613802,1.15314,0,0,0,1,0,0,1,m,m
6969,FROM-TO,1,1,0.958688,0,0,0.54728,0,0,0,0,0,0,0.846711,0,0.65465,0.897225,0,0,0,1,0,0,1,m,m
6970,FROM-TO,1,1,0.953696,0,0,0.615726,0,0,0,0,0,0,0.735966,0,0.714958,1.12739,0,0,0,0,0,0,1,m,m
6971,FROM-TO,1,1,0.946092,0,0,0,0,0,0,0,0,0,0.842983,0,0.851935,1.49925,0,0,0,1,0,0,1,m,m
6972,FROM-TO,1,1,0.948863,0,0,0,0,0,0,0,0,0,0.78662,0,0.618238,1.46687,0,0,0,0,0,0,1,m,m
6973,FROM-TO,1,1,0.944587,0,0,0,0,0,0,0,0,0,1.09768,0,0,1.28009,0,0,0,0,0,0,1,m,m
6974,FROM-TO,1,1,0.950939,0,0,0,0,0,0,0,0,0,1.00107,0,0.68143,0.946334,0,0,0,1,0,0,0,m,m
6975,FROM-TO,1,1,0.950607,0,0,0,0,0,0,0,0,0,0.869935,0,0.814104,1.11305,0,0,0,0,0,0,0,m,m
6976,FROM-TO,1,1,0.954518,0,0,0.534442,0,0,0,0,0,0,0.977887,0,0.742883,0.958389,0,0,0,0,0,0,1,m,m
6977,FROM-TO,1,1,0.955314,0,0,0.559852,0,0,0,0,0,0,1.05064,0,0.819553,0.986205,0,0,0,1,0,0,0,m,m
6978,FROM-TO,1,1,0.947264,0,0,0,0,0,0,0,0,0,1.06943,0,0.773874,0.940172,0,0,0,1,0,0,1,m,m
6979,FROM-TO,1,1,0.950353,0,0,0,0,0,0,0,0,0,1.13133,0,0.85139,0.854568,0,0,0,1,0,0,1,m,m
6980,FROM-TO,1,1,0.949693,0,0,0,0,0,0,0,0,0,1.18668,0,0.68871,0.779967,0,0,0,1,0,0,1,m,m
6981,FROM-TO,1,1,0.953037,0,0,0,0,0,0,0,0,0,1.3366,0.529655,0.508494,0.861101,0,0,0,1,0,0,1,m,m
6982,FROM-TO,1,1,0.952264,0,0,0,0,0,0,0,0,0,1.1664,0,0.568099,0.790702,0,0,0,1,0,0,1,m,m
6983,FROM-TO,1,1,0.950212,0,0,0,0,0,0,0,0,0,1.40111,0.50164,0.6027,0.929142,0,0,0,1,0,0,1,m,m
6984,FROM-TO,1,1,0.951314,0,0,0.622825,0,0,0,0,0,0,1.24128,0,0.573494,1.20028,0,0,0,1,0,0,1,m,m
6985,FROM-TO,1,1,0.94945,0,0,0.628642,0,0,0,0,0,0,1.20593,0,0,0.883164,0,0,0,1,0,0,1,m,m
6986,FROM-TO,1,1,0.950072,0,0,0.628563,0,0,0,0,0,0,1.28506,0,0,0.659724,0,0,0,1,0,0,0,m,m
6987,FROM-TO,1,1,0.954259,0,0,0.621613,0,0,0,0,0,0,1.33758,0,0,0.804692,0,0,0,1,0,0,0,m,m
6988,FROM-TO,1,1,0.955163,0,0,0.530985,0,0,0,0,0,0,1.36752,0,0,0.857103,0,0,0,1,0,0,0,m,m
6989,FROM-TO,1,1,0.954632,0,0,0.577536,0,0,0,0,0,0,1.28046,0,0.504798,0.938327,0,0,0,1,0,0,0,m,m
6990,FROM-TO,1,1,0.953819,0,0,0.595916,0,0,0,0,0,0,1.26669,0,0,0.960408,0,0,0,1,0,0,1,m,m
3487,FROM-TO,1,1,0.965794,0,0.537563,1.01202,1.15017,0,1.12017,0.516915,0,0,0,0,0,0,0,0,0,1,1,0,0,w,m
3488,FROM-TO,1,1,0.963955,0.619291,0.508956,0.991552,0.899703,0,0,0,0.884482,0,0,0,0,0,0,0,1,1,1,0,0,w,m
3498,FROM-TO,1,1,0.901584,0,0,0.516698,0.60165,0.669936,0.564776,0.85521,1.0122,2.15968,0.937809,0.778165,1.70967,0.560516,0,0,0,1,0,0,0,w,m
3499,FROM-TO,1,1,0.907492,0,0,0.802169,0.532453,0.687654,0,0.832631,0.92118,2.06239,0.831198,0.675175,1.44405,0.816217,0,0,0,1,0,0,0,w,m
3500,FROM-TO,1,1,0.912213,0,0,0.772489,0.597159,0.569456,0.623099,0.668491,0.972464,1.94316,0.971505,0.628465,0.773402,0.934668,0,0,0,1,0,0,0,w,m
3501,FROM-TO,1,1,0.904281,0,0,0.572821,0.816575,0,0.577148,0.521208,0.84003,1.9768,0.88765,0.5555,0.77546,0.602263,0,0,0,1,0,0,0,w,m
7408,FROM-TO,1,1,0.972295,0.650177,0,0,1.04517,0,0,0,0,0,0,0,0,0.733285,0,0,0,0,1,0,0,w,w
7409,FROM-TO,1,1,0.960792,0,0,0,0,0,0,0,0,0,0.678755,0,0,1.27402,0,0,0,1,1,0,0,w,w
7410,FROM-TO,1,1,0.961449,0,0,0,0,0,0,0,0,0,0.713852,0,0,1.37737,0,0,0,0,1,0,1,w,w
