time_stamp,word,frame,success,confidence,AU01_r,AU02_r,AU04_r,AU05_r,AU06_r,AU09_r,AU10_r,AU12_r,AU14_r,AU15_r,AU17_r,AU20_r,AU25_r,AU26_r,AU04_c,AU12_c,AU15_c,AU23_c,AU28_c,AU45_c,speaker_gender,listener_gender
33941,SPECTACLES,1,1,0.980653,0.629358,1.12104,0,0.862789,0.673307,1.10346,0.789194,1.07314,1.20195,0,0,0,0,0,0,1,0,0,0,0,w,w
33942,SPECTACLES,1,1,0.984267,0,0.530622,0,0.852658,0,0,0.615055,0.967855,1.35465,0,0,0,0.50251,0,0,1,0,0,0,0,w,w
33943,SPECTACLES,1,1,0.981004,0,0.540595,0,0.925178,0,0.501186,0.608269,1.16378,1.13312,0,0.523133,0,0,0,0,1,0,0,0,0,w,w
33944,SPECTACLES,1,1,0.972448,0,0.730662,0,1.00437,0,0.643086,0.562353,0.944698,1.3603,0,0.551309,0,0,0,0,1,1,0,0,0,w,w
33945,SPECTACLES,1,1,0.962127,0,0,0,1.1512,0,0.520507,0.751274,0.98713,0.965916,0,0.520223,0,0,0,0,1,1,0,0,0,w,w
33946,SPECTACLES,1,1,0.96558,0,0,0,1.1842,0,1.00312,0.831364,0.930321,1.33137,0,0,0,0,0,0,1,1,0,0,0,w,w
33947,SPECTACLES,1,1,0.96789,0,0,0,0.831875,0,0.895659,0.849626,1.06746,1.33786,0,0,0,0,0,0,1,0,0,0,0,w,w
33948,SPECTACLES,1,1,0.971528,0,0,0,0.979801,0,1.00086,0.812898,1.02448,1.47632,0,0,0,0,0,0,1,1,0,0,0,w,w
33949,SPECTACLES,1,1,0.972211,0,0,0,0.826489,0,0.647323,0.945532,1.1291,1.51861,0,0,0,0,0,0,1,1,0,0,0,w,w
33950,SPECTACLES,1,1,0.981233,0,0,0,0.902181,0,0.522162,0.951538,1.13855,1.46003,0,0,0,0,0,0,1,1,0,0,0,w,w
33951,SPECTACLES,1,1,0.971325,0,0,0,0.665238,0.54582,0.646174,1.28058,1.45542,2.15134,0.5726,0.795007,0,0,0,0,1,1,0,0,0,w,w
33952,SPECTACLES,1,1,0.949554,0,0,0,0,0,0,1.01562,0.84102,1.4655,1.42838,0.542771,0.542213,0,0,0,1,1,0,0,0,w,w
33953,SPECTACLES,1,1,0.943146,0,0,0,0.544112,0.566255,0,1.16725,1.14648,1.41452,0.805188,0.562844,0.577143,0,0,0,1,0,0,0,0,w,w
33954,SPECTACLES,1,1,0.969283,0,0,0,0,0,0,0.985894,0.808218,1.4063,0.604161,0.732272,0.699238,0,0,0,1,0,1,0,0,w,w
33955,SPECTACLES,1,1,0.978464,0,0,0,0.663103,0,0.705182,0.938557,0.706563,1.20168,0,0.820625,0.653695,0,0,0,1,0,0,0,0,w,w
33956,SPECTACLES,1,1,0.982176,0,0.593106,0.732678,0.71592,0,1.38852,0.827557,0.685481,1.07999,0,0.907891,0.539765,0,0,0,1,0,0,0,0,w,w
33957,SPECTACLES,1,1,0.9865,0,0.873499,0.97689,0.849906,0,1.53577,0.946247,0.570341,1.14286,0,0.994357,0,0,0,0,1,0,0,0,0,w,w
33958,SPECTACLES,1,1,0.989607,0,0.847357,0.778086,1.04978,0,1.29667,0.777131,0,0.99949,0,1.01308,0,0,0,0,0,0,0,0,0,w,w
33959,SPECTACLES,1,1,0.977091,0,0.891783,0.773471,0.660295,0,1.07095,0.72112,0,0.744336,0.787168,1.10637,0,0,0,0,0,0,0,0,0,w,w
33960,SPECTACLES,1,1,0.980676,0,0.760861,1.02446,0.839483,0,0.974275,0.696622,0,0.723742,0.835692,1.04324,0,0,0,0,0,0,0,0,0,w,w
33961,SPECTACLES,1,1,0.978387,0,0.590843,0.509831,0.559936,0,0.882317,0.683908,0,0.684621,1.18964,0.905656,0.901306,0,0,0,0,0,0,0,0,w,w
33962,SPECTACLES,1,1,0.975448,0,0.52938,0.592063,0.58384,0,0.798683,0.60289,0,0.728832,1.07643,1.01524,0.718325,0,0,0,0,0,0,0,0,w,w
33963,SPECTACLES,1,1,0.971676,0,0,0,0.715279,0,0,0.694647,0,0.657112,1.17677,1.12256,0.892837,0,0,0,0,1,0,0,0,w,w
33964,SPECTACLES,1,1,0.966825,0,0,0.717571,1.00178,0,0,0.584349,0.619209,0.59511,1.12598,0.794034,0.652313,0,0,1,0,0,0,0,0,w,w
33965,SPECTACLES,1,1,0.942715,0,0.511866,0,1.2901,0,0,0,0,0,0.842085,0.506664,0,0,0,1,0,0,0,0,0,w,w
33966,SPECTACLES,1,1,0.936443,0,0,0.517991,1.18919,0,0,0,0.54101,0,0.918644,0,0.585776,0.771764,0,1,0,0,0,0,1,w,w
33967,SPECTACLES,1,1,0.900203,0,0,0.81718,1.27557,0,0,0,0,0,1.52194,0,0.844042,0.931961,0,1,0,1,1,0,1,w,w
33968,SPECTACLES,1,1,0.820001,0.874187,0.714253,1.20808,1.19291,0,0,0,0,0,1.57119,0,0.99321,1.4243,0,1,0,1,0,0,0,w,w
33969,SPECTACLES,1,1,0.865838,0.609938,0.744053,1.01521,1.14724,0,0,0,0,0,1.33012,0,0.948029,1.0549,0,1,0,1,0,0,0,w,w
33970,SPECTACLES,1,1,0.913333,0.637032,0.844797,1.21647,1.08917,0,0,0,0.715605,0,0.894571,0,1.55531,1.7866,0,0,0,1,1,0,0,w,w
33971,SPECTACLES,1,1,0.959461,0,1.3136,0.770798,0.889009,0,0,0,0.904326,0,0.899762,0.692796,1.63191,1.16135,0,0,0,1,0,0,0,w,w
33972,SPECTACLES,1,1,0.977055,0,1.07186,0.597587,0.78621,0,0,0.52297,1.36911,0.869398,0.773261,0.851253,2.31316,0,0,0,1,1,0,0,0,w,w
33989,SPECTACLES,1,1,0.963395,0.506272,0,0,0,0,1.27774,0,0,0.584439,0,1.12349,0,0.5887,0,0,0,1,0,0,1,w,w
33990,SPECTACLES,1,1,0.897669,0,0,0,0,0.644826,1.70488,0.80238,0.696698,0.67996,0.756356,0,0,1.06332,0.533696,0,0,1,1,0,1,w,w
1560,SPECTACLES,1,1,0.923839,1.54039,1.49097,0.500855,0.782638,0,1.61036,0,0.673423,0,0,0,0,0,0,0,0,0,0,0,0,m,w
1561,SPECTACLES,1,1,0.836645,1.82598,1.76863,0.648331,0.931262,0,1.04076,0,0,0,1.08803,0,0,2.72902,0,0,0,0,0,0,0,m,w
1562,SPECTACLES,1,1,0.825653,1.61676,1.78158,0.672521,1.49537,0,1.189,0,0,0,0.527433,0,0,3.305,0,0,0,0,0,0,0,m,w
1604,SPECTACLES,1,1,0.928069,1.62514,2.22881,0,0.963618,0,0.502453,0,0.50735,0.54462,0.927065,0,1.05932,1.96777,0,0,0,0,0,0,0,m,w
1605,SPECTACLES,1,1,0.941233,1.29079,1.77167,0,0.906709,0,0,0,0.5451,0,0.740219,0,1.17638,2.48613,0,0,0,0,0,0,0,m,w
1606,SPECTACLES,1,1,0.963429,0.987687,1.71904,0,1.49889,0,0,0,0,0,0.618628,0,1.31495,2.95006,0,0,0,0,0,0,0,m,w
1607,SPECTACLES,1,1,0.96203,0.76849,1.51142,0,1.694,0,0,0,0,0,0,0,1.627,3.12261,0,0,0,0,0,0,0,m,w
1608,SPECTACLES,1,1,0.959336,0,1.51924,0,1.63125,0,0,0,0,0,0,0,1.96089,2.27027,0,0,0,0,0,0,0,m,w
1609,SPECTACLES,1,1,0.937754,0,0,0,1.63734,0,0,0,0,0,0,0.544083,1.24982,2.32773,0,0,0,0,0,0,0,m,w
1610,SPECTACLES,1,1,0.879208,0,0,0,1.78676,0,0,0,0,0.581544,0,0,0.953069,1.06906,0,0,0,0,0,0,0,m,w
1627,SPECTACLES,1,1,0.761392,1.48284,1.22068,1.44897,1.44755,0,0,0,0,0.502243,0,0,0,2.87182,0,1,0,0,0,0,0,m,w
1628,SPECTACLES,1,1,0.725089,1.63628,1.46494,1.35633,1.33196,0,0,0,0,0,0,0,0,3.17422,0,1,0,0,0,0,1,m,w
1635,SPECTACLES,1,1,0.939167,1.10857,0.69005,0,1.54212,0,0,0,0,0,0,0,0.909592,1.54805,0,0,0,0,0,0,0,m,w
1636,SPECTACLES,1,1,0.93682,1.22827,0.700848,0,1.50139,0,0,0,0,0,0,0,0.848656,2.45378,0,0,0,0,0,0,0,m,w
1637,SPECTACLES,1,1,0.921295,0.915085,0.92604,0,1.42,0,0,0,0,0.657051,0.884414,0,1.83699,0,0,0,0,0,0,0,0,m,w
1638,SPECTACLES,1,1,0.921385,0,0,0,1.19597,0,0,0,1.08905,0,0,0,1.20741,4.01268,0,0,1,0,0,0,0,m,w
1639,SPECTACLES,1,1,0.935112,0,0.943829,0,0.734664,0,0,0,1.47088,0,0,0,0,2.01471,0,0,1,0,0,0,0,m,w
1988,SPECTACLES,1,1,0.967311,0,0.687351,0,1.05399,0,0,0.513769,0,0.84971,0.982318,0,0.710051,0,0,0,0,0,0,0,1,m,w
4502,SPECTACLES,1,1,0.952758,0,0.687476,1.0422,1.0647,0.771309,0,1.20083,1.10776,1.6078,0,0,0,0,0,0,1,0,0,0,0,m,w
4503,SPECTACLES,1,1,0.951001,0.927842,1.27515,0.710914,0.814506,0.94807,0,1.34535,1.11674,1.56363,0,0,0,0,0,0,1,0,1,0,0,m,w
4504,SPECTACLES,1,1,0.924106,0.95088,0.884266,0.70076,0.62765,0.859417,0,1.05671,0.924885,1.2504,0.71926,0,0,0,0,0,0,1,1,0,0,m,w
4505,SPECTACLES,1,1,0.930278,1.22285,1.11889,0.834735,0,0.869552,0,1.10458,0.681299,1.20388,0.673244,0,0,0,0,0,0,0,1,0,0,m,w
4506,SPECTACLES,1,1,0.935955,0,0.7315,0,0,1.08428,0,1.33957,0.889705,2.00017,0,0,0,0,0,0,1,0,1,0,0,m,w
4507,SPECTACLES,1,1,0.918176,0,0.725372,1.08882,0.690105,1.14116,0,1.43915,1.10849,1.88652,0,0,0,0.874196,0,0,1,0,1,0,0,m,w
4508,SPECTACLES,1,1,0.948195,0,0,1.07883,0.845055,0.895452,0,1.35643,1.1028,1.58425,0,0,0,0,0,0,1,0,0,0,0,m,w
4534,SPECTACLES,1,1,0.788853,1.03405,0.761977,0,1.42606,0,0,0,0,0,1.39406,0,0,0.744357,0,0,0,0,0,0,0,m,w
4535,SPECTACLES,1,1,0.822199,1.09493,0.934716,0,1.42647,0,0,0,0,0,1.11332,0,0,0,0,0,0,0,0,0,0,m,w
4553,SPECTACLES,1,1,0.770384,0.601142,2.55161,0,1.81282,0,0,0,0,0.778039,0,0,0,0,0,0,0,0,0,0,0,m,w
4554,SPECTACLES,1,1,0.826852,0,1.45883,0,0.672459,0,0,0,0,1.6016,0.97265,0,0,0,0,0,0,0,0,0,0,m,w
4559,SPECTACLES,1,1,0.758503,1.82463,2.01851,0,0,0,0,0,0,0.765823,1.01566,0,0,0,0,0,0,1,1,0,0,m,w
4569,SPECTACLES,1,1,0.774116,0,1.76485,0,0,0,0,0,0,1.58798,0,0,0,0,0,0,0,0,0,0,0,m,w
7942,SPECTACLES,1,1,0.938578,0,0,0,0,0.983013,0.752696,1.20169,1.6072,1.31705,0,0,0,0.660129,0,0,1,0,0,0,0,m,w
7943,SPECTACLES,1,1,0.939434,0,0,0,0,0.993251,0.774943,1.17975,1.57172,1.38001,0,0,0.511441,0,0,0,1,0,0,0,0,m,w
7944,SPECTACLES,1,1,0.939595,0,0,0,0,0.988491,0.788893,1.17636,1.57785,1.327,0,0,0.555277,0,0,0,1,0,0,0,0,m,w
7945,SPECTACLES,1,1,0.941055,0,0,0,0,1.01593,0.737682,1.21581,1.64416,1.32557,0,0,0.545151,0.608132,0,0,1,0,0,0,0,m,w
7946,SPECTACLES,1,1,0.943309,0,0,0,0,1.02211,0.604318,1.22362,1.70666,1.34248,0,0,0.661038,0,0,0,1,0,0,0,0,m,w
7947,SPECTACLES,1,1,0.94119,0,0,0,0,0.991681,0.685029,1.17637,1.64085,1.46419,0,0,0.670082,0,0,0,1,0,0,0,0,m,w
7948,SPECTACLES,1,1,0.945256,0,0,0,0,0.970195,0,1.14678,1.6583,1.32164,0,0,0.70202,0,0,0,1,0,0,0,0,m,w
7949,SPECTACLES,1,1,0.944847,0,0,0,0,0.977592,0,1.16734,1.65755,1.2259,0,0,0.64956,0,0,0,1,0,0,0,0,m,w
7950,SPECTACLES,1,1,0.946072,0,0,0,0,0.999745,0,1.22366,1.62187,1.28471,0,0,0.677973,0,0,0,1,0,0,0,0,m,w
7951,SPECTACLES,1,1,0.94444,0,0,0,0,1.04798,0.605049,1.29146,1.59808,1.37113,0,0,0.702286,0,0,0,1,0,0,0,0,m,w
7952,SPECTACLES,1,1,0.947079,0,0,0,0,1.03654,0.580561,1.2735,1.5731,1.37122,0,0,0.558284,0,0,0,1,0,0,0,0,m,w
7953,SPECTACLES,1,1,0.947485,0,0,0,0,1.06097,0.549972,1.30422,1.59574,1.40473,0,0,0.624424,0,0,0,1,0,0,0,0,m,w
7954,SPECTACLES,1,1,0.941148,0,0,0,0,1.03593,0.508528,1.26561,1.57621,1.40675,0,0,0.682872,0,0,0,1,0,0,0,0,m,w
7955,SPECTACLES,1,1,0.940043,0,0,0,0,1.01189,0,1.21861,1.57689,1.33538,0,0,0.683122,0,0,0,1,0,0,0,0,m,w
7956,SPECTACLES,1,1,0.938472,0,0,0,0,1.01754,0.702457,1.216,1.52424,1.28352,0,0,0,0,0,0,1,0,0,0,0,m,w
7957,SPECTACLES,1,1,0.938085,0,0,0,0,1.01476,0.663542,1.22572,1.52216,1.30561,0,0,0,0,0,0,1,0,0,0,0,m,w
7960,SPECTACLES,1,1,0.937886,0,0,0,0,0.993359,0.712504,1.2719,1.56413,1.06153,0,0,0,0,0,0,1,0,0,0,0,m,w
7961,SPECTACLES,1,1,0.945612,0,0,0,0,1.00767,0.759341,1.29648,1.54687,1.16476,0,0,0.517721,0,0,0,1,0,0,0,0,m,w
