time_stamp,word,frame,success,confidence,AU01_r,AU02_r,AU04_r,AU05_r,AU06_r,AU09_r,AU10_r,AU12_r,AU14_r,AU15_r,AU17_r,AU20_r,AU25_r,AU26_r,AU04_c,AU12_c,AU15_c,AU23_c,AU28_c,AU45_c,speaker_gender,listener_gender
8761,INSERT,1,1,0.922399,1.17241,1.14117,0,0.830965,0,1.08411,0,1.08308,0,0,0,0,0,0,0,1,0,0,0,1,m,w
8762,INSERT,1,1,0.9233,1.52425,0.804641,0,0.835568,0,0,0,1.19332,0,0.936815,0,0,0,0,0,1,0,0,0,0,m,w
8763,INSERT,1,1,0.908023,1.55273,0.664399,0,0.763028,0,0,0,1.30393,0,0.925865,0,0.821766,0,0,0,1,0,0,0,0,m,w
8764,INSERT,1,1,0.891971,1.53813,0.610624,0,0.917898,0,0,0,1.26035,0,1.25018,0,1.51998,0,0,0,1,0,0,0,0,m,w
8765,INSERT,1,1,0.886968,1.93985,0.620644,0,1.08419,0,0,0,1.01817,0,1.25395,0.74586,1.62968,0,0,0,1,0,0,0,0,m,w
8766,INSERT,1,1,0.90767,1.76052,0.675639,0,1.15228,0,0,0,1.3013,0,1.10233,0.764379,1.8079,0,0,0,1,0,0,0,0,m,w
8767,INSERT,1,1,0.919193,1.81946,0.739177,0,1.19723,0,0,0,1.42262,0,0.807466,0.610515,1.32951,0,0,0,1,0,0,0,0,m,w
8768,INSERT,1,1,0.905533,1.60825,1.00145,0,0.848765,0,0,0,1.37537,0,1.07561,0,0.905846,0,0,0,1,0,0,0,0,m,w
8769,INSERT,1,1,0.899294,1.62312,0.93833,0,0.788941,0,0,0,1.15894,0,0.891137,0,0.562632,0,0,0,1,0,0,0,0,m,w
8770,INSERT,1,1,0.91276,1.64446,1.15119,0,0.839498,0,0,0,0.973423,0,0,0,0,0,0,0,1,0,0,0,0,m,w
8771,INSERT,1,1,0.831873,1.86497,1.54497,0,0.667048,0,0.887188,0,0.768259,0,0,0,0,0,0,0,1,0,0,0,0,m,w
8772,INSERT,1,1,0.918428,1.9071,1.53678,0,0,0,1.96966,0,0.696867,0,0,0,0,0,0,0,1,0,0,0,1,m,w
8773,INSERT,1,1,0.923936,1.61749,1.38006,0,0,0,1.48211,0,0,0,0,0,0,0,0,0,1,0,1,0,1,m,w
8774,INSERT,1,1,0.951288,1.19658,1.18715,0,0,0,0.96932,0,0,0,0,0,0,0,0,0,1,0,1,0,1,m,w
8775,INSERT,1,1,0.955243,0.969067,1.18973,0,0.567827,0,1.01595,0,0,0,0,0,0,0,0,0,1,0,1,0,1,m,w
8776,INSERT,1,1,0.968467,0.677378,0.986144,0,0,0,0.849885,0,0,0,0,0,0,0.789781,0,0,1,0,1,0,1,m,w
8777,INSERT,1,1,0.973351,1.00413,1.05306,0,1.0171,0,0.740778,0,0,0.50041,0,0,0,0,0,0,1,0,1,0,0,m,w
8778,INSERT,1,1,0.974673,0.684683,1.0673,0,1.12153,0,0.934022,0,0,0.55873,0,0,0,0.71644,0,0,1,0,1,0,0,m,w
8779,INSERT,1,1,0.977888,0.61075,0.886792,0,1.01906,0,0.894473,0,0,0.694883,0,0,0,0.741136,0,0,1,0,1,0,1,m,w
8780,INSERT,1,1,0.978204,0.500417,0,0,0.640672,0,1.16865,0,0,0.684296,0,0,0,0.695937,0,0,1,0,1,0,1,m,w
8781,INSERT,1,1,0.972001,0.562959,0.643914,0,0,0,0.743105,0,0,1.00898,0.531226,0,0,0.518967,0,0,1,0,1,0,1,m,w
8782,INSERT,1,1,0.973465,0,0.65747,0.535641,0,0,0.816463,0,0,0.901969,0,0,0,0.572386,0,0,1,0,0,0,1,m,w
8783,INSERT,1,1,0.975029,0.671374,0.89401,0.627788,0,0,0.723494,0,0.684623,0.843596,0.577694,0,0,0,0,0,1,1,0,0,1,m,w
8784,INSERT,1,1,0.979268,0.625333,0.79606,0,0,0,0,0,0.829269,1.12982,0,0,0,0,0,0,1,0,0,0,1,m,w
8785,INSERT,1,1,0.98521,0,0.963743,0.785803,0,0,0,0,0.739541,1.2274,0,0,0.539559,0,0,0,1,0,0,0,0,m,w
8786,INSERT,1,1,0.982315,0,0.836606,0.750424,0,0,0,0,0.757827,1.49576,0,0,0.592724,0,0,0,1,0,1,0,0,m,w
8787,INSERT,1,1,0.980651,0,0.659726,0.75321,0.517181,0,0,0,0.950681,1.59559,0,0,0.515346,0,0,0,1,0,0,0,0,m,w
8788,INSERT,1,1,0.97953,0,0.729852,0,0,0,0,0,0.985068,1.69864,0,0,0,0,0,0,1,0,0,0,0,m,w
8789,INSERT,1,1,0.985465,0,0.61543,0.662081,0,0,0,0,1.09177,2.02646,0,0,0.844079,0,0,0,1,0,0,0,0,m,w
8793,INSERT,1,1,0.984622,0,0.632532,0.525875,0,0.57466,0,0.561899,1.10831,2.03646,0,0,0.916555,0,0,0,1,0,0,0,0,m,w
8794,INSERT,1,1,0.986129,0,0,0.665222,0,0.687737,0,0.646347,0.976363,1.63014,0,0,0.640078,0,0,0,1,0,0,0,0,m,w
8795,INSERT,1,1,0.98601,0,0,0,0,0.688986,0,0.608918,1.11967,1.76492,0,0,0.743797,0,0,0,1,0,0,0,0,m,w
8796,INSERT,1,1,0.985644,0,0,0,0,0.657338,0,0.6249,1.18962,1.53262,0,0,0.751784,0,0,0,1,0,0,0,0,m,w
8797,INSERT,1,1,0.983881,0,0.706766,0.53585,0,0.715181,0,0.693532,1.16898,1.33351,0,0,0.756976,0,0,0,1,0,0,0,0,m,w
8798,INSERT,1,1,0.980566,0,0,0.577874,0,0.784293,0.60481,0.700217,1.20989,1.6107,0,0,0.79564,0,0,0,1,0,0,0,0,m,w
8799,INSERT,1,1,0.975844,0,0,0.696028,0,0.826765,0.796552,0.776151,1.08547,1.4575,0,0,0.604424,0,0,0,1,1,0,0,0,m,w
8800,INSERT,1,1,0.97292,0,0,0.559817,0,0.745483,1.01374,0.705054,1.0373,1.05354,0.596316,0,0,0,0,0,1,1,0,0,0,m,w
8801,INSERT,1,1,0.972382,0,0,0.666671,0,0.828072,1.34075,0.890937,1.02291,1.13039,0.646765,0,0,0,0,0,1,1,1,0,0,m,w
8802,INSERT,1,1,0.968499,0,0,0.535086,0,0.8159,1.4256,0.825852,0.921097,0.894957,0.66137,0,0,0,0,0,1,1,0,0,0,m,w
8803,INSERT,1,1,0.961879,0,0,0,0,0.742765,1.51547,0.767542,0.673886,0.825288,0.81099,0,0,0,0,0,1,1,1,0,0,m,w
8804,INSERT,1,1,0.981195,0,0,0,0,0.651158,1.76289,0.658729,0.592472,0.737086,0.794615,0,0,0,0,0,1,1,1,0,0,m,w
8805,INSERT,1,1,0.984527,0,0,0,0,0.690209,1.62818,0.735796,0.572977,0.895937,0.931581,0,0,0,0,0,1,1,1,0,0,m,w
8806,INSERT,1,1,0.982921,0,0.651043,0,0,0.619497,1.57486,0.690318,0,0.999259,1.04377,0,0,0,0,0,1,1,1,0,0,m,w
8807,INSERT,1,1,0.981593,0,0,0,0,0.518588,1.16995,0.587231,0,1.28968,1.10062,0,0,0,0,0,1,1,1,0,0,m,w
8808,INSERT,1,1,0.982244,0,0,0,0,0,0.66903,0,0,1.02742,1.22925,0,0.612236,0,0,0,1,1,1,0,0,m,w
8809,INSERT,1,1,0.983545,0,0,0,0,0,0,0.555788,0,1.12525,1.05202,0,0.830889,0,0,0,1,1,1,0,0,m,w
8810,INSERT,1,1,0.987634,0,0,0,0,0,0.517009,0,0,1.19764,0.994757,0,0.861268,0,0,0,1,1,1,0,0,m,w
8811,INSERT,1,1,0.986639,0,0.605232,0,0,0,0.536856,0.719473,0,1.32536,0.73318,0,0.647892,0,0,0,1,1,0,0,0,m,w
8812,INSERT,1,1,0.990551,0,0.827694,0,0,0,0,0.602398,0,1.4056,0.797759,0,0.51509,0,0,0,1,1,1,0,0,m,w
8813,INSERT,1,1,0.988998,0,0.663062,0,0,0,0,0.67947,0,1.34517,0.554032,0,0.673048,0,0,0,1,0,1,0,0,m,w
6726,INSERT,1,1,0.987706,0,0,0,0,0,0,0,0,0.713665,0,0,1.27773,0.797877,0,0,0,0,0,0,0,m,w
6727,INSERT,1,1,0.986598,0,0,0,0,0,0,0,0,0.816227,0,0,1.20279,0.707501,0,0,0,0,0,0,0,m,w
6728,INSERT,1,1,0.987011,0,0,0,0,0,0,0,0,0.904876,0,0,1.22433,0.550746,0,0,0,0,0,0,0,m,w
6729,INSERT,1,1,0.987409,0,0,0,0,0,0,0,0,0.791328,0,0,1.29406,0.676994,0,0,0,0,0,0,0,m,w
6730,INSERT,1,1,0.986602,0,0,0,0,0,0,0,0,0.783685,0,0,1.25298,0.726629,0,0,0,0,0,0,0,m,w
6731,INSERT,1,1,0.986606,0,0,0.512409,0,0,0,0,0,0.688011,0,0,0.932621,0.540888,0,0,0,0,0,0,0,m,w
6732,INSERT,1,1,0.986664,0,0,0,0,0,0,0,0,0.581267,0,0,0.944737,0.515547,0,0,0,0,0,0,0,m,w
6733,INSERT,1,1,0.987136,0,0,0,0,0,0,0,0,0.636451,0,0,0.951629,0.526363,0,0,0,0,0,0,0,m,w
6734,INSERT,1,1,0.986183,0,0,0,0,0,0,0,0,0.897344,0,0,1.1368,0.689882,0,0,0,0,0,0,0,m,w
6735,INSERT,1,1,0.985902,0,0,0,0,0,0,0,0,0.987902,0,0,1.25782,0.855168,0,0,0,0,0,0,0,m,w
6736,INSERT,1,1,0.988296,0,0.692562,0,0,0,0,0,0,1.0626,0,0,1.09364,0.687982,0,0,1,0,0,0,0,m,w
6737,INSERT,1,1,0.988124,0,0.596241,0,0,0,0,0,0,1.02376,0,0.51269,1.10715,0.66115,0,0,1,0,0,0,0,m,w
6738,INSERT,1,1,0.987562,0,0.572819,0,0,0,0,0,0,1.02383,0,0,1.0917,0.777476,0,0,1,0,0,0,0,m,w
6739,INSERT,1,1,0.987492,0,0.510425,0,0,0,0,0,0,0.920234,0,0,1.17666,0.713586,0,0,1,0,0,0,0,m,w
6740,INSERT,1,1,0.989828,0,0,0,0,0,0,0,0,0.894981,0,0,1.20408,0.548028,0,0,1,0,0,0,0,m,w
6741,INSERT,1,1,0.990076,0,0,0,0,0,0,0,0.521634,0.822957,0,0,0.990825,0.644804,0,0,1,0,0,0,0,m,w
6742,INSERT,1,1,0.990235,0,0,0,0,0,0,0,0.617994,0.913147,0,0,1.04605,0,0,0,1,0,0,0,0,m,w
6743,INSERT,1,1,0.990555,0,0,0,0,0,0,0,0.567869,0.845321,0,0,1.08002,0.730017,0,0,1,0,0,0,0,m,w
6744,INSERT,1,1,0.989831,0,0,0,0,0,0,0,0.535517,0.968015,0,0,1.17391,0.825725,0,0,1,0,0,0,0,m,w
6745,INSERT,1,1,0.990072,0,0,0,0,0,0,0,0.519431,0.916545,0,0,1.19693,0.763295,0,0,1,0,0,0,0,m,w
6746,INSERT,1,1,0.990171,0,0,0,0,0,0,0,0.509758,1.05871,0,0,0.918636,0.600988,0,0,1,0,0,0,0,m,w
6747,INSERT,1,1,0.990681,0,0.541767,0,0,0,0,0,0,1.08066,0,0,0.94715,0,0,0,1,0,0,0,0,m,w
6748,INSERT,1,1,0.99063,0,0.51204,0,0,0,0,0,0,1.17889,0,0,1.0458,0,0,0,1,0,0,0,0,m,w
6749,INSERT,1,1,0.990477,0,0,0,0,0,0,0,0,1.10069,0,0,1.131,0,0,0,1,0,0,0,0,m,w
6750,INSERT,1,1,0.990454,0,0,0,0,0,0,0,0,0.920676,0,0,0.917327,0.531377,0,0,1,0,0,0,0,m,w
6751,INSERT,1,1,0.989733,0,0.596132,0,0,0,0,0,0,0.850582,0,0,0.985122,0,0,0,1,0,0,0,0,m,w
6752,INSERT,1,1,0.989513,0.542306,0.557933,0,0,0,0,0,0.522062,0.84297,0,0,0.906158,0.580488,0,0,1,0,0,0,0,m,w
6753,INSERT,1,1,0.989149,0,0.522551,0,0,0,0,0,0.510433,0.858362,0,0,1.01784,0,0,0,1,0,0,0,0,m,w
6754,INSERT,1,1,0.987741,0,0.534475,0,0,0,0,0,0.50343,0.797355,0,0,0.906546,0,0,0,1,0,0,0,0,m,w
6755,INSERT,1,1,0.988877,0,0,0,0,0,0,0,0,0.840458,0,0,1.0357,0,0,0,1,0,0,0,0,m,w
6756,INSERT,1,1,0.988569,0.504481,0.634414,0,0,0,0,0,0.502886,1.05367,0,0,1.10779,0,0,0,1,0,0,0,0,m,w
6757,INSERT,1,1,0.988193,0,0.627201,0,0,0,0,0,0,1.02389,0,0,1.18225,0.539173,0,0,1,0,0,0,0,m,w
6758,INSERT,1,1,0.987512,0,0.638023,0,0,0,0,0,0.558624,1.09427,0,0,1.01882,0,0,0,1,0,0,0,0,m,w
6759,INSERT,1,1,0.986727,0,0.594957,0,0,0,0,0,0,0.987624,0,0,1.06531,0.594588,0,0,1,0,0,0,0,m,w
6760,INSERT,1,1,0.986927,0,0.5637,0,0,0,0,0,0,1.02213,0,0,1.11038,0,0,0,1,0,0,0,0,m,w
6761,INSERT,1,1,0.985914,0,0.526511,0,0,0,0,0,0,0.974455,0,0,0.933045,0,0,0,1,0,0,0,0,m,w
6762,INSERT,1,1,0.986499,0,0.613147,0,0,0,0,0,0,1.01313,0,0,1.02635,0,0,0,1,0,0,0,0,m,w
6763,INSERT,1,1,0.986442,0,0.607995,0,0,0,0,0,0,1.05441,0,0,1.06681,0,0,0,1,0,0,0,0,m,w
6764,INSERT,1,1,0.987238,0,0.727767,0,0,0,0,0,0.527898,0.977397,0,0,0.814418,0.631322,0,0,1,0,0,0,0,m,w
6765,INSERT,1,1,0.987105,0,0,0,0,0,0,0,0,0.972316,0,0,0.758664,0.62443,0,0,1,0,0,0,0,m,w
6766,INSERT,1,1,0.987149,0,0.560148,0,0,0,0,0,0.539601,0.825005,0,0,0.822969,0,0,0,1,0,0,0,0,m,w
6767,INSERT,1,1,0.987724,0,0.778518,0,0,0,0,0,0,0.784104,0,0,0.813178,0,0,0,1,0,0,0,0,m,w
6768,INSERT,1,1,0.988042,0,0.775992,0,0,0,0,0,0,0.659506,0,0,0.993505,0,0,0,1,0,0,0,0,m,w
6769,INSERT,1,1,0.988145,0,0.684403,0,0,0,0,0,0,0.706109,0,0,0.975446,0,0,0,1,0,0,0,0,m,w
6770,INSERT,1,1,0.98849,0,0.713322,0,0,0,0,0,0,0.613275,0,0,0.897617,0,0,0,1,0,0,0,0,m,w
6771,INSERT,1,1,0.988387,0,0,0,0,0,0,0,0,0,0,0,0.934466,0,0,0,1,0,0,0,0,m,w
6772,INSERT,1,1,0.988704,0,0.610063,0,0,0,0,0,0,0.508909,0,0,1.05175,0,0,0,1,0,0,0,0,m,w
6773,INSERT,1,1,0.988089,0,0.684014,0,0,0,0,0,0,0.581194,0,0,0.999349,0,0,0,1,0,0,0,0,m,w
6774,INSERT,1,1,0.988473,0,0.867662,0,0,0,0,0,0,0.640521,0,0,1.06917,0,0,0,1,0,0,0,0,m,w
6775,INSERT,1,1,0.984833,0,0.941021,0,0,0,0,0,0,0.611813,0,0,1.0779,0,0,0,1,0,0,0,0,m,w
6776,INSERT,1,1,0.973608,0,1.06398,0,0.531013,0,0,0,0,0,0,0,0.533203,0,0,0,1,0,0,0,0,m,w
6777,INSERT,1,1,0.975768,0,0.911867,0,0.614987,0,0,0,0,0,0,0,0.663432,0,0,0,1,0,0,0,0,m,w
6778,INSERT,1,1,0.980318,0,0.935982,0,0,0,0,0,0,0.613105,0,0,0.878866,0,0,0,1,0,0,0,0,m,w
6779,INSERT,1,1,0.984955,0,0.918139,0,0,0,0,0,0,0.754563,0,0,0.690259,0,0,0,1,0,0,0,0,m,w
6780,INSERT,1,1,0.986722,0,0.760238,0,0,0,0,0,0,0.680299,0,0,0.762692,0,0,0,1,0,0,0,0,m,w
6781,INSERT,1,1,0.986441,0,0.534486,0,0,0,0,0,0,0.596753,0,0,0.786212,0,0,0,1,0,0,0,0,m,w
6782,INSERT,1,1,0.986225,0,0.573518,0,0,0,0,0,0,0.581321,0,0,0.769115,0,0,0,1,0,0,0,0,m,w
6783,INSERT,1,1,0.986023,0,0.776933,0,0,0,0,0,0,0.648392,0,0,0.550423,0,0,0,1,0,0,0,0,m,w
6784,INSERT,1,1,0.986334,0,0.653662,0,0,0,0,0,0,0.737949,0,0,0.571853,0,0,0,1,0,0,0,0,m,w
6785,INSERT,1,1,0.986321,0,0.561155,0,0,0,0,0,0,0.760548,0,0,0.690362,0,0,0,1,0,0,0,0,m,w
6786,INSERT,1,1,0.985994,0,0.581638,0,0,0,0,0,0,0.77471,0,0,0.592982,0,0,0,1,0,0,0,0,m,w
6787,INSERT,1,1,0.985588,0,0.587012,0,0,0,0,0,0,0.736285,0,0,0.63913,0,0,0,1,0,0,0,0,m,w
6788,INSERT,1,1,0.985206,0,0,0,0,0,0,0,0,0.695455,0,0,0.57757,0,0,0,1,0,0,0,0,m,w
6789,INSERT,1,1,0.985432,0,0,0,0,0,0,0,0,0.75211,0,0,0.524613,0,0,0,1,0,0,0,0,m,w
6790,INSERT,1,1,0.985439,0,0.579706,0,0,0,0,0,0,0.772923,0,0,0.778947,0,0,0,1,0,0,0,0,m,w
6791,INSERT,1,1,0.986135,0,0.619607,0,0,0,0,0,0,0.867108,0,0,0.753824,0,0,0,1,0,0,0,0,m,w
6792,INSERT,1,1,0.985982,0,0.663652,0,0,0,0,0,0,0.745488,0,0,0.786826,0,0,0,1,0,0,0,0,m,w
6793,INSERT,1,1,0.985836,0,0.887771,0,0,0,0,0,0,0.849028,0,0,0.554686,0,0,0,1,0,0,0,0,m,w
6794,INSERT,1,1,0.985642,0,0.837632,0,0,0,0,0,0,0.710781,0,0,0.738773,0,0,0,1,0,0,0,0,m,w
6795,INSERT,1,1,0.986126,0,0.852076,0,0,0,0,0,0,0.854864,0,0,0.736181,0,0,0,1,0,0,0,0,m,w
6796,INSERT,1,1,0.985236,0,0.972802,0,0,0,0,0,0,0.776013,0,0,0.915974,0,0,0,1,0,0,0,0,m,w
6797,INSERT,1,1,0.984676,0,0.857839,0,0,0,0,0,0,0.81585,0,0,0.77563,0,0,0,1,0,0,0,0,m,w
6798,INSERT,1,1,0.985043,0,0.761741,0,0,0,0,0,0,0.819628,0,0,0.781398,0,0,0,1,0,0,0,0,m,w
6799,INSERT,1,1,0.985337,0,0.788433,0,0,0,0,0,0,0.791771,0,0,0.766382,0,0,0,1,0,0,0,0,m,w
6800,INSERT,1,1,0.985645,0,0.766281,0,0,0,0,0,0,0.85912,0,0,0.760544,0,0,0,1,0,0,0,0,m,w
6801,INSERT,1,1,0.985067,0,0.756007,0,0,0,0,0,0,0.859536,0,0,0.843818,0,0,0,1,0,0,0,0,m,w
6802,INSERT,1,1,0.984953,0,0.779985,0,0,0,0,0,0,0.866407,0,0,0.864822,0,0,0,1,0,0,0,0,m,w
6803,INSERT,1,1,0.984975,0,0.787715,0,0,0,0,0,0,0.844899,0,0,0.861191,0,0,0,1,0,0,0,0,m,w
6804,INSERT,1,1,0.984982,0,0.79265,0,0,0,0,0,0,0.852428,0,0,0.849018,0,0,0,1,0,0,0,0,m,w
6805,INSERT,1,1,0.984988,0,0.785089,0,0,0,0,0,0,0.850765,0,0,0.850322,0,0,0,1,0,0,0,0,m,w
6806,INSERT,1,1,0.98515,0,0.754773,0,0,0,0,0,0,0.85341,0,0,0.838135,0,0,0,1,0,0,0,0,m,w
6807,INSERT,1,1,0.985299,0,0.822768,0,0,0,0,0,0,0.842184,0,0,0.864727,0,0,0,1,0,0,0,0,m,w
6808,INSERT,1,1,0.984983,0,0.651475,0,0,0,0,0,0,0.822453,0,0,0.833308,0,0,0,1,0,0,0,0,m,w
6809,INSERT,1,1,0.985296,0,0.604185,0,0,0,0,0,0,0.931527,0,0,1.06147,0,0,0,1,0,0,0,0,m,w
6810,INSERT,1,1,0.985979,0,0.603063,0,0,0,0,0,0,0.886839,0,0,1.13973,0,0,0,1,0,0,0,0,m,w
6811,INSERT,1,1,0.986295,0,0.590849,0,0,0,0,0,0,0.874681,0,0,1.12063,0,0,0,1,0,0,0,0,m,w
6812,INSERT,1,1,0.986314,0,0,0,0,0,0,0,0,0.733012,0,0,0.897595,0,0,0,1,0,0,0,0,m,w
6813,INSERT,1,1,0.985744,0,0,0,0,0,0,0,0,0.724542,0,0,1.09649,0,0,0,1,0,0,0,0,m,w
7906,INSERT,1,1,0.986192,0,0.835357,0,0,0,0.724585,0,0,1.06868,0,0,1.10367,0,0,0,1,0,0,0,0,m,w
7907,INSERT,1,1,0.986366,0,0.74354,0,0,0,0.805285,0,0,1.06615,0,0,1.33992,0,0,0,1,0,0,0,0,m,w
7908,INSERT,1,1,0.985854,0,0,0,0,0,0.617077,0,0,0.862564,0,0,1.00383,0,0,0,1,0,0,0,0,m,w
7909,INSERT,1,1,0.986186,0,0,0,0,0,0.795027,0,0,0.874254,0,0,0.899853,0,0,0,1,0,1,0,0,m,w
7910,INSERT,1,1,0.986646,0,0.740149,0,0,0,0.665771,0,0,1.07042,0,0,0.799316,0,0,0,1,0,0,0,0,m,w
7911,INSERT,1,1,0.986469,0.508802,0.531859,0,0,0,0,0,0,0.942162,0,0,0.817225,0,0,0,1,0,0,0,0,m,w
7912,INSERT,1,1,0.987788,0,0,0,0,0,0,0,0,1.14867,0,0,0.988673,0,0,0,1,0,0,0,0,m,w
7913,INSERT,1,1,0.974177,0.535318,0.637161,0,0,0,0,0,0,0.799536,0.572129,0.635992,0.929587,0,0,0,1,0,0,0,0,m,w
7914,INSERT,1,1,0.968147,1.06887,1.28133,0,0,0,0,0,0,0.710477,0,0.948432,1.38746,0,0,0,0,0,1,0,0,m,w
7915,INSERT,1,1,0.930713,1.30613,1.0091,0,0,0,0,0,0,0,0,0,0.742693,0,0,1,0,0,0,0,0,m,w
7916,INSERT,1,1,0.90364,1.25824,1.14809,0,0,0,0,0,0,0,0,0,0,0,0.537303,1,0,0,0,0,0,m,w
7917,INSERT,1,1,0.916729,1.08915,1.34902,0,0,0,0.517221,0,0,0,0,0.552424,0,0,0.595421,1,0,0,0,0,0,m,w
7918,INSERT,1,1,0.897568,0.997891,0.908085,0,0.642107,0,0,0,0,0.723185,0,0.525992,0.597278,1.06482,0.609783,0,1,0,0,0,0,m,w
7919,INSERT,1,1,0.905393,1.0703,1.19268,0,0,0,0,0,0.503087,0.895534,0,0.656215,0.718766,0.994057,0.612862,1,0,0,0,0,0,m,w
7920,INSERT,1,1,0.902942,1.23912,1.40144,0,0,0,0,0,0,0.686425,0,0.672852,1.2282,0.676217,0.624734,1,0,0,0,0,0,m,w
7921,INSERT,1,1,0.889982,0.999362,0.865484,0,0,0,0,0,0.565085,0.863799,0,0.740943,1.32573,1.52614,0.511436,1,1,0,0,0,0,m,w
7922,INSERT,1,1,0.886955,0.784209,0.739323,0,0,0,0,0,0.513512,0.72748,0,0.627735,1.29946,1.4332,0.521154,1,1,0,0,0,0,m,w
7923,INSERT,1,1,0.888417,0.742042,0.695318,0,0,0,0,0,0,0.822821,0,0.700982,1.39443,1.74872,0.569604,1,1,0,0,0,0,m,w
7924,INSERT,1,1,0.888485,0.770361,0.652426,0,0,0,0,0,0.523429,0.895162,0,0.797789,1.37016,1.22353,0.569023,1,1,0,0,0,0,m,w
7925,INSERT,1,1,0.890956,0.679096,0.613264,0,0,0,0,0,0,0.877654,0,0.792458,1.18142,1.18615,0.54858,1,1,0,0,0,0,m,w
7926,INSERT,1,1,0.880384,0.837106,0.75162,0,0,0,0,0,0,1.17956,0,0.864558,1.51888,1.34864,0,1,1,0,0,0,0,m,w
7927,INSERT,1,1,0.872904,0.968457,0.761772,0,0,0,0,0,0.657007,1.1213,0,0.943804,1.53743,1.15072,0,1,1,1,0,0,0,m,w
7928,INSERT,1,1,0.851252,1.01149,1.1489,0,0,0,0,0,0.540413,1.06147,0,0.765347,1.34664,1.02295,0,1,1,1,0,0,0,m,w
7929,INSERT,1,1,0.890888,1.17914,0.976536,0,0,0,0,0,0,1.27062,0,0.763956,1.05575,0.95003,0,1,1,1,0,0,0,m,w
7930,INSERT,1,1,0.934497,1.17799,0.71978,0.767696,0,0,0,0,0.502177,1.11423,0,0.668164,0.787057,1.24877,0,1,1,0,0,0,0,m,w
7931,INSERT,1,1,0.932407,1.12789,0.544499,0.664095,0,0,0,0,0.580655,1.288,0,0.592792,0.593944,1.25738,0,1,1,1,0,0,0,m,w
7932,INSERT,1,1,0.911494,0.994492,0.718001,0,0,0,0,0,0.633479,1.3094,0,0.731281,1.07937,1.26088,0,0,1,1,0,0,0,m,w
7936,INSERT,1,1,0.892156,1.1756,1.46502,0,0,0,0,0,0,1.30899,0,1.06351,1.83889,0,0,1,1,1,0,0,0,m,w
7937,INSERT,1,1,0.886912,1.14496,1.56921,0,0,0,0,0,0,1.21026,0,1.04796,2.2914,0,0.524117,1,1,1,0,0,0,m,w
7938,INSERT,1,1,0.913553,1.16611,1.69922,0,0,0,0,0,0,1.29482,0,1.06243,2.03813,0.856876,0,1,1,1,0,0,0,m,w
7939,INSERT,1,1,0.929169,1.02674,1.54989,0,0,0,0,0,0.537541,1.55164,0,0.964009,1.61098,1.59007,0.516033,1,1,1,0,0,0,m,w
7940,INSERT,1,1,0.913639,0.619987,0.841314,0,0,0,0,0,0.828939,1.18838,0,0.751331,1.17874,1.71275,0.558099,1,1,0,0,0,0,m,w
7941,INSERT,1,1,0.9116,0.815329,0,0,0,0,0.695505,0,0.694474,1.00296,0,0.816405,0.897067,2.14722,0.540289,1,1,0,0,0,0,m,w
7942,INSERT,1,1,0.905006,0.85367,0.655122,0,0,0,0.81603,0,0.652639,1.36224,0,0.949771,0.944256,1.72508,0,0,1,0,0,0,0,m,w
7943,INSERT,1,1,0.895586,0.883704,0.626444,0,0,0,0.589632,0,0.605573,1.3862,0,1.13256,1.11371,1.46268,0,0,1,1,0,0,0,m,w
7944,INSERT,1,1,0.878402,0.844348,0,0,0,0,0.87607,0,0,1.32799,0,1.0833,1.19916,0.99758,0,0,1,1,1,0,0,m,w
7945,INSERT,1,1,0.923299,0.852938,0,0,0,0,0,0,0.582145,1.70261,0,0.808845,0.569728,0,0,0,1,1,1,0,0,m,w
7946,INSERT,1,1,0.961034,0.59742,0,0.650009,0,0,0,0,0.816136,1.60795,0,0.625902,0.561984,0.879002,0,0,1,0,0,0,0,m,w
7947,INSERT,1,1,0.978147,0,0,0,0,0,0,0,0.876837,1.79063,0,0.502941,0.782437,1.18292,0,0,1,0,0,0,0,m,w
7948,INSERT,1,1,0.97951,0.557621,0.599673,0.503956,0,0,0,0,0.741369,1.60945,0,0,0.780887,0.994442,0,0,1,0,0,0,0,m,w
7949,INSERT,1,1,0.979878,0.665896,0,0,0,0,0,0,0.720973,1.54586,0,0,0.985439,0.803766,0,0,1,0,0,0,0,m,w
7950,INSERT,1,1,0.984562,0.636487,0,0,0,0,0,0,0,1.20847,0,0,0,0.871207,0,0,1,1,0,0,0,m,w
7951,INSERT,1,1,0.986907,0.658042,0,0,0,0,0,0,0.619691,1.25164,0,0.51024,0,1.45928,0,0,1,1,0,0,0,m,w
7952,INSERT,1,1,0.978515,0.706163,0.74636,0.69507,0,0,0,0,0.547107,1.23874,0,0.50454,0,1.31078,0,0,1,0,0,0,0,m,w
7953,INSERT,1,1,0.94664,0.61973,1.20295,0.65171,0.6215,0,0,0,0.653785,0.841786,0,0.509346,0,0.646669,0,0,1,0,1,0,0,m,w
7954,INSERT,1,1,0.946595,0,0.677596,0.649722,0,0,0,0,0.592336,1.20147,0,0,0,0.546889,0,0,1,0,0,0,0,m,w
7955,INSERT,1,1,0.952887,0,0,0,0,0,0,0,0.87551,1.14936,0,0,0.508897,0.546101,0,0,1,0,0,0,0,m,w
7956,INSERT,1,1,0.957919,0,0,0,0,0,0,0,0.880116,1.41699,0,0,0,0,0,0,1,0,0,0,0,m,w
7957,INSERT,1,1,0.955043,0,0,0,0,0,0.524477,0,0.898955,1.42255,0,0,0.571881,0,0,0,1,0,0,0,0,m,w
7958,INSERT,1,1,0.965073,0,0,0.570469,0,0,0.719951,0,0.940521,1.22041,0,0,0.63124,0,0,0,1,0,1,0,0,m,w
7959,INSERT,1,1,0.968362,0,0,0,0,0,0,0,0.941634,1.30768,0,0.501367,0.702407,0,0,0,1,0,0,0,0,m,w
7960,INSERT,1,1,0.97075,0,0,0.572999,0,0,0.805455,0,1.00897,1.27739,0,0.511826,0.623506,0,0,0,1,0,1,0,0,m,w
7961,INSERT,1,1,0.967456,0,0,0.629946,0,0,0.708116,0,0.978185,1.39629,0,0.569545,0,0,0,0,1,0,1,0,0,m,w
7962,INSERT,1,1,0.970655,0,0,0.545632,0,0,1.10622,0,0.922663,1.24238,0,0,0.961536,0,0,0,1,0,0,0,0,m,w
7963,INSERT,1,1,0.970927,0,0,0.545244,0,0,0.962327,0,0.879385,1.12683,0,0,0.791757,0,0,0,1,0,0,0,0,m,w
7964,INSERT,1,1,0.971215,0,0,0.537349,0,0,0.793951,0,0.90511,1.2724,0,0.503963,0.571474,0,0,0,1,0,0,0,0,m,w
7965,INSERT,1,1,0.969649,0,0,0,0,0,0.747533,0,0.906207,1.04679,0,0,0.604461,0,0,0,1,0,0,0,0,m,w
7966,INSERT,1,1,0.969695,0,0,0,0,0,0.564454,0,1.02102,1.29223,0,0.511273,0.708732,0,0,0,1,0,0,0,0,m,w
7967,INSERT,1,1,0.967807,0,0,0,0,0,0.672136,0,1.03776,1.17654,0,0.584386,0,0,0,0,1,0,0,0,0,m,w
7968,INSERT,1,1,0.966484,0,0,0.526315,0,0,0.592885,0,1.05976,1.16985,0,0.56305,0.606445,0,0,0,1,0,0,0,0,m,w
7969,INSERT,1,1,0.968226,0,0,0,0,0,0.553559,0,1.00627,1.23077,0,0.58202,0.558118,0,0,0,1,0,1,0,0,m,w
7970,INSERT,1,1,0.966198,0,0,0,0,0,0.672411,0,0.980145,1.17171,0,0.560382,0,0,0,0,1,0,1,0,0,m,w
7971,INSERT,1,1,0.965664,0,0,0,0,0,0.72919,0,1.0427,1.21377,0,0.565437,0.65385,0,0,0,1,0,1,0,0,m,w
7972,INSERT,1,1,0.966056,0,0,0.56224,0,0,0.568629,0,1.01862,1.29721,0,0.574798,0.587476,0,0,0,1,0,1,0,0,m,w
7973,INSERT,1,1,0.964843,0,0,0,0,0,0.505528,0,1.06263,1.31394,0,0.508962,0.722973,0,0,0,1,0,1,0,0,m,w
7974,INSERT,1,1,0.965745,0,0,0.527593,0,0,0.623449,0,0.965362,1.26645,0,0.58455,0.863168,0,0,0,1,0,0,0,0,m,w
7975,INSERT,1,1,0.96576,0,0,0.527214,0,0,0,0,0.970325,1.23766,0,0.616958,0.73701,0,0,0,1,0,1,0,0,m,w
7976,INSERT,1,1,0.966074,0,0,0,0,0,0,0,0.934011,1.23279,0,0.505191,0.757791,0,0,0,1,0,1,0,0,m,w
7977,INSERT,1,1,0.966299,0,0,0,0,0,0,0,1.0656,1.29145,0,0.569526,0.579416,0,0,0,1,0,1,0,0,m,w
7978,INSERT,1,1,0.96903,0,0,0,0,0,0,0,1.00662,1.40896,0,0.576647,0,0,0,0,1,0,1,0,0,m,w
7979,INSERT,1,1,0.968382,0,0,0,0,0,0.518716,0,1.0123,1.50488,0,0.607375,0,0,0,0,1,0,1,0,0,m,w
7980,INSERT,1,1,0.965517,0,0,0,0,0,0.603092,0,0.946013,1.37616,0,0.52578,0.52096,0,0,0,1,0,1,0,0,m,w
7981,INSERT,1,1,0.961701,0,0,0,0,0,0.802112,0,0.926628,1.35077,0,0,0.58791,0,0,0,1,0,1,0,0,m,w
7982,INSERT,1,1,0.956618,0,0,0,0,0,0.616764,0,0.881792,1.27956,0,0,0.619412,0,0,0,1,0,1,0,0,m,w
7983,INSERT,1,1,0.950104,0,0,0.516992,0,0,0.926299,0,0.89221,1.31898,0,0,0.595989,0,0,0,1,0,1,0,0,m,w
7984,INSERT,1,1,0.947915,0,0,0,0,0,0.934303,0,1.06992,1.66607,0,0,0.723709,0,0,0,1,0,1,0,0,m,w
7985,INSERT,1,1,0.945785,0,0,0,0,0,0.715384,0,1.24871,1.54386,0,0,0.627865,0,0,0,1,0,0,0,0,m,w
7986,INSERT,1,1,0.950663,0,0,0,0,0,0.656613,0,1.16064,1.59201,0,0,0.749269,0.56377,0,0,1,0,0,0,0,m,w
7987,INSERT,1,1,0.949886,0,0,0,0,0,0.554302,0,1.18301,1.45048,0,0,0.640386,0.598507,0,0,1,0,0,0,0,m,w
7988,INSERT,1,1,0.947481,0,0,0,0,0,0.536218,0,1.21259,1.43372,0,0,0.742202,0,0,0,1,0,0,0,0,m,w
7989,INSERT,1,1,0.93776,0,0,0,0,0,0,0,1.37235,1.36951,0,0,0.644945,0,0,0,1,0,0,0,0,m,w
7990,INSERT,1,1,0.938578,0,0,0,0,0,0.508918,0,1.25916,1.34025,0,0,0.785759,0,0,0,1,0,0,0,0,m,w
7991,INSERT,1,1,0.939879,0,0,0,0,0,0,0,1.30373,1.35284,0,0,0.771381,0,0,0,1,0,0,0,0,m,w
7992,INSERT,1,1,0.942401,0,0,0,0,0,0,0,1.27573,1.54713,0,0,0.709396,0,0,0,1,0,0,0,0,m,w
7993,INSERT,1,1,0.947624,0,0,0,0,0,0,0,1.37555,1.40339,0,0,0.653167,0,0,0,1,0,0,0,0,m,w
