time_stamp,word,frame,success,confidence,AU01_r,AU02_r,AU04_r,AU05_r,AU06_r,AU09_r,AU10_r,AU12_r,AU14_r,AU15_r,AU17_r,AU20_r,AU25_r,AU26_r,AU04_c,AU12_c,AU15_c,AU23_c,AU28_c,AU45_c,speaker_gender,listener_gender
1264,GO-IN,1,1,0.967534,0,0,0,0,0,0,0,0,0,0,0,0.982465,0.942513,0,0,0,0,0,0,1,w,w
1265,GO-IN,1,1,0.960624,0,0.646667,0,0,0,0.699933,0,0,0,0,0,0.992982,1.88489,0,0,0,0,0,0,1,w,w
1266,GO-IN,1,1,0.964643,0,0,0,0,0,0.553645,0,0,0,0.681551,0,0.642377,0.891536,0,0,0,0,0,0,1,w,w
1267,GO-IN,1,1,0.954343,0,0,0,0,0,0.962972,0,0,0,0,0,0.663877,0.968371,0,0,0,0,0,0,1,w,w
1268,GO-IN,1,1,0.983004,0,0,0,0,0,0.576341,0,0,0,0,0,0,0.873173,0,0,0,0,0,0,1,w,w
1269,GO-IN,1,1,0.985028,0,0.802486,0,0.574467,0,1.05244,0,0,0,0.528812,0,0,1.13105,0,0,0,0,0,0,1,w,w
1270,GO-IN,1,1,0.979532,0,0.709452,0,0,0,1.28831,0,0,0,0.782007,0,0,0.9451,0,0,0,0,0,0,1,w,w
1271,GO-IN,1,1,0.970006,0,0,0,0,0,1.71369,0,0,0,1.31295,0,0,0,0,0,0,0,0,0,1,w,w
1272,GO-IN,1,1,0.896944,1.28859,0.555132,0.576122,0,0,2.49943,0,0,0,1.37316,0,0,0,0,0,0,0,1,0,1,w,w
1273,GO-IN,1,1,0.959594,0.867437,0.530813,0.504657,0,0,2.11317,0,0,0,2.59174,0,0.629586,1.28342,0,0,0,1,1,0,0,w,w
1274,GO-IN,1,1,0.964165,0.835462,0.966568,0,0,0,2.14481,0,0,0,1.27385,0,0,0.967657,0,0,0,0,1,0,0,w,w
1275,GO-IN,1,1,0.955843,0.68656,0.886752,0,0,0,2.6404,0,0,0,0,0,0,0,0,0,0,0,1,0,0,w,w
1276,GO-IN,1,1,0.91937,0,0,0,0,0,1.45071,0,0,0,1.3671,0,0,1.03329,0,0,0,0,0,0,0,w,w
1277,GO-IN,1,1,0.892209,0,0,0,0,0,0.659471,0,0,0,0.941679,0.856367,0.797111,1.24219,0,0,0,0,0,0,0,w,w
1278,GO-IN,1,1,0.938514,0,0.71531,0,0,0,1.36535,0,0,0,1.46193,0.580995,1.25239,1.28404,0,0,0,1,1,0,0,w,w
1279,GO-IN,1,1,0.943351,0,0,0,0,0,1.04196,0,0,0,1.07638,0,0,1.20875,0,0,0,0,1,0,0,w,w
1280,GO-IN,1,1,0.984447,0,0,0,1.30896,0,1.07867,0,0,0,0.727064,0,0,0,0,0,0,0,1,0,0,w,w
1281,GO-IN,1,1,0.981199,0,0,0,1.18927,0,1.77292,0,0,0,0.868459,0,0,0,0,0,0,0,1,0,0,w,w
1282,GO-IN,1,1,0.982063,0,0,0,1.03737,0,1.33912,0,0,0,0.724601,0,0,0,0,0,0,0,1,0,0,w,w
1283,GO-IN,1,1,0.98276,0,0,0,0.683972,0,0.703767,0,0,0,0.731407,0,0,0,0,0,0,0,1,0,1,w,w
1284,GO-IN,1,1,0.982655,0,0.669882,0,0,0,0.82437,0,0,0,0.801499,0,0,0,0,0,0,0,1,0,0,w,w
1285,GO-IN,1,1,0.977427,0,0.95954,0,0,0,0.836024,0,0,0,0.882394,0,0,0.989512,0,0,0,0,1,0,0,w,w
1287,GO-IN,1,1,0.914951,0.748053,0.533547,0,1.33483,0,0,0,0,0,0.825989,0,0,0,0,0,0,0,1,0,0,w,w
1288,GO-IN,1,1,0.969294,0.84502,0.956508,0,0.736215,0,0,0,0,0,0.888715,0,0,0,0,0,0,0,1,0,0,w,w
1289,GO-IN,1,1,0.969979,0.809325,1.05579,0,0.563346,0,0,0,0,0,0.983118,0,0,0.729515,0,0,0,0,1,0,0,w,w
1290,GO-IN,1,1,0.966674,1.32378,1.28446,0,0.691615,0,0,0,0,0,1.00405,0,0,0.600329,0,0,0,0,1,0,0,w,w
1291,GO-IN,1,1,0.966367,1.02388,0.830824,0,0,0,0.522209,0,0,0,1.23248,0,0,0.990645,0,0,0,0,1,0,0,w,w
1292,GO-IN,1,1,0.973095,0.894294,0.611908,0,0,0,0,0,0,0,1.09167,0,0,1.97239,0,0,0,0,1,0,0,w,w
1293,GO-IN,1,1,0.964122,0.966341,1.15464,0,0,0,0.582083,0,0,0,0.911395,0,0,1.65822,0,0,0,0,1,0,1,w,w
1294,GO-IN,1,1,0.961531,0.950376,1.47665,0,0,0,0.661259,0,0,0,0.767514,0,0,1.79965,0,0,0,0,1,0,0,w,w
1295,GO-IN,1,1,0.960908,0.721584,1.30714,0,0.592751,0,0,0,0,0,0.907765,0,0,1.60148,0,0,0,0,1,0,0,w,w
1296,GO-IN,1,1,0.96798,0.622208,0.976819,0,0.677375,0,0.516823,0,0,0,0.686416,0,0,0.623845,0,0,0,0,1,0,0,w,w
1297,GO-IN,1,1,0.969854,0.59205,1.03379,0,0,0,0.694996,0,0,0,0.703564,0,0,0,0,0,0,0,1,0,0,w,w
1298,GO-IN,1,1,0.969469,0.521568,0.889856,0,0.541499,0,0,0,0,0,1.01961,0,0,0.771653,0,0,0,0,1,0,0,w,w
1299,GO-IN,1,1,0.967317,0,0.761259,0,0,0,0.56961,0,0,0,1.07656,0,0,0,0,0,0,0,1,0,0,w,w
1300,GO-IN,1,1,0.9679,0,0.844203,0,0,0,0.625541,0,0,0,1.01379,0,0,0.971779,0,0,0,0,1,0,0,w,w
1301,GO-IN,1,1,0.967616,0,0.820324,0,0,0,0.665597,0,0,0,1.02537,0,0,0.587346,0,0,0,0,1,0,0,w,w
1302,GO-IN,1,1,0.972436,0,0.5897,0,0,0,0.65813,0,0,0,0.771791,0,0,0.543073,0,0,0,0,1,0,0,w,w
1303,GO-IN,1,1,0.973987,0,0.861525,0,0,0,0.694306,0,0,0,0.70559,0,0,0,0,0,0,0,1,0,0,w,w
4229,GO-IN,1,1,0.784349,2.15622,0.895375,0,1.56522,0,0,0,0,0,0,0,0,1.08997,0,0,0,0,0,0,0,w,m
4231,GO-IN,1,1,0.806471,1.51738,0,0,1.05123,0,0,0,0,0,0,0,0,0.550345,0,0,0,0,0,0,0,w,m
4232,GO-IN,1,1,0.866047,0.554386,0,0,0.85399,0,0,0,0,0,0,0,0.50384,0.959823,0,0,0,0,0,0,0,w,m
4233,GO-IN,1,1,0.907913,0,0,0,0.980842,0,0,0,0,0,0,0,0.767839,1.64098,0,1,0,0,0,0,0,w,m
4234,GO-IN,1,1,0.881675,0,0,1.32132,0.58261,0,0,0,0,0,0,0.730043,0,1.86746,0,1,0,1,0,0,0,w,m
4235,GO-IN,1,1,0.848416,0,0,1.48218,0,0,0.553023,0.745589,0.628478,0.590721,0,0.613466,0,1.25189,0,1,0,1,0,0,0,w,m
4236,GO-IN,1,1,0.817241,0,0,1.32373,0,0,0,0.827342,0.783755,0.833272,0.536194,0.661192,0,1.98637,0,1,0,1,0,0,0,w,m
4237,GO-IN,1,1,0.809805,0,0,1.03053,0,0.614915,0,0.972675,0.974706,0.963116,0.6215,0.628883,0,1.99684,0,1,1,1,0,0,0,w,m
4238,GO-IN,1,1,0.78355,0,0,1.55417,0,0.772502,0.707768,1.08392,0.912261,1.31741,0,0.566545,0,1.80484,0,1,1,1,0,0,0,w,m
4239,GO-IN,1,1,0.77697,0,0,1.37065,0,0.878899,0.624248,1.19258,1.0027,1.49259,0,0.745273,0,2.15891,0,1,1,1,0,0,0,w,m
4240,GO-IN,1,1,0.754683,0,0.856369,1.65884,0,0.92208,0.594625,1.24269,1.06414,1.56121,0,0.58802,0,1.81052,0,1,1,1,0,0,0,w,m
4241,GO-IN,1,1,0.778164,0,0.543443,1.57311,0,0.884787,0.786548,1.27382,1.04362,1.73666,0,0.649587,0,1.84062,0,1,1,1,0,0,0,w,m
4242,GO-IN,1,1,0.85944,0,0.650931,1.35502,0.562581,0.835867,0.603118,1.16646,0.872738,1.46874,0,0,0,0.636508,0,1,1,1,0,0,0,w,m
4245,GO-IN,1,1,0.79389,0,0.525474,0.671188,1.46748,0,0,0,0,0,0,0,0.640375,1.19093,0,1,0,0,0,0,0,w,m
4246,GO-IN,1,1,0.833542,1.45924,0.526733,0.89423,1.4301,0,0,0,0,0,0,0,0.897537,0,0,1,0,1,0,0,0,w,m
4248,GO-IN,1,1,0.742939,0.755929,0.856209,0.737276,2.35485,0,0,0,0,0,0,0,0,2.6031,0,0,0,0,0,0,0,w,m
4249,GO-IN,1,1,0.740848,1.39416,1.09959,0.972591,1.98877,0,0,0,0,0,0,0,0,1.61852,0,0,0,0,0,0,0,w,m
4250,GO-IN,1,1,0.790266,1.97999,2.09986,1.35239,1.15586,0,0,0,0,0,0,0,0,0,0,1,0,0,0,0,0,w,m
4251,GO-IN,1,1,0.811796,2.1206,2.18988,1.42239,1.10034,0,0,0,0,0,0,0,0,0,0,0,0,0,0,0,0,w,m
4252,GO-IN,1,1,0.836155,2.00318,1.94908,1.10094,0.596557,0,0,0,0,0,0,0,0,0,0,0,0,0,0,0,0,w,m
4293,GO-IN,1,1,0.804914,0,0,1.04138,0.538412,0,0,0,0,0,0.971064,0,1.32167,1.97103,0,1,0,0,0,0,1,w,m
4294,GO-IN,1,1,0.846279,0,0,1.42131,0.743287,0,0.685571,0.569421,0,1.41409,0.552002,0.629493,0.566579,3.94236,0,1,0,0,0,0,0,w,m
4302,GO-IN,1,1,0.725079,0,1.68788,1.13736,2.08225,1.63695,0,1.40364,2.32599,1.58857,0.5864,0,0,4.38622,0,1,1,0,0,0,0,w,m
6882,GO-IN,1,1,0.946194,0,0.713117,0.630621,0,0,1.27911,0,0,0,0,0,0,0.671086,0,0,1,0,0,0,0,m,w
6883,GO-IN,1,1,0.94505,0,0.930447,0,0.530595,0,1.3233,0,0,0,0,0,0.550925,0,0,0,1,0,0,0,0,m,w
6884,GO-IN,1,1,0.950851,0,0.521218,0.617018,0.602824,0,0.821346,0,0,0,0,0,0.702389,0,0,0,1,0,0,0,0,m,w
6885,GO-IN,1,1,0.952098,0,0.816653,0,0.612223,0,0.798089,0,0,0,0,0,1.02086,0.618773,0,0,0,0,0,0,0,m,w
6886,GO-IN,1,1,0.953162,0,0.578116,0,0,0,0.772316,0,0,0,0,0,0.863541,0,0,0,0,0,0,0,0,m,w
6887,GO-IN,1,1,0.950856,0,0.575937,0,0,0,0.789967,0,0,0,0,0,0.690027,0,0,0,0,0,1,0,0,m,w
6888,GO-IN,1,1,0.95249,0,0.744435,0,0.542972,0,0.928041,0,0,0,0,0,0.581478,0.546277,0,0,0,0,1,0,0,m,w
6889,GO-IN,1,1,0.94824,0,0.774471,0,0,0,0.941988,0,0,0.549298,0,0,0.692022,0.753293,0,0,0,0,1,0,0,m,w
6890,GO-IN,1,1,0.953843,0,0.56312,0,0,0,0.779799,0,0,0.554167,0,0,0.518056,0.671337,0,0,1,0,0,0,0,m,w
6891,GO-IN,1,1,0.957534,0,0.586515,0,0,0,0.6123,0,0,0,0,0,0.607911,0.695175,0,0,0,0,0,0,0,m,w
6892,GO-IN,1,1,0.959333,0,0.625587,0,0.503881,0,0,0,0,0,0,0,0.560208,0.683208,0,0,0,0,1,0,0,m,w
6893,GO-IN,1,1,0.95993,0,0.84651,0,0,0,0,0,0,0,0,0,0.641459,0.686798,0,0,0,0,0,0,0,m,w
6894,GO-IN,1,1,0.958357,0,0.640158,0,0,0,0,0,0,0,0,0,0.834135,0.569065,0,0,0,0,0,0,0,m,w
6895,GO-IN,1,1,0.960287,0,0.83514,0.636939,0,0,0,0,0,0.603896,0,0,0.80636,0,0,0,1,0,0,0,0,m,w
6896,GO-IN,1,1,0.96556,0,0.742845,0.683244,0,0,0,0,0,0.609363,0,0,0.820091,0.611059,0,0,0,0,0,0,0,m,w
6897,GO-IN,1,1,0.961925,0,0.631252,0,0,0,0,0.549456,0.580451,0.527398,0,0,0,0.812889,0,0,1,0,1,0,0,m,w
6898,GO-IN,1,1,0.961332,0,0.668193,0.629715,0,0,0,0.540258,0,0.576709,0,0,0.617631,0.999245,0,0,1,0,1,0,0,m,w
6899,GO-IN,1,1,0.959895,0,0.618551,0.500019,0,0,0,0.522033,0.541327,0,0,0,0.65627,1.51542,0,0,1,0,0,0,0,m,w
6900,GO-IN,1,1,0.958118,0,0.586633,0.567691,0,0,0,0,0.534845,0.738899,0,0,0.543324,1.43593,0.522534,0,1,0,1,0,0,m,w
6901,GO-IN,1,1,0.958875,0,0.792457,0.540002,0,0,0.533064,0.552432,0.611406,0.667757,0,0,0,1.17057,0.531546,0,1,0,1,0,0,m,w
6902,GO-IN,1,1,0.960563,0,0.732779,0.533632,0,0,1.18172,0,0.52587,0.638897,0,0,0.554389,0.635576,0.559319,0,1,0,0,0,0,m,w
6903,GO-IN,1,1,0.961909,0,0,0.545768,0,0,0.764599,0,0,0.605596,0,0,0.594054,0.839756,0.541493,0,1,0,1,0,0,m,w
6904,GO-IN,1,1,0.959585,0,0.587299,0.525261,0,0,0.565684,0,0,0,0,0,0.753568,0.890556,0.566872,0,1,0,1,0,0,m,w
6905,GO-IN,1,1,0.961401,0,0.663858,0,0,0,0.685193,0,0,0.658537,0,0,0.819537,0.519331,0.542043,0,1,0,1,0,0,m,w
6906,GO-IN,1,1,0.961541,0,0.715601,0.643843,0,0,0.624031,0,0,0,0,0,0.732182,0.62138,0.583805,0,1,0,1,0,0,m,w
6907,GO-IN,1,1,0.960135,0,0.611296,0.517471,0,0,0,0.552311,0,0,0,0,0.696545,0.834915,0.558033,0,1,0,1,0,0,m,w
6908,GO-IN,1,1,0.959137,0,0,0.598835,0,0,0.652166,0.555934,0.512285,0,0,0,0.896688,0,0.56594,0,1,0,1,0,0,m,w
6909,GO-IN,1,1,0.959312,0,0,0.731326,0,0,0,0.570412,0.588221,0.573796,0,0,0.842682,0.574475,0.587052,0,1,0,1,0,0,m,w
6910,GO-IN,1,1,0.961215,0,0,0,0,0,0,0.509155,0.532189,0.589277,0,0,0,0.698902,0.63987,0,1,0,1,0,0,m,w
6911,GO-IN,1,1,0.958457,0,0,0,0,0,0,0.569745,0.6437,0,0,0,0,0.912821,0.59098,0,1,0,1,0,0,m,w
6912,GO-IN,1,1,0.960697,0,0,0.885358,0,0,0.703085,0.543977,0.54075,0.828182,0,0,0.803599,1.2996,0.579995,0,1,0,1,0,0,m,w
6913,GO-IN,1,1,0.957643,0,0,0.52781,0,0,0.591947,0.626912,0.57136,0.791105,0,0,0.544853,0.640531,0.540853,0,1,1,1,0,0,m,w
6914,GO-IN,1,1,0.955764,0,0,1.00542,0,0,0.634854,0.601099,0.620258,0.645186,0,0,0.717875,1.06463,0.54887,0,1,0,1,0,0,m,w
6915,GO-IN,1,1,0.953926,0,0,0,0,0.52002,0,0.655811,0.548629,0.904338,0,0,0,1.08877,0.581003,0,1,0,1,0,0,m,w
6916,GO-IN,1,1,0.952635,0,0.638122,0,0,0.554774,0,0.605042,0.67748,0.856645,0,0,0.959205,1.32411,0.598914,0,1,1,1,0,0,m,w
6917,GO-IN,1,1,0.940789,0,0.695188,0.620404,0,0.583935,0,0.675628,0.76131,0.716857,0,0,0.698914,1.31226,0.572999,0,1,0,1,0,0,m,w
36707,GO-IN,1,1,0.861712,0.817311,0,1.41501,0.836078,0,0,0,0,1.16121,0,0.649199,0,0,0,1,0,0,0,0,0,m,w
36711,GO-IN,1,1,0.821093,0.649328,0,0.582573,0.964617,0,0,0,0,1.09234,0,0.578659,0,0,0,1,0,0,0,0,0,m,w
36720,GO-IN,1,1,0.815541,0.746068,0.964001,0.912206,1.4362,0,0,0,0.54766,0,0,0,0,0,0,0,1,0,1,0,0,m,w
36729,GO-IN,1,1,0.753919,1.5971,1.66697,1.50675,1.60721,0,0,0,0.589755,0,0,0,0,0,0,0,1,0,1,0,0,m,w
36730,GO-IN,1,1,0.827425,1.46641,1.49082,1.60146,1.68837,0,0,0,0.734454,0,0,0,0,0,0,1,0,0,1,0,0,m,w
13426,GO-IN,1,1,0.98712,0,1.17339,0,0,0,0,0,1.11419,1.00145,0.872858,0,1.63476,2.45244,0,0,1,1,0,0,1,w,m
13427,GO-IN,1,1,0.987607,0,1.36915,0,0,0,0,0,1.12878,0.781505,0.894523,0,1.19347,2.4241,0,0,1,1,0,0,1,w,m
13428,GO-IN,1,1,0.986299,0,1.33428,0,0,0,0,0,1.00896,0.81729,0.822321,0,1.50609,2.6049,0,1,1,1,0,0,1,w,m
13429,GO-IN,1,1,0.98348,0,1.29016,0,0,0,0.589247,0,0.899447,0.788071,0.699203,0,1.07078,2.87026,0,1,1,1,0,0,1,w,m
13430,GO-IN,1,1,0.984119,0,1.28705,0,0,0,0.806426,0,1.03972,0.832406,0,0,1.26464,2.56147,0,0,1,0,0,0,1,w,m
13431,GO-IN,1,1,0.973887,0,1.18905,0,0,0,0.633278,0,0.841618,1.1242,0.683486,0,1.19021,2.06739,0,1,1,1,0,0,1,w,m
13432,GO-IN,1,1,0.965356,0,1.21971,0,0,0,0.714914,0,0.856559,1.00522,0,0.521924,0.955518,1.38596,0,1,1,0,0,0,0,w,m
26507,GO-IN,1,1,0.969579,1.70697,1.71233,0,0.734289,0,1.5353,0,0,0,0,0,0.925176,2.86463,0,0,0,1,0,0,1,w,m
26508,GO-IN,1,1,0.964314,1.98442,1.64101,0.716923,0.879266,0,2.13728,0,0,0,0.86512,0,1.17005,2.76177,0,0,0,1,0,0,1,w,m
26509,GO-IN,1,1,0.963331,1.80627,1.62063,0,0.818544,0,2.19447,0,0,0,0.753542,0,0.976928,2.81957,0,0,0,1,0,0,1,w,m
26510,GO-IN,1,1,0.962152,1.83912,1.49944,0.681178,0.709999,0,2.15781,0,0,0,0.932585,0,1.01659,2.78067,0,0,0,1,0,0,1,w,m
26511,GO-IN,1,1,0.982516,1.73457,1.41922,0,0.544016,0,2.01059,0,0,0.537867,0.628282,0,1.11421,2.67172,0,0,0,1,0,0,1,w,m
26512,GO-IN,1,1,0.982944,1.74519,1.35784,0.508797,0.671981,0,1.84218,0,0,0.623198,0.651344,0,1.16166,2.77416,0,0,0,1,0,0,1,w,m
26513,GO-IN,1,1,0.981999,1.68722,1.27818,0.750941,0.529102,0,1.8453,0,0,0.567688,0.649715,0,1.31396,2.72182,0,0,0,1,0,0,1,w,m
26514,GO-IN,1,1,0.980668,1.4118,1.25871,0,0.579548,0,1.35038,0,0,0,0.731257,0.507635,1.37253,2.01182,0,0,0,1,0,0,1,w,m
26515,GO-IN,1,1,0.97254,1.45985,1.31494,0,0,0,0.883647,0,0.533936,0,0.605274,0.520832,1.272,1.09412,0,0,0,1,0,0,1,w,m
26516,GO-IN,1,1,0.981225,1.45165,1.10459,0,0.589966,0,1.52616,0,0,0,0.534243,0,0.90636,1.6471,0,0,0,1,0,0,1,w,m
26517,GO-IN,1,1,0.982853,1.49559,1.03907,0,0,0,1.38263,0,0,0,0.615511,0,0.99974,1.97554,0,1,0,1,0,0,1,w,m
26518,GO-IN,1,1,0.970106,1.64118,1.16551,0,0,0,1.22155,0,0.632156,0,0.638857,0,0.87084,3.0702,0,1,0,1,0,0,1,w,m
26519,GO-IN,1,1,0.969483,1.62068,1.48302,0,0,0,1.43674,0,0,0,0,0,1.04044,3.38366,0,0,0,1,0,0,1,w,m
26520,GO-IN,1,1,0.968256,1.78888,1.5092,0,0.576807,0,1.56246,0,0.504395,0,0,0,0.786394,3.76183,0,0,0,1,0,0,1,w,m
26521,GO-IN,1,1,0.965071,1.40714,1.42169,0,0.659064,0,0.819615,0,0,0,0,0,0.936205,2.57299,0,0,0,0,0,0,1,w,m
26522,GO-IN,1,1,0.964464,1.13164,1.26258,0,0.649424,0,1.40313,0,0,0,0.552437,0,0.892041,2.0923,0,0,0,1,0,0,1,w,m
26523,GO-IN,1,1,0.967304,0.857068,0.840644,0,0.777143,0,1.24971,0,0,0,0,0,0.874984,2.44784,0,0,0,1,0,0,1,w,m
26524,GO-IN,1,1,0.965555,0.522517,0.616271,0,0.902287,0,0.898768,0,0,0,0,0,0.742055,1.65756,0,0,0,1,0,0,1,w,m
26525,GO-IN,1,1,0.963903,0,0,0,0.738528,0,0,0,0,0,0,0,0,1.42373,0,0,0,0,0,0,1,w,m
26526,GO-IN,1,1,0.972714,0,0,0,0.51513,0,0,0,0,0,0,0,0,1.23272,0,0,0,0,0,0,1,w,m
26527,GO-IN,1,1,0.970696,0,0,0,0.662689,0,0,0,0,0,0,0,0,1.05044,0,0,0,0,0,0,1,w,m
26528,GO-IN,1,1,0.969872,0,0,0,0.67213,0,0,0,0,0,0,0,0,0.833879,0,0,0,0,0,0,1,w,m
26529,GO-IN,1,1,0.967903,0,0,0,0.718174,0,0,0,0,0,0,0,0,0.623316,0,0,0,0,0,0,1,w,m
26530,GO-IN,1,1,0.962304,0.693699,0,0,0.645875,0,0,0,0,0,0,0,0,0,0,0,0,0,0,0,1,w,m
26531,GO-IN,1,1,0.961814,0.78632,0,0,0,0,0,0,0,0,0,0,0,0,0,0,0,0,0,0,1,w,m
26532,GO-IN,1,1,0.96887,0.980055,0,0,0,0,0,0,0,0,0,0,0,0.652725,0,1,0,0,0,0,1,w,m
26533,GO-IN,1,1,0.946493,1.54264,0,0,0,0,0,0,0,0,0,0,0,2.10068,0.759151,1,0,0,0,0,1,w,m
26534,GO-IN,1,1,0.941471,1.91761,0,0,0,0,0.825047,0,0.769859,0,0.846022,0,0,2.04526,0.776671,1,0,0,0,0,1,w,m
26535,GO-IN,1,1,0.940181,1.82282,0,0,0,0,0.746485,0,0.885511,0,0.865013,0,0,2.10729,0.87159,0,0,0,0,0,1,w,m
26536,GO-IN,1,1,0.940771,1.84594,0,0.573947,0,0,1.01565,0,0.995737,0,0.828909,0,0,2.29204,0.82198,1,0,0,0,0,1,w,m
26537,GO-IN,1,1,0.941587,1.62209,0,0.690603,0,0,0.829548,0,1.07098,0,1.01876,0,0,2.12142,0.910734,1,0,0,0,0,1,w,m
26538,GO-IN,1,1,0.957762,1.37731,0,0.857467,0,0,1.03222,0,0.800897,0,0.5379,0,0,1.93677,0.785615,1,1,0,0,0,1,w,m
26539,GO-IN,1,1,0.965206,0.783282,0,0.771256,0,0,0.990458,0,0.688043,0,0,0,0,1.35442,0.792035,1,1,0,0,0,1,w,m
26540,GO-IN,1,1,0.974643,0,0.650481,0.719397,0,0,0,0,0,0,0.508795,0,0,0.535616,0.759417,1,0,0,0,0,1,w,m
26541,GO-IN,1,1,0.971309,0,0.887402,0.942381,0,0,0,0,0,0,0.59384,0,0,0.559848,0.932638,1,0,0,0,0,1,w,m
26542,GO-IN,1,1,0.948103,0.678455,1.27622,1.09145,0,0,0,0,0.722751,0,0.503792,0,0.724707,1.08836,1.07597,1,0,0,0,0,1,w,m
26557,GO-IN,1,1,0.924854,1.39796,1.25576,0.824394,1.2728,0,0.846997,0,0,0,0,0.631266,1.24921,0,0,0,0,1,1,0,1,w,m
26558,GO-IN,1,1,0.933282,1.68953,1.15355,0.535577,1.34455,0,0.850396,0,0,0,0,0,0.786487,0.818311,0,0,0,1,1,0,1,w,m
26559,GO-IN,1,1,0.945718,1.70867,1.06767,0,1.57329,0,1.09844,0,0,0,0,0,0.79834,0,0,0,0,1,1,0,1,w,m
26560,GO-IN,1,1,0.9519,1.68903,1.02423,0,1.43727,0,1.34848,0,0,0,0,0,0.742415,0.795095,0,0,0,1,1,0,1,w,m
26561,GO-IN,1,1,0.944866,1.98613,1.27069,0,1.37788,0,1.25896,0,0,0,0,0,0,0,0,0,0,1,1,0,1,w,m
26562,GO-IN,1,1,0.957609,2.03797,1.20088,0,1.32063,0,1.5987,0,0,0,0,0,0,0,0,0,0,0,1,0,1,w,m
26563,GO-IN,1,1,0.955326,2.02251,1.48569,0,1.10944,0,1.45644,0,0,0,0,0,0,0,0,0,0,0,0,0,1,w,m
26564,GO-IN,1,1,0.952891,1.76749,0.920487,0,1.11296,0,0.902193,0,0,0,0,0,0,1.27072,0,0,0,0,0,0,1,w,m
53943,GO-IN,1,1,0.980047,1.45888,1.91435,0,0.527156,0.705739,0.540073,0.914938,1.32753,0.765918,0.88691,0.595844,2.45455,1.16312,0,0,1,1,0,0,1,w,m
53944,GO-IN,1,1,0.984556,1.53658,2.13922,0,0,0.80695,0.77652,0.988023,1.46417,0.920316,0.856642,0,2.04223,1.6345,0,0,1,1,0,0,1,w,m
53945,GO-IN,1,1,0.984518,1.46312,1.9358,0,0,0.846358,0.521223,1.00586,1.58165,1.04587,0.798323,0,2.04921,1.54742,0,0,1,1,0,0,1,w,m
53946,GO-IN,1,1,0.984363,1.48279,1.89126,0,0,0.740213,0.657145,0.931383,1.43828,0.733643,1.02348,0,1.91798,1.49068,0,0,0,1,0,0,1,w,m
53947,GO-IN,1,1,0.982142,1.36344,1.43526,0,0,0.778739,0,0.932676,1.41957,0.893133,0.750889,0,2.02683,1.19045,0,0,0,1,0,0,1,w,m
53948,GO-IN,1,1,0.98029,1.44943,1.59689,0,0,0.794385,0.879925,1.00045,1.54804,1.13472,0.754858,0,1.98774,0.800843,0,0,1,1,0,0,1,w,m
53949,GO-IN,1,1,0.979852,1.48155,1.94711,0,0,0.865074,0.690031,1.0743,1.72123,1.15365,0.643994,0,2.0995,0.970531,0,0,1,1,0,0,1,w,m
53950,GO-IN,1,1,0.978858,1.22085,1.76883,0,0,0.817445,0,0.972985,1.70501,0.878092,0.510207,0,2.14269,1.24902,0,0,1,1,0,0,1,w,m
53951,GO-IN,1,1,0.978312,1.41451,1.70512,0,0,0.769427,0.600959,0.904039,1.63021,0.967783,0.682152,0,2.41023,0.799726,0,0,1,1,0,0,1,w,m
53952,GO-IN,1,1,0.97781,1.31975,1.73635,0,0,0.771313,1.02035,0.919718,1.66196,0.9946,0.635045,0,2.37322,0.956923,0,0,1,1,0,0,1,w,m
53953,GO-IN,1,1,0.976161,1.23184,1.93823,0.536081,0,0.704732,0.834603,0.786114,1.53028,0.683264,0,0,2.1306,1.4883,0,0,1,1,0,0,1,w,m
53954,GO-IN,1,1,0.97456,0.975537,1.34567,0,0,0.603289,0.909881,0.731001,1.52412,0.542214,0,0,1.91881,0.902059,0,0,1,1,0,0,1,w,m
53955,GO-IN,1,1,0.973894,1.21463,1.26365,0,0,0.699656,1.23516,0.840746,1.38398,0.768759,0.701649,0,1.81119,1.30524,0,0,1,1,0,0,1,w,m
53956,GO-IN,1,1,0.979782,1.30681,1.62472,0,0,0.690866,1.2461,0.779509,1.4554,0.705707,0.674442,0,1.61233,1.26001,0,0,0,0,0,0,1,w,m
53957,GO-IN,1,1,0.975752,1.10965,1.76677,0,0,0.694374,0.830739,0.821901,1.61376,0.637201,0.64581,0,1.64906,1.25371,0,0,1,1,0,0,1,w,m
53958,GO-IN,1,1,0.977076,1.19907,1.90227,0,0,0.729514,0,0.849434,1.8705,0.842438,0.564159,0,2.08143,1.68805,0,0,1,0,0,0,1,w,m
53959,GO-IN,1,1,0.976403,1.17065,2.10502,0,0,0.708974,0,0.837318,1.76692,0.968435,0.769046,0,2.01273,1.37576,0,0,1,0,0,0,1,w,m
53971,GO-IN,1,1,0.983603,0,1.521,0,0.518019,0,0,0,1.12749,0.934228,0,0,1.45351,1.12548,0,0,1,1,0,0,1,w,m
53972,GO-IN,1,1,0.987597,0,1.20129,0,0.69651,0,0.570156,0,0.900429,0.790968,0,0,1.61194,1.3378,0,0,1,1,0,0,1,w,m
53973,GO-IN,1,1,0.987479,0,1.17178,0,0.562196,0,0.657094,0,0.915771,0.716062,0,0,1.39539,1.54943,0,0,1,1,0,0,1,w,m
53974,GO-IN,1,1,0.986919,0,0.998052,0,0.64792,0,0.847799,0,1.12191,0.836067,0,0,1.51368,1.54536,0,0,1,1,0,0,1,w,m
53975,GO-IN,1,1,0.98692,0,1.36655,0,0.695213,0,0.707532,0.515995,1.16908,0.890459,0,0,1.16365,1.19221,0,0,1,1,0,0,1,w,m
53976,GO-IN,1,1,0.988123,0.70759,1.32004,0.561428,0.714506,0.50306,0.70497,0.611348,1.11876,0.695208,0,0,0.922925,1.34332,0,0,1,1,0,0,1,w,m
53977,GO-IN,1,1,0.982993,1.12453,1.68797,0,0.719061,0.557324,0.647507,0.692706,1.11799,0.594883,0,0,0,2.21714,0.668423,0,1,1,1,0,1,w,m
53978,GO-IN,1,1,0.968316,1.21022,1.63078,0.659155,0.656155,0,0.871113,0.547566,0.905096,0.569284,1.21193,0,0,1.93765,0.707382,0,0,1,0,0,1,w,m
53979,GO-IN,1,1,0.981209,1.16649,1.51222,0,0.6913,0,0.587421,0.55334,0.964945,0.573601,0.947479,0,0,1.95727,0.71701,0,1,1,0,0,1,w,m
53980,GO-IN,1,1,0.983829,0.694754,1.35346,0.631583,0.703721,0,0.978998,0,0.820149,0.918076,0.582932,0,0.644638,1.67872,0.641824,0,1,1,1,0,1,w,m
53981,GO-IN,1,1,0.986898,0.596466,1.39526,0.600263,0.763299,0,1.01632,0,0.795974,0.844464,0.670672,0,0.58647,1.40161,0.583377,0,1,1,1,0,1,w,m
53982,GO-IN,1,1,0.987327,0,1.22271,0.508692,0.862774,0,1.08903,0,0.850172,0.617621,0,0,0.737224,0.929927,0,0,0,1,0,0,1,w,m
53983,GO-IN,1,1,0.986501,0,1.12249,0.519231,0.882579,0,1.36573,0,0.775198,0.690778,0,0,0.855739,0.794522,0,0,0,1,0,0,1,w,m
53984,GO-IN,1,1,0.985943,0,1.28429,0,0.862557,0,1.61252,0,0.699353,0.536557,0.538981,0,0.856025,0.769471,0,0,0,1,0,0,1,w,m
53985,GO-IN,1,1,0.984402,0,1.44756,0.714005,1.01205,0,1.16884,0,0.733071,0.686426,0,0,0.688399,0.836225,0,0,0,1,0,0,1,w,m
53986,GO-IN,1,1,0.986979,0,1.21614,0,0.901085,0,0.924735,0,0.900201,0.809972,0,0,0.708693,0.732552,0,0,1,1,0,0,1,w,m
53987,GO-IN,1,1,0.986435,0,1.35979,0,0.978296,0,1.17363,0,0.770462,0.687656,0,0,0.863041,0.884973,0,0,0,1,0,0,1,w,m
53988,GO-IN,1,1,0.986127,0,1.1364,0,0.852013,0,1.38286,0,0.816062,0.716671,0,0,0.897924,0.879563,0,0,0,1,0,0,1,w,m
53989,GO-IN,1,1,0.984882,0,1.10271,0,0.862986,0,1.39536,0,0.795834,0.650013,0,0,0.82793,1.05644,0,0,0,1,0,0,1,w,m
28697,GO-IN,1,1,0.804417,0,1.12781,0,0.673387,0,0,0,0,0.646445,0,0,0,0,0,0,0,0,0,0,0,m,m
43613,GO-IN,1,1,0.745625,2.09483,1.94431,1.50151,0,1.03084,0,1.51181,1.45593,1.12387,0,0.670021,0.866986,0,0,0,1,0,0,1,0,w,w
43614,GO-IN,1,1,0.863649,1.89438,1.07552,1.64867,0,1.18036,0,1.59277,2.08252,1.69927,0,1.02826,1.70809,2.24335,0,0,1,1,0,0,0,w,w
18220,GO-IN,1,1,0.753863,0,0,0,0,0,0.518926,0,0,0.92012,1.13597,1.37107,0,0.923857,0,0,0,1,0,0,0,w,w
18221,GO-IN,1,1,0.786811,0,0,0,0,0,0,0.88874,0,0.854163,1.10396,1.35689,0.793206,0,0,1,0,1,0,0,0,w,w
18235,GO-IN,1,1,0.750095,0.97197,0,0.698461,0.963273,0,0,0,0,0.946879,0,0.6307,1.38225,0,0,1,0,0,1,1,0,w,w
18237,GO-IN,1,1,0.770794,1.16141,0,0.66995,1.4226,0,0,0,0,0.878857,0,0.614375,1.39136,1.11659,0,1,0,0,1,1,0,w,w
18239,GO-IN,1,1,0.767277,0.966385,0,0,1.60827,0.600105,0,0,0,1.0002,0,1.20462,1.20678,1.70006,0,1,1,0,0,0,0,w,w
18245,GO-IN,1,1,0.753187,1.40583,0,1.54647,1.48605,0,0,0,0,0,0.846445,0,0,0,0,1,0,0,0,0,0,w,w
18249,GO-IN,1,1,0.795444,1.16985,0,0.94525,1.94069,0,0.645385,0,0,0,0,0,0,1.61031,0,1,0,0,0,0,0,w,w
18250,GO-IN,1,1,0.84046,1.01497,0,1.85922,1.54626,0,1.11451,0,0,0,0,0,0,0,0,1,0,0,0,0,0,w,w
40976,GO-IN,1,1,0.786471,2.34654,0.827833,2.55523,0.895987,0,0.936908,0,0,0,0.608258,0,0,2.1781,0,1,0,0,0,0,0,w,w
40977,GO-IN,1,1,0.825734,2.03573,0.824285,2.71943,0.740059,0,0,0,0,0,1.35155,0.790663,0,0.784437,0,1,0,1,1,0,0,w,w
40978,GO-IN,1,1,0.868769,1.47694,1.20233,1.9346,0.662405,0,0,0,0,0,1.30957,0.78904,0,1.03999,0,1,0,1,1,0,0,w,w
40979,GO-IN,1,1,0.860952,1.60688,1.10238,2.04223,0,0,0,0,0,0,1.30925,0.969071,0,0.532858,0,1,0,1,1,0,0,w,w
40980,GO-IN,1,1,0.846841,1.44057,0.972708,1.55997,0.608838,0,0.721581,0,0,0,1.38413,0.654272,0,2.20542,0,0,0,1,1,0,0,w,w
40981,GO-IN,1,1,0.850986,1.2968,1.01886,0.847611,0.503667,0,0,0,0,0,1.1641,0.857247,0,2.64917,0,0,0,1,1,0,0,w,w
40982,GO-IN,1,1,0.791754,1.42257,0.766148,0,0.6094,0.574762,0,0,0,0,0.836566,0.900579,0,2.41892,0,0,0,1,1,0,0,w,w
40993,GO-IN,1,1,0.9679,0.693145,0,0,0,0,0.689849,0,0,0,0.932447,0,0.718441,1.75279,0,1,0,1,0,0,0,w,w
11706,GO-IN,1,1,0.843984,0,0,0,0.666468,0.54313,0,0.871973,0.940068,0.623031,0.762544,0,0,0,0,0,0,1,1,0,0,m,w
11707,GO-IN,1,1,0.805345,0,0,0,0,0.566881,0.513884,0.796184,0.747453,0.815176,0,0,0,0,0,0,0,0,1,0,0,m,w
11708,GO-IN,1,1,0.853874,0,0,0.773142,0.635597,0.674683,0,0.927699,0.666811,0.987718,0,0,0,0,0,0,0,0,1,0,0,m,w
11709,GO-IN,1,1,0.818576,0,0,0.717738,0.806163,0.822505,0,0.953654,0.842683,0.583176,0,0,0,0.685424,0,0,1,0,1,0,0,m,w
11710,GO-IN,1,1,0.823868,0,0,0.841084,0.538267,0.768343,0,0.767042,0.96062,0.680266,0.597411,0,0.715235,0.533155,0,0,1,0,1,0,0,m,w
11711,GO-IN,1,1,0.782243,0,0,0.517714,0.508392,1.24644,0.813201,1.49093,0.858847,2.14797,0,0.710794,0,0,0,1,1,0,1,0,0,m,w
11712,GO-IN,1,1,0.785143,0,0,0.645255,0,0.949768,0.740435,1.11846,0.624412,1.4799,0.542072,0.583164,0,0,0,1,0,0,1,0,0,m,w
11713,GO-IN,1,1,0.934145,0,0,0.891956,0,0.846393,1.07629,0.854554,0.622805,1.09459,0.629021,0.514786,0.893079,0.795512,0,1,1,1,1,0,0,m,w
11714,GO-IN,1,1,0.941404,0,0,0.85334,0,0.854134,0.937771,0.870478,0.647264,1.19477,0.76648,0,0.529526,1.2779,0,1,1,1,1,0,0,m,w
11715,GO-IN,1,1,0.930583,0,0,1.05977,0,0.843263,1.18531,0.747905,0.895466,1.4356,0.537618,0,0.674888,1.70331,0,1,1,1,1,0,0,m,w
11716,GO-IN,1,1,0.938541,0,0,0.997954,0,0.898467,0.854803,0.718423,1.12233,1.50463,0,0.524517,1.22292,1.60986,0,1,1,1,1,0,0,m,w
11717,GO-IN,1,1,0.93224,0,0,1.3928,0,0.877083,1.537,0.793093,0.850551,1.47747,0,0,0.665662,1.92999,0,1,1,0,1,0,0,m,w
11718,GO-IN,1,1,0.923783,0,0,1.26945,0,0.956037,0.82866,0.800169,1.01228,1.80262,0.538738,0.508206,0.84394,1.47952,0,1,1,1,1,0,0,m,w
11719,GO-IN,1,1,0.918445,0,0,1.05984,0,0.931373,0.888339,0.792243,0.730006,1.66642,0,0,0.671156,2.17258,0,1,1,0,1,0,0,m,w
11720,GO-IN,1,1,0.887675,0,0,0.984439,0,1.01381,1.17617,1.11576,0.696204,1.67361,0,0,0,0.75148,0,1,1,0,1,0,0,m,w
11721,GO-IN,1,1,0.840995,0,0,0.57929,0.571457,1.0201,1.08573,1.26537,0.8113,1.52416,0,0,0,0,0,1,1,0,1,0,0,m,w
11722,GO-IN,1,1,0.773617,0,0,0,0.660409,0.928761,0,1.17838,0.816955,1.89835,0,0,0,0,0,1,1,0,1,0,0,m,w
11723,GO-IN,1,1,0.851146,0,0,0.810709,0.885393,0.89154,0.568824,1.23066,0.740318,1.99635,0,0,0.503396,0,0,1,0,0,0,0,0,m,w
11724,GO-IN,1,1,0.855749,0,0,0,1.10728,0.738509,0,1.29599,0.684476,1.97294,0,0,0,0,0,1,1,0,0,0,0,m,w
6783,GO-IN,1,1,0.894183,1.15824,0,1.79104,0,0,1.8451,0,0,0.937167,0,0.595011,1.7926,0.673066,0,1,0,0,1,0,0,w,m
6784,GO-IN,1,1,0.900777,1.20779,0,1.91527,0,0,1.9248,0,0.505633,0.806541,0.715396,0,1.84809,0.815527,0,1,0,0,1,0,0,w,m
6785,GO-IN,1,1,0.89521,1.03964,0,1.97329,0,0,2.13018,0,0.592501,0.855671,0.820462,0,1.7,0.71899,0,1,0,0,1,0,0,w,m
6786,GO-IN,1,1,0.88066,1.08977,0,1.86471,0,0,1.90711,0,0.665789,0.52399,0.682275,0,1.77997,0.505296,0,1,0,1,1,0,0,w,m
6787,GO-IN,1,1,0.880562,0.928836,0,1.88964,0,0,2.10839,0,0.674889,0.671422,0.73631,0,1.74522,0,0,1,0,0,1,0,0,w,m
6788,GO-IN,1,1,0.862196,0.950386,0,2.07965,0,0,1.9462,0,0.670874,0,0.844855,0,1.57167,0,0,1,0,0,0,0,0,w,m
6789,GO-IN,1,1,0.874162,0.906721,0,1.79085,0,0,1.56149,0,0.596456,0,0.816315,0,1.76479,0,0,0,0,0,0,0,0,w,m
6790,GO-IN,1,1,0.88484,0.886907,0,1.55663,0,0,1.80316,0,0.642789,0,0.865823,0,1.72339,0,0,0,0,0,1,0,0,w,m
6791,GO-IN,1,1,0.862961,1.21842,0,1.60674,0,0,1.37569,0,0.617516,0,0.917243,0,1.66681,0,0,0,0,1,1,0,0,w,m
6792,GO-IN,1,1,0.893399,0.89204,0,1.61824,0,0,1.43426,0,0.627027,0,0.737769,0,2.39614,0,0,0,0,1,1,0,0,w,m
6793,GO-IN,1,1,0.924595,1.09381,0,1.43227,0,0,1.06843,0,0.816103,0,0.678782,0,2.22143,0,0,0,0,1,1,0,0,w,m
6794,GO-IN,1,1,0.944449,1.13044,0,1.37597,0,0,0,0,1.0657,0,0.595368,0,1.92938,0,0,0,0,1,0,0,0,w,m
6809,GO-IN,1,1,0.909517,1.18458,0,2.03859,0,0,2.16746,0,0.520273,0.75151,0.596815,0.54446,1.66815,0,0,1,0,0,1,0,0,w,m
6810,GO-IN,1,1,0.903973,1.04776,0,2.07656,0,0,1.88099,0,0.583759,0,0.632184,0,1.87529,0,0,1,0,0,1,0,0,w,m
6811,GO-IN,1,1,0.863067,0.862995,0,1.93546,0,0,1.98787,0,0.618969,0,0.698444,0,2.04785,0,0,0,0,1,1,0,0,w,m
6812,GO-IN,1,1,0.886121,0.886806,0,1.50782,0,0,1.48765,0,0.545925,0,1.19573,0,1.74744,0,0,0,0,1,1,0,0,w,m
6813,GO-IN,1,1,0.904059,1.03227,0,1.117,0,0,1.16053,0,0.709864,0,0.928376,0,1.67512,0,0,0,0,1,1,0,0,w,m
6817,GO-IN,1,1,0.862992,1.31675,0,2.02308,0.89678,0,1.42636,0,0,0,0,0.728205,1.66807,0,0,1,0,0,0,0,0,w,m
6818,GO-IN,1,1,0.859023,1.3764,0,1.99235,0,0,1.90363,0,0,0,0,0,1.91701,0,0,1,0,0,1,0,0,w,m
6819,GO-IN,1,1,0.841451,1.06304,0,1.61573,0.564464,0,1.34327,0,0,0,0.798402,0,1.47008,0,0,0,0,1,1,0,0,w,m
6820,GO-IN,1,1,0.861666,1.15264,0.6392,0.961086,0.638105,0,0.952901,0,0.768464,0,1.00999,0,1.33045,0,0,0,0,1,1,0,0,w,m
6821,GO-IN,1,1,0.863906,1.59561,1.41564,1.61438,0,0.594248,1.11284,0,0.788589,0,1.02657,0,1.63122,0,0,0,0,1,1,0,0,w,m
6822,GO-IN,1,1,0.892893,1.81281,1.36612,1.12099,0.537348,0.60127,0,0,0.89549,0,0.669918,0,1.49602,0,0,0,0,1,1,0,0,w,m
6844,GO-IN,1,1,0.85746,0.895169,0.696924,0.611814,0,0,0.884466,0,0.640695,0,0.664382,0,1.48549,0,0,0,0,0,1,0,0,w,m
6845,GO-IN,1,1,0.871776,0.882699,1.13912,1.06742,0,0,0.901149,0,0.651625,0,0.839025,0,1.69548,0,0,0,0,1,1,0,0,w,m
6846,GO-IN,1,1,0.888478,0.972757,0.872855,0.804689,0,0,0,0,0.644869,0.597197,0.659364,0,1.56307,0,0,0,0,1,1,0,0,w,m
6850,GO-IN,1,1,0.858368,1.11903,0.615075,1.56651,0.954276,0.58089,1.51857,0,0.826885,0.987447,0,0.772294,1.52657,0,0,1,0,0,0,0,0,w,m
6851,GO-IN,1,1,0.867806,1.20546,0,1.56384,0.73357,0,2.16467,0,0.558647,0.799675,0.643004,0,1.44429,0,0,1,0,0,1,0,0,w,m
6852,GO-IN,1,1,0.860571,1.0214,0,1.54069,0.687672,0.501141,1.63971,0,0.689357,0,0.589968,0,1.5705,0,0,1,0,0,1,0,0,w,m
6853,GO-IN,1,1,0.851549,0.835381,0,1.7129,0.661066,0,1.83512,0,0.595325,0,0.709708,0,1.48311,0,0,0,0,0,1,0,0,w,m
6854,GO-IN,1,1,0.874937,1.03049,0.686128,1.24617,0,0.56563,1.80721,0,0.696652,0,1.19961,0,1.37457,0,0,0,0,1,1,0,0,w,m
6855,GO-IN,1,1,0.870609,1.00638,0.633355,1.00402,0,0.546674,1.22316,0,0.761038,0,0.922238,0,1.50863,0,0,0,0,1,1,0,0,w,m
6856,GO-IN,1,1,0.888539,1.04805,0,1.18881,0,0,0.503567,0,0.919155,0,0.994189,0,1.83877,0,0,0,0,1,1,0,0,w,m
6859,GO-IN,1,1,0.878546,1.25401,0.557147,1.73181,0.612392,0,1.59854,0,0.66589,0.623471,0.863858,0.681991,1.35982,0,0,1,0,0,1,0,0,w,m
6860,GO-IN,1,1,0.852527,1.17569,0,1.57806,0,0,1.81568,0,0.638425,0,0,0,1.65716,0,0,1,0,0,1,0,0,w,m
6861,GO-IN,1,1,0.83209,1.14467,0,1.67293,0,0,1.63737,0,0.651168,0,0.881579,0,1.69589,0,0,1,0,1,1,0,0,w,m
6862,GO-IN,1,1,0.875018,1.1426,0.903281,1.43735,0,0.519889,1.63103,0,0.592187,0,0.964255,0,1.42481,0,0,0,0,1,1,0,0,w,m
6863,GO-IN,1,1,0.88456,1.14792,1.00783,1.22635,0,0,1.29287,0,0.532522,0,0.899404,0,1.37784,0,0,0,0,1,1,0,0,w,m
6864,GO-IN,1,1,0.889109,0.962092,0.605006,1.01431,0,0,0,0,0.889517,0,0.560646,0,1.23024,0,0,0,0,1,1,0,0,w,m
6868,GO-IN,1,1,0.837707,1.00826,0.915314,1.15896,0.63453,0.553115,0,0,0.905433,0,0,0,1.69993,0,0,0,0,1,1,0,0,w,m
6869,GO-IN,1,1,0.871049,0.993389,0.96707,0.86214,0,0.574367,0,0,0.857631,0,0.558406,0,1.47744,0,0,0,0,1,1,0,0,w,m
6870,GO-IN,1,1,0.873089,1.24694,1.20088,1.11265,0,0.600751,0,0,0.916493,0,0.57979,0,1.77905,0,0,0,0,1,1,0,0,w,m
6871,GO-IN,1,1,0.869402,1.23746,0.903403,1.1204,0,0,0,0,0.791397,0,0.544066,0,1.24707,0,0,0,0,1,1,0,0,w,m
6903,GO-IN,1,1,0.881703,1.23257,0,1.66057,0,0,1.55413,0,0,0.553963,0,0.59764,1.73089,0,0,1,0,0,1,0,0,w,m
6904,GO-IN,1,1,0.878247,1.35542,0.597605,1.77763,0,0,1.85434,0,0,0,0,0,1.64689,0,0,1,0,0,1,0,0,w,m
6905,GO-IN,1,1,0.870713,1.15764,0,1.62336,0,0,1.64208,0,0.585368,0,0.600215,0,1.64573,0,0,1,0,0,1,0,0,w,m
6906,GO-IN,1,1,0.867325,1.29148,0,1.40281,0,0,1.41168,0,0.513776,0,0.559782,0,1.44938,0,0,0,0,0,1,0,0,w,m
6907,GO-IN,1,1,0.866493,1.34178,0,1.31189,0,0,1.65423,0,0.617937,0,0.553331,0,1.36365,0,0,0,0,0,1,0,0,w,m
6908,GO-IN,1,1,0.860581,1.13276,0,0.994934,0,0,1.26955,0,0.660287,0,0.707354,0,1.45019,0,0,0,0,1,1,0,0,w,m
6909,GO-IN,1,1,0.884012,1.16937,0,1.10803,0,0,1.14464,0,0.637737,0,0.810478,0,1.4136,0,0,0,0,1,1,0,0,w,m
6910,GO-IN,1,1,0.883567,1.17284,0.698806,1.00603,0,0,1.20694,0,0.665487,0,0.651344,0,1.33156,0,0,0,0,1,0,0,0,w,m
6911,GO-IN,1,1,0.892113,1.40222,1.00854,1.09335,0,0,0.896582,0,0.731202,0,0,0,1.6474,0,0,0,0,1,0,0,0,w,m
6931,GO-IN,1,1,0.833725,0.579546,0,1.56839,0,0.690952,2.45746,0.695778,1.31397,1.15511,0.607366,0.539942,1.50582,0.882605,0,1,0,0,1,0,0,w,m
6932,GO-IN,1,1,0.836711,0.687261,0.502115,1.67074,0,0.881488,2.15876,0.854093,1.50964,1.45751,0.577348,0.586454,1.51072,1.05895,0,0,1,0,1,0,0,w,m
6933,GO-IN,1,1,0.821519,0.585658,0.501705,1.50246,0,0.91272,1.8183,0.876633,1.58557,1.70251,0.874132,0.63596,1.56972,0.710277,0,0,0,0,1,0,0,w,m
6934,GO-IN,1,1,0.8055,0.637924,0,1.59915,0,1.0687,2.20965,1.12725,1.7261,1.80849,0.7151,0.581579,1.64252,0.931923,0,0,1,0,1,0,0,w,m
6935,GO-IN,1,1,0.807204,0.560794,0.550263,1.48984,0,1.16744,1.74656,1.26988,1.92708,1.51051,0.699231,0,1.74298,0.862551,0,0,1,0,1,0,0,w,m
6936,GO-IN,1,1,0.767163,0.539919,0,1.33876,0,1.15304,1.95007,1.20142,1.96275,1.6681,0.788101,0,1.18128,0.670185,0,0,1,0,1,0,0,w,m
6937,GO-IN,1,1,0.7787,0,0,1.09939,0,1.10818,1.74487,1.12444,1.94533,1.72537,0.771298,0.538731,1.17727,1.23145,0,0,1,0,1,0,0,w,m
6938,GO-IN,1,1,0.768343,0,0,0.799197,0,1.1209,1.94768,1.17067,1.92678,1.48358,0.652952,0,1.08491,1.12352,0,0,1,0,1,0,0,w,m
6939,GO-IN,1,1,0.777218,0,0,0.96143,0,1.08396,1.87202,1.13413,1.98134,1.58603,0.896637,0,1.39014,1.17395,0,0,1,0,1,0,0,w,m
6940,GO-IN,1,1,0.756858,0,0,1.06717,0.630592,1.10026,1.99754,1.19728,1.90966,1.6754,0.939599,0.550662,1.13721,1.18635,0,0,1,0,1,0,0,w,m
6941,GO-IN,1,1,0.799797,0,0,0.762202,0,1.0338,1.96762,1.15949,1.83968,1.52673,1.15394,0.616999,1.39983,1.02521,0,0,1,0,1,0,0,w,m
6942,GO-IN,1,1,0.823556,0,0.623527,0.575635,0,0.926968,1.90104,1.03914,1.82327,1.19175,0.875576,0,1.26842,1.44571,0,0,1,0,1,0,0,w,m
6943,GO-IN,1,1,0.783724,0,0.709211,0,0,0.939362,1.97138,1.03544,1.9176,1.38242,1.44907,0,1.24725,1.28055,0,0,1,0,1,0,0,w,m
6944,GO-IN,1,1,0.781381,0,0.557717,0,0,1.01056,1.98054,1.06289,1.82663,1.61638,1.51406,0,0.908166,1.71876,0,0,1,0,1,0,0,w,m
6945,GO-IN,1,1,0.836006,0,0,0,0,1.04232,2.05792,1.02449,1.7542,1.31982,1.32288,0,0.718223,1.44286,0,0,1,1,1,0,0,w,m
6946,GO-IN,1,1,0.890687,0,0,0,0,1.1374,1.27372,1.10826,1.67756,0.856532,0.670791,0,0,0.904514,0,0,0,0,1,0,0,w,m
6947,GO-IN,1,1,0.880071,0,0,0,0,1.01069,0,1.1265,1.5296,0.709872,0,0.501352,0,0,0,0,0,1,0,0,0,w,m
6948,GO-IN,1,1,0.877301,0,0,0,0,0.964005,0,1.1492,1.65555,1.04524,0,0.724737,0,0,0,0,0,1,1,0,0,w,m
6949,GO-IN,1,1,0.892595,0,0,0,0,0.950741,0,1.08501,1.57766,0.969761,0,0.613967,0,0,0,0,0,1,1,0,0,w,m
6950,GO-IN,1,1,0.897419,0,0,0,0,0.976165,0,1.10674,1.7381,0.971644,0,0.703797,0,0.694681,0,0,0,1,1,0,0,w,m
6951,GO-IN,1,1,0.894743,0,0,0,0,1.0027,0,1.10846,1.70473,0.935261,0,0.751378,0,0.661574,0,0,0,1,1,0,0,w,m
6952,GO-IN,1,1,0.893424,0,0,0,0,1.00317,0,1.12269,1.57193,1.18603,0.544308,0.776653,0,0,0,0,0,1,1,0,0,w,m
6953,GO-IN,1,1,0.901178,0,0,0,0,1.002,0,1.11269,1.68124,1.20679,0,0.791973,0,0.735868,0,0,0,1,1,0,0,w,m
6954,GO-IN,1,1,0.896992,0,0,0,0,0.984921,0,1.03127,1.52102,0.947216,0,0.748218,0,0.792702,0,0,0,1,1,0,0,w,m
6955,GO-IN,1,1,0.895097,0,0,0,0,0.919624,0,0.968629,1.53262,1.02834,0,0.775085,0.604406,0,0,0,0,1,1,0,0,w,m
6956,GO-IN,1,1,0.878971,0,0,0,0,1.00397,0,1.09793,1.79044,1.27976,0,0.632568,0,0,0,0,0,1,1,0,0,w,m
6957,GO-IN,1,1,0.882697,0,0,0,0,0.891565,0,0.968031,1.80248,1.44059,0,0.608463,0,0,0,0,0,1,1,0,0,w,m
8441,GO-IN,1,1,0.830524,1.39395,0.722377,1.0226,1.62566,0,0.983309,0,0.889058,0,0,0,1.58538,0,0,0,0,0,0,0,0,w,m
8442,GO-IN,1,1,0.864027,1.14218,0.968465,1.07412,1.48549,0,1.18669,0,1.27406,0,0,0.549231,1.53575,0,0,0,0,0,0,0,0,w,m
8443,GO-IN,1,1,0.883241,1.01217,1.58895,0.819997,1.5964,0.546603,0.529885,0,1.31238,0,0,0,1.44125,0,0,0,0,0,0,0,0,w,m
8446,GO-IN,1,1,0.833087,1.62237,1.44409,1.67188,2.383,0,1.02392,0,1.2633,0,0,0,1.03624,0,0,1,0,0,0,0,0,w,m
8561,GO-IN,1,1,0.755237,0.831401,0,0,0.695966,0,0,0,1.04827,0,0.502786,0,0.924938,0.96097,0,0,0,1,1,0,0,w,m
8562,GO-IN,1,1,0.814754,1.16547,0.711877,0,0.511632,0,0,0,0.670977,0,0.569841,0,0.970024,1.49557,0.635717,0,0,1,1,0,0,w,m
8564,GO-IN,1,1,0.829662,0.742281,0,1.01834,1.60654,0,0.70587,0,0.533113,0,0,0.548365,1.04339,0,0,1,0,0,0,0,0,w,m
8565,GO-IN,1,1,0.878278,0,0,1.31653,0.972008,0,0.981948,0,0.750371,0,0,0,0.997161,0,0,1,0,0,1,0,0,w,m
8566,GO-IN,1,1,0.915319,0,0,1.18379,0.672878,0,0.716543,0,0.617014,0,0,0,1.5843,0,0,1,0,0,0,0,0,w,m
11717,GO-IN,1,1,0.973792,0,0,0,0.705739,0.744194,0,0.880493,1.35937,1.6942,0,0,1.45427,0,0,0,1,0,0,0,1,m,w
11718,GO-IN,1,1,0.97397,0,0,0,0.691978,0.745251,0,0.884479,1.39555,1.67852,0,0,1.46422,0,0,0,1,0,0,0,1,m,w
11719,GO-IN,1,1,0.9737,0,0,0,0.679278,0.737037,0,0.878527,1.37134,1.62243,0,0,1.43696,0,0,0,1,0,0,0,1,m,w
11720,GO-IN,1,1,0.973305,0,0,0,0.604907,0.726465,0,0.82909,1.29636,1.72126,0,0,1.33541,0,0,0,1,0,0,0,1,m,w
11721,GO-IN,1,1,0.972952,0,0,0,0.650655,0.754403,0,0.860892,1.40015,1.86828,0,0,1.2573,0,0,0,1,0,0,0,1,m,w
11722,GO-IN,1,1,0.974129,0,0,0,0.588207,0.756619,0,0.903257,1.22712,1.79209,0,0,1.33193,0,0,0,1,0,0,0,1,m,w
11723,GO-IN,1,1,0.973226,0,0,0,0.576399,0.749414,0,0.887399,1.2444,1.72047,0,0,1.2285,0,0,0,1,0,0,0,1,m,w
11724,GO-IN,1,1,0.973219,0,0,0,0.630497,0.763297,0,0.920638,1.22884,1.69109,0,0,1.31215,0,0,0,1,0,0,0,1,m,w
11725,GO-IN,1,1,0.972821,0,0,0,0.665307,0.802643,0,0.987022,1.22481,1.64419,0,0,1.4113,0,0,0,1,0,0,0,1,m,w
11726,GO-IN,1,1,0.962082,0,0,0,0.629202,0.713947,0,0.887223,1.18286,1.33377,0,0,1.54317,0,0,0,1,0,0,0,1,m,w
11727,GO-IN,1,1,0.960944,0,0,0,0.551488,0.711957,0,0.882101,1.17045,1.23505,0,0,1.60613,0,0,0,1,0,0,0,1,m,w
11728,GO-IN,1,1,0.965425,0,0,0,0.575492,0.76473,0,0.934651,1.26038,1.46291,0,0,1.66567,0,0,0,1,0,0,0,1,m,w
11729,GO-IN,1,1,0.96909,0,0,0,0,0.803222,0.500245,0.997877,1.27468,1.55552,0,0,1.5601,0,0,0,1,0,0,0,1,m,w
11730,GO-IN,1,1,0.970024,0,0,0,0,0.818838,0,1.02234,1.28436,1.64595,0,0,1.68981,0,0,0,1,0,0,0,1,m,w
11731,GO-IN,1,1,0.969207,0,0,0,0,0.815697,0,0.987932,1.3021,1.64885,0,0,1.58922,0,0,0,1,0,0,0,1,m,w
11732,GO-IN,1,1,0.969664,0,0,0,0.598672,0.806411,0,0.990568,1.30298,1.65507,0,0,1.63382,0,0,0,1,0,0,0,0,m,w
11733,GO-IN,1,1,0.969395,0,0,0,0.630414,0.828399,0,1.03683,1.27134,1.64784,0,0,1.55893,0,0,0,1,0,0,0,0,m,w
11734,GO-IN,1,1,0.970947,0,0,0,0.640158,0.817337,0,1.03156,1.31267,1.63449,0,0,1.52586,0,0,0,1,0,0,0,1,m,w
11735,GO-IN,1,1,0.972255,0,0,0,0.718146,0.781735,0,0.990093,1.21969,1.57762,0,0,1.39276,0,0,0,1,0,0,0,0,m,w
11736,GO-IN,1,1,0.972337,0,0,0,0.669598,0.812537,0.563887,1.00808,1.27957,1.58203,0,0,1.37473,0,0,0,1,0,0,0,0,m,w
11737,GO-IN,1,1,0.971931,0,0,0,0.662917,0.781713,0,0.98195,1.26375,1.49625,0,0,1.39676,0,0,0,1,0,0,0,0,m,w
11738,GO-IN,1,1,0.970756,0,0,0,0.637636,0.768213,0,0.969271,1.27916,1.66146,0,0,1.49333,0,0,0,1,0,0,0,1,m,w
11739,GO-IN,1,1,0.970435,0,0,0,0.787856,0.743609,0,0.944409,1.13084,1.63597,0,0,1.57082,0,0,0,1,0,0,0,0,m,w
11740,GO-IN,1,1,0.970098,0,0,0,0.715501,0.737161,0,0.895393,1.22977,1.57519,0,0,1.75647,0,0,0,1,0,0,0,1,m,w
11741,GO-IN,1,1,0.969618,0,0,0,0.687056,0.797926,0,0.955624,1.32199,1.5675,0,0,1.63985,0,0,0,1,0,0,0,1,m,w
11742,GO-IN,1,1,0.970816,0,0,0,0.648657,0.798878,0,0.99535,1.30847,1.67645,0,0,1.58372,0,0,0,1,0,0,0,0,m,w
11743,GO-IN,1,1,0.970997,0,0,0,0.620152,0.840589,0,1.04073,1.37648,1.71261,0,0,1.53824,0,0,0,1,0,0,0,0,m,w
11744,GO-IN,1,1,0.97176,0,0,0,0.644913,0.82533,0,1.01272,1.33576,1.64623,0,0,1.45928,0,0,0,1,0,0,0,0,m,w
11745,GO-IN,1,1,0.971596,0,0,0,0.635649,0.841828,0,1.05945,1.42773,1.71569,0,0,1.43295,0,0,0,1,0,0,0,0,m,w
11746,GO-IN,1,1,0.973479,0,0,0,0.646282,0.821154,0,1.02942,1.27302,1.64612,0,0,1.49102,0,0,0,1,0,0,0,0,m,w
11747,GO-IN,1,1,0.974038,0,0,0,0.581592,0.798684,0.511221,1.01299,1.25919,1.65455,0,0,1.39273,0,0,0,1,0,0,0,0,m,w
11748,GO-IN,1,1,0.974738,0,0,0,0.567038,0.81824,0,0.949855,1.23358,1.69058,0,0,1.35552,0,0,0,1,0,0,0,0,m,w
11749,GO-IN,1,1,0.973459,0,0,0,0.678353,0.818458,0,0.986223,1.2877,1.63917,0,0,1.19127,0,0,0,1,0,0,0,0,m,w
11750,GO-IN,1,1,0.973921,0,0,0,0.566705,0.806254,0,0.978517,1.2296,1.58919,0,0,1.14691,0,0,0,1,0,0,0,0,m,w
11751,GO-IN,1,1,0.974996,0,0,0,0.652281,0.835409,0,0.994961,1.2499,1.6132,0,0,1.33793,0,0,0,1,0,0,0,0,m,w
11752,GO-IN,1,1,0.97543,0,0,0,0.699279,0.848093,0,0.994189,1.25736,1.62377,0,0,1.2551,0,0,0,1,0,0,0,0,m,w
11753,GO-IN,1,1,0.975081,0,0,0,0.623713,0.870568,0,1.02506,1.31099,1.64368,0,0,1.37483,0,0,0,1,0,0,0,0,m,w
11754,GO-IN,1,1,0.976295,0,0,0,0.709832,0.866046,0,1.00791,1.2853,1.72311,0,0,1.29845,0,0,0,1,0,0,0,0,m,w
11755,GO-IN,1,1,0.977471,0,0,0,0.805819,0.867069,0.519881,1.02467,1.27411,1.73711,0,0,1.29134,0,0,0,1,0,0,0,0,m,w
11756,GO-IN,1,1,0.976082,0,0,0,0.784128,0.893162,0,1.07217,1.38828,1.70597,0,0,1.28495,0,0,0,1,0,0,0,0,m,w
11757,GO-IN,1,1,0.976129,0,0,0,0.811736,0.88931,0,1.06124,1.41312,1.64674,0,0,1.20701,0,0,0,1,0,0,0,0,m,w
11758,GO-IN,1,1,0.971789,0,0,0,0.728098,0.875708,0,1.04303,1.26993,1.59624,0,0,1.30125,0,0,0,1,0,0,0,0,m,w
11759,GO-IN,1,1,0.9709,0,0,0,0.713666,0.833743,0,0.978465,1.27771,1.53289,0,0,1.31346,0,0,0,1,0,0,0,0,m,w
11760,GO-IN,1,1,0.971909,0,0,0,0.671076,0.846106,0,1.0085,1.31334,1.65107,0,0,1.31689,0,0,0,1,0,0,0,0,m,w
11761,GO-IN,1,1,0.973754,0,0,0,0.748055,0.936754,0,1.12729,1.606,1.66005,0,0,0.879134,0,0,0,1,0,0,0,0,m,w
11762,GO-IN,1,1,0.976949,0,0,0,0.619112,0.935672,0,1.11093,1.6265,1.60366,0,0,1.02297,0.574785,0,0,1,0,0,0,0,m,w
11763,GO-IN,1,1,0.977678,0,0,0,0.630502,0.944691,0,1.14443,1.63413,1.69043,0,0,1.01562,0.69264,0,0,1,0,0,0,0,m,w
11764,GO-IN,1,1,0.97992,0,0,0,0,0.910424,0,1.07893,1.67477,1.76574,0,0,0.856138,0.630362,0,0,1,0,0,0,0,m,w
11765,GO-IN,1,1,0.978241,0,0,0,0.635876,0.874127,0,1.0464,1.64567,1.67825,0,0,1.01342,0,0,0,1,0,0,0,0,m,w
11766,GO-IN,1,1,0.980178,0,0,0,0.518831,0.846534,0,1.04576,1.51606,1.89821,0,0,1.10278,0,0,0,1,0,0,0,0,m,w
11767,GO-IN,1,1,0.979302,0,0,0,0,0.840666,0,1.08369,1.49908,1.9858,0,0,1.01442,0.60119,0,0,1,0,0,0,0,m,w
11768,GO-IN,1,1,0.96931,0,0,0,0,0.7296,0,0.925279,1.25951,1.85545,0,0,0.809992,0,0,0,1,0,0,0,0,m,w
11769,GO-IN,1,1,0.970941,0,0,0,0,0.743072,0,0.92449,1.39155,1.83513,0,0,0.892102,0,0,0,1,0,0,0,0,m,w
11770,GO-IN,1,1,0.969273,0,0,0,0,0.764513,0,0.985018,1.29874,1.82081,0,0,0.642286,0,0,0,1,0,0,0,1,m,w
11771,GO-IN,1,1,0.966354,0,0,0,0,0.766227,0,0.955107,1.33174,1.72205,0,0,0.523396,0,0,0,1,0,0,0,1,m,w
11772,GO-IN,1,1,0.968767,0,0,0,0,0.78757,0,0.997144,1.36678,1.82601,0,0,0.510461,0,0,0,1,0,0,0,1,m,w
11773,GO-IN,1,1,0.967355,0,0,0,0,0.759738,0,0.982969,1.35602,1.67569,0,0,0.640798,0,0,0,1,0,0,0,1,m,w
11774,GO-IN,1,1,0.968636,0,0,0,0,0.796974,0,0.980139,1.42681,1.61894,0,0,0,0,0,0,1,0,0,0,1,m,w
11775,GO-IN,1,1,0.965918,0,0,0,0,0.822655,0.568764,1.05381,1.46434,1.62821,0,0,0,0,0,0,1,0,0,0,1,m,w
11776,GO-IN,1,1,0.967038,0,0,0,0,0.749261,0.523258,0.98628,1.29409,1.67786,0,0,0.672319,0,0,0,1,0,0,0,1,m,w
11777,GO-IN,1,1,0.965432,0,0,0,0,0.734155,0,1.02714,1.22563,1.73515,0,0,0.774694,0,0,0,1,0,0,0,1,m,w
11778,GO-IN,1,1,0.965772,0,0,0,0,0.724833,0,0.994403,1.18938,1.65422,0,0,0,0,0,0,1,1,0,0,1,m,w
11779,GO-IN,1,1,0.962615,0,0,0,0,0.710596,0.562202,1.00711,1.14942,1.57564,0,0,0.543015,0,0,0,1,0,0,0,1,m,w
11780,GO-IN,1,1,0.963602,0,0,0,0,0.681078,0,0.949143,1.20284,1.47168,0,0,0.621856,0,0,0,1,1,0,0,1,m,w
11781,GO-IN,1,1,0.967223,0,0,0,0,0.691925,0,0.980952,1.30732,1.50812,0,0,0,0,0,0,1,1,0,0,1,m,w
11782,GO-IN,1,1,0.970596,0,0,0,0,0.647353,0,0.908049,1.29218,1.45515,0,0,0,0,0,0,1,1,0,0,1,m,w
11783,GO-IN,1,1,0.971573,0,0,0,0,0.637728,0,0.909772,1.23156,1.46799,0,0,0,0,0,0,1,1,0,0,1,m,w
11784,GO-IN,1,1,0.973893,0,0,0,0,0.618721,0,0.881236,1.34179,1.42279,0,0,0.540139,0,0,0,1,1,0,0,1,m,w
11785,GO-IN,1,1,0.972766,0,0,0,0,0.590393,0,0.797198,1.29867,1.40181,0.513913,0,0,0,0,0,1,1,0,0,1,m,w
11786,GO-IN,1,1,0.972703,0,0,0,0,0.584388,0.671437,0.777201,1.3361,1.29313,0,0,0,0,0,0,1,1,0,0,1,m,w
11787,GO-IN,1,1,0.972758,0,0,0,0,0.575639,0.623499,0.775171,1.31469,1.26341,0,0,0,0,0,0,1,1,0,0,1,m,w
11788,GO-IN,1,1,0.969112,0,0,0,0,0.535056,0.530785,0.735575,1.34236,1.41763,0,0,0,0,0,0,1,0,0,0,1,m,w
11789,GO-IN,1,1,0.970449,0,0,0,0,0.560069,0,0.7398,1.36636,1.4158,0,0,0,0,0,0,1,0,0,0,1,m,w
11790,GO-IN,1,1,0.969671,0,0,0,0,0.533175,0.516801,0.749557,1.42237,1.20019,0,0,0,0,0,0,1,0,0,0,1,m,w
11791,GO-IN,1,1,0.968312,0,0,0,0,0.519686,0,0.736216,1.48918,1.16668,0,0,0,0,0,0,1,0,0,0,1,m,w
11792,GO-IN,1,1,0.971294,0,0,0,0,0,0,0.725136,1.39661,1.21535,0,0,0.519909,0,0,0,1,1,0,0,1,m,w
11793,GO-IN,1,1,0.972597,0,0,0,0,0,0,0.74385,1.49581,1.1063,0,0,0.530345,0,0,0,1,0,0,0,0,m,w
11794,GO-IN,1,1,0.974001,0,0,0,0,0.516874,0,0.767586,1.41726,1.08411,0,0,0.614748,0,0,0,1,1,1,0,1,m,w
11795,GO-IN,1,1,0.973687,0,0,0,0,0.540356,0,0.772781,1.44018,1.10169,0,0,0.607338,0,0,0,1,1,1,0,1,m,w
11796,GO-IN,1,1,0.973906,0,0,0,0,0.514078,0,0.749717,1.40135,1.01599,0,0,0.656767,0,0,0,1,1,1,0,1,m,w
11797,GO-IN,1,1,0.973124,0,0,0,0,0.517585,0.591504,0.749509,1.38206,1.00676,0,0,0.665768,0,0,0,1,1,1,0,1,m,w
11798,GO-IN,1,1,0.973217,0,0,0,0,0.511346,0,0.745728,1.43206,1.07917,0,0,0.51875,0,0,0,1,1,1,0,1,m,w
11799,GO-IN,1,1,0.973455,0,0,0,0,0,0,0.71586,1.41023,0.923471,0,0,0.586309,0,0,0,1,0,1,0,1,m,w
11800,GO-IN,1,1,0.970708,0,0,0,0,0.505499,0.736485,0.737814,1.44266,0.988828,0,0,0,0,0,0,1,1,1,0,1,m,w
11813,GO-IN,1,1,0.971045,0,0,0.512945,0,0,1.10104,0.779443,1.16933,1.14348,0.79396,0,1.20914,0,0,0,1,0,1,0,1,m,w
11814,GO-IN,1,1,0.972134,0,0,0,0,0,0.746937,0.780888,0.914476,1.16756,0.54633,0,1.46224,0,0,0,1,0,1,0,1,m,w
11815,GO-IN,1,1,0.966731,0,0,0,0,0,1.01375,0.845898,0.928489,1.04385,0.579909,0,1.24487,0,0,0,1,1,1,0,1,m,w
11816,GO-IN,1,1,0.970148,0,0,0,0,0,1.22583,0.734793,0.716761,1.03339,0,0,1.09116,0,0,0,1,0,1,0,1,m,w
11817,GO-IN,1,1,0.968585,0,0,0,0,0,0.716362,0.79794,0.779828,0.958691,0,0,0.904177,0,0,0,1,0,1,0,1,m,w
11818,GO-IN,1,1,0.969998,0,0,0,0,0,0.827689,0.82292,1.09309,0.92601,0,0,0.792057,0,0,0,1,0,1,0,0,m,w
11819,GO-IN,1,1,0.969391,0,0,0,0,0.532547,1.10595,0.903429,0.923144,0.911661,0,0,1.01398,0,0,0,1,0,1,0,1,m,w
11820,GO-IN,1,1,0.973317,0,0,0,0,0.548946,0.55417,0.880098,0.982426,1.10632,0,0,1.15636,0,0,0,1,0,1,0,0,m,w
11821,GO-IN,1,1,0.973833,0,0,0,0,0.571791,0.68866,0.891635,1.02061,1.0798,0,0,0.903582,0,0,0,1,0,1,0,0,m,w
11822,GO-IN,1,1,0.97528,0,0,0,0,0.600223,0.718403,0.890272,0.960358,1.15444,0,0,0.958454,0,0,0,1,0,1,0,0,m,w
11823,GO-IN,1,1,0.975065,0,0,0,0,0.600941,0.691166,0.912159,0.897797,1.21734,0,0,1.07853,0,0,0,1,0,1,0,1,m,w
11824,GO-IN,1,1,0.975022,0,0,0,0,0.592482,0.724386,0.910769,0.862114,1.1944,0,0,1.191,0,0,0,1,0,1,0,0,m,w
11825,GO-IN,1,1,0.974563,0,0,0,0,0.632623,0.837219,0.95581,0.819069,1.2577,0,0,1.20456,0,0,0,1,0,1,0,1,m,w
11826,GO-IN,1,1,0.968985,0,0,0,0,0.584751,0,0.877368,0.803361,1.28138,0,0,1.13161,0,0,0,1,0,1,0,1,m,w
11827,GO-IN,1,1,0.966404,0,0,0.701197,0,0,0,0.801699,0.636771,1.23663,0,0,0.999569,0,0,0,1,0,1,0,0,m,w
11828,GO-IN,1,1,0.966897,0,0,0,0,0,0,0.690421,0.503447,1.09357,0,0,1.24573,0,0,0,1,0,1,0,0,m,w
11829,GO-IN,1,1,0.968691,0,0,0,0,0,0,0.812297,0.576948,1.0773,0,0,1.05198,0,0,0,1,0,1,0,0,m,w
11830,GO-IN,1,1,0.982493,0,0,0,0,0.52428,0.638207,0.81511,0.605142,1.00971,0,0,1.06417,0,0,0,1,0,1,0,0,m,w
11831,GO-IN,1,1,0.982654,0,0,0,0,0.525969,0.68751,0.81889,0.660584,1.16564,0,0,1.05375,0,0,0,1,0,1,0,0,m,w
11832,GO-IN,1,1,0.981846,0,0,0,0,0.536264,0.692934,0.838009,0.675755,1.19564,0,0,0.960813,0,0,0,1,0,1,0,0,m,w
11833,GO-IN,1,1,0.98136,0,0,0,0,0.523656,0.750481,0.84608,0.536588,1.26116,0,0,0.930273,0,0,0,1,0,1,0,0,m,w
11834,GO-IN,1,1,0.983565,0,0,0,0,0.587043,0.802991,0.86474,0.713877,1.39393,0,0,1.01283,0,0,0,1,0,1,0,0,m,w
11835,GO-IN,1,1,0.983898,0,0,0,0,0.591805,0.787947,0.913156,0.70711,1.30979,0,0,1.00669,0,0,0,1,0,1,0,0,m,w
11836,GO-IN,1,1,0.984512,0,0,0,0,0.600904,0.82481,0.90331,0.78143,1.33838,0,0,1.02712,0,0,0,1,0,1,0,0,m,w
11837,GO-IN,1,1,0.98469,0,0,0,0,0.605134,0.789695,0.922318,0.756462,1.35132,0,0,1.03201,0,0,0,1,0,1,0,0,m,w
11838,GO-IN,1,1,0.984434,0,0,0,0,0.5811,0.722756,0.897242,0.773378,1.41139,0,0,1.08732,0,0,0,1,0,1,0,0,m,w
11839,GO-IN,1,1,0.983835,0,0,0,0,0.550086,0,0.848136,0.67667,1.39014,0,0,1.2416,0,0,0,1,0,1,0,0,m,w
11840,GO-IN,1,1,0.98376,0,0,0,0,0.558433,0.500087,0.811024,0.720393,1.37145,0,0,1.12781,0,0,0,1,0,1,0,0,m,w
11841,GO-IN,1,1,0.983722,0,0,0,0,0.562893,0.606126,0.805891,0.765108,1.31891,0,0,1.28809,0,0,0,1,0,1,0,0,m,w
11842,GO-IN,1,1,0.983976,0,0,0,0,0.576809,0.751601,0.830591,0.796004,1.40018,0,0,1.13384,0,0,0,1,0,1,0,0,m,w
11843,GO-IN,1,1,0.983634,0,0,0,0,0.568202,0.771862,0.813988,0.786254,1.39793,0,0,1.02435,0,0,0,1,0,1,0,0,m,w
11844,GO-IN,1,1,0.984561,0,0,0,0,0.560347,0,0.755062,0.667997,1.30859,0,0,1.27699,0,0,0,1,0,1,0,0,m,w
11845,GO-IN,1,1,0.984552,0,0,0,0,0.556482,0,0.762922,0.650751,1.3332,0,0,1.07328,0,0,0,1,0,1,0,0,m,w
11846,GO-IN,1,1,0.984497,0,0,0,0,0.544413,0,0.747314,0.594249,1.31244,0,0,1.14182,0,0,0,1,0,1,0,0,m,w
11847,GO-IN,1,1,0.984414,0,0,0,0,0.547718,0,0.739423,0.575296,1.24497,0,0,1.06606,0,0,0,1,0,1,0,0,m,w
11848,GO-IN,1,1,0.985242,0,0,0,0,0.584274,0.691483,0.790441,0.674926,1.39343,0,0,0.962309,0,0,0,1,0,1,0,0,m,w
11849,GO-IN,1,1,0.985856,0,0,0,0,0.600105,0.537278,0.815136,0.641918,1.43088,0,0,0.969465,0,0,0,1,0,1,0,0,m,w
11850,GO-IN,1,1,0.986605,0,0,0,0,0.596042,0.532594,0.826721,0.676425,1.46844,0,0,0.898489,0,0,0,1,0,1,0,0,m,w
11851,GO-IN,1,1,0.986956,0,0,0,0,0.609034,0,0.84513,0.684636,1.54232,0,0,0.868018,0,0,0,1,0,1,0,0,m,w
11852,GO-IN,1,1,0.98658,0,0,0,0,0.602362,0.852298,0.819958,0.704203,1.50416,0,0,0.895162,0,0,0,1,0,1,0,0,m,w
11853,GO-IN,1,1,0.986675,0,0,0,0,0.588194,0.793414,0.820061,0.661596,1.47338,0,0,0.770488,0,0,0,1,0,1,0,0,m,w
11854,GO-IN,1,1,0.986535,0,0,0,0,0.596312,0.842747,0.821062,0.76627,1.51067,0,0,0.797678,0,0,0,1,0,1,0,0,m,w
11855,GO-IN,1,1,0.986326,0,0,0,0,0.584647,0.855361,0.8048,0.700935,1.55092,0,0,0.973711,0,0,0,1,0,1,0,0,m,w
11856,GO-IN,1,1,0.986272,0,0,0,0,0.607793,1.02131,0.827521,0.724257,1.56188,0,0,0.870863,0,0,0,1,0,1,0,0,m,w
11857,GO-IN,1,1,0.986344,0,0,0,0,0.612074,1.02759,0.839489,0.761237,1.57524,0,0,0.816178,0,0,0,1,0,1,0,0,m,w
11858,GO-IN,1,1,0.98652,0,0,0,0,0.607735,1.01601,0.836018,0.72902,1.52112,0,0,0.904334,0,0,0,1,0,1,0,0,m,w
11859,GO-IN,1,1,0.986231,0,0,0,0,0.594635,0.838906,0.811839,0.82522,1.55581,0,0,0.974591,0,0,0,1,0,1,0,0,m,w
11860,GO-IN,1,1,0.98611,0,0,0,0,0.581109,0.824837,0.805418,0.762264,1.50345,0,0,1.02318,0,0,0,1,0,1,0,0,m,w
11861,GO-IN,1,1,0.986184,0,0,0,0,0.595038,0.876369,0.80601,0.763042,1.5398,0,0,0.967729,0,0,0,1,0,1,0,0,m,w
11862,GO-IN,1,1,0.985939,0,0,0,0,0.577711,0.955885,0.789087,0.752259,1.53436,0,0,0.975785,0,0,0,1,0,1,0,0,m,w
11863,GO-IN,1,1,0.985318,0,0,0,0,0.580538,0.860749,0.784281,0.698244,1.59406,0,0,1.01038,0,0,0,1,0,1,0,0,m,w
11864,GO-IN,1,1,0.985712,0,0,0,0.504424,0.562007,0.895246,0.747485,0.666097,1.42243,0,0,0.866321,0,0,0,1,0,1,0,0,m,w
11865,GO-IN,1,1,0.986195,0,0,0,0,0.572621,0.853271,0.758911,0.703459,1.51691,0,0,1.05842,0,0,0,1,0,1,0,0,m,w
11866,GO-IN,1,1,0.986246,0,0,0,0,0.525889,1.11223,0.687565,0.649434,1.60037,0,0,0.958012,0,0,0,1,0,1,0,0,m,w
11867,GO-IN,1,1,0.986212,0,0,0,0,0.545209,0.928174,0.689917,0.653978,1.53747,0,0,0.95917,0,0,0,1,0,1,0,0,m,w
11868,GO-IN,1,1,0.986876,0,0,0,0,0.53984,0.859533,0.68502,0.721366,1.59428,0,0,0.896797,0,0,0,1,0,1,0,0,m,w
11869,GO-IN,1,1,0.986737,0,0,0,0,0.570218,1.05742,0.732712,0.800852,1.64016,0,0,1.01494,0,0,0,1,0,1,0,0,m,w
11870,GO-IN,1,1,0.98723,0,0,0,0,0.565735,0.954129,0.72104,0.82243,1.58117,0,0,1.06019,0,0,0,1,0,1,0,0,m,w
11871,GO-IN,1,1,0.987223,0,0,0,0,0.557479,1.02537,0.705857,0.786651,1.64309,0,0,1.13978,0,0,0,1,0,1,0,0,m,w
11872,GO-IN,1,1,0.987041,0,0,0,0.521606,0.576708,0.990269,0.716318,0.847173,1.59255,0,0,0.959702,0,0,0,1,0,1,0,0,m,w
11873,GO-IN,1,1,0.986674,0,0,0,0,0.606165,0.994656,0.773572,0.819715,1.62821,0,0,0.968848,0,0,0,1,0,1,0,0,m,w
11874,GO-IN,1,1,0.986771,0,0,0,0,0.548651,0.812855,0.714946,0.832462,1.43396,0,0,0.883388,0,0,0,1,0,1,0,0,m,w
11875,GO-IN,1,1,0.985878,0,0,0,0,0.546478,0.802513,0.71209,0.83852,1.54109,0,0,1.0092,0,0,0,1,0,1,0,0,m,w
11876,GO-IN,1,1,0.986182,0,0,0,0,0.550473,0.850563,0.72874,0.845684,1.53689,0,0,1.01615,0,0,0,1,0,1,0,0,m,w
11877,GO-IN,1,1,0.986227,0,0,0,0,0.543878,0.710227,0.716266,0.89894,1.54985,0,0,0.961392,0,0,0,1,0,1,0,0,m,w
11878,GO-IN,1,1,0.985508,0,0,0,0,0.537042,0.684778,0.689034,0.874796,1.48244,0,0,1.04384,0,0,0,1,0,1,0,0,m,w
11879,GO-IN,1,1,0.985057,0,0,0,0,0.535027,0.57273,0.700116,0.830924,1.38693,0,0,1.18986,0,0,0,1,0,1,0,0,m,w
11880,GO-IN,1,1,0.986275,0,0,0,0,0.552155,0.595537,0.700681,0.879328,1.37276,0,0,1.10239,0,0,0,1,0,1,0,0,m,w
11881,GO-IN,1,1,0.984286,0,0.671519,0.68006,0.767582,0.651841,0,0.799976,0.910167,1.45736,0,0,0,0,0,0,1,0,0,0,0,m,w
11882,GO-IN,1,1,0.985121,0,0.736096,0.557983,0.890489,0.62254,0,0.773948,0.779419,1.44226,0,0,0.530489,0,0,0,1,0,0,0,0,m,w
11883,GO-IN,1,1,0.985169,0,0.738097,0,0.827153,0.617336,0,0.759687,0.858697,1.42305,0,0,0,0,0,0,1,0,0,0,0,m,w
11884,GO-IN,1,1,0.985187,0,0.529668,0,0.832063,0.616529,0,0.754179,0.864048,1.43204,0,0,0,0,0,0,1,0,0,0,0,m,w
11885,GO-IN,1,1,0.984941,0,0.602124,0.517699,0.764892,0.610861,0,0.765506,0.754612,1.51995,0,0,0,0,0,0,1,0,0,0,0,m,w
11886,GO-IN,1,1,0.984639,0,0.666358,0,0.715907,0.622146,0,0.770529,0.775694,1.54729,0,0,0,0,0,0,1,0,0,0,0,m,w
11887,GO-IN,1,1,0.984202,0,0.598696,0,0.784669,0.61668,0,0.757978,0.791155,1.56521,0,0,0,0,0,0,1,0,0,0,0,m,w
11888,GO-IN,1,1,0.984715,0,0.522205,0,0.769991,0.612851,0,0.748333,0.844933,1.43561,0,0,0,0,0,0,1,0,0,0,0,m,w
11889,GO-IN,1,1,0.985076,0,0,0,0.69914,0.610236,0,0.747964,0.850689,1.47695,0,0,0.549601,0,0,0,1,0,0,0,0,m,w
11890,GO-IN,1,1,0.985776,0,0.566424,0.70024,0.702441,0.631854,0,0.809146,0.839284,1.49148,0,0,0.695473,0,0,0,1,0,0,0,1,m,w
11891,GO-IN,1,1,0.986302,0,0.614477,0,0.585175,0.632314,0,0.785978,0.874385,1.54551,0,0,0.729102,0,0,0,1,0,0,0,1,m,w
11892,GO-IN,1,1,0.985706,0,0.59539,0,0.636008,0.635346,0,0.794838,0.913524,1.60445,0,0,0.733187,0,0,0,1,0,0,0,1,m,w
11893,GO-IN,1,1,0.985276,0,0,0,0.680137,0.644398,0,0.817706,0.916505,1.60246,0,0,0.626724,0,0,0,1,0,0,0,1,m,w
11894,GO-IN,1,1,0.985109,0,0.524591,0,0.683741,0.630095,0,0.779739,0.868327,1.63407,0,0,0.752699,0,0,0,1,0,0,0,1,m,w
11895,GO-IN,1,1,0.986171,0,0,0,0.543168,0.610281,0,0.751427,0.834179,1.65295,0,0,0.710809,0,0,0,1,0,0,0,0,m,w
11896,GO-IN,1,1,0.986048,0,0,0,0.554988,0.575414,0,0.71594,0.823252,1.57918,0,0,0.767116,0,0,0,1,0,0,0,0,m,w
11897,GO-IN,1,1,0.986049,0,0,0,0.592833,0.573142,0,0.72335,0.837003,1.60858,0,0,0.742401,0,0,0,1,0,0,0,0,m,w
11898,GO-IN,1,1,0.985543,0,0,0,0.60227,0.569334,0,0.740443,0.840256,1.58166,0,0,0.658129,0,0,0,1,0,0,0,0,m,w
11899,GO-IN,1,1,0.985578,0,0,0,0.713529,0.575087,0,0.753838,0.831623,1.6574,0,0,0.758834,0,0,0,1,0,0,0,0,m,w
11900,GO-IN,1,1,0.985716,0,0,0,0.508275,0.567716,0,0.712029,0.798944,1.65084,0,0,0.658903,0,0,0,1,0,0,0,0,m,w
11901,GO-IN,1,1,0.985647,0,0,0,0,0.570033,0,0.717055,0.855537,1.65183,0,0,0.753383,0,0,0,1,0,0,0,0,m,w
11902,GO-IN,1,1,0.986326,0,0,0,0.545681,0.567436,0,0.723904,0.787631,1.62015,0,0,0.790158,0,0,0,1,0,0,0,0,m,w
11903,GO-IN,1,1,0.986789,0,0.505317,0,0.509845,0.562953,0,0.727001,0.860129,1.69242,0,0,0.663896,0,0,0,1,0,0,0,0,m,w
11904,GO-IN,1,1,0.986579,0,0,0,0.661007,0.574107,0,0.768879,0.875307,1.42582,0,0,1.09541,0,0,0,1,0,0,0,0,m,w
11905,GO-IN,1,1,0.987049,0,0,0,0.692606,0.595353,0,0.804792,0.901331,1.36827,0,0,1.34043,0,0,0,1,0,0,0,0,m,w
11906,GO-IN,1,1,0.986855,0,0,0,0.708108,0.579935,0,0.768373,0.874814,1.275,0,0,1.46975,0,0,0,1,0,0,0,0,m,w
11907,GO-IN,1,1,0.987036,0,0,0,0.582377,0.56077,0,0.751368,0.839371,1.34036,0,0,1.44528,0,0,0,1,0,0,0,0,m,w
11908,GO-IN,1,1,0.986685,0,0,0,0.737269,0.544672,0,0.739656,0.903095,1.44778,0,0,1.35253,0,0,0,1,0,0,0,0,m,w
11909,GO-IN,1,1,0.986661,0,0,0,0.706257,0.517522,0,0.699717,0.835745,1.48734,0,0,1.52576,0,0,0,1,0,0,0,0,m,w
11910,GO-IN,1,1,0.985626,0,0,0,0.772253,0.564876,0,0.741738,1.02393,1.40347,0,0,1.43811,0,0,0,1,0,0,0,0,m,w
11911,GO-IN,1,1,0.984156,0,0,0,0.798743,0.549446,0,0.712421,0.925923,1.35037,0,0,1.20304,0,0,0,1,0,0,0,0,m,w
11912,GO-IN,1,1,0.984158,0,0,0,0.832098,0.591158,0,0.789384,1.00089,1.50275,0,0,1.42623,0,0,0,1,0,0,0,0,m,w
11913,GO-IN,1,1,0.98302,0,0,0,0.789769,0.640738,0,0.831864,0.993067,1.52729,0,0,1.43907,0,0,0,1,0,0,0,0,m,w
11914,GO-IN,1,1,0.983536,0,0,0,0.796277,0.626889,0,0.81225,1.04196,1.50041,0,0,1.32767,0,0,0,1,0,0,0,0,m,w
11915,GO-IN,1,1,0.984138,0,0,0,0.766227,0.642793,0,0.841982,0.995865,1.57668,0,0,1.23978,0,0,0,1,0,0,0,0,m,w
11916,GO-IN,1,1,0.984229,0,0,0,0.683176,0.612064,0,0.794972,0.893016,1.56445,0,0,1.18114,0,0,0,1,0,0,0,0,m,w
11917,GO-IN,1,1,0.984119,0,0,0,0.627376,0.586985,0,0.792863,1.04724,1.57459,0,0,1.16851,0,0,0,1,0,0,0,0,m,w
11918,GO-IN,1,1,0.984353,0,0,0,0.629386,0.59095,0,0.778275,1.01557,1.59073,0,0,1.28038,0,0,0,1,0,0,0,0,m,w
11919,GO-IN,1,1,0.984569,0,0,0,0.672427,0.565924,0,0.774259,0.96128,1.5469,0,0,1.34337,0,0,0,1,0,0,0,0,m,w
11920,GO-IN,1,1,0.983838,0,0,0,0.737727,0.559766,0,0.7696,0.929929,1.46174,0,0,1.19881,0,0,0,1,0,0,0,0,m,w
11921,GO-IN,1,1,0.984247,0,0,0,0.733354,0.581096,0,0.780122,0.902273,1.5704,0,0,1.22027,0,0,0,1,0,0,0,0,m,w
11922,GO-IN,1,1,0.984515,0,0,0,0.647899,0.546148,0,0.729854,0.855738,1.52042,0,0,1.21133,0,0,0,1,0,0,0,0,m,w
11923,GO-IN,1,1,0.98434,0,0,0,0.580706,0.537543,0,0.735797,0.919832,1.42118,0,0,1.15022,0,0,0,1,0,0,0,0,m,w
11924,GO-IN,1,1,0.984766,0,0,0,0.700063,0.554591,0,0.753507,1.02737,1.37461,0,0,1.11307,0,0,0,1,0,0,0,0,m,w
11925,GO-IN,1,1,0.983731,0,0,0,0.742978,0.568629,0,0.771109,1.06317,1.4211,0,0,1.19368,0,0,0,1,0,0,0,0,m,w
11926,GO-IN,1,1,0.984489,0,0,0,0.543368,0.56392,0,0.781572,0.992718,1.34731,0,0,1.18073,0,0,0,1,0,0,0,0,m,w
11927,GO-IN,1,1,0.984589,0,0,0,0.610382,0.575563,0,0.790453,1.04183,1.39653,0,0,1.31436,0,0,0,1,0,0,0,0,m,w
11928,GO-IN,1,1,0.984492,0,0,0,0.600438,0.581665,0,0.81079,1.05014,1.3789,0,0,1.28141,0,0,0,1,0,0,0,0,m,w
11929,GO-IN,1,1,0.984941,0,0,0,0.573196,0.565959,0,0.765922,1.05745,1.37369,0,0,1.04579,0,0,0,1,0,0,0,0,m,w
11930,GO-IN,1,1,0.985062,0,0,0,0.699225,0.559403,0,0.786184,0.965967,1.39792,0,0,1.2453,0,0,0,1,0,0,0,0,m,w
11931,GO-IN,1,1,0.983807,0,0,0,0.607589,0.556341,0,0.769496,1.0017,1.46297,0,0,1.29193,0,0,0,1,0,0,0,0,m,w
11932,GO-IN,1,1,0.983708,0,0,0,0.519758,0.541632,0,0.751184,0.944315,1.44144,0,0,1.27981,0,0,0,1,0,0,0,0,m,w
11933,GO-IN,1,1,0.983197,0,0,0,0,0.534973,0,0.734913,0.942647,1.49121,0,0,1.16464,0,0,0,1,0,0,0,0,m,w
11934,GO-IN,1,1,0.984253,0,0,0,0.526159,0.561225,0,0.773871,1.0262,1.41679,0,0,1.35432,0,0,0,1,0,0,0,0,m,w
11935,GO-IN,1,1,0.985028,0,0,0,0,0.581358,0,0.758163,0.915566,1.55091,0,0,1.01227,0,0,0,1,0,0,0,0,m,w
11936,GO-IN,1,1,0.986491,0,0,0,0,0.549424,0,0.708176,0.939293,1.49135,0,0,0.890424,0,0,0,1,0,0,0,0,m,w
11937,GO-IN,1,1,0.984315,0,0,0,0.514551,0.536754,0,0.69635,0.852883,1.37027,0,0,1.00784,0,0,0,1,0,0,0,0,m,w
11938,GO-IN,1,1,0.983265,0,0,0,0.66019,0.568745,0,0.761817,0.948429,1.39155,0,0,1.03065,0,0,0,1,0,0,0,1,m,w
11939,GO-IN,1,1,0.984138,0,0,0,0.649669,0.539107,0,0.747049,0.981138,1.38241,0,0,1.24577,0,0,0,1,0,1,0,0,m,w
3286,GO-IN,1,1,0.967889,0,1.21411,0,0,0,0,0,0.737317,0.860874,0,0,0.780353,2.5582,0,0,1,0,0,0,0,w,m
3717,GO-IN,1,1,0.9426,1.69318,0.690545,0.944117,0,0,0.86054,0,0,0,0.54026,0,0,0.878992,0,1,1,0,0,0,1,m,w
3718,GO-IN,1,1,0.943451,1.52441,0.629759,1.12102,0,0,0.856229,0,0,0,0.813317,0,0,0.81531,0,1,1,0,0,0,1,m,w
3719,GO-IN,1,1,0.93979,1.58192,0.632357,0.940148,0.59613,0,0.908111,0,0,0,0.656367,0,0,0.734163,0,1,1,0,0,0,1,m,w
3720,GO-IN,1,1,0.951979,1.47234,0.544731,1.20504,0.505211,0,0.528715,0,0,0,0.612028,0,0,1.03684,0,1,1,0,0,0,1,m,w
3721,GO-IN,1,1,0.961677,1.44355,0.506156,0.709723,0,0,0,0,0,0,0.578115,0,0,0,0,1,1,0,1,0,1,m,w
3722,GO-IN,1,1,0.960711,1.82979,0.749648,0.699867,0.517378,0,0,0,0,0,0,0,0,0,0,0,0,0,1,0,1,m,w
3723,GO-IN,1,1,0.957558,1.83648,0,0,0.646887,0,0,0,0,0,0,0,0,0,0,0,1,0,1,0,1,m,w
3724,GO-IN,1,1,0.948072,1.67603,0.558964,0.778402,0.527483,0,0.561183,0,0,0,0.605509,0,0,0,0,1,1,0,1,0,1,m,w
3725,GO-IN,1,1,0.929399,1.68285,0.565962,0.619834,0,0,0.721401,0,0,0,0.680986,0,0,0,0,1,1,0,1,0,1,m,w
3726,GO-IN,1,1,0.928211,1.66695,0.91542,0.825002,0,0,1.13925,0,0,0,0.811958,0,0,0,0,1,1,0,0,0,1,m,w
3727,GO-IN,1,1,0.903643,1.6255,0.942809,0.837311,0.553676,0,1.16833,0,0.670673,0,0.829847,0,0,0,0,1,1,0,1,0,1,m,w
3728,GO-IN,1,1,0.915469,1.41806,0.802663,1.08373,0.574434,0,1.42906,0,0.812294,0,0.836439,0,0,0,0,1,1,0,0,0,1,m,w
3729,GO-IN,1,1,0.921186,1.43993,0.882579,0.700797,0.557939,0,1.43425,0,0.708546,0,0.952941,0,0,0,0,1,1,0,0,0,1,m,w
3730,GO-IN,1,1,0.880835,1.073,0,0,0,0,0.817112,0,0,0,1.48065,0,0,0,0,0,1,0,0,0,1,m,w
3731,GO-IN,1,1,0.84131,1.36297,0.825519,0,0,0,0.860028,0,0,0,1.58643,0,0,0,0,0,1,0,1,0,1,m,w
3732,GO-IN,1,1,0.83839,1.2046,1.1001,0,0,0,0.566247,0,0,0,1.59955,0,0,0,0,0,1,0,1,0,1,m,w
3733,GO-IN,1,1,0.845115,1.36754,1.05327,1.05861,0,0,1.00581,0,0,0,1.45233,0,0,0,0,0,0,0,1,0,1,m,w
3734,GO-IN,1,1,0.889651,1.11219,0.541012,1.33924,0,0,0.504497,0,0,0,1.67284,0,0,0,0,0,0,0,1,0,1,m,w
3735,GO-IN,1,1,0.930034,1.28616,0,1.69077,0,0,0.707328,0,0,0,1.3609,0.532628,0,0,0,0,0,1,1,0,1,m,w
3736,GO-IN,1,1,0.944311,0.934123,0,2.12488,0,0,0.52238,0,0,0,0.998213,0.536197,0,0,0,0,0,1,0,0,1,m,w
3737,GO-IN,1,1,0.961814,0.829636,0,1.62169,0,0,0.664191,0,0,0,0.658966,0,0,0,0,0,0,1,1,0,1,m,w
3738,GO-IN,1,1,0.972404,1.07377,0,1.96269,0,0,0.698789,0,0,0,1.17408,0,0,0.732003,0,1,0,1,1,0,1,m,w
3739,GO-IN,1,1,0.973651,0.992151,0,2.08042,0,0,0,0,0,0,1.0541,0,0,0.557,0,1,0,1,1,0,1,m,w
3740,GO-IN,1,1,0.969396,0.904278,0,2.22891,0,0,0,0,0,0,0.508514,0,0,0.911406,0,1,0,1,1,0,1,m,w
3741,GO-IN,1,1,0.928806,1.33866,0,2.31283,0,0,0,0,0,0,0,0,0,0.513733,0,1,0,1,0,0,1,m,w
3742,GO-IN,1,1,0.899478,1.76034,0,3.03065,0,0,0,0,0,0,0.849171,0,0,1.2608,0,1,0,1,0,0,0,m,w
3743,GO-IN,1,1,0.857578,2.03115,0.67289,2.83778,0,0,0,0,0,0,0.806072,0,0,1.51556,0,1,0,1,0,0,0,m,w
3744,GO-IN,1,1,0.844654,2.32375,0.875554,3.11897,0,0,0,0,0,0,0.643386,0.567019,0,1.70364,0,1,0,0,0,0,0,m,w
3745,GO-IN,1,1,0.847781,2.33161,1.09333,2.93762,0,0,0,0,0,0,0.75125,0.587934,0,1.20554,0,1,0,0,0,0,0,m,w
3746,GO-IN,1,1,0.783546,2.33667,1.13703,2.34958,0,0,0,0,0,0,0.51096,0.653339,0,1.01872,0,1,0,0,0,0,0,m,w
5723,GO-IN,1,1,0.983985,0,0,0.731386,0,0,0,0,0,0.931708,0.562207,0,0,0,0,0,1,1,0,0,0,m,w
5724,GO-IN,1,1,0.985261,0,0,0.585472,0,0,0,0,0,0.855439,0,0,0.504373,0,0,0,0,1,0,0,0,m,w
5725,GO-IN,1,1,0.985499,0,0,0.625933,0,0,0,0,0,0.911868,0,0,0,0,0,0,1,1,0,0,0,m,w
5726,GO-IN,1,1,0.985355,0,0.538388,0.675262,0,0,0,0,0,0.852851,0,0,0,0,0,0,1,1,0,0,0,m,w
5727,GO-IN,1,1,0.985171,0,0.592758,0.649848,0,0,0,0,0,0.826335,0.536304,0,0,0,0,0,0,1,0,0,0,m,w
5728,GO-IN,1,1,0.984975,0,0,0.688454,0,0,0,0,0,0.857053,0,0,0,0,0,0,1,1,0,0,0,m,w
5729,GO-IN,1,1,0.985036,0,0,0.703726,0,0,0,0,0,0.734845,0,0,0,0,0,0,0,1,0,0,0,m,w
5730,GO-IN,1,1,0.985181,0,0,0.54638,0,0,0,0,0,0.693418,0,0,0.510665,0,0,0,0,1,0,0,0,m,w
5731,GO-IN,1,1,0.984825,0,0,0.602377,0,0,0,0,0,0.660157,0,0,0,0,0,0,1,1,0,0,0,m,w
5732,GO-IN,1,1,0.984467,0,0,0.718939,0,0,0,0,0,0.644238,0,0,0.637401,0,0,0,1,1,0,0,0,m,w
5733,GO-IN,1,1,0.984464,0,0,0.62828,0,0,0,0,0,0.665088,0,0,0.515472,0,0,0,0,1,0,0,0,m,w
5734,GO-IN,1,1,0.983787,0,0,0.728438,0,0,0,0,0,0.705197,0,0,0.516191,0,0,0,0,1,0,0,0,m,w
5735,GO-IN,1,1,0.983513,0,0,0.733019,0,0,0,0,0,0.73869,0,0,0,0,0,0,0,1,0,0,0,m,w
5736,GO-IN,1,1,0.984117,0,0.502384,0.70713,0,0,0,0,0,0.770818,0,0,0,0,0,0,0,1,0,0,0,m,w
5737,GO-IN,1,1,0.983798,0,0,0.620317,0,0,0,0,0,0.816721,0,0,0.539541,0,0,0,1,1,0,0,0,m,w
5738,GO-IN,1,1,0.984142,0,0,0.606903,0,0,0,0,0,0.793301,0.637196,0,0,0,0,0,0,1,0,0,0,m,w
5739,GO-IN,1,1,0.984512,0,0,0.563302,0,0,0,0,0,0.712721,0.579278,0,0,0,0,0,0,1,0,0,0,m,w
5740,GO-IN,1,1,0.984324,0,0,0.580962,0,0,0,0,0,0.721008,0.625668,0,0,0,0,0,0,1,0,0,0,m,w
5741,GO-IN,1,1,0.984288,0,0,0.581878,0,0,0,0,0,0.710234,0.583891,0,0,0,0,0,0,1,0,0,0,m,w
5742,GO-IN,1,1,0.983678,0,0,0,0,0,0,0,0,0.659578,0.627516,0,0,0,0,0,0,1,0,0,0,m,w
5743,GO-IN,1,1,0.982521,0,0,0.6449,0,0,0,0,0,0.7385,0.672242,0,0,0,0,0,0,1,0,0,0,m,w
5744,GO-IN,1,1,0.983268,0,0,0.600734,0,0,0,0,0,0.679418,0.612296,0,0.563104,0,0,0,0,1,0,0,0,m,w
5745,GO-IN,1,1,0.983769,0,0,0.722401,0,0,0,0,0,0.575236,0.511016,0,0.659714,0,0,0,0,1,0,0,0,m,w
5746,GO-IN,1,1,0.984266,0,0,0.574837,0,0,0,0,0,0.608617,0.545752,0,0.627759,0,0,0,0,1,0,0,0,m,w
5747,GO-IN,1,1,0.984729,0,0,0.588878,0,0,0,0,0,0.706217,0.584638,0,0,0,0,0,0,1,0,0,0,m,w
5748,GO-IN,1,1,0.984675,0,0,0.649851,0,0,0,0,0,0.736487,0.610018,0,0,0,0,0,0,1,0,0,0,m,w
5749,GO-IN,1,1,0.984613,0,0,0.626575,0,0,0,0,0,0.702287,0.594664,0,0,0,0,0,0,1,0,0,0,m,w
5750,GO-IN,1,1,0.984627,0,0,0.67252,0,0,0,0,0,0.677433,0.597646,0,0,0,0,0,0,1,0,0,0,m,w
5751,GO-IN,1,1,0.984594,0,0,0.690545,0,0,0,0,0,0.689978,0.585942,0,0,0,0,0,0,1,0,0,0,m,w
5752,GO-IN,1,1,0.985183,0,0,0.762405,0,0,0,0,0,0.791609,0.554418,0,0,0,0,0,0,1,0,0,0,m,w
5753,GO-IN,1,1,0.985561,0,0,0.756179,0,0,0,0,0,0.684015,0.661409,0,0,0,0,0,0,1,0,0,0,m,w
5754,GO-IN,1,1,0.985664,0,0,0.802625,0,0,0,0,0,0.655565,0.604719,0,0,0,0,0,0,1,0,0,0,m,w
5755,GO-IN,1,1,0.984733,0,0,0.704227,0,0,0,0,0,0.628648,0.589731,0,0,0,0,0,0,1,0,0,0,m,w
5756,GO-IN,1,1,0.98498,0,0,0.763052,0,0,0,0,0,0.717089,0.645654,0,0,0,0,0,0,1,0,0,0,m,w
5757,GO-IN,1,1,0.985467,0,0,0.618295,0,0,0,0,0,0.737722,0.622791,0,0,0,0,0,0,1,0,0,0,m,w
5758,GO-IN,1,1,0.985082,0,0,0.563776,0,0,0,0,0,0.79488,0.642403,0,0,0,0,0,0,1,0,0,0,m,w
5759,GO-IN,1,1,0.985025,0,0,0.527005,0,0,0,0,0,0.681094,0.678189,0,0,0,0,0,0,1,0,0,0,m,w
5760,GO-IN,1,1,0.985051,0,0,0.506481,0,0,0,0,0,0.680467,0.644783,0,0,0,0,0,0,1,0,0,0,m,w
5761,GO-IN,1,1,0.986826,0,0,0,0,0,0,0,0,0.881115,0,0,0.597225,0,0,0,0,1,0,0,0,m,w
5762,GO-IN,1,1,0.987088,0,0,0,0,0,0,0,0,0.88281,0.538986,0,0.543961,0,0,0,0,1,0,0,0,m,w
5763,GO-IN,1,1,0.986395,0,0,0,0,0,0,0,0,0.834138,0,0,0.653825,0.518741,0,0,0,1,0,0,0,m,w
5764,GO-IN,1,1,0.986823,0,0.591311,0.521566,0,0,0,0,0,0.817958,0.612805,0,0.70305,0.685589,0,0,0,1,0,0,0,m,w
5765,GO-IN,1,1,0.98694,0,0.627398,0.552301,0,0,0,0,0,0.820308,0,0,0.77867,0.703278,0,0,0,1,0,0,0,m,w
5766,GO-IN,1,1,0.986976,0,0.730385,0.651758,0,0,0,0,0,0.951877,0,0,0.608165,0,0,0,0,1,0,0,0,m,w
5767,GO-IN,1,1,0.986801,0,0.749364,0.601824,0,0,0,0,0,0.936289,0,0,0.628617,0,0,0,0,1,0,0,0,m,w
5768,GO-IN,1,1,0.986601,0,0.688275,0.77921,0,0,0,0,0,0.748764,0,0,0.55989,0.581027,0,0,0,1,0,0,0,m,w
5769,GO-IN,1,1,0.986402,0,0.642519,0.705129,0,0,0,0,0,0.689884,0,0,0.594861,0.563257,0,0,0,1,0,0,0,m,w
5770,GO-IN,1,1,0.986541,0,0.560321,0.74011,0,0,0,0,0,0.773169,0,0,0.620524,0.609431,0,0,0,1,0,0,0,m,w
5771,GO-IN,1,1,0.986802,0,0.583244,0.740679,0,0,0,0,0,0.841926,0,0,0.549928,0.786848,0,0,0,1,0,0,0,m,w
5772,GO-IN,1,1,0.98639,0,0.532384,0.758913,0,0,0,0,0,0.889491,0,0,0,0.574796,0,0,0,1,0,0,0,m,w
5773,GO-IN,1,1,0.985997,0,0.590979,0.800052,0,0,0,0,0,0.855641,0,0,0,0.585106,0,0,0,0,0,0,0,m,w
5774,GO-IN,1,1,0.986528,0,0.57112,0.773853,0,0,0,0,0,0.878588,0,0,0,0,0,0,0,0,0,0,0,m,w
5775,GO-IN,1,1,0.987082,0,0.600854,0.751181,0,0,0,0,0,0.84795,0,0,0,0,0,0,0,0,0,0,0,m,w
5776,GO-IN,1,1,0.986964,0,0.542695,0.757675,0,0,0,0,0,0.834415,0,0,0.542651,0,0,0,0,0,0,0,0,m,w
5777,GO-IN,1,1,0.986854,0,0.529209,0.775297,0,0,0,0,0,0.875562,0,0,0.533381,0,0,0,0,0,0,0,0,m,w
5778,GO-IN,1,1,0.987408,0,0.518522,0.726923,0,0,0,0,0,0.933208,0,0,0.638405,0,0,0,0,0,0,0,0,m,w
5779,GO-IN,1,1,0.98754,0,0.513498,0.736384,0,0,0,0,0,0.972959,0,0,0.548817,0,0,0,0,0,0,0,0,m,w
5780,GO-IN,1,1,0.987318,0,0,0.69925,0,0,0,0,0,0.861963,0,0,0.611983,0,0,0,0,0,0,0,0,m,w
5781,GO-IN,1,1,0.986832,0,0,0.698926,0,0,0,0,0,0.854321,0,0,0.533346,0,0,0,0,0,0,0,0,m,w
5782,GO-IN,1,1,0.987666,0,0.532903,0.552772,0,0,0,0,0,0.76944,0,0,0.623872,0.759998,0,0,0,0,0,0,0,m,w
5783,GO-IN,1,1,0.986331,0,0,0.515941,0,0,0,0,0,0.722627,0,0,0.592745,0.697267,0,0,0,0,0,0,0,m,w
5784,GO-IN,1,1,0.986434,0,0,0.6508,0,0,0,0,0,0.716155,0,0,0.648429,0.731012,0,0,0,0,0,0,0,m,w
5785,GO-IN,1,1,0.986419,0,0.574015,0.763865,0,0,0,0,0,0.766619,0,0,0.766405,0,0,0,0,0,0,0,0,m,w
5786,GO-IN,1,1,0.985914,0,0.584965,0.585414,0,0,0,0,0,0.857356,0,0,0.741867,0.605487,0,0,0,0,0,0,0,m,w
5787,GO-IN,1,1,0.986664,0,0.556367,0.645858,0,0,0,0,0,0.768739,0,0,0.643688,0.611633,0,0,0,0,0,0,0,m,w
5788,GO-IN,1,1,0.987058,0,0.535071,0.520275,0,0,0,0,0,0.850536,0,0,0.801992,0.579722,0,0,0,0,0,0,0,m,w
5789,GO-IN,1,1,0.986758,0,0,0,0,0,0,0,0,0.845987,0,0,0.824947,0.564562,0,0,0,0,0,0,0,m,w
5790,GO-IN,1,1,0.986729,0,0,0,0,0,0,0,0,0.932748,0,0,0.893894,0.545299,0,0,0,1,0,0,0,m,w
5791,GO-IN,1,1,0.985477,0,0,0,0,0,0,0,0,0.760947,0,0,0.856764,0.586097,0,0,0,0,0,0,0,m,w
5792,GO-IN,1,1,0.986113,0,0,0,0,0,0,0,0,0.830592,0,0,0.785208,0.578071,0,0,0,0,0,0,0,m,w
5793,GO-IN,1,1,0.985922,0,0,0,0,0,0,0,0,0.686344,0,0,0.837854,0.638599,0,0,0,0,0,0,0,m,w
5794,GO-IN,1,1,0.98596,0,0.50788,0.522685,0,0,0,0,0,0.740109,0,0,0.832692,0.790532,0,0,0,0,0,0,0,m,w
5795,GO-IN,1,1,0.985218,0,0.566732,0,0,0,0,0,0,0.870824,0,0,0.820721,0.699656,0,0,0,0,0,0,0,m,w
5796,GO-IN,1,1,0.985574,0,0,0.55003,0,0,0,0,0,0.726104,0,0,0.814205,0.572524,0,0,0,0,0,0,0,m,w
5797,GO-IN,1,1,0.985443,0,0,0.547935,0,0,0,0,0,0.701131,0,0,0.835012,0.665683,0,0,0,0,0,0,0,m,w
5798,GO-IN,1,1,0.985061,0,0,0.524936,0,0,0,0,0,0.804394,0,0,0.925795,0.603246,0,0,0,0,0,0,0,m,w
5799,GO-IN,1,1,0.98488,0,0,0,0,0,0,0,0,0.842304,0,0,0.903503,0.610027,0,0,0,1,0,0,0,m,w
5800,GO-IN,1,1,0.984674,0,0,0,0,0,0,0,0,0.714478,0,0,0.77662,0,0,0,0,1,0,0,0,m,w
5801,GO-IN,1,1,0.984778,0,0.576824,0.513977,0,0,0,0,0,0.704027,0,0,0.734199,0,0,0,0,0,0,0,0,m,w
5802,GO-IN,1,1,0.984798,0,0.515321,0.505664,0,0,0,0,0,0.669353,0,0,0.613402,0.545082,0,0,0,0,0,0,0,m,w
5803,GO-IN,1,1,0.984017,0,0,0.631816,0,0,0,0,0,0.704941,0,0,0.501038,0.838332,0,0,0,1,0,0,0,m,w
5804,GO-IN,1,1,0.983132,0,0,0,0,0,0,0,0,0.758194,0,0,0.763742,0.698964,0,0,0,1,0,0,0,m,w
5805,GO-IN,1,1,0.983168,0,0,0,0,0,0,0,0,0.710013,0,0,0.920179,0.710348,0,0,0,1,0,0,0,m,w
5806,GO-IN,1,1,0.985172,0,0,0,0,0,0,0,0,0.669343,0,0,0.725815,0.847606,0,0,0,1,0,0,0,m,w
5807,GO-IN,1,1,0.984547,0,0,0,0,0,0,0,0,0.746559,0,0,1.10623,0.677389,0,0,0,1,0,0,0,m,w
5808,GO-IN,1,1,0.984284,0,0,0,0,0,0,0,0,0.668995,0,0,0.71969,0.752054,0,0,0,1,0,0,0,m,w
5809,GO-IN,1,1,0.983579,0,0,0.563033,0,0,0,0,0,0.643054,0.527931,0,0.672179,0.745186,0,0,0,1,0,0,0,m,w
5810,GO-IN,1,1,0.984486,0,0,0.521076,0,0,0,0,0,0.656442,0.501025,0,0.914556,0.720297,0,0,0,1,0,0,0,m,w
16787,GO-IN,1,1,0.901304,0.975787,0.802377,0.800327,0.76545,0,0.917568,0,0.861081,0.535023,0.616121,1.73184,1.00562,0,0,0,1,1,0,1,0,w,w
16788,GO-IN,1,1,0.877894,0.73147,1.07811,0.593074,0.74423,0,0.805275,0,0.827206,0,0.75007,1.62316,0.763381,0,0,0,1,1,0,1,0,w,w
16789,GO-IN,1,1,0.804022,0.65151,1.34762,1.57044,0.648087,0,0,0.553094,0.749376,0,1.75531,1.86036,0.938,0,0,0,1,1,1,1,0,w,w
16790,GO-IN,1,1,0.762103,0.617834,0.617488,1.20328,0,0,0,0,0.64926,0,2.30286,1.82734,1.13992,0,0,0,0,1,1,0,1,w,w
16791,GO-IN,1,1,0.768263,0.689811,1.80207,1.45663,0.587444,0,0,0.56557,0.721734,0,1.4072,1.90485,0.89944,0,0,0,1,1,1,0,0,w,w
16792,GO-IN,1,1,0.800244,0.515948,0.887241,1.71023,0.589417,0,0,0,1.01343,0,1.62836,1.77815,1.3129,0,0,0,1,1,1,0,1,w,w
16793,GO-IN,1,1,0.786637,0.750881,1.65545,1.3674,0.565566,0,0,0.6904,0.750956,0.526625,1.49063,1.95302,1.46498,0,0,0,1,1,1,0,0,w,w
16794,GO-IN,1,1,0.783139,1.04742,1.76093,2.1248,0,0,0,0,0.757669,0,1.90859,1.77363,0.70643,0,0,1,0,1,1,0,1,w,w
16795,GO-IN,1,1,0.801458,1.27427,1.81931,1.84068,0.890218,0,0,0.54507,0.884531,0,1.67602,1.94512,0,0,0,1,0,1,1,0,1,w,w
16796,GO-IN,1,1,0.746103,1.31096,1.67546,2.03318,0,0,0,0,0.819104,0,1.91978,2.00253,0,0,0,0,0,1,1,0,1,w,w
16797,GO-IN,1,1,0.758972,1.50785,2.06341,1.52834,0,0,0,0,0.748549,0,1.52162,2.02758,0,0,0,0,0,1,1,0,1,w,w
16798,GO-IN,1,1,0.78041,1.53869,2.10413,2.07391,0,0,0,0,0.547983,0,1.89003,1.99748,0,0,0,0,0,1,1,0,1,w,w
16799,GO-IN,1,1,0.77423,1.0761,1.53532,1.52934,0,0,0,0,0.912831,0,1.65374,1.86797,0,0.552438,0,0,0,1,1,0,1,w,w
16800,GO-IN,1,1,0.765732,0,1.318,1.22388,0,0,0,0,0.623014,0,2.02352,1.7978,1.17477,0.783403,0,1,0,1,1,0,1,w,w
16801,GO-IN,1,1,0.815063,0,1.02104,0.736755,0.662776,0,0,0,0.787254,0,1.47867,1.70815,0.733925,0.945691,0,0,1,1,0,0,1,w,w
16802,GO-IN,1,1,0.828298,0.894701,1.36956,0.750416,0.574365,0,0,0,0.943311,0,2.05168,1.50792,1.06187,0,0,0,0,1,0,0,0,w,w
16803,GO-IN,1,1,0.857606,0,0.938297,1.00158,0.912196,0,0,0.615024,1.09141,0,1.66697,1.47752,1.14538,1.00832,0,0,1,1,0,0,1,w,w
16804,GO-IN,1,1,0.829298,0.885274,1.02914,0.665749,0.509105,0,0,0.588136,1.24233,0,1.97111,1.62179,0.971369,0.628093,0,0,1,1,0,0,1,w,w
16805,GO-IN,1,1,0.779538,0.616192,1.26552,0,0.700282,0,0,0,1.25772,0,2.13349,1.66408,1.03808,1.32458,0,0,0,1,0,0,1,w,w
16806,GO-IN,1,1,0.815287,0.725414,0.862773,0.717477,0.909371,0,0,0,1.00956,0,1.57337,1.60612,0.864466,1.19716,0,0,0,1,1,0,1,w,w
16809,GO-IN,1,1,0.802208,0.900515,1.446,1.10118,0.599171,0,0,0,1.00101,0,1.41293,1.41274,0,0,0,0,0,0,0,0,1,w,w
16810,GO-IN,1,1,0.797902,0.609796,1.03346,1.44002,0.582014,0,0,0,0.970468,0,1.28488,1.69621,0,0,0,0,0,1,0,0,1,w,w
16842,GO-IN,1,1,0.827987,0,1.15235,0.882237,0.539429,0,0,0,0.992577,0,1.08082,1.42932,0,0,0,0,1,1,1,0,1,w,w
16843,GO-IN,1,1,0.838693,0,0,1.25616,0,0,1.17791,0.748371,0.845179,0,1.90192,1.85634,0,1.40883,0,0,0,1,1,0,1,w,w
16844,GO-IN,1,1,0.746748,0,0.860852,0.639061,0,0.630657,0.66066,0.890571,0.879907,0,2.17173,1.86253,0.500045,1.87876,0,0,1,1,1,0,1,w,w
16845,GO-IN,1,1,0.881646,0,0,0.636172,0,0.758614,1.76547,0.99669,0.777933,0,1.37685,1.48986,0,2.85891,0,1,1,1,0,0,1,w,w
16846,GO-IN,1,1,0.762068,0,0,0,0.574572,0.524147,1.36744,0,0.789947,0,0.64747,0.901842,0,1.71117,0,1,1,0,0,0,1,w,w
16847,GO-IN,1,1,0.730112,0,0,0,0,0,0,0,1.16829,0,0,0.752303,0,0,0,1,1,0,0,0,1,w,w
16848,GO-IN,1,1,0.950736,0,0.959636,0,0,0.566649,0.540261,1.03229,1.03249,0.980449,1.06872,1.55718,0,1.16408,0,0,1,1,1,0,0,w,w
16849,GO-IN,1,1,0.948261,0,1.2504,0,0,0,0.598238,1.10944,0.953147,1.22332,1.03343,1.6045,0,1.64467,0,0,1,1,1,0,0,w,w
16850,GO-IN,1,1,0.930061,0,1.1587,0,0,0,0,1.06128,0.973208,1.22442,1.21313,1.61596,0,0.509331,0,0,1,1,1,0,0,w,w
16851,GO-IN,1,1,0.926866,0,1.31835,0,0,0,0,1.09446,0.961562,1.49923,1.07858,1.62457,0,0,0,0,1,1,1,0,0,w,w
16852,GO-IN,1,1,0.921804,0,1.22945,0,0,0,0,1.1053,1.03827,1.09778,0.956575,1.59378,0,0,0,1,1,1,1,0,0,w,w
16853,GO-IN,1,1,0.940729,0,1.35702,0,0,0,0,1.12583,1.14697,1.24916,1.3731,1.66967,0,0,0,0,1,1,1,0,0,w,w
16854,GO-IN,1,1,0.938563,0,1.42405,0,0,0,0.614952,1.11287,0.950551,1.41256,1.2932,1.66736,0,0,0,0,1,1,1,0,0,w,w
16855,GO-IN,1,1,0.934942,0,1.56328,0,0,0,0.547975,1.03311,0.861867,1.451,1.13734,1.59607,0,0,0,0,1,1,1,0,0,w,w
16856,GO-IN,1,1,0.937021,0,1.39881,0,0,0,0.713828,0.943921,0.785226,1.61224,1.07574,1.7478,0,0,0,0,1,1,1,0,0,w,w
16857,GO-IN,1,1,0.936333,0,1.23245,0,0,0,0.978722,1.2019,1.12765,1.43268,1.09268,1.71535,0,0,0,1,1,1,1,0,0,w,w
16858,GO-IN,1,1,0.924952,0,0.99309,0,0,0,0.796169,1.2428,0.932509,1.25615,1.38155,1.68533,0,0,0,1,1,1,1,0,0,w,w
16859,GO-IN,1,1,0.922475,0,0.747638,0,0,0,1.0579,1.05973,0.890965,1.36949,1.19239,1.63763,0,0.653676,0,1,1,1,1,0,0,w,w
16860,GO-IN,1,1,0.930208,0,1.05809,0,0,0,1.16972,1.05755,1.08995,1.4069,1.26596,1.62669,0,0,0,0,1,1,1,0,0,w,w
16861,GO-IN,1,1,0.942537,0,0.882545,0,0,0,0.663915,1.10608,0.941621,1.40059,1.25961,1.70498,0,0.666163,0,0,1,1,1,0,0,w,w
16862,GO-IN,1,1,0.932849,0,1.05839,0,0,0.593329,1.25354,1.29172,0.963691,1.6058,0.926112,1.81881,0,0,0,0,1,1,1,0,0,w,w
16863,GO-IN,1,1,0.936424,0,1.01943,0,0,0.658244,0.958339,1.40157,0.948531,1.82106,1.08199,1.81633,0,0,0,1,1,1,1,0,0,w,w
16864,GO-IN,1,1,0.943665,0,0.915436,0,0,0.601728,1.04513,1.22436,0.815488,1.91895,0.982438,1.71287,0,0.615813,0,0,1,1,1,0,0,w,w
16865,GO-IN,1,1,0.944799,0,0.915673,0,0,0,1.01575,1.13074,0.73833,1.77135,0.900743,1.61536,0,0,0,0,1,1,1,0,0,w,w
16866,GO-IN,1,1,0.941432,0,0,0,0,0,1.098,1.06276,0.758497,1.72261,1.07142,1.55071,0.661573,0,0,0,1,1,1,0,0,w,w
16867,GO-IN,1,1,0.947665,0,0,0,0,0,1.10136,1.0559,0.851239,1.44358,1.11803,1.60707,0,0.914202,0,1,1,1,1,0,0,w,w
16868,GO-IN,1,1,0.946586,0,0,0,0,0.537572,1.25678,1.08727,0.913878,1.48557,0.860042,1.48881,0,0.709636,0,0,1,1,1,0,0,w,w
16869,GO-IN,1,1,0.946124,0,0.776296,0,0,0.677831,1.17023,1.24818,0.933297,1.54992,0.920235,1.68955,0.634611,0.68242,0,0,1,0,1,0,0,w,w
16870,GO-IN,1,1,0.941709,0,0,0,0,0.934979,1.1335,1.43723,1.00428,1.21238,0.594066,1.71331,0,0.930997,0,0,1,1,1,0,0,w,w
16871,GO-IN,1,1,0.924762,0,0,0,0,0.913397,1.87835,1.43291,0.828973,1.45452,0.81875,1.65473,0,0.593963,0,0,1,1,1,0,0,w,w
16872,GO-IN,1,1,0.935909,0,0,0,0,0.985468,1.86754,1.49459,0.946847,1.52222,0.714726,1.55651,0,1.05837,0,0,1,1,1,0,0,w,w
16873,GO-IN,1,1,0.938237,0,0.618269,0,0,1.01081,1.66025,1.45614,1.10487,1.51122,0.643695,1.79446,0.644221,1.8142,0,0,1,1,1,0,0,w,w
16874,GO-IN,1,1,0.928055,0,0,0,0,0.926182,1.8071,1.30672,1.23777,1.38696,0.864363,1.50416,0.579601,2.34124,0,0,1,1,1,0,0,w,w
16875,GO-IN,1,1,0.928315,0,0,0,0,0.863893,2.06928,1.28443,1.11149,1.36315,1.06157,1.53708,0,1.38845,0,0,1,1,1,0,1,w,w
16876,GO-IN,1,1,0.936286,0,0,0,0,0.94989,2.00798,1.26838,0.988501,0.880593,1.09725,1.39406,0,1.73656,0,0,1,1,1,0,1,w,w
16877,GO-IN,1,1,0.913334,0,0.786281,0.855949,0,1.05015,0.779486,1.2043,1.20021,1.20246,1.21836,1.68969,0,3.37218,0,0,1,1,1,0,1,w,w
16878,GO-IN,1,1,0.91593,0.640563,0.547256,0,0,0.54907,0,0.664476,1.33589,1.06605,1.65063,1.27982,0,0.915411,0,0,1,0,0,0,1,w,w
16879,GO-IN,1,1,0.899401,0.575138,1.06274,0,0,0,0,0,1.0297,0,1.44046,0.796973,0,0.969414,0,0,1,0,0,0,1,w,w
16880,GO-IN,1,1,0.853497,1.36304,0.662485,0,0,0,0,0,0.607578,0,0,0,0,0.774296,0,0,0,0,0,0,1,w,w
16881,GO-IN,1,1,0.730151,1.8955,1.3485,0,0.992368,0,0,0,0.522379,0,0,0,0,2.30849,0,0,0,0,0,0,0,w,w
16882,GO-IN,1,1,0.870524,1.69592,1.15145,1.97626,1.02481,0,0,0,0,0.676058,1.64772,1.34166,1.17343,1.37705,0,1,1,1,1,0,0,w,w
16883,GO-IN,1,1,0.838489,1.96838,1.20021,2.24226,0.760912,0,0,0,0,0.6989,1.64962,1.22363,0.670578,1.97236,0,1,1,1,1,0,0,w,w
16884,GO-IN,1,1,0.850232,1.54509,0.718918,2.6471,0.591194,0,0.626586,0,0.511917,0.982179,1.79326,1.14358,1.06386,1.48456,0,1,1,1,0,0,0,w,w
16885,GO-IN,1,1,0.871014,1.02019,0,1.33529,0,0,0,0,0.792803,1.0402,1.54452,1.20422,1.62771,0.822034,0,0,1,1,0,0,0,w,w
16886,GO-IN,1,1,0.86314,1.19862,0,1.26597,0,0,0.792767,0.57615,1.07937,0.901186,1.63137,1.29691,1.9213,0,0,0,1,1,1,0,0,w,w
16887,GO-IN,1,1,0.870128,0.653396,0,0,0,0,0,0.661248,1.49331,1.17337,1.17769,1.44261,1.49717,0,0,0,1,1,0,0,1,w,w
16969,GO-IN,1,1,0.832976,1.87658,1.63462,0.7679,0.777261,0,0,0.576247,0.721907,0.673707,1.31493,1.1377,0,0,0,1,1,0,0,0,1,w,w
16970,GO-IN,1,1,0.832073,1.34701,0.907499,0.873116,0.670929,0,0,0.531935,0,0.82235,1.42844,1.13986,0.777822,0,0,1,1,0,1,0,1,w,w
16971,GO-IN,1,1,0.7983,1.62847,1.05641,0,0.722965,0.538132,0,0.739245,0.605001,1.42776,2.05745,1.15731,0.681566,0,0,0,1,1,1,0,0,w,w
16972,GO-IN,1,1,0.813779,1.31196,0.829341,0,0.88466,0.52795,0,0.769593,0.876096,1.01359,1.58397,1.38247,1.15981,0,0,0,1,1,1,0,1,w,w
16973,GO-IN,1,1,0.784741,1.23531,0.999759,0,0.785924,0.558951,0,0.757716,0.977353,1.21849,1.41919,1.36885,0.919033,0.904373,0,0,1,1,1,0,1,w,w
16974,GO-IN,1,1,0.807312,1.02588,0.861921,0.503307,0,0,1.47249,0.693897,0.707919,0.918992,1.23283,0.811594,0.945345,0,0,0,1,1,1,0,1,w,w
16975,GO-IN,1,1,0.814196,1.59667,1.19601,0,0,0,1.39345,0,0.848909,0.763883,0.958452,1.04183,0.603314,0,0,0,1,1,1,0,0,w,w
1101,GO-IN,1,1,0.908841,1.08066,0.626415,1.24354,0,0,0,0,0,0,1.13922,0.529445,0,0,0,0,0,1,1,0,1,w,w
1102,GO-IN,1,1,0.902757,0.952884,0.865028,1.21254,0,0,0.602235,0,0,0,0.793967,0.517446,0,0.711465,0,0,0,1,1,0,1,w,w
1103,GO-IN,1,1,0.911773,0.8042,0.872336,1.14317,0,0,0.728291,0,0,0.752298,1.00109,0.585796,0,1.68741,0.548114,0,0,1,0,0,1,w,w
1104,GO-IN,1,1,0.910417,0,0,1.34985,0,0,0,0,0,0,0.739,0,0,1.80372,0.519303,0,0,0,1,0,1,w,w
1105,GO-IN,1,1,0.90028,0,0,1.36157,0,0,0,0,0,0.67399,0.831147,0,0,2.11988,0,0,0,0,1,0,1,w,w
1106,GO-IN,1,1,0.90833,0.569862,0,1.64635,0,0,0.628319,0,0,0.725577,0.853224,0.549759,0,1.80455,0.536902,0,0,1,1,0,1,w,w
1107,GO-IN,1,1,0.912818,0.667668,0,1.4614,0,0,1.01717,0,0,0.528076,0.570446,0,0,1.61754,0.54087,1,0,0,1,0,1,w,w
1108,GO-IN,1,1,0.92207,0.51489,0,0.819501,0,0,0.825166,0,0,0.589991,0.589065,0,0,0.565552,0.553315,0,0,0,1,0,1,w,w
1109,GO-IN,1,1,0.894995,0.822224,0,1.39513,0,0,1.16768,0,0,0,0,0,0,0,0.520791,1,0,0,1,0,1,w,w
1110,GO-IN,1,1,0.918603,0.892463,0,0.877547,0.814288,0,0.849221,0,0,0.884473,0,0,0,0,0,0,0,0,0,0,1,w,w
1158,GO-IN,1,1,0.787406,0,1.39686,0,0.822807,0.592762,0,0.511785,0.599309,0.903323,0,0,0,3.42006,0,0,1,0,0,0,0,w,w
1159,GO-IN,1,1,0.909183,0,0.528819,0,0.770414,0.826318,0,0.796496,0.908982,1.31332,0,0,0,2.40965,0,0,1,0,0,0,0,w,w
1160,GO-IN,1,1,0.762518,0.698205,0,0,0,0,0,0,0,0,0,0,0,2.59952,0,1,0,0,1,0,1,w,w
1161,GO-IN,1,1,0.889585,0,0,0.542519,0,0,0,0,0,0.506215,0,0,0,0.631515,0,0,0,0,1,0,1,w,w
1162,GO-IN,1,1,0.929521,0,0,0.775568,0,0,0,0,0,0.657906,0,0,0,1.39556,0,0,0,0,1,0,1,w,w
1163,GO-IN,1,1,0.891887,0,0,0,0,0,0,0,0.606055,0,0,0,0,1.08002,0,0,0,0,0,0,1,w,w
1164,GO-IN,1,1,0.939474,0,0.729047,0.76876,0,0,0,0,0,0.667465,0,0,0,1.21931,0,1,0,0,0,0,1,w,w
1165,GO-IN,1,1,0.93727,0,0,0.759591,0,0,0,0,0,0.822287,0,0,0,0,0,1,0,0,0,0,1,w,w
1166,GO-IN,1,1,0.919424,0,0.783094,0.849201,0,0,0,0,0,1.0001,0,0,0,0.572214,0,1,0,0,0,0,1,w,w
1167,GO-IN,1,1,0.939136,0,0.951829,0.6601,0,0,1.04938,0,0,1.25963,0,0,0,0,0,1,0,0,0,0,0,w,w
1168,GO-IN,1,1,0.933782,0,0.831884,1.09987,0,0,0.525629,0,0,1.07607,0,0,0,0,0,1,0,0,0,0,1,w,w
1169,GO-IN,1,1,0.94972,0,0.648763,1.11267,0,0,0.991777,0.500572,0,1.50064,0,0,0,0,0,1,0,0,0,0,1,w,w
1170,GO-IN,1,1,0.95518,0,0,0,0,0,1.08666,0.539305,0.83225,1.16769,0,0,0.722634,0,0,1,0,0,1,0,1,w,w
1171,GO-IN,1,1,0.947337,0.563982,0,0,0,0,1.03074,0.670682,1.01255,0.912604,0,0,0.567465,0,0,0,1,0,1,0,1,w,w
1172,GO-IN,1,1,0.959804,0.772549,0,0,0,0,1.07176,0.622261,1.01745,0.630653,0,0,0.643152,0.988198,0,0,0,0,1,0,1,w,w
1173,GO-IN,1,1,0.942186,0.707924,0,0,0,0,1.50066,0.63756,0.721897,0.84387,0,0,0,0.675368,0,1,0,0,0,0,1,w,w
