time_stamp,word,frame,success,confidence,AU01_r,AU02_r,AU04_r,AU05_r,AU06_r,AU09_r,AU10_r,AU12_r,AU14_r,AU15_r,AU17_r,AU20_r,AU25_r,AU26_r,AU04_c,AU12_c,AU15_c,AU23_c,AU28_c,AU45_c,speaker_gender,listener_gender
51867,UNKNOWN,1,1,0.972805,0,0.889607,0.560635,0,0,0,0.539809,0,0.714703,0,0,0.515727,1.46004,0,1,0,1,1,0,0,w,m
51868,UNKNOWN,1,1,0.973016,0,0,0,0,0,0,0,0,0.506224,0,0,0,1.40724,0,1,0,0,0,0,0,w,m
51869,UNKNOWN,1,1,0.977909,0,0,0,0,0,0,0,0,0.771418,0,0,0,1.09918,0,1,0,0,1,0,0,w,m
51870,UNKNOWN,1,1,0.982417,0,0.673138,0,0,0,0,0,0,0.863218,0,0,0.686533,1.09867,0,1,0,1,0,0,0,w,m
51871,UNKNOWN,1,1,0.977756,0,0.73108,0,0,0,0,0,0,0.891949,0,0,0.637466,1.01413,0,1,0,1,0,0,0,w,m
51872,UNKNOWN,1,1,0.9814,0,0.935205,0,0,0,0,0,0,0.913294,0,0,0.769657,1.12566,0,1,0,1,0,0,0,w,m
51873,UNKNOWN,1,1,0.980252,0,0.82068,0,0,0,0,0,0,0.713119,0,0,0,1.32893,0,1,0,1,0,0,0,w,m
51874,UNKNOWN,1,1,0.982754,0,1.01871,0,0,0,0,0,0,0.84711,0,0,0.573988,1.21243,0,1,0,0,0,0,0,w,m
51875,UNKNOWN,1,1,0.98366,0,0.992179,0,0,0,0,0,0,0.940908,0,0,0.591873,1.13531,0,1,0,0,0,0,0,w,m
51876,UNKNOWN,1,1,0.981397,0,0.85282,0.779785,0,0,0,0,0,0.834969,0,0,0.964714,1.11251,0,1,0,1,0,0,0,w,m
51877,UNKNOWN,1,1,0.979648,0,1.26411,0.695309,0,0,0,0.584419,0,0.943483,0,0,1.03182,1.06915,0,1,0,0,0,0,0,w,m
51878,UNKNOWN,1,1,0.974615,0.739558,1.31825,1.21335,0,0,0,0.541354,0,1.06719,0,0,0.784598,1.4264,0,1,0,0,0,0,0,w,m
51879,UNKNOWN,1,1,0.966638,1.0249,1.58129,0.893862,0,0,0.713433,0.64695,0,1.05429,0,0,0.592318,1.09782,0,1,0,0,0,0,0,w,m
51880,UNKNOWN,1,1,0.977069,0.623759,1.08659,1.44015,0,0.599395,0.831683,0.857091,0.614317,1.73735,0.858534,0,0.612609,1.03546,0,1,0,1,0,0,0,w,m
51881,UNKNOWN,1,1,0.982557,0,1.05775,1.24612,0,0.645698,0.894491,0.872666,0.627315,1.66266,0.988659,0,0.881974,1.29469,0,1,0,1,0,0,0,w,m
51882,UNKNOWN,1,1,0.982007,0,1.0473,1.12147,0,0.850898,1.19961,1.07089,0.703117,1.80153,0.882357,0,1.44712,0.965622,0,1,0,1,0,0,1,w,m
51883,UNKNOWN,1,1,0.980764,0,0.78181,1.28871,0,0.898353,1.28024,1.18315,0.941563,1.5886,1.0039,0,1.08233,1.44066,0,1,1,1,0,0,1,w,m
51884,UNKNOWN,1,1,0.968009,0,0.718157,1.4558,0,0.902286,1.10471,1.1627,0.880221,1.75554,0.87343,0,0.910429,1.24642,0,1,1,1,0,0,1,w,m
51885,UNKNOWN,1,1,0.964179,0,1.01218,1.48808,0,1.02224,1.4124,1.45996,1.14211,2.01054,0.707607,0,0.782613,1.00871,0,1,1,1,1,0,0,w,m
51886,UNKNOWN,1,1,0.962996,0,0.884683,1.37497,0,1.12647,1.47669,1.55381,1.05586,1.95161,0.95893,0.500329,0.842344,0.671741,0,1,1,1,1,0,0,w,m
51887,UNKNOWN,1,1,0.954993,0,0.900809,1.31228,0,1.15799,1.73901,1.59588,0.981887,1.73652,0.642727,0,0.789218,0,0,1,1,1,1,0,0,w,m
51888,UNKNOWN,1,1,0.939127,0,0.759829,0.907813,0,1.23002,1.30843,1.66566,1.3468,1.86603,0,0,0,0,0,1,1,1,1,0,0,w,m
51889,UNKNOWN,1,1,0.92492,0,0.984807,1.04215,0,1.2882,1.63675,1.76115,1.23074,1.92198,0,0.501284,0,0,0,1,1,1,1,0,0,w,m
51890,UNKNOWN,1,1,0.92089,0,0.658204,1.2809,0,1.23847,1.29576,1.6313,1.2167,1.84523,0.557914,0,0,0,0,1,1,1,1,0,0,w,m
51891,UNKNOWN,1,1,0.925454,0,0.816328,1.13341,0,1.26521,1.27116,1.686,1.17908,1.88347,0.618583,0.552958,0,0,0,1,1,1,1,0,0,w,m
51892,UNKNOWN,1,1,0.925905,0,0.738321,1.26012,0,1.20033,1.08458,1.60582,1.21074,1.92065,0.545934,0,0,0,0,1,1,1,1,0,0,w,m
51893,UNKNOWN,1,1,0.933088,0,0.865282,1.1923,0,1.20119,1.45175,1.67475,1.30308,2.17779,0,0.571419,0,0,0,1,1,1,1,0,0,w,m
51894,UNKNOWN,1,1,0.936414,0,0.845933,1.21373,0,1.18509,1.35861,1.63736,1.1397,2.17622,0,0.565452,0,0,0,1,1,1,1,0,0,w,m
51895,UNKNOWN,1,1,0.933292,0,0.955477,1.03208,0,1.18326,1.15811,1.6189,1.19034,2.1132,0,0,0,0,0,1,1,1,1,0,0,w,m
51896,UNKNOWN,1,1,0.934627,0,0.955083,1.05465,0,1.06215,1.139,1.47723,1.18277,2.02304,0,0.50067,0,0,0,1,1,0,1,0,0,w,m
51897,UNKNOWN,1,1,0.934389,0,1.19191,0.94359,0,0.990913,1.39751,1.41861,1.03602,1.84307,0,0,0,0,0,1,1,0,1,0,0,w,m
51898,UNKNOWN,1,1,0.918984,0.620165,0.953647,1.21455,0,0.756888,1.26698,1.04685,0,1.77242,0,0,0,0.502233,0,1,0,0,1,0,1,w,m
51899,UNKNOWN,1,1,0.910035,0.60946,0.893992,1.17754,0,0.657939,1.50504,0.950974,0,1.3207,0,0,0,0.73797,0,1,0,1,1,0,1,w,m
51900,UNKNOWN,1,1,0.925543,0.725068,0.890534,1.31309,0,0.675447,1.62063,0.911287,0,1.39747,0,0.519891,0,0.816367,0,1,0,1,1,0,1,w,m
51901,UNKNOWN,1,1,0.92079,0.772459,1.30008,1.0659,0,0.717465,1.67819,0.936522,0.533536,1.45045,0,0.640387,0,1.26435,0,1,0,1,1,0,0,w,m
51902,UNKNOWN,1,1,0.943048,0.914026,1.34366,0.946808,0,0.662365,1.59798,0.763852,0,1.38847,0,0.700759,0,0,0,1,0,1,1,0,0,w,m
51903,UNKNOWN,1,1,0.946535,1.01762,1.44217,1.17391,0,0.701998,1.78506,0.895802,0.540801,1.53962,0,0.72425,0.664185,0,0,1,0,1,1,0,0,w,m
51904,UNKNOWN,1,1,0.94228,1.08464,1.15081,1.12459,0,0.72368,1.97298,0.890363,0.575513,1.0551,0,0.525263,0.508723,0.811512,0,1,0,1,0,0,0,w,m
51905,UNKNOWN,1,1,0.94677,0.848383,1.30981,1.02937,0,0.749403,1.56463,0.892876,0.839416,0.902006,0,0.501112,0.825898,0.759462,0,1,0,1,0,0,0,w,m
51906,UNKNOWN,1,1,0.965798,0.845376,1.42679,0.574721,0,0.760236,0.976758,0.842124,0.897385,1.12708,0,0,1.16847,0.521039,0,1,0,1,0,0,1,w,m
51907,UNKNOWN,1,1,0.976401,0.927769,1.10283,0,0,0.75226,0,0.758632,0.55443,0.988503,0,0.602818,1.54506,0.739479,0,1,0,1,0,0,1,w,m
51908,UNKNOWN,1,1,0.975151,0.990667,1.24616,0,0,0.7761,0,0.800274,0.583249,1.20165,0,0,0.733186,1.32296,0,1,0,1,0,0,0,w,m
51909,UNKNOWN,1,1,0.970597,1.12863,1.4322,0,0.542558,0.757016,0,0.724732,0.664184,1.30927,0,0,0.839157,1.6567,0,1,0,1,0,0,0,w,m
51910,UNKNOWN,1,1,0.980828,0.729006,0.686109,0.500688,0,0.911262,0,0.975774,1.33889,1.37207,0,0,0.602893,1.5586,0,1,1,1,0,0,1,w,m
51911,UNKNOWN,1,1,0.987611,0.657525,0.630234,0.548639,0,1.17573,0,1.32697,1.65248,1.55067,0,0,0.596796,1.68915,0,1,1,1,0,0,1,w,m
51912,UNKNOWN,1,1,0.989268,0.88893,0.887673,0.770598,0,1.18258,1.02458,1.36124,1.77687,1.54752,0,0,0.667364,2.06411,0,1,1,1,0,0,1,w,m
51913,UNKNOWN,1,1,0.989609,0.820853,0.526463,0.768408,0,1.13109,1.15515,1.27111,1.8786,1.64087,0,0,0,2.13646,0,0,1,1,0,0,1,w,m
51914,UNKNOWN,1,1,0.992356,1.08858,0.960389,0.751808,0,0.947599,0.675646,0.979303,2.24964,1.59224,0,0,0,2.48402,0,0,1,0,0,0,1,w,m
51915,UNKNOWN,1,1,0.987327,1.40378,1.1235,0.757027,0,0.581585,0,0.744916,2.0363,1.2135,0.760107,0,0,1.95592,0,0,1,1,0,0,1,w,m
28219,UNKNOWN,1,1,0.971137,0,0.612099,0,0.727619,0.758259,0,1.1251,1.39294,1.00689,0.630563,0,1.50533,0,0,0,1,1,1,0,1,m,m
28220,UNKNOWN,1,1,0.979954,0,1.48038,0,0.826481,0,0,0.727175,1.1211,1.07556,0.573544,0,1.14932,0.894498,0,0,1,0,0,0,1,m,m
28221,UNKNOWN,1,1,0.948597,0.799911,2.4084,0,1.25802,0,0,0.606696,0.596224,1.48149,0,0,0.975091,2.25839,0,0,0,0,0,0,1,m,m
28222,UNKNOWN,1,1,0.802659,0,2.0827,0,1.36781,0,0,0,0,0.969951,0.792511,0,0.724868,1.6586,0,0,0,0,0,0,0,m,m
28223,UNKNOWN,1,1,0.971377,1.27946,1.84933,0.743526,0,0.602116,2.35274,0.706009,0,1.24294,0,0.975428,1.15986,4.92301,0.687869,0,1,1,1,0,0,m,m
28224,UNKNOWN,1,1,0.967745,1.46681,1.70621,0.531139,0.858142,0,1.99913,0,0,0.567645,0.51006,0.522214,1.63851,5,0.616585,0,0,1,1,0,0,m,m
28225,UNKNOWN,1,1,0.963204,1.77936,1.73229,0.522365,0.620568,0,1.97424,0,0,0,0.51499,0,1.88828,4.30783,0.653147,0,0,1,1,0,0,m,m
28226,UNKNOWN,1,1,0.963764,1.4159,1.12772,0,0.749997,0,2.01543,0,0,0,0.641593,0,1.30537,3.06309,0.574374,0,0,1,1,0,0,m,m
28227,UNKNOWN,1,1,0.975993,0.74902,1.24484,0,0,0,1.70307,0,0,0,1.01927,0,0.84088,3.78359,0.639114,0,1,1,0,0,0,m,m
28228,UNKNOWN,1,1,0.978572,0,1.19787,0,0,0,1.27913,0,0,0.530745,1.08517,0,0.857827,4.16214,0.585788,0,0,1,0,0,0,m,m
28229,UNKNOWN,1,1,0.965654,0,0.511981,0,0,0,0,0,0.573652,0.882144,0.686347,0.759207,0.61656,3.58776,0,0,1,1,0,0,0,m,m
28230,UNKNOWN,1,1,0.859319,0,0,0,0,0.584419,0,0,0.510445,0,0.708865,0.931726,0.689965,2.69488,0.548209,0,1,0,0,0,0,m,m
28231,UNKNOWN,1,1,0.921493,1.0548,0.691829,0,0,0.629942,0,0.9845,1.23599,1.23763,0.649427,0.563574,0.982779,0,0,0,1,1,1,1,0,m,m
14147,UNKNOWN,1,1,0.831647,0,0,1.65258,0.517854,0,0,0,0,0,0.52843,0,1.10145,0.790858,0.839917,1,0,0,1,0,0,m,m
23023,UNKNOWN,1,1,0.867372,0,0,0,0,1.10339,1.06754,1.35435,1.44636,1.66206,0,0,0,0,0,0,1,0,0,0,0,w,w
23024,UNKNOWN,1,1,0.910437,0,0,0,0,0.96196,0.724151,1.2153,1.33901,1.66446,0,0,0,0,0,0,1,0,1,0,0,w,w
23025,UNKNOWN,1,1,0.750876,0,0,0,0,0.761118,0.766735,1.05823,1.1622,1.72629,0,0,0,0,0,1,1,0,0,0,0,w,w
23026,UNKNOWN,1,1,0.744333,0,0.786832,0,0.821467,0.588849,0.652379,0.900519,0.724011,1.26345,0,0,0,0,0,0,1,0,0,0,0,w,w
23027,UNKNOWN,1,1,0.916989,0,1.32633,0,0.796696,0.664967,0,1.00765,0.597804,2.13278,0,0,0,0,0,0,1,0,0,0,0,w,w
23028,UNKNOWN,1,1,0.927451,0,0.766287,0,0.6999,0.547443,0,0.891462,0.822162,1.93476,0,0.56287,0.694004,0,0,0,1,0,0,0,0,w,w
23029,UNKNOWN,1,1,0.896916,0,0,0,1.33626,0.549342,0,1.02647,0.834522,1.49801,0,0.739749,0.51278,0,0,0,1,0,0,0,0,w,w
23031,UNKNOWN,1,1,0.753809,0,0,1.03605,0.650698,0,0,0,1.27645,0,0,0,0,0,0,1,1,0,0,1,0,w,w
23040,UNKNOWN,1,1,0.801816,0,1.11182,0.587936,1.08217,0,1.752,0,0,0,0,0,0.514898,3.80268,0.887147,1,0,0,0,0,0,w,w
23041,UNKNOWN,1,1,0.908552,0.972074,1.38369,0.803232,0.803984,0,1.95734,0,0,0,0.56246,0,0.705635,2.29749,0,0,0,0,1,0,0,w,w
23042,UNKNOWN,1,1,0.932586,0.995097,2.23937,2.10363,0,0,2.62377,0,0,0,0.519144,0,0,2.12079,0,1,0,0,1,0,0,w,w
23043,UNKNOWN,1,1,0.894303,0.705867,2.13425,1.77552,0,0,3.03217,0,0,0,0.624181,0,0,1.80027,0,1,0,0,1,0,0,w,w
23044,UNKNOWN,1,1,0.895043,0.736163,1.69611,1.66165,0.653756,0,2.10364,0,0,0,0,0,0,1.59474,0,1,1,0,0,0,0,w,w
23046,UNKNOWN,1,1,0.981951,0,0.560678,0,1.64672,0,0,0,0,0,0,0,0,2.16222,0,0,1,0,1,0,0,w,w
23047,UNKNOWN,1,1,0.84709,0,0,0.552894,0.62405,0,0,0,0,0,0,0.708873,0,0,0,1,1,0,0,0,0,w,w
23048,UNKNOWN,1,1,0.752525,0,0.906532,0,0,0.563486,0,0,0,0,0,1.33316,0,0,0,0,1,0,1,0,0,w,w
23049,UNKNOWN,1,1,0.768379,0,0.85786,0,1.01465,0,0,0,0,0,0,1.0938,0,0,0,0,1,0,0,0,0,w,w
23050,UNKNOWN,1,1,0.82913,0,1.36414,0,0,0,0,0,0,0,0,0,0,0,0,1,1,0,0,0,0,w,w
23051,UNKNOWN,1,1,0.983907,0,0,0,0,0,0,0,0,1.5893,0,0.542547,1.36138,0,0,0,1,0,1,0,1,w,w
23052,UNKNOWN,1,1,0.900686,0,0,1.28251,0,0,0,0,0,0.662363,0,0,0,0,0,1,1,0,0,0,0,w,w
23053,UNKNOWN,1,1,0.845117,0,0.99438,1.36554,0,0,0,0,0,0,0,0.655389,0,0,0,1,0,0,0,0,0,w,w
54613,UNKNOWN,1,1,0.968357,0.759683,1.1579,0.705446,0,1.33678,0.888389,1.47114,1.93311,1.66109,0,0,0.740847,1.45673,0,0,1,0,0,0,0,m,m
54614,UNKNOWN,1,1,0.966484,0.803232,1.00736,0.657388,0,1.24364,1.66281,1.50869,1.72902,1.65583,0,0,0,0,0,0,1,0,0,0,0,m,m
54615,UNKNOWN,1,1,0.96529,0.711957,1.14135,0.816015,0,1.26192,1.60109,1.51587,1.74861,1.54718,0,0,0.502129,0,0,0,1,0,0,0,0,m,m
54616,UNKNOWN,1,1,0.962371,0.579601,0.881115,0.760566,0,1.29882,1.16553,1.44078,1.88433,1.20695,0,0,0,0,0,0,1,0,1,0,0,m,m
54660,UNKNOWN,1,1,0.757668,0.792297,1.17552,0.988611,0.857803,0,2.50738,0,0.730941,0,0,0,1.2595,1.32212,0,0,1,0,1,0,0,m,m
54664,UNKNOWN,1,1,0.917644,2.11565,1.4405,1.15587,0.783968,0,0.795483,0,0,0,0,0,1.47728,3.10679,0.789774,1,1,1,1,0,0,m,m
54665,UNKNOWN,1,1,0.798422,1.66949,1.1877,1.46867,0.924933,0,0,0,0,0,0,0,1.15183,2.84061,0.744092,1,1,0,1,0,0,m,m
21777,UNKNOWN,1,1,0.732505,1.12739,1.83889,0,0.69947,0,0,0,0,0,0,0,0.937505,2.05102,0,1,0,1,1,0,0,m,m
21782,UNKNOWN,1,1,0.782003,1.83105,2.60184,0,0.863109,0,0,0,0,0,0,0,2.49497,2.04689,0,0,0,1,1,0,0,m,m
21783,UNKNOWN,1,1,0.742673,1.67989,2.17906,0,1.37753,0,0,0,0,0,0,0,0.592531,2.07517,0,1,0,0,1,0,0,m,m
21784,UNKNOWN,1,1,0.897158,0.524533,0,0,0.687745,0,0,0,0,0,0,0,1.10756,1.32076,0,1,0,0,1,0,0,m,m
21785,UNKNOWN,1,1,0.926474,0.787875,0,0,0,0,0,0,0,0,0,0,1.05034,2.24513,0,1,0,1,0,0,0,m,m
21786,UNKNOWN,1,1,0.922323,0.671629,0.674719,0,0,0,0,0,0,0,0,0,0.952868,1.63101,0,0,0,1,0,0,1,m,m
21787,UNKNOWN,1,1,0.860869,0,0.781476,0.766797,0,0,0,0,0,0,0,0.774086,0.887114,1.71593,0,1,0,1,1,0,1,m,m
21788,UNKNOWN,1,1,0.788034,0.917305,0,2.01304,0,0,0,0,0,0,0,0.768454,1.83968,1.20536,0,1,0,1,0,0,1,m,m
21789,UNKNOWN,1,1,0.861439,1.15856,1.6577,0.675688,0,0,0,0,0,0.622669,0,0.79671,1.40138,2.68438,0,0,0,1,1,0,1,m,m
21791,UNKNOWN,1,1,0.834796,0.774631,0,1.23173,0,0,0.945387,0,0,0,0,0,1.2276,1.46256,0.629841,1,0,0,0,0,1,m,m
21792,UNKNOWN,1,1,0.821981,1.14232,0,1.37078,0,0,1.718,0,0,0,0,0,1.42711,1.51127,0,1,0,1,0,0,1,m,m
21793,UNKNOWN,1,1,0.819795,0.966,0.505995,1.06739,0,0,1.72054,0,0,0,0,0,1.35452,1.24929,0,1,0,1,0,0,1,m,m
21794,UNKNOWN,1,1,0.726896,1.11653,0.635055,0.562378,0,0,1.90906,0,0,0,0,0.630152,1.71056,0.836813,0,1,1,0,1,0,1,m,m
21795,UNKNOWN,1,1,0.750335,1.08085,1.11899,0.673039,0,0,1.65653,0,0,0,0.668504,0.741066,1.31816,1.12665,0,1,1,0,1,0,1,m,m
21796,UNKNOWN,1,1,0.744941,1.27632,0.97405,0,0,0,1.10799,0,0,0,0,0.697942,1.31322,0.986107,0,1,1,0,1,0,1,m,m
21797,UNKNOWN,1,1,0.760729,1.30409,0.888928,0.697792,0,0,1.21923,0,0,0.59824,0,0.799488,1.70159,1.09263,0,1,1,0,1,0,1,m,m
21798,UNKNOWN,1,1,0.762663,1.49277,0.789343,0.838859,0,0,1.18128,0,0,0.583581,0.510562,0.810311,1.64055,0,0,1,0,0,1,0,0,m,m
21799,UNKNOWN,1,1,0.748351,1.66244,0.590178,1.11152,0,0,0.945576,0.531224,0,0.749374,0.725042,0.933607,1.57746,0,0,1,0,0,1,0,1,m,m
21800,UNKNOWN,1,1,0.729655,1.99161,0.781134,1.04611,0,0,0,0,0,0.644483,0.8917,0.911168,1.34928,0,0,1,0,0,1,0,1,m,m
21801,UNKNOWN,1,1,0.745706,0.920486,1.41688,0.977898,0,0,1.34989,0,0,1.28726,0.733548,0.744705,1.20118,0,0,1,1,1,1,0,0,m,m
21802,UNKNOWN,1,1,0.863289,0.74347,1.17999,0.908761,0,0,0.96395,0,0,1.20602,0,0.68136,1.56183,0,0,1,0,1,1,0,0,m,m
21803,UNKNOWN,1,1,0.873594,0.721715,1.49732,0.94752,0,0,1.05165,0.542976,0,1.43297,0,0.82137,2.01145,0,0,1,0,1,1,0,1,m,m
21804,UNKNOWN,1,1,0.912759,0.610518,1.05131,1.07616,0,0,0,0,0,1.61679,0,0.673215,1.84288,0,0,1,0,1,0,0,1,m,m
22436,UNKNOWN,1,1,0.957523,0,0,0,0,1.12883,0,1.43256,1.95201,1.92731,0,0,0,3.2977,0.550588,0,1,1,1,0,1,m,m
22437,UNKNOWN,1,1,0.911727,0,0.780063,0,0,0.8964,0,1.12303,1.78747,2.14789,0.962677,0,0,2.34525,1.00312,1,1,1,1,0,1,m,m
22438,UNKNOWN,1,1,0.762255,1.74156,2.36828,3.45163,0,0.97286,0,1.44332,0.954075,2.32862,1.26943,0.900846,1.26191,2.61664,0.769614,1,0,1,0,1,1,m,m
22439,UNKNOWN,1,1,0.88058,0.986679,1.30395,0,0,0,1.63021,0.871383,1.20752,1.30775,0,0.591499,1.90205,0,0,1,1,0,1,0,1,m,m
22440,UNKNOWN,1,1,0.801751,1.44571,1.64031,0.561485,0,0,1.63002,0.611369,0.979183,1.02638,0.572336,0.700644,2.46377,0.527159,0,1,1,1,1,0,1,m,m
22441,UNKNOWN,1,1,0.851576,1.99033,1.75201,1.22684,0,0,1.66404,0.515114,0,0.910202,1.03928,0.561869,1.84799,1.85781,0,1,1,1,1,0,1,m,m
22442,UNKNOWN,1,1,0.869539,1.53429,1.00383,1.24022,0,0,1.61568,0.6071,0.815175,1.12261,0.843553,0,1.71023,2.42188,0,1,1,1,1,0,0,m,m
22443,UNKNOWN,1,1,0.862594,0.957329,0,0.638603,0,0,1.24953,0.715007,1.16188,0.907725,0.745385,0,1.26925,2.25032,0,1,1,1,1,0,1,m,m
22444,UNKNOWN,1,1,0.909708,0,0.899002,0,0,0.532848,1.44213,0.804195,1.06613,0.692852,0,0,0.772344,1.14755,0,1,1,1,1,0,1,m,m
22445,UNKNOWN,1,1,0.73268,0,1.67752,0,0,0.712022,0,1.02845,1.10494,0.637862,0,0.726329,0.89307,0.807019,0,0,1,0,1,0,0,m,m
22446,UNKNOWN,1,1,0.934655,0,0,0,0,0.807949,0,0.915011,2.10801,2.01797,0.860961,0,0,1.89798,0.656059,0,1,1,1,0,1,m,m
22447,UNKNOWN,1,1,0.941406,0,0,0,0,0.950249,0,1.09279,1.98236,1.97119,0.843053,0,0,2.05059,0.582217,0,1,1,1,0,1,m,m
22448,UNKNOWN,1,1,0.937772,0,0,0,0,0.962883,0,1.11587,1.73684,2.06187,0.806651,0,0,2.01445,0,0,1,1,0,0,1,m,m
22449,UNKNOWN,1,1,0.929398,0,0,0,1.03863,1.08337,0,1.39169,1.78098,2.40504,0.76555,0,0,2.74047,0,1,1,1,0,0,1,m,m
22450,UNKNOWN,1,1,0.935831,0,0,0,1.10874,1.0045,0,1.35516,1.72384,2.29119,0.57076,0,0,2.13711,0,1,1,1,0,0,1,m,m
22451,UNKNOWN,1,1,0.942223,0,0.509734,0,0.823787,1.10205,0,1.39428,1.61579,2.72062,0,0,0,1.99697,0,1,1,1,0,0,1,m,m
22452,UNKNOWN,1,1,0.952488,0,0.96419,0,0.503216,1.07208,0,1.36439,1.60636,2.73489,0,0,0,2.12707,0,1,1,0,0,0,0,m,m
22453,UNKNOWN,1,1,0.941216,0,1.01614,0.808458,0.59107,0.970293,0,1.29117,1.63064,2.6901,0,0,0,1.7279,0,1,1,0,0,0,0,m,m
22454,UNKNOWN,1,1,0.937058,0,0.953926,0.872478,0,0.868982,0,1.19008,1.68144,2.65481,0,0,0,1.25135,0,1,1,0,1,0,0,m,m
22455,UNKNOWN,1,1,0.93778,0,0.995546,1.34497,0.716541,0.886891,0,1.27566,1.83173,2.74438,0,0,0,1.13885,0,1,1,0,1,0,0,m,m
22456,UNKNOWN,1,1,0.947066,0,0.98346,1.28283,1.00917,0.929609,0,1.23031,1.93329,2.53332,0,0,0,1.14089,0,1,1,1,0,0,0,m,m
22457,UNKNOWN,1,1,0.939301,0,1.04554,1.44975,1.389,0.964659,0,1.30993,1.92082,2.75636,0,0,0,0.961679,0,1,1,1,1,0,0,m,m
22458,UNKNOWN,1,1,0.933692,0,0.668431,1.48679,1.09054,0.877628,0,1.30095,1.62969,2.71807,0,0,0,0.857746,0,1,1,0,1,0,0,m,m
22459,UNKNOWN,1,1,0.93851,0,0.744949,1.20998,0.617909,0.885148,0.771054,1.28616,1.09116,2.3781,0,0,0,0,0,1,1,1,1,0,0,m,m
22460,UNKNOWN,1,1,0.936406,0,0.741719,1.11837,0.803658,0.993379,0.965151,1.76366,0.789303,2.36017,0.709101,0.530506,0,0,0,1,1,1,1,0,1,m,m
22461,UNKNOWN,1,1,0.933888,0,0,0,1.13519,1.05977,0,1.79807,0.835581,1.87683,1.04823,0.55079,0,0,0,1,0,1,0,0,1,m,m
22462,UNKNOWN,1,1,0.806906,0,0.531801,0,1.02812,1.07362,0,1.62683,1.78189,1.5632,0.858808,0.511137,0,0,0,1,1,1,0,0,0,m,m
22464,UNKNOWN,1,1,0.905866,0,1.35877,1.80718,1.51825,1.53845,0,1.60613,2.41596,2.5696,0,0,0,0,0,1,1,1,0,0,0,m,m
22465,UNKNOWN,1,1,0.746112,0,0.7886,1.05506,1.43134,1.41515,0,1.67393,2.05359,2.01188,0,0,0,0.591489,0,1,1,0,0,0,0,m,m
22466,UNKNOWN,1,1,0.926713,0,0,0,0.578689,0.959813,0,1.22683,1.21369,1.40048,0,0.631531,0,0.694533,0,1,1,0,1,0,1,m,m
22467,UNKNOWN,1,1,0.866828,0,0,1.50397,0.715758,0.883092,0,1.28356,1.20413,1.31482,0.820515,0.725759,0,0.660878,0,1,0,1,1,0,1,m,m
22468,UNKNOWN,1,1,0.788555,1.08809,0,2.206,0.675527,0.940736,1.11832,1.48462,1.50446,0.984959,1.05878,0.69381,0,0,0,1,1,0,1,0,1,m,m
22469,UNKNOWN,1,1,0.871747,0.905327,0,1.16215,0,0.864796,0,1.50801,1.35373,1.36592,1.24625,0.907671,0,0.719858,0,1,0,1,1,0,1,m,m
22470,UNKNOWN,1,1,0.947174,0,0,0,0,0.94351,0,1.43196,1.36492,1.52513,0.662586,0.549991,0,1.48064,0,1,1,1,1,0,1,m,m
22471,UNKNOWN,1,1,0.864149,0,0,0,0,1.3817,0,2.01854,1.77436,1.64817,0,0.531432,0,1.33108,0,1,1,0,0,0,0,m,m
22472,UNKNOWN,1,1,0.947149,0,0,0.86207,0,0,0,0.717133,0,1.59615,0,0,0,0,0,1,1,0,1,0,1,m,m
22473,UNKNOWN,1,1,0.919336,0,0,0,0,0.626783,0,1.00557,0,1.50899,0,0,0,0,0,1,0,0,1,0,1,m,m
22474,UNKNOWN,1,1,0.969569,0,0,0.74344,0,0,0,0.542563,0,0.953059,0,0,0,1.25078,0,1,0,0,1,0,1,m,m
22475,UNKNOWN,1,1,0.761179,0,1.00804,0,0,0.816441,0,0.870576,0,1.74977,0,0,0,0,0,1,0,1,1,0,1,m,m
22476,UNKNOWN,1,1,0.933618,0,0.515477,0,0,0,1.0157,0.63781,0,1.17474,1.61785,0,0,1.72101,0,1,1,1,1,0,1,m,m
22477,UNKNOWN,1,1,0.899694,0,0.757867,0,0,0,1.88792,0,0,1.64559,0.697641,0,0.684749,0,0.506344,1,0,1,1,0,1,m,m
22478,UNKNOWN,1,1,0.791686,0,0,1.53132,0,0,1.07775,0,0,1.14532,0.648794,0.500661,1.42723,0,0.725142,1,0,1,1,0,1,m,m
22479,UNKNOWN,1,1,0.855788,0,0,0,0,0,1.9185,0.508239,0,0.713764,0,0,1.01838,0,0,1,0,0,1,0,1,m,m
22480,UNKNOWN,1,1,0.850878,0,0,0,0,0,1.66711,0.551669,0.59921,0,0,0.703952,1.38898,0,0,1,1,1,1,0,1,m,m
22481,UNKNOWN,1,1,0.84082,0.503289,0,0,0,0,1.75174,0,0.534591,0,0,0.769621,1.53541,0,0,1,1,1,1,0,1,m,m
22482,UNKNOWN,1,1,0.828612,0,0,0,0,0,1.12596,0,0,0,0,0.857213,1.65803,0,0,1,1,1,1,0,1,m,m
22483,UNKNOWN,1,1,0.78338,0.787974,0,0,0,0,0.989006,0,0,0,0,1.01248,1.36055,0,0,1,1,1,1,0,1,m,m
22484,UNKNOWN,1,1,0.934162,0,0,0.502481,0,0,1.28047,0,0,1.0682,0,0.659748,1.8725,0,0,1,0,1,0,0,1,m,m
22485,UNKNOWN,1,1,0.928161,0,0,0,0,0,0.985247,0,0,0.920127,0,0.703582,2.04904,0,0,0,0,1,0,0,1,m,m
40965,UNKNOWN,1,1,0.970034,0,0,0,0,0,0.629431,0.525715,0,1.24076,0.64332,0.540039,0,0,0,1,0,1,1,0,1,m,m
40966,UNKNOWN,1,1,0.964873,0,0,0.946462,0,0,1.07931,0,0,0.872496,0.550028,0.64728,0,0.685891,0,1,0,1,1,0,1,m,m
40967,UNKNOWN,1,1,0.962507,0,0,0.763333,0,0,0,0.533582,0,1.00087,0.68908,0.587777,0,0,0,1,0,1,1,0,1,m,m
40968,UNKNOWN,1,1,0.956273,0,0.534119,0.830672,0,0.528935,0.697776,0.616548,0,1.18737,0.543787,0.65195,0,0,0,1,0,1,1,0,1,m,m
40969,UNKNOWN,1,1,0.951562,0.705852,1.27128,0.949535,0,0.651361,0.990414,0.815014,0,1.55623,0,0.816919,0,0.604344,0,1,0,1,1,0,1,m,m
40970,UNKNOWN,1,1,0.95138,0,0.809444,0.677145,0,0,0.601069,0.526404,0,1.64649,0,0.729909,0,0.539345,0,1,0,1,1,0,1,m,m
40971,UNKNOWN,1,1,0.926643,0,0.955043,0,0,0,0,0,0,1.66204,0,0.810554,0,0,0,1,0,1,0,0,1,m,m
40972,UNKNOWN,1,1,0.923261,0.662466,1.39294,0,0.559959,0,0,0,0,1.25549,0,0.70683,0,0,0,1,0,0,0,0,0,m,m
40973,UNKNOWN,1,1,0.922418,0,1.29669,0,0,0,0,0,0,1.29728,0,0.591669,0,0,0,1,0,0,0,0,0,m,m
40974,UNKNOWN,1,1,0.939882,0.506529,0.991103,0,0,0,0,0.511523,0,1.61487,0,0.508671,0,0,0,1,0,0,0,0,0,m,m
40975,UNKNOWN,1,1,0.955021,0,0.617386,0,0,0.605337,0,0.817953,0.524185,1.77535,0,0,0,0,0,1,1,0,0,0,0,m,m
40976,UNKNOWN,1,1,0.977346,0,0,0.513014,0,0.618327,0,0.878712,0,1.69019,0,0,0,0,0,1,1,1,0,0,1,m,m
40977,UNKNOWN,1,1,0.978363,0,0,0,0,0.681766,0,1.0034,0,1.84471,0.655086,0,0,0,0,1,1,1,0,0,1,m,m
40978,UNKNOWN,1,1,0.970825,0,0.759732,0,0,0.638744,0.87065,0.881681,0,1.50473,0,0,0,0,0,1,1,1,1,0,1,m,m
40979,UNKNOWN,1,1,0.956203,0,0.908165,0,0,0.671057,1.03471,0.755237,0,1.79654,0.640779,0,0,0,0,1,1,1,0,0,1,m,m
40980,UNKNOWN,1,1,0.865653,0,1.73069,0,0.62498,0.525334,0,0,0,1.05566,0.952509,0.581762,0.592399,0.57871,0,1,0,1,0,0,1,m,m
40981,UNKNOWN,1,1,0.94079,0,0.98287,0,0,0,1.02405,0.728947,0.808062,2.02373,0.606361,0,1.52648,0.540438,0,1,1,1,1,0,0,m,m
40991,UNKNOWN,1,1,0.741445,0.758031,1.95195,0,0,0.542706,0,0,0.673148,0,0,0,0.729583,1.62635,0,0,0,1,0,0,1,m,m
40992,UNKNOWN,1,1,0.758101,0.878688,3.14171,0,0,0,0,0,0.614057,0,0,0,0,1.81205,0,0,0,1,0,0,0,m,m
40993,UNKNOWN,1,1,0.95312,1.4159,1.31428,0,0.795043,0,1.8296,0,0,0.766748,0,0,1.01121,0.615351,0,1,0,1,0,0,0,m,m
40994,UNKNOWN,1,1,0.953565,1.20574,0.875785,0,0.840901,0,0.63864,0,0,1.63956,0,0,0.908632,0,0,0,0,0,0,0,0,m,m
40995,UNKNOWN,1,1,0.936362,1.66223,0.797178,0,0.797769,0,0.558948,0.626096,0.764137,0.947685,0,0,0.952298,0.866077,0,1,0,1,0,0,0,m,m
40996,UNKNOWN,1,1,0.908931,1.49237,1.35418,0.794818,0,0.642357,1.1563,0.896521,0.957991,1.39787,0,0,1.07737,1.87621,0,1,0,1,1,0,0,m,m
40997,UNKNOWN,1,1,0.831159,1.43653,1.7861,0.634818,1.02431,0,2.09227,0,0,0.616327,0,0,1.47903,0.643962,0,1,1,1,1,0,0,m,m
40998,UNKNOWN,1,1,0.83855,1.57561,0.88936,0.848101,0.544117,0,1.94758,0.557752,0,1.02876,0,0,1.32633,0,0,1,1,1,1,0,0,m,m
40999,UNKNOWN,1,1,0.83515,1.48607,0.708013,1.19938,0.972278,0,1.42555,0.762582,0.547459,1.47035,0,0.542051,1.63425,0,0,1,1,1,1,0,0,m,m
41000,UNKNOWN,1,1,0.839639,1.26393,0.965788,1.21072,0.883154,0.571112,1.56398,0.890432,0.679907,1.37214,0,0.513447,1.38066,0,0,1,1,1,1,0,0,m,m
41001,UNKNOWN,1,1,0.80036,1.57103,1.02999,0.695353,0.85107,0.583653,1.35318,0.912092,0.654103,1.25415,0,0,1.74363,0,0,1,1,1,1,0,0,m,m
41002,UNKNOWN,1,1,0.810901,1.74652,1.1912,0.757238,0.888121,0.623845,1.64585,0.874651,0.847138,1.35075,0,0,1.87878,0,0,1,1,1,1,0,0,m,m
41003,UNKNOWN,1,1,0.825482,1.51828,1.20481,0,0.658615,0.743535,1.57945,0.989132,1.0705,1.37291,0,0,1.58488,0,0,1,1,1,1,0,0,m,m
41004,UNKNOWN,1,1,0.81036,1.47073,1.17544,0,0.613348,0.703286,1.72972,0.909749,1.05464,1.32522,0,0,1.42469,0,0,1,1,1,1,0,0,m,m
41005,UNKNOWN,1,1,0.801039,1.89929,1.46277,0,0.93329,0.747028,1.66735,0.94622,0.982235,1.14661,0,0,1.48539,0,0,1,1,1,1,0,0,m,m
41006,UNKNOWN,1,1,0.801335,1.57293,1.61781,0,0.627126,0.69957,1.46808,0.898689,0.980681,1.56695,0,0,1.72835,0,0,1,1,1,1,0,0,m,m
41007,UNKNOWN,1,1,0.797359,1.61691,1.42073,0,0.598274,0.667622,1.8366,0.825405,0.817003,0.850183,0,0,1.74836,0,0,1,1,1,1,0,0,m,m
41008,UNKNOWN,1,1,0.939042,1.2779,1.3886,0,0,0.69972,1.04012,0.833368,0.816647,0.655795,0,0,1.67782,0,0,0,0,1,1,0,0,m,m
41009,UNKNOWN,1,1,0.950514,1.37122,1.78963,0,0,0.577355,1.13795,0.833973,0.791889,0,0,0,1.18691,0,0,0,0,1,1,0,0,m,m
41010,UNKNOWN,1,1,0.94642,1.07267,1.3662,0,0,0,0,0.764307,1.03765,0.846955,0,0,1.17754,0.841181,0,0,1,1,1,0,0,m,m
41011,UNKNOWN,1,1,0.940252,1.23359,1.42956,0,0.70045,0,0,0.681981,1.06072,0.952939,0,0,0.916713,1.15195,0.628442,0,1,1,1,0,0,m,m
41532,UNKNOWN,1,1,0.876441,0.659197,1.28988,0,0,0.818954,0,0.621296,1.18868,0,0.510222,0.636884,0.808606,2.31149,0,0,0,1,0,0,1,m,m
41533,UNKNOWN,1,1,0.91447,0,0.564163,0,0,0,0,0,0,0,0,0.627028,0.986317,0,0,1,0,1,1,0,0,m,m
41541,UNKNOWN,1,1,0.92871,0,0,0,0,0,0,0,0.835557,0,0,0,0.850587,2.20791,0,1,0,1,0,0,1,m,m
41542,UNKNOWN,1,1,0.930576,0,0,0,0,0,0,0,0.723316,0,0,0,0.92874,2.20789,0,1,0,1,0,0,1,m,m
41543,UNKNOWN,1,1,0.92967,0,0,0,0,0,0,0,0.6876,0,0,0,0.738338,2.33962,0,1,0,1,0,0,1,m,m
41544,UNKNOWN,1,1,0.944439,0,0,0,0,0,0,0,0.919033,0.557925,0,0,1.24967,2.54429,0,0,0,1,0,0,1,m,m
41564,UNKNOWN,1,1,0.888576,0,0,0.927385,0,0,0,0,0,0,0,0,0.621103,0,0.58268,1,0,1,0,0,1,m,m
41565,UNKNOWN,1,1,0.924266,0,0,0.962949,0,0,0,0,0,0,0,0,0,0,0,1,0,1,0,0,1,m,m
41566,UNKNOWN,1,1,0.894478,0,0,0.580209,0,0,0,0,0,0,0,0,0,0.902637,0,1,0,0,0,0,1,m,m
41567,UNKNOWN,1,1,0.909782,0,0,0,0,0,0,0,0,0,0,0.589282,0,0.576185,0,1,0,0,0,0,1,m,m
41568,UNKNOWN,1,1,0.932117,0,0,0.537179,0.788657,0,0,0,0,0,0,0.543162,0,0.909845,0,1,0,0,0,0,1,m,m
41569,UNKNOWN,1,1,0.938414,0.631333,0,0,0.673867,0,0,0,0,0,0,0,0,0,0,1,0,0,0,0,1,m,m
41570,UNKNOWN,1,1,0.894538,0.886832,0,0,0,0,0,0,0,0,0,0,0,0,0,1,0,0,0,0,1,m,m
41571,UNKNOWN,1,1,0.914058,1.18738,0,0.680509,0,0,0,0,0,0,0,0,0,0,0,1,0,0,0,0,1,m,m
41572,UNKNOWN,1,1,0.943963,1.01349,0,0,0,0,0,0,0,0,0,0,0,0,0,1,0,0,0,0,1,m,m
41573,UNKNOWN,1,1,0.945235,0.78407,0,0,0,0,0,0,0,0,0,0,0,0,0,1,0,0,0,0,1,m,m
41574,UNKNOWN,1,1,0.948092,0.780402,0,0,0,0,0,0,0,0,0,0,0,0,0,1,0,0,0,0,1,m,m
41575,UNKNOWN,1,1,0.931259,0.786338,0,0,0,0,0,0,0,0,0,0,0,0,0,1,0,1,0,0,1,m,m
41576,UNKNOWN,1,1,0.913383,0.769254,0.694157,0,0,0,0,0,0,0.768118,0,0,0,0,0,1,0,1,0,0,1,m,m
41577,UNKNOWN,1,1,0.921726,1.08391,0.819263,0,0,0,0,0,0,0,0,0,0,0,0,1,0,1,0,0,1,m,m
41578,UNKNOWN,1,1,0.964597,0.918113,0,0,0,0,0,0,0,0,0,0,0,0,0,1,0,1,0,0,1,m,m
45765,UNKNOWN,1,1,0.960621,0,0,0.968139,0,0,1.21207,0,0.895229,0.882393,0.662555,0,0,0,0,0,1,1,0,0,1,m,m
45766,UNKNOWN,1,1,0.961855,0,0,0.80691,0,0.539645,0.891565,0,1.12972,1.12273,0.833671,0,0,0,0,0,1,1,0,0,1,m,m
45767,UNKNOWN,1,1,0.956483,0,0,0.908773,0,0.504796,1.0604,0.530172,1.28845,0.928301,0.560447,0,0.799342,0,0,0,1,1,0,0,1,m,m
45768,UNKNOWN,1,1,0.954696,0,0,0.796325,0,0,1.14791,0,1.02315,0.730817,0,0,0.658115,0.572401,0,0,1,1,0,0,1,m,m
45769,UNKNOWN,1,1,0.955015,0,0,1.03626,0,0,1.21052,0,1.03716,0.760658,0.527363,0,1.0878,0,0,0,1,1,0,0,1,m,m
45770,UNKNOWN,1,1,0.957604,0,0,0.752415,0,0,1.15919,0,1.04197,0.677824,0.547364,0,0.702256,0,0,0,1,1,0,0,1,m,m
45771,UNKNOWN,1,1,0.959407,0,0,0.721452,0,0,0.95603,0,1.13484,0.693503,0.618901,0,0.631713,0,0,0,1,1,0,0,1,m,m
45772,UNKNOWN,1,1,0.954733,0,0,0.633468,0,0,1.00264,0,1.10475,0.794819,0.602402,0,0,0,0,0,1,1,0,0,1,m,m
45773,UNKNOWN,1,1,0.944028,0,0,0,0,0,1.11938,0,0.998274,0.60378,0,0,0,0,0,0,1,1,0,0,1,m,m
45774,UNKNOWN,1,1,0.934592,0,0,0,0,0,0.649498,0,0.906489,0.87263,0,0,0,0,0,0,0,1,0,0,1,m,m
45775,UNKNOWN,1,1,0.933306,0,0,0,0,0,0.9047,0.525612,1.11426,0.784697,0.553012,0,0,0,0,0,1,1,0,0,1,m,m
45776,UNKNOWN,1,1,0.939273,0,0,0,0,0.566714,0.520754,0.579878,1.01717,1.35065,0.588646,0,0,0,0,0,1,1,0,0,1,m,m
45777,UNKNOWN,1,1,0.960943,0,0,0,0,0.54659,0,0.627015,1.29017,1.15358,0.60914,0,0,1.92423,0.568889,0,1,1,0,0,1,m,m
45778,UNKNOWN,1,1,0.978716,0,0,0.566341,0,0,0,0.552547,1.38972,1.37213,0.617392,0,0,2.43079,0.772911,0,1,1,0,0,1,m,m
45779,UNKNOWN,1,1,0.970248,0,0,0.669925,0,0.583846,0.552802,0.656343,1.20781,1.28854,0,0,0,1.96145,0.691914,0,1,1,0,0,1,m,m
45780,UNKNOWN,1,1,0.969225,0,0,0.603449,0,0.575876,0,0.570126,1.00514,0.884044,0,0,0,0,0,0,1,1,0,0,1,m,m
45781,UNKNOWN,1,1,0.966478,0,0,0,0,0,0,0,0.792214,0.837339,0,0,0,0,0,0,0,1,0,0,1,m,m
45782,UNKNOWN,1,1,0.962816,0,0,0,0,0,0,0,0.758375,0,0,0,0,0,0,0,0,1,0,0,1,m,m
45783,UNKNOWN,1,1,0.958661,0,0,0,0,0,0.626257,0,0.544261,0,0,0,0,0,0,0,0,1,0,0,1,m,m
45784,UNKNOWN,1,1,0.958971,0,0,0,0,0,0,0,0.517078,0,0.514225,0,0,0,0,0,0,1,0,0,1,m,m
45785,UNKNOWN,1,1,0.956918,0,0,0,0,0,0.736101,0,0.567369,0,0.592855,0,0,0,0,0,0,1,0,0,1,m,m
45786,UNKNOWN,1,1,0.944257,0,0,0,0,0,0.920387,0,0.582001,0.593488,0.598223,0,0.528117,0,0,0,0,1,0,0,1,m,m
45787,UNKNOWN,1,1,0.942483,0,0,0,0,0,0.898782,0,0,0.917549,0.559371,0.530629,0.944339,0,0,0,0,1,0,0,1,m,m
45788,UNKNOWN,1,1,0.942108,0,0,0,0,0,0,0,0.689267,1.01262,0,0.56004,1.02053,0,0,0,0,1,1,0,1,m,m
45789,UNKNOWN,1,1,0.947716,0,0.668169,0,0,0,0,0,0.724913,0.75565,0,0,1.29172,0,0,0,0,1,1,0,1,m,m
45790,UNKNOWN,1,1,0.942257,0.554523,0,0,0,0,0,0,0,1.29344,0.640967,0,1.66676,1.37752,1.28231,0,0,1,0,0,1,m,m
45791,UNKNOWN,1,1,0.927764,1.14723,0.840501,0,0,0,0,0,0,0.859568,0,0,1.32801,2.69109,1.20743,0,0,1,0,0,1,m,m
45798,UNKNOWN,1,1,0.923345,0,0,0,0,0,0,0,0,0,0,0,0,0,0.531762,1,0,1,1,0,1,m,m
45799,UNKNOWN,1,1,0.923183,0,0,0,0,0,0,0,0,0,0,0,0,0.515123,0,1,0,1,0,0,1,m,m
45800,UNKNOWN,1,1,0.916352,0,0,0,0,0,0,0,0,0,0,0,0,0.699143,0,1,0,1,1,0,1,m,m
45801,UNKNOWN,1,1,0.861921,0,0.567544,0,0,0,0,0,0,0,0,0,0,0,0,1,0,1,1,0,1,m,m
45802,UNKNOWN,1,1,0.844381,0.877208,1.26122,0,0,0,0,0,0,0.599255,1.98257,0,0,0.775783,0,1,0,1,1,0,1,m,m
45803,UNKNOWN,1,1,0.760842,0.570154,0.684295,0,0,0,0,0,0,0.520606,1.99647,0,0,1.05089,0.511149,1,0,1,1,0,1,m,m
45804,UNKNOWN,1,1,0.809543,1.19889,0.978707,0.85031,0,0,0,0,0,0,0.816256,0,0,0,0.881946,1,0,1,0,0,1,m,m
46332,UNKNOWN,1,1,0.979676,0,0.700008,0,0,0.565921,1.48592,1.00179,1.4717,1.56997,0,0,1.13113,0,0,0,1,1,1,0,0,m,m
46350,UNKNOWN,1,1,0.8447,1.23833,1.7246,1.01595,0,0.913877,0,0.736912,0.785476,1.02801,0,0.699693,1.72007,2.32676,0,1,0,1,1,0,0,m,m
46351,UNKNOWN,1,1,0.900855,1.05521,1.96777,0,0,0.611659,0,0.666168,0,0.762629,0,0.792388,2.6452,1.02055,0,1,0,0,1,0,0,m,m
46352,UNKNOWN,1,1,0.850752,0.790699,1.63649,0,0,0.701612,0,0.734064,0.508166,0.611489,0,0.945342,1.75834,1.39468,0,1,0,1,1,0,0,m,m
46353,UNKNOWN,1,1,0.855045,1.21969,1.89633,0,0,0.625372,0,0.650122,0,0,0,0.842426,2.75068,1.00569,0,1,0,1,1,0,0,m,m
46377,UNKNOWN,1,1,0.849024,0.682995,0.742876,0,0,0,0,0,0.767186,0,0,0,1.49709,1.6631,0,1,0,1,1,0,0,m,m
46378,UNKNOWN,1,1,0.789432,0,0,0.540126,0,0.574265,0,0.812201,1.24894,0.943342,0,0.995593,1.0263,2.47699,0,1,0,1,1,0,1,m,m
52949,UNKNOWN,1,1,0.894145,0,0,0,0,0,0,0,0.682746,0.878358,0,0,0,0,0.652017,1,0,1,0,0,1,m,m
52950,UNKNOWN,1,1,0.900471,0,0,0.7795,0,0,0,0,0.706746,0.580821,0,0,0,0,0.537846,1,0,1,0,0,1,m,m
52951,UNKNOWN,1,1,0.883203,0,0,0,0,0,0,0,0.624445,0.710277,0,0,0,0,0.626727,1,0,1,0,0,1,m,m
52952,UNKNOWN,1,1,0.907401,0,0,0,0,0,0.522217,0,0.57667,0,0,0,0,0.865475,0.621077,1,0,1,1,0,1,m,m
52953,UNKNOWN,1,1,0.911663,0,0,0,0,0,0,0,0,0.933239,0.608258,0,0,1.36523,0.643657,1,0,1,1,0,1,m,m
52954,UNKNOWN,1,1,0.96696,0,0.605487,0,0,0,0,0,0,0.758274,0,0,0,0.608281,0,1,0,0,1,0,1,m,m
52955,UNKNOWN,1,1,0.960504,0,0.568701,0,0,0,0.960281,0,0.687922,0.898752,0,0,0,1.28198,0,0,1,1,1,0,1,m,m
52956,UNKNOWN,1,1,0.969736,0,0,0,0,0,0,0,0,0.71472,0,0,0.513977,1.05519,0,0,1,0,0,0,1,m,m
52957,UNKNOWN,1,1,0.970638,0,0,0,0,0,0.646231,0,0.637767,0.813901,0,0,0.547471,0.970868,0,0,1,1,0,0,1,m,m
52958,UNKNOWN,1,1,0.97582,0,0,0,0,0,0.700348,0,0,0.906789,0.560378,0,0.676114,0,0,0,1,1,0,0,1,m,m
52959,UNKNOWN,1,1,0.975776,0,0,0.693778,0,0,1.25601,0,0.60393,0.958362,0,0,0.63431,0.5584,0,0,1,1,0,0,1,m,m
52960,UNKNOWN,1,1,0.976135,0,0,0.859904,0,0,1.58374,0,0.705205,1.14113,0,0,0.766282,0,0,0,1,1,0,0,1,m,m
52961,UNKNOWN,1,1,0.973792,0,0,1.07174,0,0,1.34149,0,0.730048,1.17857,0,0,0.78028,0,0,0,1,1,0,0,1,m,m
52962,UNKNOWN,1,1,0.983066,0,0,0.929758,0,0,1.42021,0,0,1.24171,0,0,1.10239,0,0,0,1,1,0,0,1,m,m
52963,UNKNOWN,1,1,0.982599,0,1.13732,0.885868,0,0,1.52325,0,0,1.39156,0,0,1.73632,0,0,0,1,1,0,0,1,m,m
