time_stamp,word,frame,success,confidence,AU01_r,AU02_r,AU04_r,AU05_r,AU06_r,AU09_r,AU10_r,AU12_r,AU14_r,AU15_r,AU17_r,AU20_r,AU25_r,AU26_r,AU04_c,AU12_c,AU15_c,AU23_c,AU28_c,AU45_c,speaker_gender,listener_gender
1824,YES,1,1,0.866049,0,0,0.728954,0,0,0,0,1.44565,1.03602,0,0,0.819978,2.7778,0,0,1,0,0,0,0,w,m
1825,YES,1,1,0.864969,0,0,0.75954,0,0,0,0,1.44888,1.10066,0.551667,0,1.05347,2.94976,0,0,1,0,0,0,0,w,m
1826,YES,1,1,0.852448,0,0,0.702627,0,0,0,0,1.46569,1.1861,0.516879,0,0,2.5143,0,0,1,0,0,0,0,w,m
1827,YES,1,1,0.893931,0,0,0.794122,0,0,0,0,1.07529,1.12894,1.05085,0,0.821997,2.61753,0,0,1,1,0,0,0,w,m
1828,YES,1,1,0.925195,0,0,0.74885,0,0,0,0,0.823939,0.921386,1.35384,0,1.2068,1.13435,0,0,1,1,0,0,0,w,m
1829,YES,1,1,0.93874,0,0,0,0,0,0,0,0.7723,0,0.881073,0,0.530444,0.555352,0,0,1,1,0,0,0,w,m
1830,YES,1,1,0.939726,0,0,0.653653,0,0,0,0,0.589629,0,1.20928,0,0,0,0,0,1,1,1,0,0,w,m
1831,YES,1,1,0.939602,0,0,0,0,0,0,0,0,0,1.03839,0,0,0,0,0,0,1,1,0,0,w,m
1832,YES,1,1,0.950407,0,0,0,0,0,0,0,0,0,1.25921,0,0,0,0,0,1,1,1,0,0,w,m
1833,YES,1,1,0.952072,0,0,0.593967,0,0,0,0,0,0,0.921994,0,0,0,0,1,1,1,1,0,0,w,m
1834,YES,1,1,0.944897,0,0,0,0,0,0,0,0,0,0.713759,0,0,0,0,0,1,1,1,0,0,w,m
1835,YES,1,1,0.946008,0,0,0,0,0,0,0,0,0,0.606431,0,0,0,0,0,1,1,1,0,0,w,m
1836,YES,1,1,0.947962,0,0,0,0,0,0,0,0,0,0,0,0,0,0,0,1,0,1,0,0,w,m
1837,YES,1,1,0.943437,0,0,0.599844,0,0,0,0,0,0,0.802415,0,0,0,0,0,1,1,1,0,0,w,m
1838,YES,1,1,0.869164,0,0,0.720942,0,0,0,0,0,0,0.799318,0,0,0.593273,0,1,1,0,1,0,0,w,m
1841,YES,1,1,0.742883,0,0.618035,0,0,0,1.42202,0,0,0.660939,0,0,0,0,0.598146,0,0,0,0,0,0,w,m
1844,YES,1,1,0.914935,1.14715,2.07007,0.676223,1.0479,0,0,0,0,0,0,0,0,1.14478,1.31399,0,0,0,1,0,0,w,m
1845,YES,1,1,0.881313,1.14188,1.74179,0,0.965391,0,0,0,0,0,0,0.508521,0.716279,1.20094,1.33525,0,0,1,1,0,0,w,m
1846,YES,1,1,0.884208,1.30499,1.0311,0,0,0,0,0,0,0,1.02287,0,1.12285,0,0.556862,0,0,0,1,0,0,w,m
1847,YES,1,1,0.906875,0.50049,0.713083,0,1.49018,0,0,0,0,0,0,0,0,0.727684,0.84669,0,1,0,1,0,0,w,m
6680,YES,1,1,0.781492,0,0,0.682748,0,0,1.41364,0,0,0,0,0,0,1.44983,0,0,0,0,1,0,0,w,m
6681,YES,1,1,0.835922,0,0,0.589549,0,0,0,0,0,0,0,0,0,0.749899,0,0,0,0,1,0,0,w,m
6682,YES,1,1,0.783196,0,0,0,0,0,0.509691,0,0,0,0,0,0,0,0,0,0,0,0,0,0,w,m
6683,YES,1,1,0.729303,0,0,0,0,0,0,0,0,0,0,0.585615,0,0,0,0,0,0,1,0,0,w,m
6684,YES,1,1,0.726859,0,0.550099,0,0,0,0.557996,0,0,0,0,0,0,0,0.500362,0,0,1,1,0,1,w,m
6693,YES,1,1,0.827317,0.583375,0.904598,0.752929,0,0,0.538972,0,0.606863,0,0,0,0,3.11657,0.594527,0,0,0,0,0,0,w,m
1,YES,1,1,0.976108,0,0.59256,0,0,0,0.982845,0,0,0,0,0,1.99515,1.50434,0.516954,0,0,0,1,0,0,w,m
2,YES,1,1,0.969852,0,0,0,0,0,1.08041,0,0,0,0,0,1.79453,1.57817,0.50598,0,0,0,0,0,0,w,m
3,YES,1,1,0.966646,0,0.791812,0,0,0,0.96849,0,0,0,0,0,1.88653,2.04592,0,1,0,0,0,0,0,w,m
4,YES,1,1,0.967865,0,0.958714,0,0,0,0.754498,0,0,0,0,0,1.92665,2.21093,0,1,0,0,0,0,0,w,m
5,YES,1,1,0.96891,0,0.893566,0,0,0,0.690674,0,0,0,0,0,1.93277,2.22703,0,1,0,0,0,0,0,w,m
6,YES,1,1,0.969418,0,0.869068,0,0,0,0.711726,0,0,0,0,0,1.9355,1.7961,0,1,0,0,0,0,0,w,m
7,YES,1,1,0.968017,0,0.672949,0,0,0,0.543273,0,0,0,0,0,1.91462,2.01221,0,0,0,0,0,0,0,w,m
8,YES,1,1,0.970788,0,0.664035,0,0.50931,0,0,0,0,0,0,0,2.0943,1.37323,0,0,0,0,0,0,0,w,m
9,YES,1,1,0.968883,0,0.785727,0,0.681995,0,0,0,0,0,0,0,1.87379,0.998366,0,0,0,0,0,0,0,w,m
10,YES,1,1,0.970899,0,1.20762,0,0,0,0,0,0,0,0,0,1.55709,0.889803,0,1,0,0,0,0,0,w,m
11,YES,1,1,0.977691,0,1.21335,0,0,0,0,0,0,0,0,0,1.53343,0,0,0,0,0,0,0,0,w,m
12,YES,1,1,0.979069,0,1.09679,0,0.591653,0,0,0,0,0,0,0,1.30205,0,0,0,0,0,0,0,0,w,m
13,YES,1,1,0.9766,0.627138,1.01205,0,0.748847,0,0,0,0,0,0,0,1.15704,0,0,0,0,0,0,0,0,w,m
14,YES,1,1,0.977637,0.612857,1.11556,0,0.645622,0,0,0,0,0,0,0,1.00909,0,0,0,0,0,0,0,0,w,m
15,YES,1,1,0.97554,0.57968,1.09383,0,0.674618,0,0,0,0,0,0,0,1.17728,0,0,0,0,0,0,0,0,w,m
16,YES,1,1,0.974711,0.674931,0.991339,0,0.665137,0,0,0,0,0,0,0,1.21626,0,0,0,0,0,0,0,0,w,m
17,YES,1,1,0.97222,0.677231,0.791716,0,0.509998,0,0,0,0,0,0,0,1.17671,0,0.515882,0,0,0,0,0,0,w,m
18,YES,1,1,0.97425,0.671084,0.793083,0,0.510794,0,0,0,0,0,0,0,1.05898,0,0.514463,0,0,0,0,0,0,w,m
19,YES,1,1,0.976447,0.716217,0.907953,0,0.511574,0,0,0,0,0,0,0,1.2198,0,0.508747,0,0,0,0,0,0,w,m
20,YES,1,1,0.975236,0.674469,0.958501,0,0.58666,0,0.529673,0,0,0,0,0,1.33741,0,0.53731,0,0,0,0,0,0,w,m
21,YES,1,1,0.975231,0.701733,0.773718,0,0,0,0,0,0,0,0,0,1.36829,0,0.571837,0,0,0,0,0,0,w,m
22,YES,1,1,0.972598,0.801474,0.946077,0,0,0,0,0,0,0,0,0,1.47577,0,0.563247,0,0,0,0,0,0,w,m
23,YES,1,1,0.970716,0.758413,0.787785,0,0,0,0.915568,0,0,0,0,0,1.46854,0,0.557047,0,0,0,0,0,0,w,m
24,YES,1,1,0.973607,0.713004,0.837841,0,0,0,0.964255,0,0,0,0,0,1.3415,0,0.581305,0,0,0,0,0,0,w,m
25,YES,1,1,0.971256,0.806834,0.759771,0,0,0,0.90454,0,0,0,0,0,1.52848,0,0.561105,0,0,0,0,0,0,w,m
26,YES,1,1,0.971865,0.923226,0.894165,0,0,0,0.999468,0,0,0,0,0,1.35293,0,0.578055,0,0,0,0,0,0,w,m
27,YES,1,1,0.97564,0.864536,0.66933,0,0,0,1.10892,0,0,0,0,0,1.47088,0,0.564996,0,0,0,0,0,0,w,m
28,YES,1,1,0.972786,0.951041,0.665947,0,0,0,1.11562,0,0,0,0,0,1.58075,0,0.55194,0,0,0,0,0,0,w,m
29,YES,1,1,0.971249,0.835851,0.833823,0,0,0,1.13871,0,0,0,0,0,1.67222,0,0.558893,0,0,0,0,0,0,w,m
30,YES,1,1,0.975329,0.872445,0.590638,0,0,0,0.949451,0,0,0,0,0,1.66635,0,0.561451,0,0,0,0,0,0,w,m
31,YES,1,1,0.974154,0.824293,0.511322,0,0,0,0.883576,0,0,0,0,0,1.77891,0,0.537761,0,0,0,0,0,0,w,m
32,YES,1,1,0.972659,0.86589,0.629552,0,0,0,0.983432,0,0,0,0,0,1.88249,0,0.541123,0,0,0,0,0,0,w,m
33,YES,1,1,0.975335,0.930454,0.649889,0,0,0,1.04235,0,0,0,0,0,1.74566,0,0.550089,1,0,0,0,0,0,w,m
34,YES,1,1,0.974706,0.956018,0.625668,0,0,0,1.06687,0,0,0,0,0,1.68793,0,0.563145,0,0,0,0,0,0,w,m
35,YES,1,1,0.974145,0.888723,0.527348,0,0,0,1.11438,0,0,0,0,0,1.79116,0,0.546481,0,0,0,0,0,0,w,m
36,YES,1,1,0.973054,0.882504,0,0,0,0,1.03586,0,0,0,0,0,1.77761,0,0.541772,0,0,0,0,0,0,w,m
37,YES,1,1,0.973601,0.892301,0,0,0,0,1.14127,0,0,0,0,0,1.79991,0,0.554642,0,0,0,0,0,0,w,m
38,YES,1,1,0.973122,0.89918,0.573076,0,0,0,1.08461,0,0,0,0,0,1.81555,0,0.556029,1,0,0,0,0,0,w,m
39,YES,1,1,0.971649,0.984112,0.626438,0,0,0,1.30753,0,0,0,0,0,1.73549,0,0.563103,0,0,0,0,0,0,w,m
40,YES,1,1,0.972384,0.980945,0.653671,0,0,0,1.6805,0,0,0,0,0,1.4882,0,0.583065,0,0,0,0,0,0,w,m
41,YES,1,1,0.972698,1.05021,0.627514,0,0,0,1.59005,0,0,0,0,0,1.61957,0,0.590453,0,0,0,0,0,0,w,m
1,YES,1,1,0.933791,1.4018,1.92126,0,0.863569,0,0,0,0,0,0,0,2.4138,0,0.542931,0,0,0,0,0,0,w,m
2,YES,1,1,0.789377,1.42974,3.01413,0,1.86123,0,0,0.580404,0,0,1.32069,0,2.41196,0,0,0,0,0,1,0,0,w,m
3,YES,1,1,0.966153,0.876086,2.44749,0,1.40684,0,0.770137,0,0,0,1.18244,0,2.79998,0,0.563126,0,0,0,0,0,0,w,m
4,YES,1,1,0.922658,1.09071,3.27288,0,0.902956,0,0.561941,0,0,0,0,0,3.35285,0,0.558028,0,0,0,0,0,0,w,m
5,YES,1,1,0.932945,0.554026,2.54697,0,1.35361,0,0,0,0.793705,0,1.20977,0.620077,3.35773,0,0.600804,0,0,1,0,0,0,w,m
27,YES,1,1,0.936558,1.21142,1.39179,0,0,0,0,0,0.635389,1.21763,0.664976,0.743646,0,0.825857,0,0,1,1,0,0,0,w,m
28,YES,1,1,0.889236,1.41812,0.678806,0.802319,0,0.790314,0,0.81084,0.761327,1.8333,1.07026,0,1.54645,1.41261,0,0,1,0,0,0,0,w,m
29,YES,1,1,0.933554,1.20823,0.945943,0,0,0.504929,0,0.501635,1.23556,1.29013,0.869103,0.839252,0,0.867855,0,1,1,1,0,0,0,w,m
4114,YES,1,1,0.918434,0,0.512541,0.601295,0,0,0,0,0.746639,0.505423,0,0,0,0,0,0,1,1,1,0,0,m,w
4115,YES,1,1,0.930829,0,0,0.821591,0,0.510741,0,0,0.837143,0.774556,0,0,0.640595,0,0,0,1,1,1,0,0,m,w
4116,YES,1,1,0.918709,0,0,0.786944,0,0.555206,0.581893,0.506948,0.822878,1.00018,0,0,0,0,0,0,1,1,1,0,0,m,w
4117,YES,1,1,0.92032,0,0,0.568981,0,0.592437,0,0.576723,0.877983,0.963889,0,0,0.66117,0,0,0,1,1,1,0,0,m,w
4118,YES,1,1,0.929605,0,0,0.863662,0,0.599073,0.648317,0.551518,0.71383,1.33362,0,0,0.785787,1.2385,0,0,1,1,1,0,0,m,w
4119,YES,1,1,0.927006,0,0.594685,0.696387,0,0.571889,0,0.513921,0.678871,1.07558,0,0,0.617896,1.21186,0,0,1,1,0,0,0,m,w
4120,YES,1,1,0.930882,0,0.527329,0.601656,0,0,0.607857,0,0.623986,0.757038,0,0,0,0.71301,0,1,1,1,0,0,0,m,w
4121,YES,1,1,0.93357,0,0.651336,0.510949,0,0,0,0,0.557106,0.797661,0,0,0,0.58643,0,0,1,1,0,0,0,m,w
4122,YES,1,1,0.93577,0,0.5645,0.757589,0,0.511079,0.528752,0,0.620675,1.03123,0,0,0.618552,0,0,0,1,1,1,0,0,m,w
4123,YES,1,1,0.931349,0,0,0.698724,0,0.553439,0,0,0.742556,0.829728,0,0,0.755472,0,0,0,1,1,1,0,0,m,w
4124,YES,1,1,0.930799,0,0,0.856894,0,0.570253,0,0,0.619442,0.88013,0,0,0.987179,0.700361,0,0,1,1,1,0,0,m,w
4125,YES,1,1,0.933851,0,0.534982,0.765928,0,0,0,0,0.584373,0.907106,0,0,0.682264,0,0,0,1,1,1,0,0,m,w
4126,YES,1,1,0.927629,0,0.528232,0.624558,0,0.524439,0.886657,0,0.558043,0.843901,0,0,0,0.956763,0,0,1,1,0,0,0,m,w
4127,YES,1,1,0.931112,0,0.527633,0.641727,0,0.563259,0.556178,0,0.714596,0.870117,0,0,0,1.25927,0,0,1,1,1,0,0,m,w
4128,YES,1,1,0.925738,0,0.703091,0,0,0.524771,0,0,0.583932,0.902823,0,0,0,0.752177,0,0,1,1,1,0,0,m,w
4129,YES,1,1,0.924777,0,0,0.692188,0,0.616267,0,0.531086,0.786057,0.788243,0,0,0,0.951979,0,0,1,1,1,0,0,m,w
4130,YES,1,1,0.917813,0,0,0.5379,0,0.583571,0,0,0.619012,0.7484,0,0,0,0.726658,0,0,1,1,1,0,0,m,w
4131,YES,1,1,0.920312,0,0,0,0,0.573611,0,0.555028,0.634611,0.791153,0,0,0,0.574176,0,0,1,1,1,0,0,m,w
4132,YES,1,1,0.921515,0,0,0.697692,0,0.610893,0,0.537282,0.655104,0.634907,0,0,0,0.939594,0,0,1,1,1,0,0,m,w
4133,YES,1,1,0.916504,0,0,0.53544,0,0.549479,0.524437,0.522145,0.646883,0,0,0,0,0.651532,0,0,1,1,1,0,0,m,w
4134,YES,1,1,0.923016,0,0,0.685646,0,0.600128,0,0.582146,0.557291,0.877853,0,0,0,0,0,0,1,1,1,0,0,m,w
4135,YES,1,1,0.926511,0,0,0,0,0.611868,0,0.618679,0.706851,0.721104,0,0,0,0.691688,0,0,1,0,1,0,0,m,w
4136,YES,1,1,0.922195,0,0.581835,0,0,0.566333,0.554702,0.566938,0.667566,0.659755,0,0,0,0.800273,0,0,1,0,1,0,0,m,w
4137,YES,1,1,0.91606,0,0,0,0,0.547391,0.522477,0.501049,0.785996,0.85793,0,0,0,0.915066,0,0,1,0,1,0,0,m,w
4138,YES,1,1,0.914585,0,0.572262,0.54334,0,0.543876,0.62952,0,0,0,0,0,0,0,0,0,1,0,1,0,0,m,w
4139,YES,1,1,0.910293,0,0.704425,0.575089,0,0.558447,0,0,0.732472,0.616155,0,0,0,0.609029,0,0,1,0,1,0,0,m,w
4140,YES,1,1,0.918603,0,0,0.548271,0,0.554608,0.537696,0,0.722383,0.756938,0,0,0,0.958543,0,0,1,1,1,0,0,m,w
4141,YES,1,1,0.916673,0,0,0.601583,0,0.630385,0.6925,0.522728,0.678814,0.713533,0,0,0.738781,1.04163,0,0,1,1,0,0,0,m,w
4142,YES,1,1,0.919393,0,0.548036,0,0,0.530903,0.84308,0,0.610393,0.758422,0,0,0.518854,0.911962,0,0,1,0,0,0,0,m,w
4143,YES,1,1,0.915612,0,0,0,0,0.562458,0.910018,0,0.580005,0.560272,0,0,0,0.7831,0,0,1,0,1,0,0,m,w
4144,YES,1,1,0.920058,0,0.572285,0,0,0.580248,0.744184,0.511515,0.698047,0.514222,0,0,0,1.08487,0,0,1,0,1,0,0,m,w
173,YES,1,1,0.932319,0.566675,0,0,0,0,0,0,0,0.755747,1.27147,0,0,0,0,0,0,0,1,0,0,w,m
174,YES,1,1,0.937933,0.614126,0,0,0.60512,0,0.539193,0,0.504916,1.01268,1.25844,0,0,0,0,0,0,0,1,0,0,w,m
175,YES,1,1,0.935949,0.576077,0,0,0.635631,0,0,0,0,1.05771,1.28397,0,0,0,0,0,0,0,1,0,0,w,m
176,YES,1,1,0.93576,0.63047,0,0,0,0,0,0,0,1.20652,1.28675,0,0,0,0,0,0,0,1,0,0,w,m
197,YES,1,1,0.945826,0,0,0,0,0,0,0,0.565563,1.13413,1.01374,0,0,0,0,0,0,0,0,0,0,w,m
198,YES,1,1,0.947263,0,0,0,0,0,0,0,0.592773,1.30925,0.876399,0,0,0,0,0,0,0,0,0,0,w,m
1177,YES,1,1,0.918603,0.532066,1.07278,0.754595,0.975807,0,0,0,0,0.735851,0,0,1.73301,1.2596,0,0,1,0,0,0,1,w,m
1178,YES,1,1,0.976645,0,1.2396,0.789773,0.782119,0,0,0,0,0.708555,0,0,0.904462,0.888917,0,0,1,0,0,0,0,w,m
1179,YES,1,1,0.981936,0,0.995823,0.766649,0.585636,0,0,0,0,0,0,0,1.19168,1.48514,0,0,1,0,0,0,0,w,m
1180,YES,1,1,0.973552,0,0.949082,0.888952,0.993801,0,0,0,0,0.641907,0,0,0.571064,0,0,0,1,0,0,0,0,w,m
1181,YES,1,1,0.978524,0,0.909875,0.962484,0.996641,0,0,0,0,0.871797,0,0,0.740232,1.32575,0,0,1,0,0,0,0,w,m
1182,YES,1,1,0.971423,0,0.650152,0.654744,1.28824,0,0,0,0,0,0,0,0.795768,0.830851,0,0,1,0,0,0,0,w,m
1183,YES,1,1,0.973246,0,0.824924,0.750087,0.840578,0,0,0,0.6513,0,0,0,0,0.843199,0,0,1,0,0,0,0,w,m
1184,YES,1,1,0.978396,0,0.894252,0.811723,1.20539,0,0,0,0.568706,0.801009,0,0,0.627988,0.85789,0,0,1,1,0,0,0,w,m
1185,YES,1,1,0.979119,0,0.877178,1.15424,1.1412,0,0,0,0.683349,0.686284,0,0,0.703139,0.98571,0,0,1,1,0,0,0,w,m
1186,YES,1,1,0.978763,0,0.807708,0.948565,1.04825,0,0,0,0,0.554943,0,0,0.987218,1.16253,0,0,1,1,0,0,0,w,m
1187,YES,1,1,0.982146,0,0.533235,0.775475,1.0879,0,0,0,0,0,0,0,1.19935,0.916615,0,0,1,1,0,0,0,w,m
1188,YES,1,1,0.979061,0,1.05452,0.552688,0.928349,0,0.696564,0,0,0.526309,0,0,0.869424,0.586619,0,0,1,1,0,0,0,w,m
1189,YES,1,1,0.952583,0,1.08878,0,1.28629,0,0,0,0.534068,0,0.526565,0,1.26292,0.866201,0,0,1,1,0,0,0,w,m
1192,YES,1,1,0.835467,1.3623,0,1.94659,1.0859,0,2.37589,0,0,0,0,0,0,0,0,0,0,1,0,0,0,w,m
210,YES,1,1,0.953724,1.86721,0,0,0,0,0,0,0,0,0,0,0,0,0,0,0,1,1,0,1,w,m
211,YES,1,1,0.940996,1.21839,0,0,0,0,0,0,0,0,0,0,0,0,0,0,0,0,1,0,1,w,m
212,YES,1,1,0.870294,1.8363,0,0,0,0,0,0,0,0,0,0,0,0,0,0,0,0,0,0,1,w,m
213,YES,1,1,0.926993,1.47755,1.95261,0,0,0,0,0.517725,0.828769,0,0,0,0,0.874065,1.02248,0,1,1,1,0,1,w,m
214,YES,1,1,0.873632,1.42093,0.653629,0,0.787517,0,0,0,0,0,0.725779,0,0,1.55032,0.813,0,0,1,0,0,0,w,m
215,YES,1,1,0.73797,2.15353,0.555133,0,1.06617,0,0,0,0,0,0,0,0,0.918961,0.500777,0,0,0,0,0,0,w,m
223,YES,1,1,0.967772,1.22743,0,0,0,0,0,0,0.567766,0,0,0,1.09955,1.19715,0.743154,0,0,0,1,0,0,w,m
224,YES,1,1,0.967165,1.23288,0,0,0,0,0,0,0.6758,0.670834,0,0,1.20699,1.31762,0.674856,0,0,0,1,0,0,w,m
225,YES,1,1,0.963122,1.1872,0,0,0,0,0,0,0.721347,0.52465,0,0,1.05045,1.53869,0.692237,0,0,0,1,0,0,w,m
226,YES,1,1,0.969872,0.940957,0,0,0,0,0,0,0.759657,0.782649,0,0,0.914022,1.25239,0.755134,0,0,0,1,0,0,w,m
11905,YES,1,1,0.88709,1.00052,2.02432,0,0,0,0,0,0,0,0,0.596322,0,0,0,0,0,1,0,0,0,m,m
11906,YES,1,1,0.824621,1.17345,2.22112,0,0,0,0,0,0,0,0,0.51982,0,0,0,0,0,1,0,0,0,m,m
11907,YES,1,1,0.804874,1.2729,1.83996,0,0,0,0,0,0,0,0,0,0,0,0,0,0,1,0,0,0,m,m
11908,YES,1,1,0.811258,1.21952,1.31755,0,0,0,0,0,0,0,0,0,0,0,0,0,0,0,0,0,0,m,m
11909,YES,1,1,0.801547,1.58051,1.23565,0,0,0,0,0,0,0,0,0,0,0,0,0,0,1,0,0,0,m,m
12454,YES,1,1,0.9615,0,0,1.82863,0,0,0.596541,0,0.578369,0,0.55186,0.647262,1.87754,3.66314,1.3598,1,0,1,0,0,0,m,m
12456,YES,1,1,0.919899,0,0,0.985475,0.658705,0,0,0,0,0,0,0,1.2071,3.55417,0,1,0,0,0,0,1,m,m
12457,YES,1,1,0.882891,1.60371,0,0,0.927027,0.618724,0,0.597124,0.881655,0.789118,0,0,1.37951,0,0,0,1,1,1,0,1,m,m
13188,YES,1,1,0.948774,0.746918,1.03426,1.10644,0,1.19956,1.29198,1.7231,1.75958,1.59132,0,0.511915,0,0,0,0,1,1,1,0,1,m,m
13189,YES,1,1,0.949888,0,0.649566,1.28959,0,1.18476,0.576703,1.81964,1.38393,1.71123,0.609702,0.538743,0,0,0,0,1,1,1,0,1,m,m
13190,YES,1,1,0.95596,0,0,1.20213,0,1.04229,1.20659,1.61853,1.16748,1.50604,0.512632,0.591593,0,0,0,0,1,1,1,0,1,m,m
13191,YES,1,1,0.913684,0.509175,0,0.541951,0,0.721207,1.45734,1.27069,0.918344,0.71339,0.539303,0.731601,0.793989,0,0,0,1,1,1,0,1,m,m
13192,YES,1,1,0.829621,1.37429,0,0,0.866336,0,1.82401,0.570989,0.638144,0,0,0.582755,1.17852,0.739281,0,0,0,1,1,0,1,m,m
13207,YES,1,1,0.946801,0,0,0.59161,0,0,0,0,0,0.654711,0,0,1.49722,0.515777,0,0,0,1,1,0,0,m,m
13208,YES,1,1,0.938445,0,0,1.12633,0,0,0,0,0,1.18376,0,0,1.3761,1.22385,0,0,0,1,1,0,0,m,m
13209,YES,1,1,0.92231,0,0,0.935883,0,0.541173,0,0.934012,0,1.63283,0.513989,0,1.49531,1.5128,0,0,0,1,1,0,0,m,m
13210,YES,1,1,0.927858,0,0,0.636724,0,0.516208,0,0.781764,0,1.72257,0,0,0.64609,0.591221,0,0,0,1,1,0,0,m,m
13211,YES,1,1,0.91092,0,0,0,0,0.619999,0,1.01872,0.965038,1.04562,0,0,0,0,0,0,1,1,1,0,0,m,m
13212,YES,1,1,0.951702,0,0,0.767069,0,0.624299,0,0.884111,0.913263,0.671237,0,0,0,0,0,0,0,1,1,0,0,m,m
13213,YES,1,1,0.903937,0,0,0.862711,0,0.630872,0,0.981308,0.926579,0.960745,0,0,0,0,0,0,0,1,1,0,0,m,m
13214,YES,1,1,0.922757,0,0,0.952631,0,0.606495,0,1.07949,0.535068,1.73427,0,0,0,1.51406,0,0,1,1,1,0,0,m,m
13215,YES,1,1,0.912528,0,0,0.69383,0,0.631645,0.801569,1.10949,0.571515,1.82377,0,0,0.570187,1.71265,0,0,1,1,1,0,0,m,m
13216,YES,1,1,0.920807,0,0.830227,1.06868,0,0.514901,0,0.875402,0,1.58698,0,0,0.674604,2.39861,0,0,1,1,1,0,0,m,m
13217,YES,1,1,0.93618,0,0.901736,0.755721,0,0.550492,0,0.956233,0.71922,1.5174,0,0,0,1.60457,0,0,1,1,1,0,0,m,m
13218,YES,1,1,0.959606,0,0.718786,0.742047,0,0.521956,0,0.983339,0.76163,1.75837,0.547463,0,0,1.37556,0,0,1,1,1,0,0,m,m
13219,YES,1,1,0.959502,0,0.899163,0.603761,0,0.73164,0.775539,1.19287,0.967397,1.64987,0.914678,0,0,0.800271,0.516183,0,1,1,1,0,0,m,m
13220,YES,1,1,0.968119,0,0.877011,0.760435,0,0.692368,1.39984,1.07501,0.833227,1.96946,1.22285,0,0,0,0.512194,0,1,1,1,0,0,m,m
13221,YES,1,1,0.96576,0,0.600418,0,0,0.856944,0.998454,1.18243,1.06098,2.06335,1.16002,0.714799,1.37808,0,0,0,1,1,1,0,0,m,m
13222,YES,1,1,0.982318,0,0.579913,0.782405,0,0.838154,1.24095,1.28602,1.10133,2.07258,1.13866,0,1.62536,0,0,0,1,1,1,0,0,m,m
13223,YES,1,1,0.979268,0,1.07218,0.933231,0,1.07806,1.35384,1.59611,1.03254,2.09213,1.06655,0.543251,0.791002,0,0,0,1,1,1,0,0,m,m
13224,YES,1,1,0.965645,0,0.851401,1.0491,0,1.18798,1.55818,1.63004,1.15337,1.82257,0.910266,0,0,0,0,0,1,1,0,0,0,m,m
13225,YES,1,1,0.96822,0,0,0.932155,0,1.31175,1.8474,1.85125,1.27425,2.04626,1.09837,0,0,0.581995,0,0,1,1,0,0,0,m,m
13226,YES,1,1,0.975803,0,0.577112,0.899158,0,1.13712,1.49546,1.53822,0.904768,2.1537,1.11919,0,0,0.612016,0,0,1,1,0,0,0,m,m
13227,YES,1,1,0.975767,0,0.734018,0.532788,0,1.07766,1.74713,1.546,0.860193,1.95757,1.24431,0,0,0,0,0,1,1,1,0,0,m,m
13228,YES,1,1,0.963996,0,0.705845,0.926996,0,0.804361,1.38933,1.2554,0.835819,1.84205,1.17436,0,0,0.60336,0,0,1,1,1,0,0,m,m
13229,YES,1,1,0.954513,0,0.544071,0.774561,0,0.855112,0,1.38812,1.12815,2.01386,0.743379,0,0.846148,0,0,0,1,1,1,0,0,m,m
13230,YES,1,1,0.916158,0,0.677024,0.844118,0,0.859259,0,1.35718,1.09486,1.80874,0.535979,0.514359,0.590256,0,0,0,1,1,1,0,0,m,m
13231,YES,1,1,0.913003,0,0,0,0,0.890432,0,1.40245,1.16641,1.89255,0,0.643508,0.635666,0,0,0,1,1,1,0,1,m,m
13232,YES,1,1,0.938698,0,0.772569,0,0,0.832965,0,1.32109,1.14634,1.87286,0,0,0,0,0,0,1,1,1,0,0,m,m
13233,YES,1,1,0.9447,0,0.685176,0,0,0.830287,0,1.40584,1.08225,1.75067,0.646913,0,0.65737,0,0,0,1,1,1,0,0,m,m
13234,YES,1,1,0.94974,0,0.66275,0,0,0.728549,0,1.22914,1.03523,1.74898,0,0,0,0,0,0,1,1,1,0,0,m,m
13235,YES,1,1,0.945756,0,0.649876,0,0,0.69934,0,1.08013,1.12158,1.9628,0,0,0.963101,1.49167,0,0,1,1,0,0,0,m,m
13236,YES,1,1,0.935017,0,0,0.550908,0.772365,0,0,0.71677,0,0.511893,0,0,0.827504,2.57039,0,0,0,1,0,0,0,m,m
13237,YES,1,1,0.848798,0,0,0,1.08373,0.83255,0,1.1774,1.16886,1.32828,0,0,1.37012,3.3242,0,0,1,1,0,0,0,m,m
13238,YES,1,1,0.750451,0,0,0,1.05194,0.708012,0,0.933754,1.22843,1.15899,0,0,1.69795,4.15768,0,0,1,1,0,0,0,m,m
13239,YES,1,1,0.773276,0,0,0,1.14062,0.760186,0,1.05899,1.32167,1.00499,0,0,1.83122,4.40223,0,0,1,1,0,0,0,m,m
26721,YES,1,1,0.964011,0.653423,0.711194,0,0.795753,0,1.00551,0.769503,0,0.836727,0.625625,0,0,2.56983,0,0,1,1,1,0,0,m,m
26722,YES,1,1,0.940743,0.909712,0.618154,0,1.19276,0,0.665146,0.559752,0,0.831876,0,0,0,2.04595,0,0,1,1,1,0,0,m,m
26723,YES,1,1,0.934483,0.878431,0.937484,0,1.20537,0,0,0.720267,0.544025,0.659322,0,0,0,2.49298,0,0,1,1,1,0,0,m,m
26724,YES,1,1,0.942836,0.530209,0.725546,0,1.09716,0,0,0.73047,0,0.600824,0,0,0,3.34403,0,0,1,0,1,0,0,m,m
26725,YES,1,1,0.94028,0.901492,0.919966,0,1.01953,0,0,0.796797,0.561366,1.10001,0,0,0,3.49214,0.534885,0,1,1,1,0,0,m,m
26726,YES,1,1,0.963479,1.13072,1.0542,0,1.18301,0,0.737959,0,0,0.540206,0.941849,0,0,3.77413,0.622036,0,1,1,1,0,0,m,m
26727,YES,1,1,0.959824,1.11569,1.01235,0,1.12241,0,1.07903,0,0.560271,0,0.846676,0,0.575717,3.60055,0.737653,0,1,1,1,0,0,m,m
26728,YES,1,1,0.965319,1.3035,1.17708,0,1.30757,0,1.06316,0,0.644868,0.765156,0,0,0.583813,2.49908,0.566966,0,1,1,1,0,0,m,m
26729,YES,1,1,0.975136,0.512438,0.93767,0,1.13811,0,0.658535,0.631354,0.529256,1.11071,0,0.695458,0.704002,1.10478,0,0,1,1,1,0,0,m,m
26730,YES,1,1,0.984036,0,0.726781,0,1.06023,0,0.885488,0.661794,0.745087,0.739867,0,0,0.619609,0.68216,0,0,1,1,1,0,0,m,m
26731,YES,1,1,0.985069,0,0.583647,0,1.22842,0.522552,0.844251,0.883447,0.921342,1.07142,0,0,0,0,0,0,1,1,1,0,0,m,m
26732,YES,1,1,0.985395,0,0,0,0.975754,0.606549,1.1691,1.02121,1.1547,1.27688,0,0,0,0,0,0,1,1,1,0,0,m,m
26733,YES,1,1,0.984628,0,0,0,0.770006,0.762643,1.19403,1.18404,1.19347,1.58581,0,0,0,1.12415,0,0,1,1,1,0,0,m,m
26734,YES,1,1,0.981992,0,0,0,0.620193,0.841496,0.99649,1.22083,1.6036,1.48534,0,0,0,0.865327,0,0,1,1,1,0,0,m,m
26735,YES,1,1,0.975867,0,0,0,0,0.844496,1.67498,1.22281,1.65743,1.31872,0,0,0,0,0,0,1,1,1,0,0,m,m
26736,YES,1,1,0.960887,0,0,0,0,0.616611,1.50403,1.04162,1.45101,0.854774,0,0,0,0,0,0,1,0,1,0,0,m,m
26746,YES,1,1,0.978457,0,1.15576,0,0,0.662113,3.07316,1.25814,1.2804,1.2413,0,0,0,0,0,0,1,1,1,0,0,m,m
26747,YES,1,1,0.978406,0.594624,1.24493,0,0,0.693308,2.78735,1.23868,1.28498,1.39933,0,0,0,0,0,0,1,1,0,0,0,m,m
26748,YES,1,1,0.980019,0,0.605373,0,0,0.738233,2.52666,1.30487,1.48452,1.39048,0,0,0,0,0,0,1,1,1,0,0,m,m
26749,YES,1,1,0.98109,0,0.89768,0,0,0.745782,2.51103,1.28213,1.36778,1.42305,0,0,0,0,0,0,1,1,1,0,0,m,m
26750,YES,1,1,0.981466,0,0.90856,0,0,0.685577,2.35646,1.17394,1.22041,1.40606,0,0,0,0,0,0,1,1,0,0,0,m,m
26751,YES,1,1,0.983794,0,1.11917,0,0,0.706373,2.54989,1.26088,1.2845,1.29823,0,0,0,0,0,0,1,1,0,0,0,m,m
26752,YES,1,1,0.984948,0,1.03351,0,0.505228,0.677833,2.73995,1.1852,1.37551,1.31505,0,0,0,0,0,0,1,1,0,0,0,m,m
26753,YES,1,1,0.983747,0,0.955383,0,0,0.734071,2.62688,1.29733,1.47476,1.50064,0,0,0,0,0,0,1,1,0,0,0,m,m
26754,YES,1,1,0.983053,0,0.957546,0,0,0.65058,2.61569,1.13284,1.47795,1.28011,0,0,0,0,0,0,1,1,0,0,0,m,m
26755,YES,1,1,0.983831,0,1.21029,0,0,0.678641,2.52581,1.15653,1.31204,1.41613,0,0,0,0,0,0,1,1,0,0,0,m,m
26756,YES,1,1,0.984425,0,1.09318,0,0,0.603945,2.28944,1.08326,1.22652,1.45444,0,0,0,0,0,0,1,1,0,0,0,m,m
26757,YES,1,1,0.982942,0,1.05495,0,0,0.672579,2.19608,1.21225,1.27058,1.20111,0,0,0,0,0,0,1,1,0,0,0,m,m
26758,YES,1,1,0.983779,0,0.841855,0,0,0.601729,2.31322,1.09538,1.22451,1.4931,0,0,0.65865,0,0,0,1,1,0,0,0,m,m
26759,YES,1,1,0.982331,0,1.04613,0,0,0.619701,2.58563,1.18058,1.17978,1.34788,0,0,0,0,0,0,1,1,0,0,0,m,m
26760,YES,1,1,0.984537,0,1.22357,0,0,0.577498,2.80558,1.12957,1.1319,1.46188,0,0,0,0,0,0,1,1,0,0,0,m,m
26761,YES,1,1,0.983065,0,0.989269,0,0,0.603401,2.91124,1.1571,1.27519,1.44063,0,0,0.642582,0,0,0,1,1,0,0,0,m,m
26762,YES,1,1,0.981905,0,1.17245,0,0,0.533426,3.13611,1.06915,1.32595,1.54035,0,0,0,0,0,0,1,1,0,0,0,m,m
26763,YES,1,1,0.979892,0,1.46554,0,0,0.541413,2.89578,1.0874,1.19639,1.76611,0,0,0,0,0,0,1,1,0,0,0,m,m
26764,YES,1,1,0.981378,0,1.24979,0,0,0.52281,3.24431,1.06429,1.2546,1.54569,0,0,0.528289,0,0,0,1,1,0,0,0,m,m
32880,YES,1,1,0.988337,1.20602,0.813821,1.19857,0,0,1.29175,0,0,1.18119,0,0.532271,0,1.73561,0,0,1,0,0,0,0,m,m
32881,YES,1,1,0.985325,1.33191,0.616747,1.69173,0,0,1.6064,0,0,0.864139,0,0,0,0,0,0,0,0,1,0,0,m,m
32882,YES,1,1,0.966745,1.19446,0,1.28063,0,0,0.835324,0,0.547524,0.671239,0,0,0,0,0,0,1,0,0,0,0,m,m
32907,YES,1,1,0.973256,1.21151,0,0.53311,0,0,1.43755,0.636125,0,0.758947,0.945897,0,0,0,0,0,0,0,1,0,0,m,m
32908,YES,1,1,0.974948,1.32486,0,0.700459,0,0,1.40828,0.572233,0,0.781754,1.08408,0,0,0,0,0,0,0,1,0,0,m,m
32909,YES,1,1,0.975516,1.72583,0,0.688661,0,0,1.12197,0.715103,0.621679,0.739772,1.10881,0.584785,0,0,0,0,0,0,1,0,0,m,m
32910,YES,1,1,0.970975,1.45491,0,0,0,0,1.34965,0.680312,0,0.723307,1.05989,0,0,0,0,0,0,0,0,0,0,m,m
32911,YES,1,1,0.968391,1.31707,0,0.522004,0,0,1.56632,0.751076,0.712154,0.879183,0.912557,0,0,0,0,0,0,0,1,0,0,m,m
32912,YES,1,1,0.967096,1.30765,0,0.510183,0,0,0.995085,0.590482,0.566929,0.725163,1.20914,0,0,0,0,0,0,1,1,0,0,m,m
32913,YES,1,1,0.969339,1.23326,0,0,0,0,0.898141,0.764958,0.67747,1.10539,1.07681,0,0,0,0,0,0,0,1,0,0,m,m
32914,YES,1,1,0.968731,1.32235,0,0.596253,0,0,1.67197,0.654775,0.670129,0.802087,1.13169,0,0,0,0,0,0,0,1,0,0,m,m
34221,YES,1,1,0.987656,0.538718,0,0,0,0,0,0,0,0,0,0,0.877076,1.34375,0,1,0,0,0,0,0,m,m
34222,YES,1,1,0.989109,0,0,0.734877,0,0,0,0,0,0,0,0,0,2.29172,0,1,0,0,0,0,0,m,m
34223,YES,1,1,0.982433,0,0,0,0,0,0,0,0,0,0,0,0.815031,2.08868,0,1,0,0,0,0,0,m,m
34224,YES,1,1,0.979135,0,0,0.748995,0,0,1.01412,0,0,0,0,0,0.532588,2.9235,0,1,0,0,0,0,0,m,m
34225,YES,1,1,0.973469,0,0,0,0,0,0,0,0,0,0,0,0,3.36707,0,1,1,0,0,0,0,m,m
34226,YES,1,1,0.970397,0,0,0.671638,0,0,0.958124,0,0,0,0,0.560249,0,2.63863,0,1,0,0,0,0,0,m,m
34227,YES,1,1,0.936531,0,0,0.994485,0,0,1.14534,0,0,0,0,0.996445,0,2.09,0,1,0,0,0,0,0,m,m
34228,YES,1,1,0.9845,0,0,1.43925,0,0,1.07731,0,0,0,0,0,0,0,0,1,0,1,0,0,1,m,m
34229,YES,1,1,0.9378,0.500716,0,1.99025,0,0,0.991922,0,0,0,0,0.632748,0,0,0,1,0,0,0,0,0,m,m
34230,YES,1,1,0.811228,1.69829,1.26885,2.2578,0,0,0,0,0,0,0,0,0,0,0,1,0,0,0,0,0,m,m
34238,YES,1,1,0.958265,0,0,0,0,0,0.799619,0,0.531007,0.962317,0.792997,0,1.46679,0,0,0,1,0,0,0,0,m,m
34239,YES,1,1,0.96732,0,0,0,0,0,0.505817,0,0.574914,0.966916,0.925175,0,1.88059,0,0,0,1,0,0,0,0,m,m
34240,YES,1,1,0.973667,0,0,0,0,0,0.596739,0,0,0.848026,0.842638,0,1.81187,0.563725,0,0,1,0,0,0,0,m,m
34241,YES,1,1,0.966931,0,0,0,0,0,0,0.709845,0.830733,0.56693,0.818863,0,1.35077,1.02302,0,0,1,1,0,0,0,m,m
34242,YES,1,1,0.867696,0,0.698741,0,0,0,0,0,0,0,0,0.604091,2.15235,2.55331,0,0,0,0,1,0,0,m,m
34246,YES,1,1,0.825955,1.02609,2.33505,0,0.895854,0,0.892406,0,0,0,0,0.657193,0,3.9199,0,0,1,1,1,1,0,m,m
34248,YES,1,1,0.877673,1.62517,0.912461,0,0.66219,0,0,0,0,0,0,0.553865,1.33935,2.5024,0,0,0,1,1,1,0,m,m
36559,YES,1,1,0.986747,0.681432,0,0,0,0,1.28868,0,0.524804,0,0,0,0,0.553553,0,0,1,0,0,0,0,m,m
36560,YES,1,1,0.983315,0,0.533012,0.523013,0,0,1.1224,0,0,0.606375,0,0,0,0,0,0,1,0,0,0,0,m,m
36561,YES,1,1,0.979931,0,0.530151,0.687497,0,0,0.680641,0,0,0.589958,0,0,0,1.25748,0,0,1,0,0,0,0,m,m
36562,YES,1,1,0.980655,0,0.515434,0.579102,0,0,0,0,0,0.71143,0,0,0,1.49365,0,0,1,0,0,0,0,m,m
36563,YES,1,1,0.981736,0,0.759674,0,0,0,0,0,0,0.978023,0,0,0.713941,1.71833,0,0,1,0,0,0,0,m,m
36564,YES,1,1,0.985231,0,0.737692,0,0,0,0,0,0,0.794059,0,0,0.676853,1.75149,0,0,1,0,0,0,0,m,m
36565,YES,1,1,0.988303,0,0,0,0,0,0,0,0,0.734969,0,0,0.779189,1.73052,0,0,1,0,0,0,0,m,m
36566,YES,1,1,0.991252,0,0,0.610058,0,0,0.845599,0,0,0.665124,0,0,0,1.37251,0,0,1,0,0,0,0,m,m
36567,YES,1,1,0.992077,0,0,0,0,0,0.589206,0,0,0.596026,0,0,0.562513,1.7473,0,0,1,0,0,0,0,m,m
36568,YES,1,1,0.992852,0,0,0.583912,0,0,1.06101,0,0,0.774705,0,0,0,1.43726,0,0,1,0,1,0,0,m,m
36569,YES,1,1,0.992847,0,0,0,0,0,1.14226,0,0,0.811042,0,0,0,1.64788,0,0,1,0,0,0,0,m,m
36570,YES,1,1,0.992727,0,0,0.66098,0,0,1.18167,0,0,0.787511,0,0,0,0.732256,0,0,1,0,0,0,0,m,m
36571,YES,1,1,0.991878,0,0,0,0,0,0.70945,0,0.621593,0.689887,0,0,0,0.531138,0,0,1,0,0,0,0,m,m
36572,YES,1,1,0.991414,0,0,0,0,0,1.13961,0,0.617089,0.757413,0,0,0.587977,0,0,0,1,0,0,0,0,m,m
36573,YES,1,1,0.991767,0,0,0,0,0,0.934942,0,0.521903,0.672825,0,0,0.631239,0.688546,0,0,1,0,0,0,0,m,m
36574,YES,1,1,0.986867,0,0.580586,0,0,0,0.766974,0,0,0.600649,0,0,0,0,0,0,1,0,0,0,0,m,m
36575,YES,1,1,0.984286,0.575514,0.965505,0,0,0,0,0,0.549889,0.663656,0,0,0.519948,0,0,0,1,0,0,0,0,m,m
3017,YES,1,1,0.912162,1.1939,1.93372,1.35334,0,0,0,0,0.580905,1.00469,0.761567,0.576933,1.47745,0.729548,0,1,0,1,0,0,1,m,m
3020,YES,1,1,0.862913,0,1.11864,0.931593,0,0,0,0,0.976787,1.07954,0,0.648688,2.01628,0,0,1,0,1,0,0,1,m,m
3021,YES,1,1,0.875104,0.655204,1.55268,0,0,0.67698,0,0.709374,1.05466,1.13576,0,0.742503,1.10172,0,0,1,0,1,0,0,1,m,m
3022,YES,1,1,0.858494,0.534768,1.36469,0,0,0.728551,0,0.733953,1.26929,1.16191,0,0.717242,1.51536,0,0.581907,1,0,1,0,0,1,m,m
3023,YES,1,1,0.888466,0.948765,1.84793,0,0,0.793411,0,0.830451,1.25619,1.22842,0,0.620374,1.29159,0.882221,0.504725,1,0,1,1,0,0,m,m
3024,YES,1,1,0.908739,1.06456,1.28254,0,0,0.736456,0,0.771805,1.20074,1.31456,0,0,1.0719,1.57495,0.525107,1,0,1,0,0,0,m,m
5470,YES,1,1,0.787244,1.35537,1.1802,0,1.10201,0,0,0,0,0,0.798986,0.950997,1.24959,1.74728,0,1,0,1,1,1,1,m,m
5471,YES,1,1,0.859362,0.867194,0.65097,0,0,0,0,0,0,0,0,0.936156,1.13531,1.36434,0.603279,1,0,1,1,1,1,m,m
6586,YES,1,1,0.72927,1.33192,2.45661,0.867442,0,0,1.04537,0,0,0.823166,1.09291,0.956473,1.94961,0,0,1,0,1,0,1,1,m,m
6587,YES,1,1,0.843142,0.683449,2.17738,0,0.992274,0,0,0.861448,0,0,1.48036,0.59966,1.42176,0.605534,0,0,0,1,1,1,1,m,m
6588,YES,1,1,0.806895,1.33475,2.46024,0,0.751416,0,0,0.569541,0,0,1.20038,0.669368,1.87541,0.982978,0,1,0,1,1,1,1,m,m
6589,YES,1,1,0.808214,0.948078,2.20321,0,0,0.606679,0,1.08223,0,0,1.65932,0.757725,2.45552,0,0,1,1,1,1,1,1,m,m
6590,YES,1,1,0.738169,1.47495,2.63234,0,0.717706,0,0,0.644647,0,0,1.5765,0.922694,2.268,0.761212,0,1,0,1,1,1,1,m,m
6591,YES,1,1,0.743428,0.983921,2.31813,0,0,0.570929,0,0.758833,0,0,0.7628,0,1.47793,0,0,1,1,1,1,0,1,m,m
6592,YES,1,1,0.747531,1.04065,2.37692,0,0,0.81193,1.05946,0.913624,0.751745,0,0,0.612637,0.866107,1.22213,0,1,1,1,0,0,1,m,m
6593,YES,1,1,0.796105,1.9263,2.61706,0,0.917735,0.745265,0.79592,0.742612,0,0,0.545274,0,1.39015,0.866874,0,0,1,0,1,0,1,m,m
6594,YES,1,1,0.84913,1.52873,1.93881,0,0.887269,0.714577,1.14433,0.730736,0,0.966417,0.754738,0.654505,1.59761,0,0,1,0,1,1,0,1,m,m
6595,YES,1,1,0.811112,1.23585,1.56212,0,1.27574,0.605594,0,0,0.607106,1.1246,0,0.606187,0,1.54457,0,0,0,1,0,0,0,m,m
6602,YES,1,1,0.957625,0.631389,0,0.638133,0,0,0.67324,0,0.628081,0.629058,0.686336,0,1.0907,2.16399,0.742803,0,0,1,0,0,1,m,m
6603,YES,1,1,0.941346,0,0,1.14844,0,0,0,0,0,0,0,0.544766,0,0.951778,0.598544,1,0,1,0,0,1,m,m
6604,YES,1,1,0.749445,1.04865,1.11809,2.32952,0,0,0,0,0,0,0.739065,0.581149,0,0,0,1,0,1,0,0,0,m,m
6605,YES,1,1,0.948541,0.724629,0.794817,0,0,0,0.563441,0,0,0,0,0,0,1.50325,0,1,0,1,1,0,1,m,m
6606,YES,1,1,0.918132,0,0,0.614104,0,0,0,0,0,0,0,0,0,0,0,1,0,1,0,0,1,m,m
6607,YES,1,1,0.827327,0,1.13086,1.74146,0,0,0.50348,0,0,0,0.764832,0,0,0,0,1,0,0,0,0,1,m,m
6608,YES,1,1,0.955467,0,0.877127,0.523569,0,0,0,0,0,0,0,0,0,0,0,1,0,1,0,0,1,m,m
6609,YES,1,1,0.955157,0,0.560409,0,0,0,0.680535,0,0,0.88166,0,0,0,0,0,1,0,0,0,0,1,m,m
6610,YES,1,1,0.950764,0,0,0.775815,0,0,1.28748,0,0,0.802807,0,0,0,0,0,1,0,0,0,0,1,m,m
6611,YES,1,1,0.910532,0,0.657785,0,0,0,1.14239,0,0,0,0,0,0,0,0,1,0,0,0,0,0,m,m
6612,YES,1,1,0.867575,0,1.28179,0,0,0,0,0.57865,0,0.886193,0,0,0,0,0,1,0,0,0,0,0,m,m
6613,YES,1,1,0.82248,0,1.39059,0,0,0,0,0.846368,0,1.11942,0,0.730186,0,0,0,1,0,0,0,0,0,m,m
6614,YES,1,1,0.827723,0,1.18583,0,0,0,0,0.747133,0,1.57325,0,0.599837,0,0,0,1,0,0,0,0,0,m,m
6616,YES,1,1,0.929363,0,0.878181,0,0,0,0.591742,0.514859,0,1.62737,0,0,0,0,0,1,0,1,0,0,1,m,m
6617,YES,1,1,0.922497,0,1.3059,0,0,0,0.7159,0,0,0.893163,0,0,0,0,0,1,0,1,0,0,1,m,m
6618,YES,1,1,0.92015,0,1.26298,0,0,0,0.58273,0,0,0.629079,0,0,0,0,0,1,0,1,0,0,1,m,m
6623,YES,1,1,0.978831,0.989786,1.44341,0,0,0,0,0,0,0,0,0,0,0,0,1,0,1,1,0,1,m,m
6624,YES,1,1,0.925795,1.33956,1.07849,0.722017,0,0,0.744968,0,0,0,0,0,0,2.63996,0,1,0,1,0,0,1,m,m
6625,YES,1,1,0.903796,2.34439,2.21494,1.17372,0,0,0.587423,0,0,0,0.732098,0,0,1.83276,0,1,0,0,0,0,1,m,m
6626,YES,1,1,0.803045,2.69337,2.81075,1.07875,0,0,0,0,0,0.605177,0.975455,0,0.533435,0,0,1,0,0,0,0,0,m,m
6627,YES,1,1,0.960483,0.663413,0,1.11574,0.644127,0,0,0,0,0,0.831041,0,0,2.37556,0.736792,1,0,1,0,0,1,m,m
6628,YES,1,1,0.915589,1.18315,1.13641,1.78247,0.761556,0,0.616313,0,0,0,1.24608,0,0.553752,1.63876,0.654369,1,0,1,0,0,1,m,m
6629,YES,1,1,0.764028,1.65,2.76395,1.30507,0,0,0,0,0,0,1.49836,0,0.596559,0,0.519336,1,0,1,0,0,1,m,m
6630,YES,1,1,0.910542,0.744728,0,1.19627,0,0,1.15753,0,0,0,0.644174,0,1.03878,1.79534,0.548246,1,0,1,0,0,1,m,m
6631,YES,1,1,0.900391,0.603613,0.701052,1.6268,0,0,1.28386,0,0,0,1.65007,0.618429,0.936062,1.38659,0,1,0,1,0,0,1,m,m
6632,YES,1,1,0.898739,0,0,1.94742,0,0,0.861904,0,0,0.862037,1.31596,0.974378,1.48916,1.21226,0,1,0,1,0,0,1,m,m
6640,YES,1,1,0.910844,0.952131,0.69989,1.04532,0.552381,0,0.63804,0,1.11451,0.602679,0,0.55327,0,0,0.598188,1,0,1,0,0,1,m,m
6641,YES,1,1,0.949028,1.04587,0,1.11677,0,0,0,0.550713,0.801674,0.57733,0.608207,0,0,1.30299,0.738036,1,0,1,0,0,1,m,m
7716,YES,1,1,0.953209,0.524673,0.967203,0,0,0.729438,1.18914,0.695193,1.04628,1.20151,0,0,0,1.38837,0.508164,0,1,1,1,0,1,m,m
7717,YES,1,1,0.961452,0.734759,1.03035,0,0,0.715226,1.32784,0.768268,0.655939,1.11972,0.578173,0,0,0.941073,0,0,0,1,1,0,1,m,m
7718,YES,1,1,0.964254,0.67948,1.44789,0,0.545951,0.622383,0.969214,0.763343,0.578786,0.907537,0.800198,0,0,1.46923,0,1,1,1,1,0,1,m,m
7719,YES,1,1,0.96272,0,1.0176,0,0.516339,0.569797,0.671538,0.720147,0.572999,1.05134,0.646389,0,0,1.23519,0,1,0,1,1,0,1,m,m
7720,YES,1,1,0.970311,0,1.67656,0,0.676797,0.526026,0,0.783493,0.693566,1.18429,0,0,0,0.636058,0,1,1,1,1,0,1,m,m
7721,YES,1,1,0.947324,0.72842,2.19149,0,0.758865,0,0,0.689636,0.615699,1.13194,0,0,0,0,0,1,0,1,1,0,1,m,m
7722,YES,1,1,0.964619,0.972453,1.92552,0,0.854195,0,0.534079,0.575395,0.549194,1.12466,0.512053,0,0,0,0,0,0,1,1,0,0,m,m
7723,YES,1,1,0.915146,0.953493,0.760208,0,0,0,0.9274,0.633756,0.572793,0,0.858122,0,0,1.44067,0.540784,0,0,1,1,0,1,m,m
7724,YES,1,1,0.850355,1.13687,1.27903,0,1.10355,0,0,0.546174,0.600859,0.510112,0.952069,0,0,0,0.717832,1,0,1,1,0,1,m,m
7725,YES,1,1,0.817388,0.810355,1.55464,0,0,0,0,0,0,1.03978,0.510029,0,0,0,0.608604,0,0,1,1,0,1,m,m
7726,YES,1,1,0.867329,1.22901,1.75117,0,0,0,0.666746,0,0,0.89134,1.55591,0,0,0,0.686977,1,0,1,1,0,1,m,m
7727,YES,1,1,0.840962,1.23465,1.85423,0,0,0,0.743731,0,0,1.21779,1.07884,0.510769,0,0,0.752363,1,0,1,1,0,1,m,m
7728,YES,1,1,0.901744,0.808324,1.39142,0.919701,0,0,1.5783,0,0,1.37808,0.915102,0,0,0,0.82827,1,0,1,1,0,1,m,m
7729,YES,1,1,0.945076,0.637015,1.13297,0.585652,0,0,1.11188,0,0.623829,1.34659,0.542296,0,0,0.665029,0.750385,0,0,1,1,0,1,m,m
7730,YES,1,1,0.965468,0.726072,1.19184,0,0,0.608949,1.06322,0.606264,0.949834,1.24319,0.923802,0,0,1.83574,0.615815,0,1,1,1,0,1,m,m
7731,YES,1,1,0.972834,0.773634,1.22013,0,0,0.765196,1.16442,0.787285,0.951213,1.29685,1.128,0,0,1.99121,0.507768,0,1,1,1,0,1,m,m
7732,YES,1,1,0.973111,0.792309,1.39387,0,0,0.79344,0.862198,0.884623,1.19067,1.29508,1.06398,0,0,2.19746,0,0,1,1,1,0,1,m,m
7733,YES,1,1,0.973018,0.521997,1.15532,0,0,0.832664,0.779825,0.947076,1.25209,1.20875,0.831386,0,0,2.17263,0.564457,0,1,1,1,0,1,m,m
7734,YES,1,1,0.974559,0.525041,1.02918,0,0,0.807406,0.974437,0.852048,1.28966,1.19789,1.22274,0,0,2.05056,0.568136,0,1,1,1,0,1,m,m
7735,YES,1,1,0.976686,0,1.00649,0,0,0.864481,0.518801,0.965699,1.30706,1.16721,1.32396,0,0,2.09329,0.512912,0,1,1,1,0,1,m,m
7736,YES,1,1,0.97916,0.636232,1.33587,0,0,0.82865,0,0.876916,1.20504,1.10797,1.21855,0,0,2.28179,0,0,1,1,1,0,1,m,m
7737,YES,1,1,0.978143,0.617932,1.41239,0,0,0.855896,0,0.954526,1.33379,1.00999,1.16769,0,0,2.15902,0,0,1,1,1,0,1,m,m
7738,YES,1,1,0.97592,0.947924,1.62416,0,0,0.731855,0,0.77741,1.32385,1.25845,0.917345,0,0,1.79733,0,0,1,1,1,0,1,m,m
7739,YES,1,1,0.977173,0.883889,1.58767,0,0,0.688513,0,0.673067,1.24604,1.18608,0.881886,0,0,1.94699,0,0,1,1,1,0,1,m,m
7740,YES,1,1,0.968377,0.972674,1.41003,0.655274,0,0,0.619639,0,0.798,0.911077,0.537836,0,0,1.90392,0,0,0,1,1,0,1,m,m
7741,YES,1,1,0.933601,1.02655,1.82286,0,0,0,0.691831,0,0.698552,0.817833,0,0,0,1.81846,0.567573,0,0,1,1,0,1,m,m
7742,YES,1,1,0.911222,0.656368,1.58238,0.552032,0,0,0.64209,0,0.73833,0.920288,0,0,0,1.56904,0.552163,0,0,1,0,0,1,m,m
7747,YES,1,1,0.91964,0.95061,1.8565,0.592339,0,0,0.897072,0,0.671538,1.23775,0,0,1.26513,3.16694,0.892774,0,0,1,0,0,1,m,m
46003,YES,1,1,0.954666,0.758502,0,0,0,0.777589,0,0.990487,1.32811,2.22977,0,0,0.88117,1.90482,0,0,1,1,1,0,0,m,m
46004,YES,1,1,0.945367,0,0.723146,0,0,0.894472,0,0.964924,0.938861,1.85491,0.595878,0,0,1.61504,0,0,1,1,1,0,0,m,m
46005,YES,1,1,0.945696,0.548621,0.537683,0,0,0.885636,0,0.956185,0.651828,1.79082,0.694592,0,0,1.40923,0,1,0,1,1,0,1,m,m
46006,YES,1,1,0.946203,0.505135,0,0,0,0.872933,0,0.958923,0.971368,2.05833,0.654892,0,0,1.07948,0,1,1,1,1,0,1,m,m
46007,YES,1,1,0.940128,0.715685,0.754272,0,0,1.0289,0,1.13128,1.01919,2.12943,0,0,0,2.06931,0,1,1,1,1,0,1,m,m
46008,YES,1,1,0.939141,0,0.729925,0,0,1.20743,0,1.4373,1.53578,2.50946,0,0,0,3.24776,0,1,1,1,0,0,1,m,m
46009,YES,1,1,0.916303,0,0,0,0,1.27305,0,1.51541,1.76784,2.43755,0,0,0,2.50654,0,1,1,1,0,0,1,m,m
46010,YES,1,1,0.918072,0,0.575869,0,0,1.16772,0,1.4029,1.852,2.45511,0,0,0,2.58784,0,1,1,0,1,0,1,m,m
46011,YES,1,1,0.947051,0,0.809179,0,0,1.12427,0,1.32233,1.69937,2.18897,0,0,0,2.44065,0,1,1,0,0,0,1,m,m
46012,YES,1,1,0.946933,0,0.862946,0,0,1.02387,0,1.19703,1.72519,2.1985,0,0,0,2.42584,0,1,1,0,1,0,1,m,m
46013,YES,1,1,0.951849,0,0.667709,0,0,1.08872,0,1.29958,1.74413,2.06266,0,0,0,2.10646,0,1,1,0,0,0,1,m,m
46014,YES,1,1,0.947806,0,0,0,0,1.02228,0,1.15643,1.72121,1.92613,0,0,0,2.36013,0,1,1,0,1,0,1,m,m
46015,YES,1,1,0.9495,0,0.526579,0,0,1.00502,0,1.19352,1.60394,2.05572,0,0,0,2.06313,0,1,1,0,0,0,1,m,m
46016,YES,1,1,0.942963,0,0.566039,0,0,0.979405,0,1.16584,1.68038,1.99598,0,0,0,2.30162,0,1,1,0,0,0,1,m,m
46017,YES,1,1,0.943666,0,0,0,0,0.932088,0,1.15332,1.56741,2.02971,0,0,0,2.37669,0,1,1,0,0,0,1,m,m
46018,YES,1,1,0.94135,0,0,0,0,0.946994,0,1.1193,1.5819,2.25545,0,0,0,2.49315,0,1,1,0,0,0,0,m,m
46019,YES,1,1,0.938908,0,0.587351,0,0,0.862707,0,0.974399,1.70015,2.18231,0,0,0,2.72845,0,1,1,0,0,0,0,m,m
46020,YES,1,1,0.940656,0.848063,1.07567,0,0,0.626249,0,0.67711,1.08934,2.28398,0,0,0.898301,1.93825,0,0,1,0,0,0,0,m,m
46021,YES,1,1,0.940105,0.94049,1.2475,0,0,0,0,0.53012,0.91697,1.97365,0,0.689323,1.54869,1.10492,0,0,0,0,0,0,0,m,m
46033,YES,1,1,0.951906,0,0,0,0,0,0,0.504112,1.53941,1.49117,0,0,0,2.45957,0.943629,0,1,1,1,0,0,m,m
46034,YES,1,1,0.959608,0,0.743078,0,0,0.547483,0,0.631428,1.35452,1.8807,0.742489,0,0,2.26514,0.906889,0,1,1,1,0,0,m,m
46035,YES,1,1,0.963543,0,0.719612,0,0,0.588122,0.600864,0.685307,1.46369,1.76939,0.541431,0,0,1.95932,0.841002,0,1,1,1,0,0,m,m
46036,YES,1,1,0.96704,0,0,0,0,0,0,0.549561,1.04827,1.56461,0.706316,0,0,0,0.697791,0,1,1,0,0,0,m,m
46037,YES,1,1,0.964541,0,0,0,0,0,0.82729,0.543478,1.03694,1.4391,0.57191,0,0,0,0.66533,0,1,1,1,0,0,m,m
46038,YES,1,1,0.966065,0,0,0,0,0,0.732958,0,0.553665,1.22824,0,0,0.71251,0,0.642758,0,1,1,0,0,1,m,m
46039,YES,1,1,0.9688,0,0.65814,0,0,0,0.710763,0,0.906336,1.11784,0,0,0.753671,0.585563,0.719722,0,1,1,0,0,1,m,m
46040,YES,1,1,0.959816,0,0.647636,0,0,0,0,0,1.11578,0.989412,0.656112,0,0.689969,2.6598,0.953091,0,1,1,1,0,1,m,m
46041,YES,1,1,0.958234,0,0,0,0,0.521299,0,0,1.15079,1.0606,0.996487,0,0.670454,2.53778,0.901868,0,1,1,0,0,1,m,m
46042,YES,1,1,0.957063,0,0,0,0,0.582592,0,0.609696,1.29985,1.32441,1.01386,0,0,2.73205,0.714926,0,1,1,0,0,1,m,m
46043,YES,1,1,0.967759,0,0,0,0,0.627519,0,0.652081,1.41554,1.64702,0.976901,0,0,2.67172,0.823642,0,1,1,0,0,1,m,m
48376,YES,1,1,0.971424,0,0,0,0.669272,0,0,0,0.681132,0.918508,0,0,0,0.540987,0,0,1,0,1,0,1,m,m
48377,YES,1,1,0.977365,0,0,0,0,0,0,0.790221,0.772134,1.16117,0,0,0,1.78069,0,0,1,0,1,0,1,m,m
48378,YES,1,1,0.983322,0,0,0.75442,0.644847,0.723357,0,0.914272,1.01942,1.07055,0,0,0,2.04903,0,1,1,0,1,0,1,m,m
48379,YES,1,1,0.982724,0,0,0.894915,0.691265,0.678961,0,0.821934,0.987299,1.24332,0,0,0,2.7203,0,1,1,0,1,0,1,m,m
48380,YES,1,1,0.955661,0,0,0.843853,0.539369,0.65497,0,0.723711,1.18388,1.35379,0,0,0,2.85582,0.510222,1,1,0,1,0,1,m,m
48381,YES,1,1,0.940245,0,0.676517,0.523166,0,0.681953,1.22564,0.797105,1.14925,1.41592,0,0,0,2.99315,0.72414,1,1,1,0,0,1,m,m
48382,YES,1,1,0.938806,0,1.04393,0,0,0.68013,1.07236,0.741936,1.01252,1.94952,0,0,0,1.56464,0.637358,1,1,1,0,0,1,m,m
48383,YES,1,1,0.866946,0.616987,1.50179,0,0.595304,0.594492,0,0.750764,0.606336,2.13447,1.09063,0,0,1.22405,0.59682,1,1,1,0,0,1,m,m
48384,YES,1,1,0.798561,0,1.1936,0.551229,0.803498,0,0,0.523509,0,1.85554,1.22523,0,0,0,0,1,1,1,0,0,0,m,m
48598,YES,1,1,0.952102,0,0,0,0,0,0.503327,0.554471,1.28472,0.603164,0,0,0.704156,1.80427,0.538375,0,1,1,1,0,1,m,m
48599,YES,1,1,0.937757,0,0,0,0,0.578426,0,0.744449,1.31298,0,0,0,0,0,0.555199,1,0,1,0,0,1,m,m
48600,YES,1,1,0.899161,0,0,0.811368,0,0,0,0,1.14079,0,0,0,0,0,0.562246,1,1,1,0,0,1,m,m
48601,YES,1,1,0.981502,0,0,0,0,0.700249,1.17951,0.772407,0.932234,1.01012,0,0,0,2.38612,0,1,1,0,1,0,1,m,m
48602,YES,1,1,0.980931,0,0,0.70753,0,0.793338,0.891254,1.04876,1.31281,1.25789,0,0,0,2.05924,0,1,1,0,1,0,1,m,m
48603,YES,1,1,0.96964,0,0,0.919292,0,0.949172,0.703371,1.35031,1.34189,1.47319,0,0,0,1.55814,0,1,1,0,1,0,1,m,m
48604,YES,1,1,0.98157,0,0,0.610669,0,1.11432,0,1.52232,1.80358,1.81043,0,0,0,1.94256,0,1,1,0,1,0,1,m,m
48605,YES,1,1,0.979407,0,0,0.502207,0,1.17429,1.07095,1.64155,1.66361,1.79358,0,0,0,1.7798,0,1,1,0,1,0,1,m,m
48606,YES,1,1,0.981452,0,0,0,0,1.15397,0,1.67633,1.61946,1.98541,0,0,0,1.16721,0,1,1,0,1,0,1,m,m
48607,YES,1,1,0.981601,0,0,0,0,1.1348,0.50871,1.66647,1.45661,2.18977,0,0,0,1.32629,0,1,1,0,1,0,1,m,m
48608,YES,1,1,0.983719,0,0,0,0,1.06438,0.747569,1.43164,1.33195,1.91024,0,0,0,1.21332,0,1,1,0,0,0,1,m,m
48609,YES,1,1,0.983944,0,0,0,0,1.05766,0.567633,1.54594,1.41136,1.89465,0,0,0,1.19568,0,1,1,0,0,0,1,m,m
48610,YES,1,1,0.983906,0,0,0,0,0.937581,0.83506,1.31197,1.53361,1.71008,0,0,0,0.880808,0,1,1,0,0,0,1,m,m
49276,YES,1,1,0.794351,0,0,0,1.40582,0,1.45303,0,0,0,0,0,0,0,0,1,0,0,0,0,1,m,m
49277,YES,1,1,0.813616,0,0.738057,0,0.586391,0,0.873513,0,0,0,0,0,0,0,0,1,0,0,0,0,0,m,m
49278,YES,1,1,0.95621,0,0,0,1.06563,0,0.509356,0,0,0,0.774521,0,0,0,0,1,0,0,0,0,1,m,m
49279,YES,1,1,0.964387,0,0,0,1.12249,0,0.66651,0,0,0,0,0,0,0,0,1,0,0,0,0,1,m,m
49280,YES,1,1,0.962418,0,0,0,0.541028,0,0,0,0,0,0,0,0,0,0,1,0,1,0,0,1,m,m
8989,YES,1,1,0.936067,0,1.64314,0,1.56827,0,0,0,0,0,0,0,0.781186,0,0.74238,0,0,0,1,0,1,w,w
8990,YES,1,1,0.957181,0,0,0,1.21538,0,0,0,0,0,0.901631,0,0.577354,0,0,0,0,0,1,0,0,w,w
8991,YES,1,1,0.931344,0.916134,0,0.510009,0.999267,0.508159,0.957452,0,0,0,0.879545,0,0.683649,0,0,0,0,0,1,0,0,w,w
8992,YES,1,1,0.908317,0.982916,0,0,0.755047,0.528718,1.18129,0,0.691197,0,0.56684,0,0.728267,0,0.530069,0,0,0,1,0,0,w,w
8993,YES,1,1,0.959704,1.04796,0,0,0.717457,0,1.66241,0,1.01914,0,0.647881,0,0.511164,0,0.513311,0,0,0,1,0,0,w,w
8994,YES,1,1,0.973921,1.06631,0,0,0.696797,0,1.85082,0,1.1132,0,1.01273,0,0,0,0,0,0,0,1,0,0,w,w
8995,YES,1,1,0.974064,1.11646,0,0,0.786536,0,1.28763,0,1.18728,0,1.02072,0,0.540386,0,0,0,0,0,1,0,0,w,w
8996,YES,1,1,0.96869,1.33256,0,0,0.858778,0,1.48268,0,1.35389,0,0.809473,0,0.58689,0,0,0,0,0,1,0,0,w,w
8997,YES,1,1,0.966897,1.49255,0,0,0.891809,0,1.35841,0,1.46693,0,0.777146,0,0.522819,0,0,0,0,0,1,0,0,w,w
8998,YES,1,1,0.965681,1.62994,0,0,0.990505,0,1.20303,0,1.4548,0,0.538096,0,0,0,0,0,0,0,1,0,0,w,w
8999,YES,1,1,0.965439,1.57918,0,0,1.04855,0,1.28848,0,1.47478,0,0.519873,0,0,0,0,0,0,0,1,0,0,w,w
9000,YES,1,1,0.964409,1.63571,0,0,0.870442,0,1.35182,0,1.51936,0,0.697138,0,0,0,0,0,0,0,1,0,0,w,w
9001,YES,1,1,0.965146,1.69083,0,0,1.06409,0,1.27263,0,1.45371,0,0.658912,0,0,0,0,0,0,0,1,0,1,w,w
9002,YES,1,1,0.964439,1.7688,0,0,0.94039,0,1.0386,0,1.33424,0,0.706503,0,0.514224,0,0,0,0,0,1,0,0,w,w
9003,YES,1,1,0.962526,1.64374,0,0,0.902017,0,1.16614,0,1.39736,0,0.714907,0,0.520208,0,0,0,0,0,1,0,0,w,w
9004,YES,1,1,0.959984,1.70062,0,0.529994,0.700599,0,1.30294,0,1.33249,0,0.635384,0,0,0,0,0,0,0,1,0,0,w,w
9005,YES,1,1,0.957947,1.71755,0,0.585833,0.945748,0,1.27902,0,1.22422,0,0.626224,0,0,0,0,0,0,0,1,0,1,w,w
9006,YES,1,1,0.961881,1.57642,0,0.655073,0,0,1.40082,0,0.91664,0,0.950774,0,0,0,0,0,0,0,1,0,1,w,w
9007,YES,1,1,0.956707,1.33883,0,0,0,0,1.5955,0,0.863906,0,0.858553,0.537197,0.63127,0,0,0,0,0,1,0,1,w,w
9008,YES,1,1,0.956176,1.28159,0,0.60775,0,0,1.8004,0,0.594839,0,0.998385,0,0.838607,0,0,0,0,0,1,0,1,w,w
9009,YES,1,1,0.961022,1.25444,0,0,0,0,1.59139,0,0.593495,0,1.09817,0.52384,0.835627,0,0,0,0,0,1,0,1,w,w
9010,YES,1,1,0.961908,1.375,0,0.739426,0,0,1.95114,0,0,0,0.699359,0.532979,0.726991,0,0,0,0,0,1,0,1,w,w
9011,YES,1,1,0.942556,1.53388,0,0.746482,0.701261,0,1.72982,0,0,0,0.695676,0,0.613444,0,0,0,0,0,1,0,1,w,w
9012,YES,1,1,0.906821,1.0344,0,0,0.742447,0,1.44868,0,0,0,0.521746,0,0,0.667121,0.777365,0,0,0,1,0,1,w,w
9013,YES,1,1,0.926833,1.12147,0.778265,0.51668,0.7164,0,1.61464,0,0,0,0.751017,0,0,0,0.756658,0,0,0,1,0,1,w,w
9014,YES,1,1,0.930809,0.979099,0.6112,0.673571,0.920123,0,1.34101,0,0,0,0.639946,0,0,0,0.715765,0,0,0,1,0,1,w,w
9015,YES,1,1,0.908412,1.08527,0.719695,0,0.813126,0,1.33263,0,0,0,0.65453,0,0,0,0.569542,0,0,0,1,0,1,w,w
9016,YES,1,1,0.908636,1.0086,0,0,0.769996,0,0.606042,0,0,0,0.791283,0,0,0,0.547728,0,0,0,1,0,1,w,w
9017,YES,1,1,0.897355,1.17393,1.05674,0,0.748508,0,0,0,0,0,0.66723,0,0,0,0.540258,0,0,0,1,0,1,w,w
9018,YES,1,1,0.901312,0.933852,1.13723,0,0.997338,0,0,0,0,0,0.688605,0,0,0,0.549925,0,0,0,1,0,1,w,w
9019,YES,1,1,0.915905,1.01199,1.14245,0,1.24271,0,0,0,0,0,0.642027,0,0,0,0.562948,0,0,0,1,0,1,w,w
9020,YES,1,1,0.885122,0.832127,1.40729,0,1.21899,0,0,0,0,0,0.853074,0,0,0,1.02137,0,0,0,1,0,1,w,w
9021,YES,1,1,0.880758,1.05433,1.8464,0,1.23594,0,0,0,0,0,1.63822,0,0,0,1.14104,0,0,0,1,0,1,w,w
9022,YES,1,1,0.901053,1.00475,1.69593,0,1.39746,0,0,0,0,0,1.28023,0,0,0,1.14124,0,0,0,1,0,1,w,w
9023,YES,1,1,0.931311,0.884559,1.70286,0,1.59475,0,0,0,0,0,1.05225,0,0,0.634043,1.00605,0,0,0,1,0,0,w,w
9024,YES,1,1,0.932272,0,1.22821,0,1.53998,0,0,0,0,0,0.802365,0,0,0.716149,0.691971,0,0,0,1,0,1,w,w
9025,YES,1,1,0.941443,0.757046,1.43139,0,1.5618,0,0,0,0,0,0.646563,0,0.631103,0.51294,0.794905,0,0,0,1,0,1,w,w
9026,YES,1,1,0.875227,0.953773,1.01534,0,1.30402,0,0,0,0,0,1.38363,0,0,0,1.10445,0,0,0,1,0,1,w,w
9027,YES,1,1,0.838718,1.38905,1.01392,0,1.0774,0,0,0,0,0,1.08917,0,0,0,1.04486,0,0,0,1,0,1,w,w
9028,YES,1,1,0.881151,1.47479,1.13469,0,1.26893,0,0,0,0,0,1.11398,0,0,0,0.941746,0,0,0,1,0,0,w,w
9029,YES,1,1,0.905911,1.30909,1.12068,0,1.48033,0,0,0,0,0,0.960521,0,0,0.642908,0.868446,0,0,0,1,0,0,w,w
9030,YES,1,1,0.925394,1.16339,1.14234,0,1.63803,0,0,0,0,0,1.06588,0,0,0.742886,0.851278,0,0,0,1,0,0,w,w
9031,YES,1,1,0.94476,0.994824,1.3872,0,1.77818,0,0,0,0,0,0.986943,0,0,0.841721,0.793978,0,0,0,1,0,0,w,w
9032,YES,1,1,0.957972,0.754949,1.0098,0,1.7484,0,0,0,0,0,0.848428,0,0,0,0.814793,0,0,0,1,0,0,w,w
9033,YES,1,1,0.963935,0.632443,1.24469,0,1.99534,0,0,0,0,0,0.914121,0,0.899627,1.26689,0.762771,0,0,0,1,0,0,w,w
9034,YES,1,1,0.964116,0.626815,1.35358,0,2.0703,0,0,0,0.501059,0,0.724209,0,1.28663,0.904851,0.727487,0,0,0,1,0,0,w,w
9035,YES,1,1,0.964833,0.57331,0.927066,0,1.8565,0,0,0,0.60831,0,0.636885,0,1.20361,0.751713,0.630231,0,0,0,0,0,0,w,w
9036,YES,1,1,0.964163,0,0.748299,0,1.67955,0,0,0,0.657976,0,0.77052,0,1.60296,0.548795,0.615045,0,1,0,0,0,0,w,w
1862,YES,1,1,0.906936,0,0.752086,0,1.12274,0.746757,0,0,2.02205,1.54819,0,0,0.58962,0,0,0,1,0,0,0,0,w,m
1863,YES,1,1,0.926714,0,0.722944,0,0.962011,0.804782,0,0.575259,1.77827,1.41519,0,0.667303,0.698319,0,0,0,1,0,0,0,0,w,m
1864,YES,1,1,0.93684,0,0.86428,0,0.758804,0.832023,0,0.537814,1.70851,1.71233,0,0.691425,0,0,0,0,1,0,0,0,0,w,m
1865,YES,1,1,0.937226,0,0,0,0.637382,0.940981,0,0.678793,1.56618,1.53002,0,0.692673,0.640469,0,0,0,1,0,0,0,0,w,m
1866,YES,1,1,0.935618,0,0,0,0,0.907802,0,0.620875,1.41595,1.83233,0,0.805244,0.861598,0,0,0,1,0,0,0,0,w,m
1867,YES,1,1,0.931872,0,0.595388,0,0,0.935446,0.5594,0.592629,1.53456,1.78259,0,0.698892,0.602572,0,0,0,1,0,0,0,0,w,m
1868,YES,1,1,0.932754,0.659789,0.826671,0,0.519759,1.05325,0,0.674258,1.43414,1.78976,0,0.710993,0,0,0,0,1,0,0,0,0,w,m
1869,YES,1,1,0.931285,0.594193,0.812116,0,0,1.10662,0,0.772404,1.5217,2.00059,0,0.744623,0,0,0,0,1,0,0,0,0,w,m
1870,YES,1,1,0.93407,0.5864,0.822743,0,0,1.15339,0,0.803493,1.62833,2.08444,0,0.724151,0,0,0,0,1,0,0,0,0,w,m
1871,YES,1,1,0.934984,0.639312,0.928114,0,0,1.19218,0,0.883656,1.64451,2.05839,0,0.778879,0,0,0,0,1,0,0,0,0,w,m
1872,YES,1,1,0.935187,0,0.987231,0,0,1.16542,0,0.883995,1.53032,2.19247,0,0.613694,0,0,0,0,1,0,0,0,0,w,m
1873,YES,1,1,0.934113,0,0.856961,0,0,1.18848,0.510989,0.943846,1.66269,2.20282,0,0.571726,0.604689,0,0,0,1,0,0,0,0,w,m
1874,YES,1,1,0.935452,0,0.802478,0,0,1.18438,0,0.900469,1.59648,2.15867,0,0.56341,0.63447,0.638429,0,0,1,0,0,0,0,w,m
1875,YES,1,1,0.936116,0,0.742321,0,0,1.17075,0,0.867165,1.68543,2.12304,0,0.537805,0,0.63401,0,0,1,0,0,0,0,w,m
1876,YES,1,1,0.937596,0.514477,0.905943,0,0,1.13482,0.523291,0.812633,1.57727,2.153,0,0.58849,0,0,0,0,1,0,0,0,0,w,m
1877,YES,1,1,0.94019,0.597219,0.725514,0,0,1.0984,0,0.792953,1.6744,2.30902,0,0.624223,0,0,0,0,1,0,0,0,0,w,m
1878,YES,1,1,0.940395,0.580238,0.965354,0,0.601833,1.01049,0.897039,0.597627,1.57491,2.05896,0,0.561846,0,0,0,0,1,0,0,0,0,w,m
1879,YES,1,1,0.944711,0,0,0,0.547239,1.00747,0.667074,0.73397,1.81567,2.02525,0,0.521333,0,0,0,0,1,0,0,0,0,w,m
1880,YES,1,1,0.938849,0,0,0,0.530026,0.955493,0,0.588597,1.79115,1.99659,0,0,0.543684,0,0,0,1,0,0,0,0,w,m
1881,YES,1,1,0.940101,0,0,0,0.718607,0.885495,0.569726,0.59336,1.77831,1.9279,0,0,0.530753,0,0,0,1,0,0,0,0,w,m
1882,YES,1,1,0.939426,0,0.679365,0,0.860172,0.80784,0.741715,0,1.57676,1.64482,0,0,0.619908,0,0,0,1,0,0,0,0,w,m
1883,YES,1,1,0.938537,0,0,0,0.724195,0.789982,0.951405,0,1.54279,1.6431,0,0,0.789955,0,0,0,1,0,0,0,0,w,m
1884,YES,1,1,0.950561,0,0,0,0.545823,0.674403,0.741924,0,1.70159,1.92828,0,0,0.504534,0,0,0,1,0,0,0,0,w,m
1885,YES,1,1,0.951151,0,0,0,0,0.682097,0.520685,0,1.82656,1.78548,0,0.508324,0,0,0,0,1,0,0,0,0,w,m
1886,YES,1,1,0.955904,0,0,0,0,0.663246,0.755838,0.517785,1.63365,2.1729,0,0,0,0,0,0,1,0,0,0,0,w,m
1887,YES,1,1,0.951044,0,0,0,0,0.673684,0,0.594025,1.87736,1.86147,0,0,0,0,0,0,1,1,0,0,0,w,m
1888,YES,1,1,0.947336,0,0,0,0,0.668709,0.963635,0.60888,1.59265,1.88515,0,0,0,0,0,0,1,0,0,0,0,w,m
1889,YES,1,1,0.946348,0,0,0,0,0.658727,1.18344,0.662844,1.4871,1.87583,0,0,0.750287,0,0,0,1,0,0,0,0,w,m
1890,YES,1,1,0.940398,0,0,0,0,0.608573,1.02909,0.599901,1.41608,1.71534,0,0,0.638447,0,0,0,1,0,0,0,0,w,m
1891,YES,1,1,0.933969,0,0,0,0,0.648319,0.935201,0.60297,1.40886,1.6351,0,0,0.724606,0,0,0,1,0,0,0,0,w,m
1892,YES,1,1,0.933186,0,0,0,0,0.565467,0.724916,0,1.39276,1.52834,0,0,0.688692,0,0,0,1,0,0,0,0,w,m
1893,YES,1,1,0.931266,0,0,0,0,0.721215,0,0.576415,1.59249,1.3619,0,0,0,0.513487,0,0,1,0,0,0,0,w,m
1894,YES,1,1,0.928894,0,0,0,0,0.728659,0,0,1.43521,1.37387,0,0,0,0.581084,0,0,1,0,0,0,0,w,m
1895,YES,1,1,0.923519,0,0,0,0.612988,0.734726,0.541191,0,1.49123,1.34635,0,0,0.575019,0,0,0,1,0,0,0,0,w,m
1896,YES,1,1,0.92343,0,0,0,0,0.910346,0.529637,0.659825,1.2653,1.44904,0,0,0.589106,0,0,0,1,0,0,0,0,w,m
1897,YES,1,1,0.932305,0,0,0,0,0.893253,1.12387,0.69316,1.14589,1.38708,0,0.5966,0.571519,0,0,0,1,0,1,0,0,w,m
1898,YES,1,1,0.93165,0,0,0,0,0.871308,1.49291,0.597414,1.4192,1.61809,0,0.549345,0,0,0,0,1,0,1,0,0,w,m
1899,YES,1,1,0.937831,0,0,0,0,0.87646,1.34926,0.613956,1.49659,1.60546,0,0.557252,0,0,0,0,1,0,1,0,0,w,m
1900,YES,1,1,0.943566,0,0,0,0,0.863174,1.39773,0.626997,1.53277,1.57577,0,0.585721,0,0,0,0,1,0,1,0,0,w,m
1901,YES,1,1,0.950827,0,0,0,0,0.810208,1.69242,0.569997,1.55192,1.71687,0,0.627185,0,0,0,0,1,0,1,0,0,w,m
1902,YES,1,1,0.953863,0,0.509251,0,0,0.841846,2.23944,0.643622,1.64243,2.02022,0,0,0,0,0,0,1,1,1,0,0,w,m
1903,YES,1,1,0.954832,0,0,0,0,0.830384,1.70429,0.69743,1.61308,2.0265,0.711446,0.636705,0,0,0,0,1,1,0,0,0,w,m
1904,YES,1,1,0.956056,0,0,1.0284,0,0.825792,2.44364,0.714572,1.3705,2.06557,0.691222,0.579364,0,0,0,0,1,1,0,0,0,w,m
1905,YES,1,1,0.949818,0,0,0.655962,0,0.760318,1.97219,0.759277,1.4361,1.97454,0.845504,0,0,0,0,0,1,0,0,0,1,w,m
1906,YES,1,1,0.944869,0,0,0.723224,0,0.676053,2.02589,0.670057,1.29162,1.99281,1.07198,0.513327,0,0,0,0,1,1,0,0,1,w,m
1907,YES,1,1,0.943169,0,0,0.508691,0,0.70795,2.1534,0.761201,1.38924,1.92834,0.772697,0.525835,0,0,0,0,1,0,0,0,1,w,m
1908,YES,1,1,0.943855,0,0,0.57348,0,0.668289,2.14305,0.702524,1.41503,1.95379,0.651724,0,0,0,0,0,1,0,0,0,1,w,m
1909,YES,1,1,0.943099,0,0,0,0,0.704573,1.97246,0.737523,1.42249,1.84639,0.511395,0,0.54233,0,0,0,1,0,0,0,0,w,m
1910,YES,1,1,0.944599,0,0,0.523461,0,0.702287,1.49703,0.653199,1.48756,1.74205,0,0,0.736082,0,0,0,1,0,0,0,0,w,m
1911,YES,1,1,0.942279,0,0,0,0,0.754503,1.08169,0.661695,1.49891,1.82424,0,0,0.956459,0,0,0,1,0,0,0,0,w,m
1912,YES,1,1,0.931953,0,0,0,0,0.751544,1.00677,0.586701,1.49999,1.79045,0,0,0,0,0,0,1,0,0,0,0,w,m
1913,YES,1,1,0.925286,0,0,0,0,0.734289,1.11122,0.595756,1.47611,1.69595,0,0,0.690992,0,0,0,1,0,0,0,0,w,m
1914,YES,1,1,0.93104,0,0.586896,0,0,0.73288,0.726219,0.527111,1.80004,1.63159,0,0,0.578437,0,0,0,1,0,0,0,0,w,m
1915,YES,1,1,0.936015,0,0,0,0,0.779413,0.811563,0.593534,1.71562,1.58291,0,0,0.801837,0,0,0,1,0,1,0,0,w,m
1916,YES,1,1,0.93736,0,0,0,0,0.723141,0.990266,0.507432,1.69089,1.92954,0,0,0,0,0,0,1,0,0,0,0,w,m
1917,YES,1,1,0.941387,0,0,0,0,0.78864,1.04201,0.54558,1.66805,1.94004,0,0,0,0,0,0,1,0,0,0,0,w,m
1918,YES,1,1,0.949464,0,0,0,0,0.826903,1.34187,0.55524,1.60042,2.12423,0,0,0,0,0,0,1,0,0,0,0,w,m
1919,YES,1,1,0.953295,0,0,0,0,0.831134,1.28203,0.654083,1.80019,2.30639,0,0,0,0,0,0,1,0,0,0,0,w,m
1920,YES,1,1,0.957877,0,0.568163,0,0,0.831976,1.47004,0.638024,1.67494,2.27392,0,0,0,0,0,0,1,0,0,0,0,w,m
1921,YES,1,1,0.95571,0,0,0,0,0.668343,0.833519,0,1.58448,1.73506,0,0,0,0,0,0,1,1,0,0,0,w,m
1922,YES,1,1,0.959291,0,0,0,0,0.549364,1.0379,0,1.32227,1.62445,0,0,0,0,0,0,1,0,0,0,0,w,m
1923,YES,1,1,0.956593,0,0,0,0,0.531697,0.949737,0,1.40525,1.43791,0,0,0,0,0,0,1,1,0,0,0,w,m
1924,YES,1,1,0.95278,0,0,0,0,0.53189,1.1017,0,1.32986,1.67996,0,0,0,0,0,0,1,1,0,0,0,w,m
1925,YES,1,1,0.95202,0,0,0,0,0,0.756672,0,1.24143,1.61774,0,0,0.729436,0,0,0,1,1,0,0,0,w,m
1926,YES,1,1,0.951705,0,0,0.53832,0,0,0.931812,0,1.21369,1.48158,0,0,0,0,0,0,1,1,0,0,0,w,m
1927,YES,1,1,0.945327,0,0,0,0,0.500667,0.665371,0,1.26873,1.6374,0,0,0,0,0,0,1,0,0,0,0,w,m
1928,YES,1,1,0.944645,0,0,0.579104,0,0.534556,0,0,1.42819,1.92741,0,0,0,0,0,0,1,0,0,0,0,w,m
1929,YES,1,1,0.941771,0,0,0.624691,0,0.589592,0,0,1.45482,1.94835,0,0,0,0,0,0,1,0,0,0,0,w,m
1930,YES,1,1,0.948756,0,0,0,0,0.702458,0.548275,0.532977,1.68418,2.09525,0,0,0,0,0,0,1,0,0,0,0,w,m
1931,YES,1,1,0.94912,0,0.627441,0,0,0.702573,0.70469,0.576626,1.72081,2.18292,0,0,0.759765,0.55338,0,0,1,0,0,0,0,w,m
1932,YES,1,1,0.956656,0,0.501305,0,0,0.659904,0.707998,0,1.77692,1.9734,0,0,0,0,0,0,1,0,0,0,0,w,m
1933,YES,1,1,0.960257,0,0.640559,0,0,0.733734,0.760635,0.538147,1.85387,2.20559,0,0,0,0,0,0,1,0,0,0,0,w,m
1934,YES,1,1,0.961832,0,0.533588,0,0,0.721643,0.846842,0.530786,1.78937,2.21713,0,0,0,0,0,0,1,0,0,0,0,w,m
1935,YES,1,1,0.964939,0,0.504603,0,0,0.632427,0.785508,0,1.62942,2.15807,0,0,0,0.633093,0,0,1,0,0,0,0,w,m
1936,YES,1,1,0.961451,0,0,0.512643,0,0.568845,0.8754,0,1.65437,2.20166,0,0,0,0,0,0,1,0,0,0,0,w,m
1937,YES,1,1,0.962332,0,0,0,0,0.543633,0.941505,0.56975,1.61136,2.31382,0,0,0,0,0,0,1,0,0,0,0,w,m
1938,YES,1,1,0.957512,0,0,0.62107,0,0.523032,0.655632,0.518473,1.57706,1.77358,0,0,0.509453,0,0,0,1,1,0,0,0,w,m
1939,YES,1,1,0.955247,0,0,0.577217,0,0,0.788548,0.55814,1.44186,1.7351,0,0,0.513344,0,0,0,1,0,0,0,0,w,m
1940,YES,1,1,0.954779,0,0,0.565941,0,0.552423,0.70594,0.633338,1.49836,1.94976,0,0,0.837832,0,0,0,1,0,0,0,0,w,m
1941,YES,1,1,0.952572,0,0,0.534462,0,0.525992,0.672389,0.597562,1.48905,2.01799,0,0,0.798759,0,0,0,1,0,0,0,0,w,m
1942,YES,1,1,0.95082,0,0,0,0,0.585318,0,0.60492,1.52955,1.9978,0,0,0.701817,0,0,0,1,0,0,0,0,w,m
