time_stamp,word,frame,success,confidence,AU01_r,AU02_r,AU04_r,AU05_r,AU06_r,AU09_r,AU10_r,AU12_r,AU14_r,AU15_r,AU17_r,AU20_r,AU25_r,AU26_r,AU04_c,AU12_c,AU15_c,AU23_c,AU28_c,AU45_c,speaker_gender,listener_gender
3352,ADULT,1,1,0.87107,0.730398,0.581736,0,1.50714,0,0,0.564602,1.00096,0.836504,0,0,1.05473,0,0,0,1,0,0,0,0,w,w
12247,ADULT,1,1,0.958565,0,1.8762,0,0.59146,0,0,0.696198,1.02871,2.16457,0,0.814284,1.38387,0,0,0,1,0,0,0,0,w,w
12266,ADULT,1,1,0.942609,1.3688,1.69277,1.03778,0,0,0,0,0,0.598704,0.701564,0.909897,0,0,0,1,0,1,0,0,0,w,w
12267,ADULT,1,1,0.924768,1.83645,3.10393,0.976476,0.555696,0,0,0,0,0.665211,0,0,0,0,0,0,0,1,0,0,0,w,w
12268,ADULT,1,1,0.941505,1.84551,2.67864,0.580174,0.624787,0,0,0,0,0.664323,0,0.640833,0,0,0,0,0,1,0,0,0,w,w
12269,ADULT,1,1,0.948578,1.30701,2.15191,0,0.747076,0,0,0,0,0,0,0,0,0,0,0,0,1,0,0,0,w,w
12270,ADULT,1,1,0.908295,1.15061,1.45945,0,0.926175,0,0,0,0,0,0,0.513745,1.22299,0,0,0,0,1,1,0,0,w,w
12271,ADULT,1,1,0.842467,0.797605,0.890776,0,0.899329,0,0,0,0,0,0.592877,0.570833,1.93815,0,0,0,0,1,0,0,0,w,w
12272,ADULT,1,1,0.866967,0.727561,1.41052,0,0.910789,0,0,0,0,0,0.607478,0.671912,1.84513,0,0,0,0,1,0,0,0,w,w
