time_stamp,word,frame,success,confidence,AU01_r,AU02_r,AU04_r,AU05_r,AU06_r,AU09_r,AU10_r,AU12_r,AU14_r,AU15_r,AU17_r,AU20_r,AU25_r,AU26_r,AU04_c,AU12_c,AU15_c,AU23_c,AU28_c,AU45_c,speaker_gender,listener_gender
7877,ENCOURAGE,1,1,0.940574,0,0,0,0,0.67043,0,1.1421,1.13116,2.41502,0,0.761369,2.56535,1.56622,0,0,1,0,0,0,0,w,w
7878,ENCOURAGE,1,1,0.937907,0,0,0,0,0.742789,0,1.23548,1.3775,2.57901,0,0.529212,2.39397,1.96091,0,0,1,0,0,0,0,w,w
7879,ENCOURAGE,1,1,0.942286,0,0,0,0,0.74592,0,1.2169,1.38384,2.28164,0,0.663992,2.17711,1.82412,0,0,1,0,0,0,0,w,w
7880,ENCOURAGE,1,1,0.927607,0,0,0,0,0.709195,0,1.14637,1.34139,2.28846,0,0.565157,2.34972,1.9904,0,0,1,0,0,0,0,w,w
7881,ENCOURAGE,1,1,0.93897,0,0,0,0.513689,0.583624,0,0.98174,1.40555,1.75257,0,0.528116,2.0491,2.95149,0,0,1,0,1,0,0,w,w
7882,ENCOURAGE,1,1,0.932344,0,0,0,0,0,1.1261,0.883969,0.914143,0.504611,0,0.591586,1.95318,2.88675,0,0,1,0,1,0,0,w,w
7883,ENCOURAGE,1,1,0.819679,0,0,0,0,0,0.82007,0.633603,0.599292,0,0,0.545674,1.76961,2.9048,0,0,1,0,1,0,0,w,w
7884,ENCOURAGE,1,1,0.790472,0.564744,0,0,0,0,0,0,0,0,0,0.634876,2.36361,2.30045,0.543408,0,1,0,1,0,0,w,w
7885,ENCOURAGE,1,1,0.807028,0.603792,0,0,0,0,0,0,0,0,0,0.504798,1.98603,0,0,0,0,0,1,0,0,w,w
