time_stamp,word,frame,success,confidence,AU01_r,AU02_r,AU04_r,AU05_r,AU06_r,AU09_r,AU10_r,AU12_r,AU14_r,AU15_r,AU17_r,AU20_r,AU25_r,AU26_r,AU04_c,AU12_c,AU15_c,AU23_c,AU28_c,AU45_c,speaker_gender,listener_gender
48603,BRIEF,1,1,0.979405,0,0,0,0,0,0,0,0,0,0,0,1.24541,0,0,0,0,1,0,0,1,w,w
48604,BRIEF,1,1,0.971809,0,0,0,0,0,0,0,0,0.853266,0.573432,0.718108,1.19059,0.733591,0,0,0,1,0,0,1,w,w
48605,BRIEF,1,1,0.960584,0,0,0,0,0,0,0,0,0.620974,0,0.590077,0.506349,1.54282,0,0,0,1,0,0,1,w,w
48606,BRIEF,1,1,0.976501,0,0,0,0,0,0.719924,0,0,0.61838,1.10388,0.67313,0,1.40816,0,0,0,1,1,0,1,w,w
48607,BRIEF,1,1,0.971918,0,0,0,0,0,0.511691,0,0,0,1.10376,0.75745,0,0,0,1,0,1,1,0,1,w,w
48608,BRIEF,1,1,0.952661,0,0,0,0,0,0,0,0,0,1.9746,0,0,0,0,0,0,1,1,0,1,w,w
48609,BRIEF,1,1,0.917419,0.630037,0,0,0,0,0,0,0,0,2.27876,0.69526,0,2.18669,0.535822,0,0,1,1,0,1,w,w
48610,BRIEF,1,1,0.867752,1.04407,0.667403,0,0,0,0,0,0,0,1.76473,0.591558,0.925657,2.23835,0.729765,0,0,1,1,0,1,w,w
48611,BRIEF,1,1,0.847729,0.806837,0.620287,0,0,0,0,0,0,0,1.48654,0,1.43098,2.72019,0.901888,0,0,1,1,0,0,w,w
48612,BRIEF,1,1,0.860269,1.41321,0.816926,0,0,0,0,0,0,0,1.22771,0,1.74721,2.50571,0.986273,0,0,1,1,0,0,w,w
48613,BRIEF,1,1,0.831926,1.11032,0.542128,0,0,0,0,0,0,0,1.71913,0,1.15546,3.29755,1.08508,0,0,1,1,0,0,w,w
48614,BRIEF,1,1,0.884732,1.12738,1.04557,0,0,0,0,0,0,0,1.08286,0,0.726214,3.23036,1.14326,0,0,0,1,0,0,w,w
48615,BRIEF,1,1,0.909606,0,0,0,0,0,0,0,0,0,1.54446,0,0,3.31497,0.840127,0,0,0,1,0,0,w,w
48616,BRIEF,1,1,0.947421,0,0,0.594972,0,0.513101,0.991075,0,1.10502,1.06134,0,0,0,2.66663,1.06013,0,1,0,1,0,0,w,w
48617,BRIEF,1,1,0.957416,0,0,0.515508,0,0.892321,1.00134,0.805079,1.6222,1.50072,0,0,0,1.93145,0.502429,0,1,0,0,0,0,w,w
48618,BRIEF,1,1,0.959089,0,0,0.774922,0,0.864173,1.3206,0.708564,1.29885,1.36875,0,0,0,1.44368,0,0,1,0,0,0,1,w,w
5352,BRIEF,1,1,0.973506,0,0.602889,0,1.23631,0,0,0.525266,1.02722,1.48807,0.843802,0,0,0,0,0,0,0,0,0,0,m,m
5353,BRIEF,1,1,0.968716,0,0.799604,0,1.00592,0,0,0.54206,0.884255,1.42756,0.920093,0.578353,0,0,0,0,0,0,0,0,0,m,m
5354,BRIEF,1,1,0.968895,0,1.18341,0,0.960007,0,0,0.531053,0.860148,1.5138,0.893795,0,0,0.923224,0,0,0,0,0,0,0,m,m
5355,BRIEF,1,1,0.966031,0,1.26565,0,0.944649,0,0,0.521918,0.816573,1.54293,0.75789,0.549133,0,0.607092,0,0,0,0,0,0,0,m,m
5356,BRIEF,1,1,0.96824,0,0.938609,0,0.933599,0.580686,0,0.609522,0.928729,1.54311,0.879336,0.665212,0,0.863315,0,0,0,1,0,0,0,m,m
5357,BRIEF,1,1,0.967433,0,0.964626,0,0.646195,0.628603,0,0.563622,0.909624,1.71589,1.07273,0.842407,0.543726,1.01764,0,0,0,1,0,0,0,m,m
5358,BRIEF,1,1,0.948939,0,0.878544,0,0,0.618739,0.624358,0.517614,0.977814,1.56122,1.00415,0.821931,0.753926,1.41197,0,0,0,1,0,0,0,m,m
5359,BRIEF,1,1,0.948383,0,0,0,0,0,0.697727,0,1.05995,1.23646,1.36545,0.790956,1.3566,1.35091,0,0,1,1,1,0,0,m,m
5360,BRIEF,1,1,0.93852,0,0,0,0,0,0.768805,0,1.1416,0.851158,1.25315,0.805647,1.24601,1.48789,0,0,0,1,1,0,0,m,m
5361,BRIEF,1,1,0.936135,0,0,0,0,0,1.10845,0,1.13446,0.902718,1.05376,0.914492,1.04515,1.88308,0,0,0,1,1,0,0,m,m
5362,BRIEF,1,1,0.935911,0,0,0,0,0,0.936052,0,1.11563,0.851207,1.00876,0.857185,0.863692,2.7496,0,0,1,1,1,0,0,m,m
5363,BRIEF,1,1,0.940323,0,0,0,0,0,0.885838,0,1.04292,0.879399,1.22284,0.850639,0.897212,3.07298,0,0,1,1,1,0,0,m,m
5364,BRIEF,1,1,0.942659,0,0,0,0,0,0.980977,0,0.949992,1.00685,1.12141,0.81137,1.02251,2.9697,0,0,1,1,1,0,0,m,m
5365,BRIEF,1,1,0.951728,0,0,0,0,0.531948,0.935997,0,0.938602,1.2238,0.949731,0.99618,1.17688,2.63833,0,0,1,1,1,0,0,m,m
5366,BRIEF,1,1,0.954584,0,0,0,0,0.638814,0.851471,0,0.953036,1.31357,0.907754,0.897527,0.952411,3.15647,0,0,1,1,1,0,0,m,m
5367,BRIEF,1,1,0.957683,0,0,0,0,0.662976,0.838173,0,0.853447,1.32247,0.72969,1.02541,1.14439,3.28232,0,0,1,1,1,0,0,m,m
5368,BRIEF,1,1,0.975372,0,0,0,0,0.610286,0.839013,0,0.957692,1.18739,0.681192,0.931544,1.05538,2.81119,0,0,1,1,1,0,0,m,m
5369,BRIEF,1,1,0.97183,0,0,0,0,0.743031,0.551644,0.509178,1.24242,1.0493,0.546454,0.950976,0.805425,2.99785,0,0,1,1,1,0,0,m,m
5370,BRIEF,1,1,0.972721,0,0,0,0,0.709333,0,0,1.10749,1.21758,0.513281,0.919505,1.27463,2.61851,0,0,0,1,1,0,0,m,m
5371,BRIEF,1,1,0.96629,0,0,0,0,0.775022,0.525502,0,1.17285,1.4415,0,1.06161,1.29597,2.94347,0,0,0,1,1,0,0,m,m
5372,BRIEF,1,1,0.964241,0,0,0,0,0.81505,0,0,1.17512,1.62634,0,0.972455,1.20158,3.23688,0,0,0,1,1,0,0,m,m
5373,BRIEF,1,1,0.958036,0,0,0,0,0.807281,0,0,1.12454,1.54589,0.517994,1.06241,1.26882,2.93318,0,0,0,1,1,0,0,m,m
5374,BRIEF,1,1,0.961727,0,0,0,0,0.807993,0,0,1.01091,1.43344,0.521191,0.910768,1.15578,2.99064,0,0,0,1,1,0,0,m,m
5375,BRIEF,1,1,0.951819,0,0,0,0,0.85577,0,0.513471,1.1032,1.63388,0,1.13403,1.22414,2.67177,0,0,0,1,1,0,0,m,m
5376,BRIEF,1,1,0.955149,0,0,0,0,0.832883,0,0,1.11299,1.71776,0,1.04309,1.11071,2.48108,0,0,0,1,1,0,0,m,m
5377,BRIEF,1,1,0.95158,0,0,0,0,0.831761,0,0,1.07509,1.82243,0,1.15497,1.16499,2.62023,0,0,0,1,1,0,0,m,m
5378,BRIEF,1,1,0.952174,0,0,0,0,0.844107,0,0,1.07581,1.69432,0.549154,1.15182,1.10184,2.82753,0,0,0,1,1,0,0,m,m
5379,BRIEF,1,1,0.95234,0,0,0,0,0.854101,0,0,1.11358,1.6551,0,1.11445,0.992882,2.93338,0,0,0,1,1,0,0,m,m
5380,BRIEF,1,1,0.971144,0,0,0,0,0.82081,0,0,1.12732,1.60201,0,1.00986,1.3022,2.87635,0,0,0,1,1,0,0,m,m
5381,BRIEF,1,1,0.977036,0,0,0,0,0.91095,0.710606,0.534831,1.29689,1.4473,0,1.00727,1.6714,2.75673,0,0,0,1,1,0,0,m,m
5382,BRIEF,1,1,0.962652,0,0,0,0,0.9131,1.14364,0.550296,1.22842,1.2045,0,0.838029,1.70072,2.946,0,0,0,1,1,0,0,m,m
5383,BRIEF,1,1,0.962281,0,0,0,0,0.906198,0.806302,0.64439,1.04423,1.39124,0.620933,1.02737,1.77863,3.18858,0,0,1,1,1,0,0,m,m
5384,BRIEF,1,1,0.958776,0,0,0,0,0.739196,0.930922,0,0.952311,1.13913,0.611178,0.996942,1.89734,3.10609,0,0,0,1,1,0,0,m,m
5385,BRIEF,1,1,0.951546,0,0,0,0,0.728562,1.33237,0,0.919116,1.29806,0.889527,1.07928,2.06619,2.79713,0,0,1,1,1,0,0,m,m
5386,BRIEF,1,1,0.952735,0,0,0,0,0.625521,1.122,0,0.804254,1.47108,1.13608,1.14962,1.96279,2.67002,0,0,0,1,1,0,0,m,m
5387,BRIEF,1,1,0.954225,0,0,0,0,0.628041,0.86298,0,0.887128,1.28702,0.965386,1.108,1.87881,2.36203,0,0,0,1,1,0,0,m,m
5388,BRIEF,1,1,0.955072,0,0,0,0,0.624003,0.96616,0,0.854556,1.25391,0.861335,1.06078,1.94209,2.52631,0,0,1,1,1,0,0,m,m
5389,BRIEF,1,1,0.952044,0,0,0,0,0.670204,0.989293,0,0.89481,1.28989,0.793915,1.02489,2.11147,2.68659,0,0,1,1,1,0,0,m,m
5390,BRIEF,1,1,0.953392,0,0,0,0,0.656126,1.15767,0,0.819308,1.40045,0.990845,1.07645,2.05681,2.26357,0,0,0,1,1,0,0,m,m
