time_stamp,word,frame,success,confidence,AU01_r,AU02_r,AU04_r,AU05_r,AU06_r,AU09_r,AU10_r,AU12_r,AU14_r,AU15_r,AU17_r,AU20_r,AU25_r,AU26_r,AU04_c,AU12_c,AU15_c,AU23_c,AU28_c,AU45_c,speaker_gender,listener_gender
47555,EVALUATE,1,1,0.972317,0,0,1.50929,0,0,1.01424,0,0,0.915945,0.924129,0,0,1.53333,0.505232,1,0,1,1,0,0,m,w
47556,EVALUATE,1,1,0.873205,0,0,0,0,0,0,0,0,0,0,0,0.676924,2.99584,0,1,0,0,1,0,0,m,w
47557,EVALUATE,1,1,0.869583,0,0.695586,0,0.862673,0,0,0,0,0,0,0,0,2.6074,0,1,0,0,1,1,0,m,w
47558,EVALUATE,1,1,0.844859,0.511774,1.12402,0,0.768713,0,0,0,0,0,0,0.551936,0,3.18808,0,1,0,0,0,1,0,m,w
47559,EVALUATE,1,1,0.868793,0,0.520729,0,0.776872,0,0,0,0,0,0,0,0,3.16381,0,1,1,0,0,1,0,m,w
47560,EVALUATE,1,1,0.868724,0,0.66453,0,0,0,0,0,0,0,0,0,0,3.77543,0,0,0,0,1,0,0,m,w
47561,EVALUATE,1,1,0.939525,0.595347,0,0,0,0,0.896069,0,0,0,0,0,0.764126,2.17644,0.570088,1,0,0,1,0,0,m,w
47562,EVALUATE,1,1,0.80564,1.2988,1.58329,0,0,0,0,0,0,0,0,0,0,0,0,1,0,0,0,0,0,m,w
47563,EVALUATE,1,1,0.857784,0,0,0,0.557755,0,0.793068,0,0,0.70666,0,0,0.533935,0,0,1,1,0,0,0,0,m,w
47564,EVALUATE,1,1,0.775154,0,0,1.88179,0.784153,0,0,0,0.554958,0.659718,0,0.806712,0,0,0,1,1,0,0,0,0,m,w
2773,EVALUATE,1,1,0.906617,0.912295,0.872592,0,1.36591,0,0,0,0,0,0,0,0,0,0,0,1,0,1,0,0,w,m
2774,EVALUATE,1,1,0.918776,1.16181,1.19697,0,2.23764,0,0,0,0,0,1.69322,0,0,0,0,0,1,0,1,0,0,w,m
2775,EVALUATE,1,1,0.925541,1.42406,1.61026,0,1.98264,0,0.801805,0,0,0,0.615201,0,0,0,0,0,1,0,1,0,0,w,m
2776,EVALUATE,1,1,0.921308,1.51561,1.5628,0,1.42437,0,0.964293,0,0,0,0,0,0,0.690764,0,0,1,0,1,0,1,w,m
2777,EVALUATE,1,1,0.92637,1.87472,1.8757,0,1.38873,0,1.25936,0,0.638295,0,0,0,0,0.979646,0,0,1,0,1,0,1,w,m
2778,EVALUATE,1,1,0.949993,1.60911,1.6256,0,1.64865,0,1.25892,0,0.56167,0,0,0,0,1.03569,0,0,1,0,1,0,1,w,m
2779,EVALUATE,1,1,0.953632,1.52543,1.78431,0,1.73983,0,1.93145,0,0,0,0.631311,0,0,1.41538,0,0,1,1,1,0,1,w,m
2780,EVALUATE,1,1,0.960296,1.63431,1.95795,0,1.61188,0,1.85418,0,0,0,0.759559,0,0,1.0408,0,0,1,0,1,0,1,w,m
2781,EVALUATE,1,1,0.94642,1.75449,1.82485,0,1.29404,0,1.91683,0,0,0,0.558937,0,0,1.35639,0,0,1,0,1,0,1,w,m
2782,EVALUATE,1,1,0.952027,1.7623,1.73483,0,1.36996,0,1.71269,0,0,0,0.777107,0,0,1.37858,0,0,0,0,1,0,1,w,m
2783,EVALUATE,1,1,0.951354,1.58181,2.31341,0,1.1605,0,1.47078,0,0,0,0.878963,0,0,1.04827,0,0,0,0,1,0,0,w,m
2784,EVALUATE,1,1,0.940726,1.56214,2.09658,0,1.16783,0,1.302,0,0,0,1.26959,0,0,1.47513,0,0,0,1,1,0,1,w,m
2785,EVALUATE,1,1,0.941186,1.54068,1.88158,0,1.10341,0,1.34827,0,0,0,1.14462,0,0,1.36084,0,0,0,0,1,0,1,w,m
2786,EVALUATE,1,1,0.943828,1.42642,2.06729,0,1.42466,0,1.46843,0,0,0,1.12004,0,0,1.67237,0,0,0,0,1,0,1,w,m
2787,EVALUATE,1,1,0.936603,1.6262,2.06552,0,1.50973,0,1.31712,0,0,0,1.3191,0,0,1.23562,0,0,0,0,1,0,1,w,m
2788,EVALUATE,1,1,0.948811,1.51326,2.18085,0,1.61362,0,1.01459,0,0,0,1.18342,0,0,1.34978,0,0,0,0,1,0,0,w,m
2789,EVALUATE,1,1,0.946291,1.64588,2.04197,0,1.11475,0,0.54976,0,0,0,1.14073,0,0,0,0,0,0,0,1,0,0,w,m
2790,EVALUATE,1,1,0.940451,1.18758,1.95442,0,1.29994,0,0,0,0,0,1.40109,0,0,0,0,0,0,0,0,0,0,w,m
2791,EVALUATE,1,1,0.948261,1.14154,1.82291,0,1.29045,0,0,0,0,0,1.87921,0,0,0,0,0,0,0,1,0,0,w,m
2792,EVALUATE,1,1,0.968283,0.940815,1.53105,0,1.38045,0,0,0,0.808518,0,1.21654,0,0,1.72205,0.590903,0,1,0,1,0,0,w,m
2798,EVALUATE,1,1,0.954175,1.02066,2.08189,0,1.50024,0,0.512909,0,0.801131,0,0,0,0,0,0,0,1,1,1,0,0,w,m
2799,EVALUATE,1,1,0.954701,0.787673,2.44936,0,1.33673,0.502952,0,0.558406,0.552449,0,0,0,0.570203,0.598946,0,0,0,1,1,0,0,w,m
2800,EVALUATE,1,1,0.955081,1.02861,2.5112,0,1.47961,0,0.591724,0,0,0,0.658207,0,0,0.626362,0,0,0,1,1,0,0,w,m
2801,EVALUATE,1,1,0.954354,1.37425,2.14071,0,1.3401,0,0,0,0.745392,0,0.998447,0,0,0.700004,0,0,1,1,1,0,0,w,m
2802,EVALUATE,1,1,0.968558,1.08277,2.24362,0,1.37782,0,0,0,0.915277,0,0,0,0,1.1035,0,0,1,1,1,0,0,w,m
2803,EVALUATE,1,1,0.944525,1.38417,2.09061,0,1.35545,0,0.890245,0.564108,0.814546,0,0,0,0,1.4571,0,0,1,0,1,0,0,w,m
2804,EVALUATE,1,1,0.951319,1.50296,1.70946,0,0.852729,0,1.08668,0,0.6983,0,0,0,0,1.66133,0,0,1,0,1,0,1,w,m
2805,EVALUATE,1,1,0.948035,1.13538,1.31098,0,1.02396,0,0.607406,0,0.576704,0,0,0,0,0.907897,0,0,1,0,1,0,1,w,m
2806,EVALUATE,1,1,0.94884,1.07136,0.905824,0,0.94085,0,0,0,0,0,0,0,0,1.02915,0,0,1,0,1,0,1,w,m
2807,EVALUATE,1,1,0.932829,1.26828,0,0,0.812074,0,0,0,0,0,0,0,0.565869,0,0,0,1,0,1,0,1,w,m
2808,EVALUATE,1,1,0.913282,1.76003,0.918104,0,1.07562,0,0,0,0,0,0,0,0,0,0,0,0,0,1,0,1,w,m
2809,EVALUATE,1,1,0.898548,2.13206,1.18995,0,1.61687,0,0,0,0,0,0,0,0.757188,0,0,0,0,0,1,0,1,w,m
2810,EVALUATE,1,1,0.928289,1.6993,0.85208,0,1.7994,0,0,0,0,0,0,0,0.608104,0,0,0,0,0,1,0,1,w,m
2811,EVALUATE,1,1,0.945569,1.46097,0.726614,0,1.81006,0,0,0,0,0,0,0,0.592255,0,0,0,0,0,1,0,1,w,m
2812,EVALUATE,1,1,0.895608,1.19677,1.23054,0,1.19165,0,0,0,0,0,0.723163,0,0,0,0,0,0,0,0,0,0,w,m
2813,EVALUATE,1,1,0.888377,1.51264,1.25778,0,1.31313,0,0,0,0,0,0.778916,0,0.77236,0,0,0,0,0,1,0,0,w,m
2814,EVALUATE,1,1,0.92473,1.46044,0.844992,0,1.56991,0,0,0,0,0,0,0,0,0,0,0,0,0,1,0,0,w,m
2815,EVALUATE,1,1,0.946793,1.19518,0,0,1.61703,0,0,0,0,0,0,0.607596,0,0,0,0,0,0,1,0,1,w,m
2816,EVALUATE,1,1,0.957519,1.38352,0,0,1.26876,0,0,0,0,0,0,0.689445,0,0,0,0,0,0,1,0,1,w,m
2817,EVALUATE,1,1,0.947169,1.61303,0,0,1.46483,0,0,0,0.530452,0,0,0.635217,0,0,0,0,0,0,0,0,1,w,m
2818,EVALUATE,1,1,0.945267,1.83521,0,0,1.64733,0,0,0,0.648133,0,0,0,0,0,0,0,0,0,1,0,1,w,m
2819,EVALUATE,1,1,0.945469,1.70567,0,0,1.47621,0,0,0,0.704607,0,0,0.594455,0,0,0,0,0,0,1,0,1,w,m
2820,EVALUATE,1,1,0.959949,1.37309,0,0,1.1261,0,0,0,0.556074,0,0,0,0,0,0,0,0,0,1,0,1,w,m
2821,EVALUATE,1,1,0.959553,1.62045,0,0,1.1774,0,0,0,0,0,0,0.561712,0,0,0,0,0,0,1,0,1,w,m
2822,EVALUATE,1,1,0.962383,1.70951,0,0,1.31955,0,0,0,0,0,0,0,0,0,0,0,0,0,1,0,1,w,m
2823,EVALUATE,1,1,0.969612,1.91662,0,0,1.0682,0,0,0,0,0,0,0,0,0,0,0,0,0,1,0,1,w,m
2824,EVALUATE,1,1,0.964117,1.67167,0.821008,0,1.0311,0,0,0,0,0,0,0,0,0,0,1,0,0,1,0,1,w,m
2825,EVALUATE,1,1,0.971332,1.75039,0.695874,0,0.695595,0,0.642778,0,0,0,0,0,0,0,0,1,0,0,1,0,1,w,m
2826,EVALUATE,1,1,0.977103,1.56734,0.864898,0,0.615757,0,1.06738,0,0,0,0,0,0,0,0,1,0,0,1,0,1,w,m
2827,EVALUATE,1,1,0.97826,1.38462,0.717499,0,0.636683,0,0.888278,0,0,0,0,0,0,0,0,1,0,0,0,0,1,w,m
2837,EVALUATE,1,1,0.977116,2.1092,1.5871,0,1.15681,0,0.787938,0,0,0,0.512423,1.12578,0,0,0,0,0,0,1,0,0,w,m
2838,EVALUATE,1,1,0.983978,1.74074,1.16502,0,0.847678,0,0.735389,0,0,0,0.600881,1.09089,0,0,0,0,0,0,1,0,0,w,m
2839,EVALUATE,1,1,0.980099,1.3556,1.1751,0,0.90509,0,0,0,0,0,1.02173,1.28638,0,0,0,0,0,1,1,0,0,w,m
2840,EVALUATE,1,1,0.969709,1.53144,0.575164,0,1.36067,0,0,0,0,0,0.535076,0.892819,0,0,0,0,0,1,1,0,0,w,m
2841,EVALUATE,1,1,0.963718,1.33179,0.778537,0,0.944284,0,1.66235,0.688915,0,1.00917,0,0,0,0,0,0,1,0,1,0,0,w,m
2842,EVALUATE,1,1,0.976812,1.00525,1.01971,0,0.581107,0,1.97431,0.870269,0,1.19074,0,0.728694,0,0,0,0,1,1,1,0,0,w,m
2843,EVALUATE,1,1,0.974603,0.633608,1.57166,0,0,0.588866,2.38387,1.12296,0,1.35402,0,1.03113,0,0,0,0,1,1,1,0,0,w,m
2844,EVALUATE,1,1,0.965891,1.19127,2.38353,0,0,0.679815,2.17365,1.10199,0,1.28192,0,0.581959,0,0,0,0,0,1,0,0,0,w,m
