time_stamp,word,frame,success,confidence,AU01_r,AU02_r,AU04_r,AU05_r,AU06_r,AU09_r,AU10_r,AU12_r,AU14_r,AU15_r,AU17_r,AU20_r,AU25_r,AU26_r,AU04_c,AU12_c,AU15_c,AU23_c,AU28_c,AU45_c,speaker_gender,listener_gender
9830,PARTNER,1,1,0.975989,0,1.777,0,0,0.831065,1.3255,0.821642,1.90911,1.98433,0,0.657562,1.53181,1.94005,0.506901,0,1,1,0,0,0,w,w
9831,PARTNER,1,1,0.961907,0,1.15748,0,0.562834,0.76563,0,0.742943,1.85275,1.82944,0,0.592534,1.6586,1.86811,0.568023,0,1,1,0,0,0,w,w
9832,PARTNER,1,1,0.918676,0.513781,1.08041,0,0.554237,0,0,0,1.51536,1.24897,0,0,1.33216,1.04688,0.737341,0,1,1,1,0,0,w,w
9833,PARTNER,1,1,0.886457,1.29728,0.684489,0.849376,0,0,1.99964,0,0.86369,0.91714,0,0,1.40558,2.16623,0.767661,0,0,1,0,0,0,w,w
9834,PARTNER,1,1,0.855567,1.44263,0,2.0663,0,0,0,0.572843,0.834153,0,0,0,0.849227,1.6984,1.00953,0,0,1,0,0,1,w,w
9835,PARTNER,1,1,0.871038,0,0,0.561628,1.33098,0,0,0,0.971345,0,0,0,1.18614,3.08011,0.707252,0,0,0,0,0,1,w,w
9836,PARTNER,1,1,0.89514,0,0.734077,0,1.53952,0,0.6435,0,0.967541,0,0,0,1.02146,2.75419,0,0,1,0,1,0,1,w,w
9837,PARTNER,1,1,0.916031,0,1.48849,0,0,0.580771,1.87214,0.711818,1.70759,0.894511,0,0.614767,1.49017,0.930606,0,0,1,0,1,0,1,w,w
9838,PARTNER,1,1,0.954837,0,1.17805,0.567695,0,0,2.23161,0.71619,1.49157,0.520336,0,0,2.1728,1.66697,0,0,1,0,1,0,1,w,w
9839,PARTNER,1,1,0.944106,0.887707,1.39964,0,0,0,1.18807,0.733263,1.44696,0.665066,0,0,2.43711,2.50613,0,0,0,0,1,0,1,w,w
9840,PARTNER,1,1,0.858962,0,0,0.730337,0,0.620565,1.71396,0.880338,1.04817,1.75866,0,1.09525,2.09244,1.73573,0,0,1,1,1,0,1,w,w
9841,PARTNER,1,1,0.940137,0,0,0.688261,0,0.574536,1.3663,0.862705,0.644005,0.823394,0,0,1.98882,0,0,0,0,1,0,0,0,w,w
9842,PARTNER,1,1,0.908301,0,1.24616,0,0,0,1.61627,0.5502,0.640538,0,0,0,2.14772,1.08321,0,0,0,1,0,0,1,w,w
9843,PARTNER,1,1,0.928745,0,0.528219,0,0,0,1.01281,0,1.05281,1.42693,0.886467,0,2.13585,2.6832,0.526186,0,0,1,1,0,0,w,w
9844,PARTNER,1,1,0.955387,0,0.831223,0,0,0.843503,1.4677,1.01318,1.77439,1.82198,0,0.56053,1.54757,1.78626,0,0,1,0,1,0,0,w,w
9845,PARTNER,1,1,0.97439,0,0.993538,0,0,0.740479,0,0.734331,1.39244,1.89366,0,0,1.13608,1.28969,0,0,1,1,0,0,0,w,w
30814,PARTNER,1,1,0.836079,0,0,0,0.864212,0,1.16606,0,0,0,0,0,0,2.29191,0,0,0,0,0,0,0,w,w
30815,PARTNER,1,1,0.836559,0.646279,0,0.656037,0.719693,0,1.60169,0,0,0,0,0,0,2.45662,0,0,0,0,0,0,0,w,w
30816,PARTNER,1,1,0.846661,0.971972,0.505695,0.700671,0.937959,0,1.73568,0,0,0,0,0,0,2.5826,0,0,1,0,0,0,0,w,w
30817,PARTNER,1,1,0.816691,1.23241,0.855527,0.681011,0.79341,0,1.7103,0,0,0,0,0,0,3.57854,0,0,1,0,0,0,0,w,w
30818,PARTNER,1,1,0.890015,0,0,0.517841,0.57671,0,0.94818,0,0,0,0,0,0.934522,2.69525,0,1,0,0,0,0,0,w,w
30819,PARTNER,1,1,0.929421,0.563689,0,0.591645,0.663622,0,1.42082,0,0,0,0,0,0.760978,3.3596,0,0,1,0,0,0,0,w,w
30820,PARTNER,1,1,0.929766,0.683016,0.555553,0,0.558663,0,1.5178,0,0,0,0,0,0.65236,3.93872,0,0,1,0,0,0,0,w,w
30821,PARTNER,1,1,0.921824,0.934436,0,0,0,0,1.53927,0,0,0,0,0,0,4.29093,0,0,1,0,0,0,0,w,w
30822,PARTNER,1,1,0.92813,0.719459,0,0,0,0,1.35813,0,0,0,0,0,0,4.49679,0,0,1,0,0,0,0,w,w
30823,PARTNER,1,1,0.941837,0.705803,0,0,0,0,1.34809,0,0,0,0,0,0.610327,4.97925,0,0,1,0,0,0,0,w,w
30824,PARTNER,1,1,0.951972,0,0,0,0,0,1.24936,0,0,0.611419,0,0,0.89958,3.94806,0,1,1,0,0,0,0,w,w
30825,PARTNER,1,1,0.956781,0,0,0,0,0,1.05002,0,0,1.04741,0,0,0,2.90288,0,1,1,0,0,0,0,w,w
30826,PARTNER,1,1,0.913821,0,0,0.932182,0,0,0.83272,0,0,1.44899,0,0,0,3.35065,0,0,1,0,0,0,0,w,w
30827,PARTNER,1,1,0.921193,0,0,0.65709,0,0,0,0.743323,0,1.61508,0,0,0,0.678935,0,0,1,1,1,0,0,w,w
1004,PARTNER,1,1,0.996526,0,0,0,0,0,0.578643,0,0.69821,1.09948,0,0,0,0,0,0,1,0,0,0,0,m,m
1005,PARTNER,1,1,0.996662,0,0,0,0,0,0,0,0.773849,0.723609,0,0,0,0,0,0,1,0,0,0,0,m,m
1006,PARTNER,1,1,0.996806,0.623335,0.768527,0,0,0,0.703002,0,0.557727,0.577168,0,0,0,0.822453,0,0,1,0,0,0,0,m,m
1053,PARTNER,1,1,0.983841,0.953971,0.679634,0.847657,0,0,0.930421,0,0.525413,0.560182,0,0,0.508583,0,0,0,0,0,0,0,0,m,m
1054,PARTNER,1,1,0.976631,0.552636,0.699029,0,0,0,0,0,0,0,0,0,0.643637,0,0,0,1,0,0,0,0,m,m
1055,PARTNER,1,1,0.96863,0,0,0,0.864994,0,0,0,0,0,0.887638,0,1.33799,1.4155,0,0,1,0,0,0,0,m,m
1056,PARTNER,1,1,0.979499,0,0,0,1.10798,0,0,0,0,0,1.38696,0,1.00995,2.8488,0,0,1,0,0,0,0,m,m
1057,PARTNER,1,1,0.976583,0,0,0,1.6446,0,0,0,0,0,1.70118,0,0,2.89364,0,0,1,1,1,0,0,m,m
1058,PARTNER,1,1,0.983347,0,0,0.586182,1.0324,0,0,0,0,0,1.95613,0,0,2.91295,0,0,1,1,1,0,1,m,m
3567,PARTNER,1,1,0.987483,0,0,0.864794,0,0.701058,2.36661,0.842086,1.05039,1.04769,0,0,0,0.918506,0,1,1,0,0,0,0,m,m
3568,PARTNER,1,1,0.98581,0,0,0.815655,0,0,1.30083,0,0.577058,0.798381,0,0,0,1.02548,0,1,1,0,0,0,0,m,m
3569,PARTNER,1,1,0.981752,0,0,0.554697,0,0.515774,1.0923,0.550039,0.590901,0.770973,0,0,0.778797,0.558096,0,1,1,0,0,0,0,m,m
3570,PARTNER,1,1,0.980039,0,0,0,0,0,0.820378,0,0.529198,0.987712,0,0,1.07129,0.508548,0,0,1,0,1,0,0,m,m
3571,PARTNER,1,1,0.97906,0,0,0,0,0.53565,0.605997,0,0,0.741929,0,0,0.671707,0.976634,0,0,1,0,1,0,0,m,m
3572,PARTNER,1,1,0.974441,0,0,0,0.56353,0.502691,0,0,0.708435,0.813158,0,0,0.838155,2.30141,0,0,1,0,1,0,0,m,m
3573,PARTNER,1,1,0.963267,0,0,0,0.605603,0.698064,0,0.613739,0.93338,0.875667,0,0,0.723747,2.77078,0,0,1,0,1,0,0,m,m
3574,PARTNER,1,1,0.958723,0,0,0,0.566304,0.546944,0.838536,0,0.881342,0.720404,0,0,1.09133,2.83092,0,0,1,0,1,0,0,m,m
3575,PARTNER,1,1,0.948243,0,0,0,0.709756,0.615829,0.906873,0.554881,0.890205,0.911809,0,0,1.09985,2.97924,0,0,1,0,1,0,0,m,m
3576,PARTNER,1,1,0.933506,0,0,0,0.85691,0,1.12122,0,0.766381,0.638234,0,0,0.608851,2.39875,0,0,1,0,1,0,0,m,m
3577,PARTNER,1,1,0.987624,0,0,0,0.617139,0,0,0,0.708087,0.977292,0,0,0,2.37949,0,0,1,0,1,0,0,m,m
3578,PARTNER,1,1,0.956766,0,0,0,0.777001,0,0,0,0.842453,0.627081,0,0,0,1.95193,0,0,1,0,0,0,0,m,m
3579,PARTNER,1,1,0.865189,0.948162,0,0,1.11371,0,0,0,0.728517,0,0,0.684275,0,0.885119,0,0,1,0,0,0,0,m,m
3580,PARTNER,1,1,0.725421,1.231,0.566362,0,1.27817,0,0,0,0,0,0,0.601003,0,0,0,1,1,0,0,0,0,m,m
3581,PARTNER,1,1,0.954161,0,0,0,1.14967,0.502458,0,0.80029,1.20001,1.19885,0,0.589232,0,0,0,0,1,0,1,0,0,m,m
3585,PARTNER,1,1,0.951945,0.768647,0.958718,0,0.959194,0,0.52473,0.887482,0,1.38591,0.732215,0.647126,0.704311,0,0,0,1,0,1,0,0,m,m
3604,PARTNER,1,1,0.858868,2.64833,1.16711,0,0,0,1.1249,0,0.897473,0.831183,0,0.903806,0,0,0,0,0,1,1,0,0,m,m
3605,PARTNER,1,1,0.939074,2.28007,1.48425,0,0,0.599516,0,0.602426,0.925325,0.756162,0,0.530239,0,0,0,0,1,0,1,0,0,m,m
3606,PARTNER,1,1,0.947505,0.882821,1.74379,0,0.647658,0.508024,0,0,0.539916,1.00705,0,0,0.595868,0,0,0,1,0,1,0,0,m,m
3607,PARTNER,1,1,0.943644,0.737513,0.896869,0,1.47164,0,0,0,0,0,0,0,0.69996,0.716776,0,0,1,0,0,0,0,m,m
3608,PARTNER,1,1,0.945266,0,0.745899,0,1.13565,0,0,0,0,0,0.713108,0,1.37508,0,0,0,1,0,0,0,0,m,m
3609,PARTNER,1,1,0.942412,0,0,0,1.05341,0,0,0,0,0,0,0,1.05399,0,0,0,1,0,1,0,0,m,m
3610,PARTNER,1,1,0.965526,0,0,0,0.894671,0,0,0,0.557199,0,0.626017,0,0.568728,1.13457,0,0,1,0,0,0,0,m,m
3611,PARTNER,1,1,0.980708,0,0,0,0.807986,0,0,0,0,0,0,0,0.553515,1.84915,0,0,1,0,1,0,0,m,m
3612,PARTNER,1,1,0.974789,0,0.543315,0,0.871631,0,1.22816,0,0.60024,0,0,0,0,2.65809,0,0,1,0,1,0,0,m,m
3613,PARTNER,1,1,0.960157,0,0.543489,0,0.701063,0,1.44076,0,0.771399,0.70748,0,0,0.616301,1.60039,0,0,1,0,1,0,0,m,m
3614,PARTNER,1,1,0.944789,0,0,0,0.795813,0,0.772793,0,0.617835,0.705036,0,0,0,2.05531,0,0,1,0,1,0,0,m,m
3615,PARTNER,1,1,0.978381,0,0,0,0.758254,0,0.783013,0,0.518169,0.809154,0,0.517454,0,1.484,0,0,1,0,1,0,0,m,m
3616,PARTNER,1,1,0.858936,0,0,0,0.918351,0,0,0,0,0,0,0.579729,0,0.800212,0,0,1,0,0,0,0,m,m
3618,PARTNER,1,1,0.900495,0,0,1.48329,0.799237,0,1.19998,0,0,0,0.857556,0.823996,0.854056,0,0,1,1,0,0,0,0,m,m
3619,PARTNER,1,1,0.80027,1.90764,0.821346,0.597182,1.05122,0,0,0.585748,0,0,0,0,0.944664,0,0,0,0,0,1,0,0,m,m
4014,PARTNER,1,1,0.957391,0.656177,0.728726,0,0,0.951394,0.946493,1.23143,1.38665,1.24681,0,0,0,1.51771,0,0,1,0,0,0,0,m,m
4015,PARTNER,1,1,0.949845,0.922689,0.924421,0,0,0.974996,1.32009,1.22129,1.49769,1.20469,0,0,0,1.24766,0,0,1,0,0,0,0,m,m
4016,PARTNER,1,1,0.9534,0.714577,0.85133,0,0,0.946198,1.05992,1.30153,1.50702,0.758204,0,0,0,0.979572,0,1,1,0,0,0,0,m,m
4017,PARTNER,1,1,0.94147,0.632394,0.591715,0,0,0.989827,0.925318,1.3574,1.57456,0.648243,0,0,0,0.873086,0,0,1,0,0,0,0,m,m
4018,PARTNER,1,1,0.944115,0.954316,0.781763,0,0,1.07274,1.0313,1.32273,1.88496,0.713466,0,0,0,1.73943,0,0,1,0,0,0,0,m,m
4019,PARTNER,1,1,0.926547,0.828407,0.500039,0,0,1.18882,0,1.38097,1.93224,0.828041,0,0,0,2.02268,0,0,1,0,0,0,0,m,m
4020,PARTNER,1,1,0.842166,1.49084,1.63648,1.15797,0,1.12777,0,1.20037,1.89026,0.912609,0,0.636829,0,0,0,0,1,0,0,0,0,m,m
4021,PARTNER,1,1,0.802057,0.716895,0,0,0,0.945916,1.01193,1.0548,1.15822,0,0,0,0,0,0,0,1,0,0,0,0,m,m
4022,PARTNER,1,1,0.972208,0.811788,0,0,0,0.549493,1.60222,1.05509,0,0.506045,0.619147,0,0,1.72126,0,1,1,1,0,0,0,m,m
4023,PARTNER,1,1,0.979951,0.911595,0,0.557953,0,0,1.64196,0.835078,0,0,0,0,0,2.29859,0,1,1,0,1,0,1,m,m
4040,PARTNER,1,1,0.81278,0,1.09371,1.0243,0.590776,0,0.902261,0.550213,0,0,0,0,1.40314,0,0,0,1,1,0,0,0,m,m
4053,PARTNER,1,1,0.925051,2.08522,1.24108,1.51631,0,0.771781,1.20343,1.14084,0.916122,1.80151,1.02196,1.64253,0,2.91583,0,1,1,1,1,1,0,m,m
4054,PARTNER,1,1,0.975904,1.18871,0,1.07536,1.10377,0,1.07007,0,0.559519,0,1.37597,0.618311,0,0,0,1,0,1,1,0,0,m,m
4055,PARTNER,1,1,0.985894,0,0,0,0,0,0,0,0,0,0.821064,0,0,0.867956,0,0,1,1,0,0,0,m,m
4056,PARTNER,1,1,0.98381,0,0,0,0,0,0,0,0,0,0.532089,0,0,0,0,0,1,1,0,0,1,m,m
4057,PARTNER,1,1,0.988708,0.838518,0,0,0,0,0,0,0,0,0.524531,0,0,1.04932,0,0,1,0,0,0,0,m,m
4058,PARTNER,1,1,0.976863,0.698853,0,0,0,0,0.632719,0,0,0,0,1.27621,0.610382,1.04772,0,0,1,0,0,0,0,m,m
4059,PARTNER,1,1,0.864002,0,0,0,0,0,1.32222,0.672411,0,0,1.3621,1.48899,1.15721,3.15652,0,1,0,1,0,0,0,m,m
4060,PARTNER,1,1,0.819877,0.696098,0,0,0.973719,0,0.651923,0,0,0,0.533685,1.13526,0,1.32533,0,0,0,1,1,0,0,m,m
4061,PARTNER,1,1,0.911066,1.21981,0.92491,0,0.950752,0.632898,1.19689,0.844609,0,0.864655,0,2.06538,0.660876,0.944066,0,0,1,1,1,1,0,m,m
4062,PARTNER,1,1,0.928155,0.566799,0,0,0,0.655471,1.39276,0.654594,0.776879,0.940299,0,1.57438,0,0,0,0,1,1,1,0,0,m,m
11927,PARTNER,1,1,0.988146,0.986674,0.7717,1.42731,0,1.11688,2.38475,1.48107,1.48395,1.29933,0.525383,0,0,1.83347,0,1,1,1,1,0,0,m,m
11928,PARTNER,1,1,0.989508,0.651742,0,1.61533,0,1.107,2.44132,1.39945,1.26203,1.17575,0.648981,0,0,1.49425,0,0,1,0,1,0,0,m,m
11929,PARTNER,1,1,0.987984,0.683213,0,1.93162,0,1.30082,2.28095,1.58687,1.58049,1.46022,0.547408,0,0,1.97879,0,1,1,1,1,0,0,m,m
11930,PARTNER,1,1,0.990058,0,0.57832,1.63258,0,1.32024,2.04046,1.58551,1.67998,1.38159,0,0,0,1.98823,0,0,1,0,1,0,0,m,m
11931,PARTNER,1,1,0.989794,0,0.627572,1.54113,0.532782,1.34264,2.28015,1.69959,1.66102,1.44975,0,0,0,2.00751,0,0,1,1,1,0,0,m,m
11932,PARTNER,1,1,0.989712,1.10063,0.670572,1.59042,0,1.18088,2.33519,1.34792,1.6983,1.12611,0.518849,0,0,2.59034,0,0,1,1,1,0,0,m,m
11933,PARTNER,1,1,0.979906,1.63369,0,1.73378,0,0.772434,1.88941,1.02196,1.25501,1.2335,1.17966,0.550862,0,1.90823,0,0,1,1,0,0,0,m,m
11934,PARTNER,1,1,0.984042,1.81798,0,1.38713,0.533262,0.743422,2.05861,0.911571,1.19571,1.38003,1.2446,0,0,1.67044,0.500609,0,1,1,0,0,0,m,m
11960,PARTNER,1,1,0.976285,1.10032,0,0.8683,0,0,1.68858,0,0,0,0.725261,0,0,3.29419,0.853018,1,1,1,1,0,1,m,m
11961,PARTNER,1,1,0.973286,0.973105,0,0,0,0,1.20758,0.55079,0,0,0.663224,0,0,2.98621,0.757194,0,1,1,1,0,1,m,m
11962,PARTNER,1,1,0.977494,1.15993,0,0,0,0,1.36826,0,0,0,0.553566,0,0,2.86363,0.704783,1,1,1,1,0,1,m,m
11963,PARTNER,1,1,0.977819,1.53509,0,0,0,0,1.08451,0,0,0,0.837778,0,0,2.89953,0.66173,1,1,1,1,0,1,m,m
11964,PARTNER,1,1,0.979474,1.41118,0,0,0,0,1.09911,0,0,0,0.617006,0,0,3.15858,0.640702,1,1,1,1,0,0,m,m
11965,PARTNER,1,1,0.975116,1.41381,0,0,0,0,0.97779,0.556787,0.556546,0,0.713879,0,0,3.51191,0.58814,0,1,1,1,0,1,m,m
11966,PARTNER,1,1,0.980439,0.914082,0,0,0,0,1.28954,0.602371,0.558737,0,0.762826,0,0,3.24533,0.535523,1,1,1,1,0,1,m,m
11967,PARTNER,1,1,0.980579,0.757273,0,0,0,0,1.54918,0.712132,0,0,0.817883,0.545397,0,2.93376,0.504572,1,1,1,1,0,1,m,m
24633,PARTNER,1,1,0.982791,0,0,2.03919,0,0.635498,0.730469,0.598737,0,0.943334,0,0,0.764301,3.71664,0,1,1,0,0,0,0,m,m
24634,PARTNER,1,1,0.9833,0,0,1.79011,0.526794,0.663069,0.834831,0.642092,0.518769,0.890868,0,0,0.844749,3.6155,0,1,1,0,0,0,0,m,m
24635,PARTNER,1,1,0.981208,0,0,1.92334,0.532808,0.734836,0.620282,0.774049,0.580628,1.20435,0,0,0.589132,3.69432,0,1,1,0,0,0,0,m,m
24636,PARTNER,1,1,0.969359,0,0,2.00242,0,0.69806,0.713591,0.703889,0.615805,1.01221,0,0,0.846625,3.48666,0,1,1,0,0,0,0,m,m
24637,PARTNER,1,1,0.964394,0,0,1.86444,0,0.782858,0.655278,0.797352,0.697753,1.07677,0,0,0.822656,3.48305,0,1,1,0,0,0,0,m,m
24638,PARTNER,1,1,0.965255,0,0.501002,2.02607,0,0.717636,0,0.719524,0.671872,1.2192,0,0,0.624885,3.62272,0,1,1,0,0,0,0,m,m
24639,PARTNER,1,1,0.962409,0,0,1.98988,0,0.821367,0,0.804906,0.807842,1.07936,0,0,0.88153,3.7057,0,1,1,0,0,0,0,m,m
24640,PARTNER,1,1,0.959424,0,0.593013,2.09895,0,0.782928,0,0.776954,0.884275,1.30282,0,0,0.629357,4.06324,0,1,1,0,0,0,0,m,m
24641,PARTNER,1,1,0.952627,0,1.14586,1.91389,0.602231,0.813116,0,0.699944,1.29506,0.942656,0,0,0.510038,3.46034,0,1,1,0,0,0,0,m,m
24642,PARTNER,1,1,0.951679,0,1.66287,1.67254,0.510579,0.767508,0,0,1.41747,0.649971,0,0,0.799033,3.65143,0,1,1,0,0,0,0,m,m
24643,PARTNER,1,1,0.951141,0.756231,2.35489,1.58166,0.726198,0.676269,0,0,1.23557,0,0,0.522569,0.80438,2.964,0,1,1,0,0,0,0,m,m
24644,PARTNER,1,1,0.911095,0.894492,2.89846,1.77039,0.931565,0.558565,0,0,1.18348,0,0.591772,0.555893,0.983978,2.49137,0,1,0,0,0,0,0,m,m
24645,PARTNER,1,1,0.892417,0.793211,3.03859,1.70061,1.20882,0.554065,0,0,1.23249,0.585661,0,0.532535,0.626091,1.73864,0,1,0,0,0,0,0,m,m
24646,PARTNER,1,1,0.876223,0.552658,2.64192,1.57342,0.946425,0,0,0,1.08711,0.777522,0.715363,0,0.573576,1.15675,0,1,0,0,0,0,0,m,m
24647,PARTNER,1,1,0.854609,0.55055,2.3683,1.75272,0.924075,0,0,0,1.33177,0,1.05398,0,0.536371,1.52534,0,1,1,0,0,0,0,m,m
24648,PARTNER,1,1,0.81731,0.526845,1.93801,1.92352,0.755542,0,0,0,1.42576,0,1.26545,0,0,1.89132,0.534236,1,1,0,0,0,0,m,m
24649,PARTNER,1,1,0.779855,0,1.93966,1.63344,0.682825,0.57675,0,0,1.59505,0.766375,1.1919,0,0,1.81359,0.502174,1,1,0,0,0,0,m,m
24650,PARTNER,1,1,0.800497,0,2.0707,1.76051,0.763146,0.596943,0,0,1.54538,0.893988,0.939272,0,0,1.65855,0,1,1,0,0,0,0,m,m
24651,PARTNER,1,1,0.759076,0,2.08923,1.92176,0.754456,0.58096,0,0,1.96201,1.40109,1.21424,0,1.34658,1.95111,0,1,1,0,0,0,0,m,m
24652,PARTNER,1,1,0.892885,0,0.748146,0.992498,0.668891,0,0,0.639855,0.749072,1.5297,0,0,0.533192,4.42619,0,1,1,1,1,0,0,m,m
24653,PARTNER,1,1,0.882497,0,0.81515,0.727207,0.516582,0,0.775334,0.695236,0.615805,1.79013,0,0,0,3.21084,0,1,1,0,1,0,0,m,m
24654,PARTNER,1,1,0.729978,1.26285,0.64758,0.964641,0,0,1.25871,0,0,1.03134,0,0,0.651129,0,0.536355,1,1,0,1,0,0,m,m
26106,PARTNER,1,1,0.966529,0,0,0,0,0,1.66591,0.72809,0.653545,0,1.69318,0,0,0,0,0,1,1,0,0,1,m,m
26107,PARTNER,1,1,0.966731,0,0,0,0,0.595633,2.40897,1.01701,0,0,1.66929,0.584849,0,0,0,0,1,1,0,0,1,m,m
26108,PARTNER,1,1,0.972071,0,0,0,0,0.610941,2.12597,0.978699,0.680388,0.814014,1.26304,0.581884,0,0,0,0,1,1,0,0,0,m,m
26109,PARTNER,1,1,0.977439,0,0,0,0,0.686633,2.36177,1.09268,0.681293,1.06072,1.16113,0.748656,0,0,0,0,1,1,0,0,0,m,m
26110,PARTNER,1,1,0.98078,0,0,0.508757,0,0.589625,2.00135,0.986198,0.785225,0.671196,1.02303,0.727411,0,0,0,0,1,1,0,0,0,m,m
26111,PARTNER,1,1,0.977895,0,0,0,0,0.561851,2.24382,0.971862,0.81983,0,0.876434,0.65359,0,0,0,0,1,1,0,0,0,m,m
28648,PARTNER,1,1,0.929515,0,0.579836,0,0.595263,1.55199,0.772017,1.70246,2.37956,2.12938,0,0,0,3.89663,0,0,1,0,1,0,0,m,m
28649,PARTNER,1,1,0.964851,0.595528,0.819063,0,0,1.6325,1.7162,1.99196,2.17437,1.94988,0,0,0.564036,1.54099,0,0,1,0,1,0,0,m,m
28650,PARTNER,1,1,0.951417,0,0,0,0,1.40389,1.11872,1.74231,2.34377,2.08506,0,0,0.88733,0.776888,0,0,1,0,1,0,0,m,m
28651,PARTNER,1,1,0.916035,0.77719,0.648441,0.588965,0,1.27616,1.45289,1.58348,1.96668,2.09304,0,0,1.1747,0,0,0,1,0,0,0,0,m,m
28685,PARTNER,1,1,0.985075,0,0.779409,0,0,0,0,0.585998,0,0,0.727262,0,0,0.640832,0,0,1,0,0,0,1,m,m
28686,PARTNER,1,1,0.987458,0,1.06692,0.561062,0,0,0.556985,0,0,0,0.627272,0,0,2.01372,0,0,1,0,1,0,0,m,m
28687,PARTNER,1,1,0.98811,0,0.589602,0,0,0,0,0.650121,0,0.533403,0,0,0,1.91618,0,0,1,0,1,0,0,m,m
28688,PARTNER,1,1,0.989195,0,0.702086,0.568355,0,0,0.572602,0.66793,0,0.63023,0,0,0,2.02923,0,0,1,0,1,0,0,m,m
28689,PARTNER,1,1,0.988134,0,0.539605,0.595434,0,0,0.681436,0.664951,0,0,0,0,0,1.88956,0,0,1,0,1,0,0,m,m
28690,PARTNER,1,1,0.989234,0,1.13507,1.01908,0,0,1.09051,0.573974,0,0,0,0,0,1.59699,0,0,1,0,1,0,0,m,m
28691,PARTNER,1,1,0.989816,0,1.23124,1.04881,0,0,1.26774,0.619263,0,0.766486,0,0,0,1.13658,0,0,1,0,1,0,0,m,m
28692,PARTNER,1,1,0.990414,0.565988,1.1166,1.38812,0,0,1.6421,0,0,0.770661,0,0,0,0,0,0,1,0,1,0,0,m,m
28693,PARTNER,1,1,0.990154,0.787328,0.862873,1.06681,0,0,1.91635,0,0,1.13495,0,0,0,0,0,0,1,0,0,0,0,m,m
31361,PARTNER,1,1,0.936549,2.42424,0.782527,0,1.15436,0,0,0,0.538766,0,0.724358,0,0,0,0,0,0,0,1,0,1,m,m
31362,PARTNER,1,1,0.945476,2.27869,0.972233,0,1.39904,0,0,0,0,0,0.899127,0,0,0,0,0,0,0,1,0,1,m,m
31363,PARTNER,1,1,0.956028,2.14983,0.975182,0,1.28386,0,0,0,0.509002,0,0.657619,0,0,0,0,0,0,0,1,0,0,m,m
31364,PARTNER,1,1,0.978438,1.71128,0.883269,0,1.44072,0,0,0,0,0,0,0,0,1.40748,0,0,0,0,1,0,0,m,m
31365,PARTNER,1,1,0.973352,1.51531,0,0,1.39872,0,0,0,0.51186,0,0,0,0,1.74391,0,0,1,0,1,0,0,m,m
31366,PARTNER,1,1,0.951673,0.983752,0.52084,0,1.36113,0,0,0,0.850789,0,0.749549,0.625227,0,1.5471,0,0,1,0,0,0,0,m,m
31367,PARTNER,1,1,0.893094,0.635711,1.05544,0,1.07837,0,0,0,0,0,1.10038,0.598438,0,1.27244,0,1,1,1,0,0,0,m,m
31368,PARTNER,1,1,0.860695,0.573912,1.40491,0.83283,0.739664,0,0,0,0,0,1.41627,0,0,0.836915,0,1,1,1,0,0,0,m,m
38842,PARTNER,1,1,0.944229,1.18573,0,1.44796,0,0,0.878558,0,0,0,0.68707,0,0.56027,0,0,1,0,0,0,0,1,m,m
48706,PARTNER,1,1,0.995152,0,1.12798,0,1.13938,0,0.521683,0,1.20801,1.10615,0,0,0.960336,2.18188,0,0,1,0,0,0,0,m,m
48707,PARTNER,1,1,0.9955,0,1.37287,0,1.13007,0,1.31111,0.596197,1.21577,1.08471,0,0,0.896609,1.21516,0,0,1,0,0,0,0,m,m
48708,PARTNER,1,1,0.994831,0,1.26652,0,1.27751,0,0.699504,0,1.06468,0.62282,0,0,1.17999,1.32263,0,0,1,0,0,0,0,m,m
48709,PARTNER,1,1,0.984173,1.04692,1.07004,0,0.589511,0.618754,1.97679,0.748565,1.17454,0.603726,0,1.09989,1.81547,0,0,0,1,0,0,0,0,m,m
54530,PARTNER,1,1,0.941403,0.551041,0.974394,0.65305,0,0,0,0,1.02415,0.541424,0,0,0,1.79767,0,0,1,0,0,0,0,m,m
54531,PARTNER,1,1,0.944558,0,1.28554,0.694708,0,0,0,0.595665,1.00505,0.835844,0,0,0,2.38138,0,0,1,0,0,0,0,m,m
54532,PARTNER,1,1,0.958342,0,1.08761,0.752713,0,0.524032,0,0.556665,1.40171,0.7927,0,0,0,2.37806,0,0,1,0,0,0,0,m,m
54533,PARTNER,1,1,0.966106,0,0.581412,0.579855,0,0.686899,0.660795,0.78725,1.47205,0.820365,0,0,0,1.82297,0,0,1,0,1,0,0,m,m
54534,PARTNER,1,1,0.964854,0,0,0,0,0.5475,0,0.627716,1.03974,0.802314,0,0,0,0,0,0,1,0,1,0,0,m,m
54535,PARTNER,1,1,0.97069,0,0,0,0,0.68611,0,0.86387,1.48588,0.879341,0,0,0,0,0,0,1,0,0,0,0,m,m
38299,PARTNER,1,1,0.937981,0.652293,0,0,0.858,0,0,0,0,0,1.06199,0,0.628066,0,0,0,0,1,0,0,0,m,m
11152,PARTNER,1,1,0.940712,0,0,0,0,0,0,0,0,0.618184,0.548184,0,0,0,1.23009,0,0,0,1,0,0,w,m
11153,PARTNER,1,1,0.959665,0,0,0,0.560178,0,0,0,0,0,0,0,0,0,0.779736,0,0,0,1,0,0,w,m
11154,PARTNER,1,1,0.966724,0,0,0,1.31999,0,0.867717,0,0.604033,0,0,0,0,0,0,0,0,0,1,0,0,w,m
11155,PARTNER,1,1,0.968889,0,0,0,1.11536,0,0,0,0.846558,0,0,0,0,0.639222,0,0,0,0,1,0,0,w,m
11156,PARTNER,1,1,0.965969,0,0.644926,0,1.12137,0,0,0,0.833305,0,0,0,0.621234,0,0,0,0,0,1,0,0,w,m
11161,PARTNER,1,1,0.977449,0.891775,0.945801,0,0.893912,0,0,0,0,0,1.07161,1.04422,0,0,0,0,0,0,1,0,1,w,m
11162,PARTNER,1,1,0.934406,0,1.16239,0,0,0,0,0,0,0,0.614344,0.883688,0,0.933197,0,0,0,0,0,0,0,w,m
11163,PARTNER,1,1,0.837035,0,1.68924,0,0.621134,0,0,0,0,0,0,0.74242,0,1.0208,0,0,0,0,0,0,0,w,m
11164,PARTNER,1,1,0.748751,1.25968,2.3361,0,0.874224,0,0,0,0,0.541025,0,0.893552,0,0,0,0,0,0,0,0,0,w,m
11165,PARTNER,1,1,0.813304,1.0846,2.18574,0,0.727473,0,0,0,0,0.745891,0,1.03144,0,0,0,0,0,0,0,0,0,w,m
11166,PARTNER,1,1,0.95277,0.565191,1.32755,0,1.0722,0,0,0,0,0,0,1.29725,0,0,0,0,0,0,0,0,0,w,m
11167,PARTNER,1,1,0.980578,1.22426,1.20905,0,0.534613,0,1.04248,0,0,0,0,0.999065,0.557654,0,0,1,0,0,0,0,1,w,m
11168,PARTNER,1,1,0.960973,1.52519,0.93502,0.799188,0,0,1.27419,0,0,0,0,0,0,0.98333,0,1,0,0,1,0,1,w,m
11169,PARTNER,1,1,0.978823,1.32824,0.512066,0.514937,0,0,1.2225,0,0,0,0.582041,0,0,0.92432,0,1,0,0,1,0,1,w,m
11170,PARTNER,1,1,0.985587,0.983287,0.622612,0.687839,0.85151,0,0.932053,0,0,0,0.726612,0.659037,0,0.858641,0,1,0,0,1,0,1,w,m
11171,PARTNER,1,1,0.980976,1.1929,0.843606,0,0.610764,0,0.576458,0,0,0,0.729308,0.538448,0,0.770737,0,0,0,0,1,0,1,w,m
11172,PARTNER,1,1,0.965383,1.68305,0.91165,0,0.581115,0,0,0,0,0,0.801268,0,0,0,0,0,0,0,1,0,1,w,m
11173,PARTNER,1,1,0.932752,2.48543,0.919951,0,0.598492,0,0.542426,0,0,0,1.02746,0,0,0,0.945952,0,0,0,1,0,1,w,m
11174,PARTNER,1,1,0.94331,2.19396,0.823561,0,0,0,0,0,0,0,1.33366,0,0,0,0.825711,1,0,0,1,0,1,w,m
11175,PARTNER,1,1,0.963256,2.0363,0.587443,0,0,0,0,0,0,0,1.14008,0,0,0.80269,0.796517,1,0,0,1,0,1,w,m
11176,PARTNER,1,1,0.983485,1.88629,0,0.725906,0,0,0.697943,0,0,0,1.04931,0.615989,0,0.932423,0,1,0,0,1,0,1,w,m
11177,PARTNER,1,1,0.985351,1.80194,0,1.31959,0,0,0.852466,0,0,0,1.27822,1.11948,0,0,0,1,0,0,1,0,1,w,m
11178,PARTNER,1,1,0.988074,1.70661,0,1.51731,0,0,1.1039,0,0.515177,0,0.899725,0.926187,0,0,0,1,0,0,0,0,1,w,m
11179,PARTNER,1,1,0.9858,1.47365,0,1.41952,0,0,1.25717,0,0,0,0.859708,0.606961,0,0,0,1,0,0,1,0,1,w,m
11180,PARTNER,1,1,0.981116,1.32642,0,2.00222,0,0,1.61395,0,0,0,0.880031,0.600828,0,0,0,1,0,0,1,0,1,w,m
11181,PARTNER,1,1,0.977442,1.01524,0,1.7938,0,0,1.97018,0.572884,0,0,0.994003,0.923364,0.901521,0,0,1,0,0,1,0,1,w,m
11182,PARTNER,1,1,0.969904,1.03294,0,1.69023,0,0.664814,2.03595,1.02605,1.0025,0.916616,1.03645,0,0.582463,0.887696,0,1,0,0,1,0,1,w,m
11183,PARTNER,1,1,0.977156,1.03855,0,1.58626,0,0.724052,1.24241,1.10708,1.06459,0.905103,0.93831,0,0.671771,1.94733,0,1,0,0,1,0,1,w,m
11184,PARTNER,1,1,0.96995,1.26257,0,1.56968,0,0.535704,1.17315,0.950425,0.867137,0.937424,0.967916,0,0,2.81175,0,1,0,0,1,0,1,w,m
11185,PARTNER,1,1,0.967527,1.83735,0,1.69443,0,0,1.74576,0.764524,0,0,1.07516,0,0,2.56858,0.579777,1,0,0,1,0,1,w,m
11186,PARTNER,1,1,0.983235,1.30657,0,1.99737,0,0,1.34309,0.566279,0,0,0.799224,0,0,2.26482,0,1,0,0,1,0,1,w,m
11187,PARTNER,1,1,0.981423,0.78706,0,2.12952,0,0.54691,1.77849,0.857993,0.535178,0.942482,1.07167,0.654697,0,0,0,1,0,0,1,0,1,w,m
11188,PARTNER,1,1,0.984542,0.654952,0,1.92762,0,0.769763,1.13351,0.831549,0.960383,1.11816,0.930992,0,0.526585,0,0,1,0,0,1,0,1,w,m
11189,PARTNER,1,1,0.984667,0.741931,0,1.15232,0,0.966298,1.04334,1.08983,1.36576,1.13005,0.620701,0,0,0.720372,0,0,1,0,1,0,1,w,m
11190,PARTNER,1,1,0.983665,0.902795,0,0.540217,0,0.81292,1.35151,0.945169,1.34074,1.06933,0.52635,0,0,2.08998,0,0,1,0,1,0,0,w,m
11191,PARTNER,1,1,0.96777,1.50714,0.800582,0,0.502756,0.770799,1.83268,1.01492,1.384,1.0174,0,0,0,2.32482,0.604856,0,1,0,1,0,1,w,m
11192,PARTNER,1,1,0.966498,1.30405,1.10123,0,0.504213,0.667339,2.0125,0.896476,1.06876,0.986772,0.667961,0,0,1.92107,0.928313,0,1,0,1,0,0,w,m
11193,PARTNER,1,1,0.975746,1.12127,1.14738,0,0,0.735889,2.06228,0.981341,1.11487,1.11087,0.534468,0,0,1.84618,0.919174,0,1,0,1,0,0,w,m
11194,PARTNER,1,1,0.985643,0.81123,0.986933,0.560671,0.9497,0,1.91128,0.632171,0.700188,0.833916,0,0,0,1.67408,0.679495,0,0,0,1,0,1,w,m
11195,PARTNER,1,1,0.987534,0.697756,1.0346,0,1.06604,0,1.75342,0.678192,0.688226,0.870201,0,0,0.514385,1.3608,0,0,0,0,1,0,1,w,m
11196,PARTNER,1,1,0.976722,0.635798,0.973875,0.561196,0.776398,0,1.4245,0,0.645756,0.78791,1.14825,0,0.976956,0,0,0,0,0,1,0,1,w,m
11197,PARTNER,1,1,0.969554,0,0.928879,0,1.07933,0,0.648988,0.504309,0.857752,1.22651,1.25444,0.718119,1.56451,0.689317,0,0,0,0,1,0,1,w,m
11198,PARTNER,1,1,0.952243,0,0,0,0.73482,0,0,0.551516,0.93802,1.01984,1.37002,1.03977,1.70494,0,0,0,0,0,0,0,1,w,m
11199,PARTNER,1,1,0.932654,0,0,0,0.722299,0,0.769584,0.577657,0.622279,0.642934,1.24052,1.34048,1.18173,0,0,0,0,1,0,0,0,w,m
11200,PARTNER,1,1,0.912502,0,0,0,0.700737,0,0,0.568085,0,0.862796,1.04974,1.40399,1.00613,0,0,0,0,1,0,0,0,w,m
11201,PARTNER,1,1,0.926035,0,0,0,0.903532,0,0.606013,0.627003,0,0.655163,0.800474,1.18981,0.622701,0,0,0,0,1,1,0,0,w,m
11202,PARTNER,1,1,0.962625,0,0,0,0.8683,0,0.540064,0.676863,0,0.513895,1.02505,0.681166,0.846091,0,0,0,0,1,1,0,0,w,m
11203,PARTNER,1,1,0.968164,0,0,0,0.774824,0.567527,0,0.867272,0.728829,0.760122,1.1029,0.77453,0.764938,0,0,0,0,0,1,0,0,w,m
11204,PARTNER,1,1,0.97838,0,0,0,0.650225,0,0.663733,0.716254,0.792099,0.793813,1.32149,0.583074,0.927931,0,0,0,0,0,1,0,0,w,m
11205,PARTNER,1,1,0.982065,0,0,0,0.663879,0,0.968249,0.688528,0.786649,0.821669,1.20944,0.50469,0,0,0,0,0,0,1,0,0,w,m
11206,PARTNER,1,1,0.984292,0,0,0,0.575454,0,1.10135,0.600829,0.830412,0.729788,1.19078,0,0,0,0,0,0,0,1,0,0,w,m
11207,PARTNER,1,1,0.985113,0,0,0.620223,0.763187,0,1.32482,0.620412,0.77256,0.619441,1.15485,0,0,0,0,0,0,0,1,0,0,w,m
11208,PARTNER,1,1,0.984698,0,0,0.819939,0.845602,0,1.07387,0.653086,1.09438,0.729609,1.25512,0,0,0,0,0,0,0,1,0,0,w,m
11209,PARTNER,1,1,0.97903,0,0,0.55444,0.849105,0,1.1295,0.687042,0.928156,0.633861,0.807702,0,0,0,0,0,0,0,1,0,0,w,m
11210,PARTNER,1,1,0.978524,0,0,1.57168,0.803875,0,1.25864,0,0.928949,0.943961,0.804076,0,0,0,0,1,0,0,1,0,0,w,m
11211,PARTNER,1,1,0.97909,0,0,1.46157,1.07451,0,1.52767,0,0.741322,0.806279,0,0,0,0,0,1,0,0,1,0,0,w,m
11212,PARTNER,1,1,0.976053,0,0,1.36474,0.925427,0,1.09284,0,0.937882,0.603294,0.825279,0,0,0,0,1,0,0,1,0,0,w,m
11213,PARTNER,1,1,0.979151,0,0,1.33245,1.00145,0,0.957809,0,0.822007,0.909533,0.729078,0,0,0,0,1,0,0,0,0,0,w,m
11214,PARTNER,1,1,0.978389,0,0,0.735841,0.889618,0,0,0,0.651335,0,0.7469,0,0,0,0.617713,1,0,1,0,0,0,w,m
11277,PARTNER,1,1,0.990608,0,0,1.80158,0,0,0,0,0,0,1.02903,0,1.30249,1.01586,0,1,0,1,1,0,1,w,m
11278,PARTNER,1,1,0.989993,0,0,1.39403,0,0,0,0,0,0,1.08875,0,1.81493,1.69056,0,1,0,1,1,0,1,w,m
11279,PARTNER,1,1,0.989599,0,0,1.45398,0,0,0,0,0,0.565187,1.4468,0,1.87441,1.06602,0,1,0,1,1,0,1,w,m
11280,PARTNER,1,1,0.989335,0,0.594977,1.6102,0,0,1.01437,0,0,0,1.42013,0,1.3208,1.38539,0,1,0,1,1,0,1,w,m
11281,PARTNER,1,1,0.97989,0.837262,0.928258,2.08741,0,0,1.20929,0,0,0,0.733153,0,1.29088,1.64968,0,1,0,0,1,0,1,w,m
11282,PARTNER,1,1,0.987905,0.531149,0,1.72004,0,0,0.92709,0,0,0,1.22341,0,0.737201,0.949413,0,1,0,0,1,0,1,w,m
11283,PARTNER,1,1,0.988837,0.524473,0.573366,1.88122,0,0,0.907893,0,0,0,0.793681,0,0.890385,1.09084,0,1,0,0,1,0,1,w,m
11284,PARTNER,1,1,0.989343,0,0,1.55943,0,0,0.864819,0,0,0,0.985686,0,0.84326,1.50207,0,1,0,0,1,0,1,w,m
11285,PARTNER,1,1,0.988004,0,0,1.84867,0,0,0.737222,0,0,0.544667,0.772866,0,1.10206,1.51869,0,1,0,0,1,0,1,w,m
11286,PARTNER,1,1,0.990153,0,0,1.65326,0.53852,0,0,0,0,0,0.90523,0,1.31767,1.67726,0,1,0,0,1,0,1,w,m
11287,PARTNER,1,1,0.990501,0,0,1.64706,0.580109,0,0,0,0,0,0.628564,0,1.14424,1.53157,0,1,0,0,1,0,1,w,m
11288,PARTNER,1,1,0.983632,0,0.561508,1.24533,0.820523,0,0,0,0,0,0.542039,0,0.597345,0.908768,0.508238,1,0,1,0,0,1,w,m
11330,PARTNER,1,1,0.955184,0,0,0,0,0,0,0,0,1.00057,0,0.529599,0,0,0.518308,1,0,0,0,0,0,w,m
11363,PARTNER,1,1,0.977391,0,0,1.60877,0,0,0,0.506051,0.569885,1.02109,0,0.548591,2.02043,1.31734,0,0,0,0,0,0,1,w,m
11364,PARTNER,1,1,0.978777,0,0,1.84873,0,0,0,0.506788,0.561467,1.04651,0,0.509949,1.85217,1.3323,0,0,0,0,1,0,1,w,m
11365,PARTNER,1,1,0.978256,0,0,1.92893,0,0,0,0.509816,0,1.20769,0,0.551813,1.95773,1.41995,0,0,0,0,1,0,1,w,m
11366,PARTNER,1,1,0.974144,0,0,2.003,0,0,0,0.519823,0.603975,1.26342,0,0.59298,1.88483,1.02706,0,0,0,0,1,0,1,w,m
11367,PARTNER,1,1,0.97789,0,0,1.98947,0,0,0,0,0.588636,1.26808,0,0.558093,2.1824,1.35255,0,0,0,0,0,0,1,w,m
11368,PARTNER,1,1,0.97893,0,0,2.04142,0,0,0.736331,0.603546,0.632206,1.42379,0,0.582073,1.94785,1.11671,0,1,0,0,0,0,1,w,m
11369,PARTNER,1,1,0.979792,0,0,2.0603,0,0,0.61889,0.577577,0.630094,1.32434,0,0.592696,1.72518,0.875424,0,1,0,0,1,0,1,w,m
11370,PARTNER,1,1,0.98008,0,0,1.93498,0,0,0,0,0.537419,1.26881,0,0.534126,1.86106,1.02368,0,0,0,0,0,0,1,w,m
11371,PARTNER,1,1,0.978294,0,0,1.70592,0,0,0,0.50955,0.607166,1.27675,0,0.525285,2.01472,1.02798,0,0,0,0,0,0,1,w,m
11372,PARTNER,1,1,0.977246,0,0,1.75359,0,0,0,0.511878,0.712691,1.39958,0,0,1.72366,1.0812,0,0,0,0,0,0,1,w,m
11373,PARTNER,1,1,0.97844,0,0,1.82543,0,0,0,0.55592,0.654832,1.32869,0,0.532645,1.90446,0.951668,0,0,0,0,0,0,1,w,m
11374,PARTNER,1,1,0.979189,0,0,1.649,0,0,0,0.668816,0.83011,1.60758,0,0.611413,1.85311,1.46097,0,0,0,0,0,0,1,w,m
11375,PARTNER,1,1,0.979558,0,0,1.48211,0,0,0,0.68293,0.790811,1.48017,0,0.536096,2.03987,1.52898,0,0,0,0,0,0,1,w,m
11376,PARTNER,1,1,0.979854,0,0,1.75072,0,0,0,0.609918,0.714848,1.50568,0,0,1.95765,1.72688,0,0,0,0,0,0,1,w,m
11377,PARTNER,1,1,0.978128,0,0,1.82103,0,0,0.546979,0.753122,0.889457,1.51146,0,0.551566,1.85764,1.85282,0,0,0,0,1,0,1,w,m
11378,PARTNER,1,1,0.977862,0.559617,0,2.04197,0,0,0.64512,0.665244,0.908423,1.57354,0,0.524875,2.06257,1.71478,0,0,0,0,1,0,1,w,m
11379,PARTNER,1,1,0.976569,0.542422,0,1.7623,0,0.531707,0.602115,0.759537,0.902242,1.5731,0,0.514547,1.95309,1.61268,0,0,0,0,1,0,1,w,m
11380,PARTNER,1,1,0.973443,0,0,1.68349,0,0.509225,0.785338,0.673839,0.919182,1.62119,0,0,2.11082,1.41237,0,0,0,0,1,0,1,w,m
11381,PARTNER,1,1,0.977978,0,0,1.53509,0,0.508937,0,0.672094,0.90562,1.52712,0,0,1.92198,1.68887,0,0,0,0,1,0,1,w,m
11382,PARTNER,1,1,0.977939,0,0,1.55117,0,0.663036,0,0.804222,1.13161,1.61465,0,0,1.98003,1.52621,0,0,0,0,1,0,1,w,m
11383,PARTNER,1,1,0.974279,0,0,1.39357,0,0.69518,0.539937,0.809725,1.13143,1.63627,0,0,2.02861,1.51845,0,0,0,0,0,0,1,w,m
11384,PARTNER,1,1,0.975789,0,0,1.63076,0,0.534344,0.671742,0.617797,0.96039,1.8555,0,0,1.67346,0.913397,0,0,0,0,0,0,1,w,m
11385,PARTNER,1,1,0.971593,0,0,1.47244,0,0.574603,0,0.673076,1.04687,1.76149,0,0,1.39016,0.643947,0,0,0,0,1,0,1,w,m
11386,PARTNER,1,1,0.973599,0,0,1.47677,0,0,0,0.551133,1.02639,1.54335,0,0,1.46912,0,0,0,0,0,1,0,1,w,m
11387,PARTNER,1,1,0.970487,0,0,1.19888,0,0.535302,0.585266,0.604891,1.05128,1.55206,0,0,1.3844,0,0,0,0,0,1,0,1,w,m
11388,PARTNER,1,1,0.966244,0,0,1.47764,0,0.559493,1.3919,0.572232,0.952624,1.21481,0,0,1.1369,0,0,0,0,0,1,0,1,w,m
11389,PARTNER,1,1,0.965066,0,0,1.44405,0,0.553129,1.2125,0.578936,0.870825,1.24269,0,0,1.07235,0,0,0,0,0,1,0,1,w,m
11390,PARTNER,1,1,0.97008,0.586201,0,1.42036,0,0.547322,1.1832,0,0.863201,1.33828,0,0,1.29781,0,0,0,0,0,1,0,1,w,m
11391,PARTNER,1,1,0.970937,0,0,1.23284,0,0.560804,1.29238,0.532656,0.854034,1.25428,0,0,1.09385,0,0,0,0,0,1,0,1,w,m
11392,PARTNER,1,1,0.971904,0,0,0.92007,0,0.514972,0.81434,0,0.788934,0.782796,0,0,0,0.731419,0,0,0,0,1,0,1,w,m
11393,PARTNER,1,1,0.961566,0.667373,0,0.671155,0,0,0,0,0,0,0,0,0,1.74561,0.900517,0,0,0,1,0,1,w,m
11394,PARTNER,1,1,0.912054,0.872335,0,0,0,0,0,0,0,0,0,0,0,1.6628,1.15762,0,0,0,1,0,1,w,m
11395,PARTNER,1,1,0.832384,0.758155,0,0,0,0,0,0,0,0,0,0,0,0.603933,1.17156,0,0,0,1,0,1,w,m
11396,PARTNER,1,1,0.876101,1.6902,0,0,0,0,0,0,0,0,0,0,0,0,0.859984,0,0,0,1,0,1,w,m
11397,PARTNER,1,1,0.878741,1.2877,0,0,0,0,0.58863,0,0,0,0,0,0,1.58203,0,0,0,0,1,1,1,w,m
11398,PARTNER,1,1,0.847368,1.05633,0,0,0,0,0.664007,0,0,0,0,0,0,1.64111,0.621256,0,0,0,1,0,1,w,m
11399,PARTNER,1,1,0.922758,1.2138,0,0,0,0,0.7532,0,0,0,0,0,0,0.96445,0,1,0,0,1,0,1,w,m
11400,PARTNER,1,1,0.865075,0,0,0,0,0,1.18552,0,0,0,0,0,0,0.889347,0.506206,0,0,0,1,0,0,w,m
11401,PARTNER,1,1,0.819419,1.24571,0,0,0,0,1.07115,0,0,0,1.04881,0,0.641682,0,0.623211,1,0,0,1,0,1,w,m
11402,PARTNER,1,1,0.895678,1.37645,0,0,0.526877,0,1.35237,0,0,0,0.96455,0.867589,0,0,0,0,0,0,1,0,0,w,m
11403,PARTNER,1,1,0.921381,1.16601,0,0,0,0,1.44934,0,0,0,0.606264,0,0,1.33348,0,0,0,0,1,0,0,w,m
11404,PARTNER,1,1,0.865846,0.512451,0,0,0.611585,0,0.835197,0,0,0,0.955354,1.01257,0,1.02101,0,0,0,0,1,0,0,w,m
