time_stamp,word,frame,success,confidence,AU01_r,AU02_r,AU04_r,AU05_r,AU06_r,AU09_r,AU10_r,AU12_r,AU14_r,AU15_r,AU17_r,AU20_r,AU25_r,AU26_r,AU04_c,AU12_c,AU15_c,AU23_c,AU28_c,AU45_c,speaker_gender,listener_gender
4357,EXPLAIN,1,1,0.962072,0,0,1.97167,0,0.748868,1.45444,0.658806,1.45183,1.16022,0,0.65274,1.149,0.937916,0,0,1,0,0,0,0,w,m
4358,EXPLAIN,1,1,0.962638,0,0.832115,2.14514,0,0.684181,1.47992,0.639106,1.53166,1.43855,0,0.644155,1.16629,1.13292,0,1,1,0,0,0,0,w,m
4359,EXPLAIN,1,1,0.962924,0,0.751387,2.06091,0,0.629537,1.5116,0.663133,1.45055,1.48635,0,0.691903,1.10698,0,0,0,1,0,0,0,0,w,m
4360,EXPLAIN,1,1,0.964368,0,0,2.22898,0,0,1.50646,0,1.19766,1.14843,0,0.526153,1.26656,0.616906,0,0,0,0,0,0,0,w,m
4364,EXPLAIN,1,1,0.972556,0,0,2.01413,0,0,1.2507,0,0,0,0,0.616452,1.80316,0,0,0,0,0,0,1,0,w,m
4365,EXPLAIN,1,1,0.977314,0,0,2.19603,0,0,1.36824,0,0.658785,0.500233,0,0.726536,1.75503,0.521697,0,0,0,0,0,1,0,w,m
4366,EXPLAIN,1,1,0.975902,0,0,2.28846,0,0,1.46466,0,0.716711,0,0,0.599656,1.65591,0.512904,0,0,0,0,0,1,0,w,m
6533,EXPLAIN,1,1,0.747137,1.31641,1.97271,0.694713,0.692671,0,0,0,0,0,0,1.01018,0.949925,3.33736,0,0,0,1,0,0,0,w,m
6534,EXPLAIN,1,1,0.787998,0.699777,1.46676,0.551552,1.29702,0,0,0,0,0,0,0.999933,1.14328,2.46752,0,0,0,1,0,0,0,w,m
6535,EXPLAIN,1,1,0.817274,1.75735,2.27711,0.879647,1.27129,0,0.663667,0,0,0,0,0.707948,1.07678,2.62683,0,0,0,1,0,0,0,w,m
6536,EXPLAIN,1,1,0.79186,1.35259,1.43381,0,1.04906,0,1.569,0,0,0,1.31451,0.791304,1.14412,1.3245,0,0,0,1,0,1,0,w,m
6538,EXPLAIN,1,1,0.736384,2.00648,2.32207,1.0038,1.18904,0,0.821093,0,0,0.849383,0,1.496,1.12957,0,0,0,0,1,1,0,0,w,m
6539,EXPLAIN,1,1,0.74929,1.95761,1.83861,0.823896,1.02241,0,0.91356,0,0,0.93963,0,1.17528,1.15461,0,0,0,0,0,1,0,0,w,m
6540,EXPLAIN,1,1,0.749684,1.61692,1.78573,0.713199,1.24446,0,0.758203,0,0,0.795651,0,1.28959,0.982818,0.766558,0,0,0,1,1,0,0,w,m
6606,EXPLAIN,1,1,0.860949,3.34374,2.04602,2.39521,0.730439,0,2.03841,0,0,0.57698,0,0.911781,0,1.54094,0,0,0,1,1,1,0,w,m
6607,EXPLAIN,1,1,0.806956,3.11922,1.30877,2.46392,0,0,1.6549,0,0,0.742843,0,0.825849,0,1.3832,0,1,0,1,0,0,0,w,m
6608,EXPLAIN,1,1,0.74992,3.31574,1.4728,1.83794,0,0.545832,1.34456,0,0.705416,1.06185,0,1.07119,0,1.64518,0,0,0,0,0,0,0,w,m
6610,EXPLAIN,1,1,0.776539,2.58628,0.935615,0.909175,1.20448,0,0,0,1.51017,0,1.20122,1.52591,0.907113,0,0,0,1,0,0,0,0,w,m
6612,EXPLAIN,1,1,0.81974,2.34526,0,0,1.13886,0,0,0,1.46617,0,1.16407,1.57432,1.43182,0,0,0,1,0,0,0,0,w,m
3057,EXPLAIN,1,1,0.866019,0.900306,0.853745,1.02266,2.49603,0,0.582852,0.624062,0,1.27967,0,0.818381,0,1.55937,0,0,0,1,0,0,0,w,w
3058,EXPLAIN,1,1,0.905463,0.787242,0,0,2.12962,0,1.10402,0,0.524609,0,0.52173,0.536824,0,2.37434,0,0,0,1,1,0,0,w,w
3059,EXPLAIN,1,1,0.881407,1.03258,0.534234,0,2.17108,0,1.38788,0,0.599939,0,0,0,0,1.45848,0,0,0,1,0,0,0,w,w
3060,EXPLAIN,1,1,0.87997,1.05532,0.865583,0.974143,1.99219,0,1.66409,0,0.963392,0,0,0,0,0.966176,0,0,0,1,1,0,0,w,w
3061,EXPLAIN,1,1,0.892991,0.885551,0.638067,1.1975,1.98695,0,1.33666,0.574711,0.668898,0,0,0,0,0,0,1,0,1,1,0,0,w,w
268,EXPLAIN,1,1,0.755246,0.534073,1.66472,0,0,0,0,0.722684,1.10787,1.36698,0.887447,0,0.583059,0.813748,1.06764,0,0,1,0,0,0,m,m
300,EXPLAIN,1,1,0.885058,1.58368,2.55792,0,0,0,1.45233,0,0.532025,0,0.686129,0,1.24371,2.83951,0.767087,0,0,0,1,0,0,m,m
315,EXPLAIN,1,1,0.953266,0,0.952047,0.688452,0,0.595046,0,0.743935,1.02586,2.13931,0,0,0.753568,2.19941,0.784061,0,1,0,0,0,0,m,m
316,EXPLAIN,1,1,0.958104,0,0.827699,0.775705,0,0.565428,0,0.684635,1.15328,1.9961,0,0,0.636972,2.81469,0.916517,0,1,0,0,0,0,m,m
317,EXPLAIN,1,1,0.958034,0,0.973887,0.534408,0,0.562349,0.549151,0.75503,1.11207,1.94083,0,0,0.742563,3.14484,0.937919,0,1,0,0,0,0,m,m
318,EXPLAIN,1,1,0.960744,0,0.865449,0.542645,0,0.504036,0,0.618953,0.992809,1.93323,0,0,0.724328,2.80589,0.948843,0,1,0,0,0,0,m,m
386,EXPLAIN,1,1,0.752368,0,0.575858,0,0,0,0,0,0.782155,1.69208,0.734275,0.779627,2.26002,0,0.615738,0,0,0,0,0,1,m,m
1519,EXPLAIN,1,1,0.96333,1.44409,0,0,0.52311,0,1.88435,0,0.621962,0,0,0,0.661859,1.15111,0,0,1,0,1,0,1,m,m
1520,EXPLAIN,1,1,0.932558,2.10275,1.03555,0,0,0,0.950798,0,0,0,0,0.614948,1.13828,1.05444,0,0,0,0,1,0,0,m,m
1521,EXPLAIN,1,1,0.966015,2.21775,0,0,0,0,1.43607,0,0,0,0,0,0.69878,2.6776,0,0,0,0,1,0,1,m,m
1522,EXPLAIN,1,1,0.956408,2.00084,0.680476,1.42471,1.59753,0,1.16965,0,0,0,0,0,0.768013,1.51382,0,0,0,1,0,0,0,m,m
1523,EXPLAIN,1,1,0.949672,1.09856,0,0,1.27492,0,1.71405,0,0,0,0,0,0,1.68783,0,0,0,0,0,0,1,m,m
1524,EXPLAIN,1,1,0.963386,1.51972,0,0,0.987032,0,1.52688,0,0,0,0,0,0,2.30467,0,0,0,0,0,0,1,m,m
1525,EXPLAIN,1,1,0.947099,1.68343,0,0,0,0,1.03063,0,0,0,0,0,0,2.09478,0,0,0,0,1,0,1,m,m
1526,EXPLAIN,1,1,0.947121,1.46936,0,0,0,0,0.592147,0,0,0,0,0,0,2.45956,0.526174,0,0,0,0,0,1,m,m
1527,EXPLAIN,1,1,0.895304,2.10889,0,0,0.864915,0,0,0,0,0,0,0,0,1.97407,0.696494,0,0,0,0,0,1,m,m
1528,EXPLAIN,1,1,0.749333,1.54419,0,0,0,0.708893,1.08131,0.864688,0.650267,0,1.09517,0.55442,0,0.824472,0,0,0,0,1,1,1,m,m
1529,EXPLAIN,1,1,0.829668,2.63813,1.92778,0.745824,0,0.729911,1.8521,0.930811,1.02121,0,0,0.649526,0,0.851912,0,0,0,0,0,0,1,m,m
1530,EXPLAIN,1,1,0.725597,0.909125,1.22161,0,0,0,1.06306,0,0.720935,0,0,0,0,3.39075,0.750974,0,0,0,0,0,1,m,m
1531,EXPLAIN,1,1,0.779033,0,1.12884,0,0,0,0.630439,0,0.506746,0,0,0,1.15877,3.95593,0.743222,0,0,0,1,0,0,m,m
1532,EXPLAIN,1,1,0.781291,0,0.933399,0,0,0,0,0,0.82908,0,0,0,1.20079,4.23576,0.646319,1,0,0,1,0,0,m,m
1533,EXPLAIN,1,1,0.835962,0,0.882554,0.713775,0,0,0,0,1.16235,0,0,0,1.4168,2.67185,0.504669,0,1,0,1,0,0,m,m
1563,EXPLAIN,1,1,0.893351,1.10509,1.48097,0,0,0.657735,0,0.950136,1.25342,2.4736,0,1.17108,1.50288,0,0,0,0,1,1,0,0,m,m
1564,EXPLAIN,1,1,0.914473,0,1.20061,0,0,0.675527,1.24959,1.01642,1.26615,1.18814,0,1.24316,1.21555,0,0,0,0,1,0,0,0,m,m
1565,EXPLAIN,1,1,0.768196,0,0,0,0,0.583776,0,0.994889,1.04624,0.797663,0,0.986092,1.16335,1.35417,0,0,1,0,0,0,0,m,m
1566,EXPLAIN,1,1,0.954598,0.576408,0.933736,1.01622,0,0.825188,0,1.04738,1.15215,2.46066,0.517664,0.977914,0,0.854989,0,0,1,1,1,0,0,m,m
1567,EXPLAIN,1,1,0.96748,0,0.508967,1.56036,0,0.896331,0,1.19816,1.11395,2.52446,0.847799,1.0049,0.999468,0.804203,0,1,1,1,1,0,0,m,m
1568,EXPLAIN,1,1,0.973706,0,0,1.45875,0,0.862669,0,1.05469,1.05916,2.53566,0.692761,0.950975,0.887795,0,0,1,1,1,1,0,0,m,m
1569,EXPLAIN,1,1,0.969381,0,0.661892,1.59269,0,0.875589,0,1.08772,1.09898,2.53178,0.712434,1.00973,0.829334,0,0,1,1,1,1,0,0,m,m
1570,EXPLAIN,1,1,0.971171,0,0.656979,1.79323,0,0.797715,0,0.982652,1.09794,2.51555,0.561299,0.989324,0.715855,0,0,0,1,1,1,0,0,m,m
1571,EXPLAIN,1,1,0.969531,0,0,1.53545,0,0.748428,0,1.00238,1.06762,2.37997,0,1.04189,0.693637,0,0,0,1,1,1,0,0,m,m
1572,EXPLAIN,1,1,0.950359,0,0,1.38576,0,0.626141,0,0.892592,0.955521,2.44344,0.589284,0.847042,1.00672,0,0,1,1,1,0,0,0,m,m
1583,EXPLAIN,1,1,0.89008,0.640592,1.56537,0.675462,0,0.914941,1.66973,1.19472,1.13393,2.18186,0,0.75716,0,0,0,1,0,1,0,0,0,m,m
1584,EXPLAIN,1,1,0.942702,0,1.02676,0.667867,0,1.25003,0,1.45594,1.70388,2.20713,0.645462,0.78452,0,0,0,0,1,1,1,0,0,m,m
1585,EXPLAIN,1,1,0.933387,0,1.20689,0.908272,0,1.06635,0,1.27586,1.74239,2.06548,0,0.598591,0,0,0,0,1,1,1,0,0,m,m
1586,EXPLAIN,1,1,0.947158,0,1.22374,1.10585,0,0.828454,0,1.09708,1.42823,2.16674,0,0.626922,0.784943,0,0,0,1,1,1,0,0,m,m
1587,EXPLAIN,1,1,0.753933,0,1.40185,1.14175,0,0,1.47178,0,1.11242,1.7511,0,0.513495,0.783273,0,0,0,0,1,0,0,0,m,m
1588,EXPLAIN,1,1,0.875781,0,0.856697,1.24644,0,0.65035,0,0.877038,1.64936,1.76184,0,0,0.960584,1.28263,0,0,1,1,1,0,0,m,m
1589,EXPLAIN,1,1,0.934134,0,0,0.504988,0,1.05211,0,1.05498,1.6745,1.33367,0,0.62022,0,0.516651,0,0,1,1,1,0,0,m,m
1590,EXPLAIN,1,1,0.889835,0,0,0.595661,0,0.914439,0.809667,1.18653,1.10903,1.35268,0,0,0.807907,1.2112,0,0,1,1,1,0,0,m,m
1591,EXPLAIN,1,1,0.836714,0,0,0.895724,0,0.955689,0.649596,1.41598,0.849999,1.56669,0,0,0,1.67913,0,0,1,0,1,0,0,m,m
1592,EXPLAIN,1,1,0.857326,0,0,0,0,0.979263,0,1.49722,1.17141,2.04679,0,0.704142,0.703324,0.837395,0,0,1,0,0,0,0,m,m
1593,EXPLAIN,1,1,0.757494,0.841945,0.785674,1.75701,0.709948,0.873131,0,1.50151,1.00574,2.94819,0,1.14632,0.783842,0,0,0,1,1,0,0,0,m,m
1596,EXPLAIN,1,1,0.813792,0,0,1.60263,0.772117,0.992677,0,1.53958,1.46373,3.03615,0,0.732747,0,2.07553,0,0,1,1,0,0,0,m,m
1604,EXPLAIN,1,1,0.864599,0.984242,2.4022,1.938,1.60342,1.16347,0,1.10226,2.16198,2.27481,0.65645,0.671256,0.811443,0,0,1,1,0,0,0,0,m,m
1605,EXPLAIN,1,1,0.755906,1.36794,2.32684,1.84724,1.61552,1.07257,0,1.06653,2.4601,2.49083,0,0.607575,0.518824,0,0,1,1,0,0,0,0,m,m
1607,EXPLAIN,1,1,0.774255,0.798687,1.01418,1.60509,0.653763,0.817814,0,0.942747,1.2867,2.44818,0,0.676596,0,1.37898,0,1,0,0,0,0,0,m,m
1608,EXPLAIN,1,1,0.838888,0,0,1.01811,0,0.815912,0,0.956043,0.576015,2.01897,1.32463,0.89154,1.1418,1.36035,0,1,0,1,0,0,0,m,m
1609,EXPLAIN,1,1,0.943559,0,0,1.23301,0,0.868449,0,0.938443,0.614296,1.70938,0.726529,0.561894,1.18561,2.18561,0,1,0,1,0,0,0,m,m
1610,EXPLAIN,1,1,0.879854,0,0,1.09976,0,0,0,0,0,1.25135,0.689039,0.675541,0,2.53582,0,1,0,0,0,0,0,m,m
1611,EXPLAIN,1,1,0.804896,0.621356,0,0.760313,0,0.529305,0,0,0,1.12983,0,0.709499,1.02435,1.50062,0,1,0,0,0,0,0,m,m
1612,EXPLAIN,1,1,0.826395,0.561063,0,0,0,0,0,0,0,0.922069,0.511885,0.700633,0.950376,0,0.576129,0,0,1,0,0,1,m,m
1613,EXPLAIN,1,1,0.921455,0.674736,0.632321,0.850685,0,0,0.58566,0,0,0.710339,0,0,0,0,0,1,0,0,1,0,1,m,m
1614,EXPLAIN,1,1,0.963966,0.866848,0,0.859466,0,0,1.31119,0,0,0,0,0,0,2.27897,0,0,0,0,1,0,1,m,m
1615,EXPLAIN,1,1,0.942545,1.06642,0,0.758852,0,0,1.76258,0,0.661087,0,0,0,0,1.75356,0,0,0,0,1,0,1,m,m
1616,EXPLAIN,1,1,0.963575,1.24612,0,0,0,0,2.08464,0,0.834917,0,0,0,0,1.79676,0,0,0,0,1,0,1,m,m
1617,EXPLAIN,1,1,0.971606,1.19464,0,0,0,0,2.08442,0,0.762162,0,0,0,0,1.73414,0,0,0,0,1,0,1,m,m
1618,EXPLAIN,1,1,0.977523,1.18506,0,0,0,0,1.92095,0,0.864184,0,0,0,0,1.06398,0,0,1,0,1,0,1,m,m
1619,EXPLAIN,1,1,0.973652,1.28698,0,0,0.611217,0,1.78988,0,1.20004,0,0,0,0,1.06045,0,0,1,0,0,0,1,m,m
1620,EXPLAIN,1,1,0.972689,1.48834,0.516418,0,0.797692,0,1.60286,0,1.29298,0,0,0,0.728781,0.71897,0,0,1,0,0,0,0,m,m
1621,EXPLAIN,1,1,0.970725,1.61622,0.574008,0,0.846949,0,1.53325,0,1.38318,0,0,0,0.625743,0.548876,0,0,1,0,0,0,0,m,m
1622,EXPLAIN,1,1,0.970559,1.48832,0.56849,0,0.763877,0,1.48014,0,1.53408,0,0,0,0.503215,0.686957,0,0,1,0,0,0,0,m,m
1623,EXPLAIN,1,1,0.971013,1.45127,0.518571,0,0.821877,0,1.58403,0,1.51285,0,0,0,0.546016,0.57658,0,0,1,0,0,0,0,m,m
1624,EXPLAIN,1,1,0.971545,1.41473,0,0,0.87362,0,1.70092,0,1.49238,0,0,0,0,0.509971,0,0,1,0,0,0,0,m,m
1625,EXPLAIN,1,1,0.970312,1.39026,0,0,0.745306,0,1.44156,0,1.39886,0,0,0,0,0.620861,0,0,1,0,0,0,0,m,m
1626,EXPLAIN,1,1,0.97328,1.39669,0,0,0.780481,0,1.42024,0,1.32938,0,0,0,0,0.89116,0,0,1,0,0,0,0,m,m
1627,EXPLAIN,1,1,0.973864,1.39909,0,0,0.697459,0,1.44638,0,1.30249,0,0,0,0,1.08601,0,0,1,0,0,0,0,m,m
1628,EXPLAIN,1,1,0.972442,1.12234,0,0,0.581718,0,1.15236,0,1.19839,0,0.595562,0,0,1.28774,0,0,1,0,0,0,0,m,m
1629,EXPLAIN,1,1,0.969635,0.910626,0,0,0,0,0.867137,0,1.06091,0,0.588589,0,0,1.22171,0,0,1,0,0,0,1,m,m
1630,EXPLAIN,1,1,0.965129,0.620874,0,0,0,0,0.962693,0,0.901875,0,0.60712,0,0,1.56186,0,0,1,0,0,0,1,m,m
1631,EXPLAIN,1,1,0.929209,0.547637,0,0,0,0,0.591628,0,0.829843,0,0,0,0.534977,1.79941,0,0,1,0,0,0,1,m,m
1632,EXPLAIN,1,1,0.958514,0,0,0,0,0,1.08391,0,0.929214,0,0,0,1.18917,1.37513,0,0,1,0,0,0,1,m,m
1633,EXPLAIN,1,1,0.965301,0,0,0,0.651189,0,0,0.833478,0.996375,0.969553,0,0,1.36682,2.5097,0,0,1,0,0,0,1,m,m
1634,EXPLAIN,1,1,0.944886,0,0,0,0,0.766076,0,1.52346,0.913055,1.64977,0.600639,0.587525,2.86128,2.43756,0,0,1,1,1,0,0,m,m
1639,EXPLAIN,1,1,0.956744,0,0,1.06785,0,0.893089,0.750882,1.14116,0.983714,2.15021,0.560976,0,1.12446,2.34789,0,0,1,1,0,0,0,m,m
1640,EXPLAIN,1,1,0.860468,0.772955,1.33157,0.512825,0,0.594443,1.98491,0.559911,0,1.14794,0,0,0.554466,0.961825,0.629759,1,0,0,0,0,1,m,m
1641,EXPLAIN,1,1,0.949256,1.25095,1.539,0,0,0,1.58767,0,0.508114,1.4878,0,0,1.16444,0,0.648918,0,0,0,0,0,0,m,m
1642,EXPLAIN,1,1,0.918041,1.92197,1.43414,0,0,0,1.39509,0,0,0.728377,0,0,1.20215,0,0.818079,0,0,0,1,0,0,m,m
1643,EXPLAIN,1,1,0.909592,2.0747,0.788775,0,0,0,0.646517,0.512421,0.711193,0.802079,0,0,1.64364,0,0.935521,0,0,0,1,0,0,m,m
1644,EXPLAIN,1,1,0.92008,2.03588,0.738265,0,0,0,1.03448,0,0.716994,0.801997,0,0,1.27603,0,0.872995,0,0,0,1,0,1,m,m
1645,EXPLAIN,1,1,0.920271,1.90881,1.05644,0,0,0.55491,1.19841,0.620947,0.583645,0.814517,0,0,1.8336,0,0.769921,0,0,0,1,0,0,m,m
1646,EXPLAIN,1,1,0.919886,1.69074,1.05421,0,0,0.664242,1.42838,0.6176,0,0.990131,0,0,1.43285,0,0.691168,0,0,0,1,0,0,m,m
1647,EXPLAIN,1,1,0.939591,1.04196,1.01665,0,0,0.677006,1.32112,0.708147,0.609647,1.65702,0,0,0.93881,0.806623,0.569498,0,0,0,1,0,0,m,m
1648,EXPLAIN,1,1,0.961478,0.628385,0.881316,0,0,0.697916,0.924398,0.705563,0.543722,2.05062,0,0,0.524605,0.957029,0,0,1,0,1,0,0,m,m
1649,EXPLAIN,1,1,0.982898,0,0,0,0,0.712621,0,0.761285,0.719698,1.73814,0.615944,0,1.03918,0.580333,0,0,1,0,1,0,0,m,m
1650,EXPLAIN,1,1,0.984348,0,0,0.626514,0,0.741907,0,0.826864,1.06729,1.49672,0,0.671929,1.25499,1.24695,0,0,1,0,1,0,0,m,m
1651,EXPLAIN,1,1,0.977779,0,0,1.77944,0,0.926901,0,1.22722,1.47649,2.41544,0.654434,0.982766,1.15734,1.25858,0,0,0,0,1,0,0,m,m
1652,EXPLAIN,1,1,0.971957,0.705866,0.873968,2.41246,0.62819,0.936161,0,1.21003,1.75938,2.34748,0.694104,0.969692,1.41925,1.52463,0,1,0,0,0,0,0,m,m
590,EXPLAIN,1,1,0.795153,2.68433,1.06815,0,0,0,0.857221,0,0,0,0,0,3.09126,1.60115,0,0,0,0,0,1,0,m,w
591,EXPLAIN,1,1,0.824452,2.47662,1.15869,0,0.674132,0,0,0,0,0,0,0.564107,2.75836,1.60341,0,0,0,0,0,1,0,m,w
596,EXPLAIN,1,1,0.850821,1.76341,1.1762,0,0.648415,0,0,0,0,0,0,0,1.44497,0.532693,0.981939,0,0,0,0,0,0,m,w
2991,EXPLAIN,1,1,0.799708,1.13793,1.22889,0.66179,0,0,1.08327,0,0.684585,0,1.23062,0,0,0,0,1,1,1,1,0,0,m,w
2992,EXPLAIN,1,1,0.812947,0.963667,0.926806,0.722935,0,0,1.00672,0,0.550501,0,1.07761,0,0,0,0,1,1,1,1,0,0,m,w
2993,EXPLAIN,1,1,0.873847,0.869368,0.563354,0.810429,0,0,0.913801,0,0.586534,0,1.02093,0,0,0,0.522724,1,0,1,1,0,0,m,w
2994,EXPLAIN,1,1,0.882653,0.935463,0.828266,0.556112,0,0,0.550293,0,0.860208,0,0.761091,0.64117,0,0,0.584567,1,0,1,1,0,0,m,w
49403,EXPLAIN,1,1,0.947578,0.779804,0.823997,0,1.06807,0,0,0,0.810636,0,0,0,1.78155,0.809065,0,0,1,1,0,0,0,w,w
49411,EXPLAIN,1,1,0.765585,0,0,0,0.52378,0,0.915488,0,0,0,0,0,0.890573,0.640618,0,0,0,1,0,0,0,w,w
49412,EXPLAIN,1,1,0.858547,0,0.542347,0,0.584136,0,0.697177,0,0,0,0,0,0.691555,0,0,0,0,1,0,0,0,w,w
49413,EXPLAIN,1,1,0.925362,0.511557,0.923417,0,0.510198,0,0,0,0,0,0,0,0,0.543417,0,0,0,1,0,0,0,w,w
49414,EXPLAIN,1,1,0.946718,0,0,0,0,0,0,0,0,0,0,0,0,0,0,0,0,1,0,0,0,w,w
49415,EXPLAIN,1,1,0.919994,1.11512,1.10528,0,0.794298,0,0,0,0,0,0,0,1.01884,0.56288,0.684571,0,0,1,0,0,0,w,w
8892,EXPLAIN,1,1,0.774912,0.910294,1.35239,0,0,0,0.849006,0,0.609312,1.59239,0,0,2.38037,0.63533,0.936591,0,0,0,0,0,0,w,m
8893,EXPLAIN,1,1,0.878681,0.924118,1.42968,0,0.855984,0,2.16361,0,0,1.46142,0,0,2.25432,0.88167,0.791177,0,0,0,0,1,0,w,m
8901,EXPLAIN,1,1,0.926264,0,1.53061,0.678046,0,0,1.92689,0,0.617577,0,0,0,2.30172,1.57988,0.842944,0,0,0,0,1,0,w,m
8902,EXPLAIN,1,1,0.919427,0,1.45697,0,0,0,1.38653,0,0.571857,0,0,0,2.43983,3.54836,0.910355,0,0,0,0,0,0,w,m
8903,EXPLAIN,1,1,0.952698,0.588813,1.57049,0,0,0,1.28988,0,0.539307,0,0,0,1.7025,1.80082,0.754015,0,0,0,0,0,0,w,m
8904,EXPLAIN,1,1,0.950283,1.0071,1.25431,0,0,0,0.990137,0,0.544678,0,0,0,0.652643,1.53018,0.91245,0,0,0,1,0,0,w,m
8905,EXPLAIN,1,1,0.927438,0.618942,0.84075,0,0,0,0.681168,0,0,0,0,0,0.63792,1.45532,0.957152,0,0,0,1,0,0,w,m
8906,EXPLAIN,1,1,0.900914,1.25277,1.10669,0,0,0,0.889146,0,0,0,0,0,0.900857,0.50525,1.0901,0,0,0,1,1,0,w,m
8907,EXPLAIN,1,1,0.894074,1.58728,1.15392,0,0,0,0,0,0,0,0,0,0.705099,1.05713,1.10813,0,0,0,0,0,0,w,m
8908,EXPLAIN,1,1,0.876788,1.55702,1.17952,0,0.508455,0,0,0,0,0,0,0,1.42339,0,1.14455,0,0,0,0,0,1,w,m
8912,EXPLAIN,1,1,0.761862,1.36573,0.932302,0,1.17673,0,1.0716,0,0.814543,0,0,0,2.03585,0,0.855488,0,0,0,1,0,0,w,m
8914,EXPLAIN,1,1,0.799773,0.98555,0,0,0,0,0,0,0.527179,0.722148,0,0,2.37037,0,0.872694,0,0,0,1,0,0,w,m
8915,EXPLAIN,1,1,0.850314,0.944887,0.610987,0,0,0,0,0,0.715182,0.85854,0,0,2.53457,0,0.79936,1,0,0,1,0,0,w,m
8918,EXPLAIN,1,1,0.798374,0.559392,0,0,0,0,0,0,0.650616,0,0,0.747724,2.6568,0,0,0,0,0,1,0,0,w,m
8919,EXPLAIN,1,1,0.813319,1.10426,0,0,0,0,0,0,0,0,0,0.539569,2.08715,1.05285,0,0,0,0,1,0,0,w,m
8920,EXPLAIN,1,1,0.755855,1.84985,0,0,0,0,0,0,0,0,0,0,1.58269,1.7326,0,0,0,1,1,0,0,w,m
8921,EXPLAIN,1,1,0.773956,0.861796,0,0,0,0,0,0,0,0.978644,0,0.687946,1.85076,1.30649,0,0,0,0,1,0,0,w,m
8923,EXPLAIN,1,1,0.795952,0.511047,0,0,0,0,0,0,0.536648,0,0,0,3.19353,1.53018,0,0,0,0,0,0,0,w,m
8924,EXPLAIN,1,1,0.808826,1.06432,0,0,0,0,0,0,0,0,0,0,2.45768,1.95018,0,0,0,0,1,0,0,w,m
8925,EXPLAIN,1,1,0.850774,0.818577,0,0.517523,0,0,0,0,0,0,0,0,1.73697,1.54293,0,0,0,0,1,0,0,w,m
8926,EXPLAIN,1,1,0.888635,0,0,0.589447,0,0,0,0,0.555498,0,0,0,1.24629,0,0,1,0,0,1,0,0,w,m
8927,EXPLAIN,1,1,0.885737,0,0,0,0,0,0,0,0.750716,0,0,0,1.36472,0,0,1,0,0,1,0,0,w,m
8928,EXPLAIN,1,1,0.870078,0,0,0,0.616246,0,0,0,0.679721,0,0,0,1.18368,0,0,1,0,0,0,0,0,w,m
8933,EXPLAIN,1,1,0.810379,0,0,0,0.897635,0,0,0,0.861202,0,0,0,1.10559,0,0,0,0,0,1,0,0,w,m
8934,EXPLAIN,1,1,0.7603,0.623656,0.559482,0,1.37403,0,0,0,0.900941,0,0,0,0.885375,0.932124,0,0,0,0,1,0,0,w,m
8936,EXPLAIN,1,1,0.737209,0.845152,1.61822,0,1.03957,0,1.03017,0,1.19663,0,0.658049,0,0,0,0,0,0,0,1,1,0,w,m
8937,EXPLAIN,1,1,0.783946,0.552539,2.09068,0,1.04528,0,0.687048,0,0.889267,0.697381,0.992638,0,0.91785,1.10792,0,0,0,0,1,1,0,w,m
8941,EXPLAIN,1,1,0.796273,1.29876,1.17884,0,0.877241,0,1.3665,0,0.745526,0,0,0,0,1.91891,0,0,0,0,1,0,0,w,m
8942,EXPLAIN,1,1,0.92217,1.44376,1.32257,0,1.16649,0,1.6203,0,0.759417,0,0.669344,0,0,0.917566,0,0,0,0,1,0,0,w,m
8943,EXPLAIN,1,1,0.891358,2.4128,1.98401,0,1.29584,0,1.76704,0,0.89847,0,0.858464,0,0.653775,0,0,0,0,0,1,0,0,w,m
8944,EXPLAIN,1,1,0.829926,2.40611,1.95612,0,1.63754,0,1.21561,0,1.2493,0,1.22277,0,0,0.911707,0,0,0,0,1,0,0,w,m
8945,EXPLAIN,1,1,0.935196,2.01221,1.38049,0,1.4664,0,1.17474,0,0.917124,0,0.748886,0,0,2.03246,0.513858,0,0,0,1,0,0,w,m
8946,EXPLAIN,1,1,0.959593,1.22709,0.951731,0,1.11573,0.571827,1.00349,0,0.75985,0.888994,0.853488,0,0,0.869292,0.663052,0,0,0,0,0,0,w,m
8947,EXPLAIN,1,1,0.942341,1.31829,0.977878,0,0.922367,0.937452,2.22098,0.797585,0.819145,0.744249,0.660363,0,0,1.53007,0.557016,0,0,0,0,0,0,w,m
8948,EXPLAIN,1,1,0.890177,1.72081,1.79648,0,0.823443,1.10874,1.68678,1.04803,1.40525,0,0,0,2.04422,3.44573,0.588692,0,0,0,0,0,0,w,m
8949,EXPLAIN,1,1,0.732707,1.72538,1.24621,0,0.613707,0.737797,1.01071,1.00719,1.70714,0,0,0,0,1.07674,0.704883,0,0,0,0,0,0,w,m
733,EXPLAIN,1,1,0.8358,2.27719,0,0.750129,0.609531,0,2.30697,0,0,0,0.938419,1.21369,0,0,0,1,1,0,1,0,1,w,w
734,EXPLAIN,1,1,0.92738,2.06519,0.502433,0.911664,0.808614,0,1.63486,0,0,0.754509,0,0.995086,0.852097,0,0,1,0,0,0,0,0,w,w
735,EXPLAIN,1,1,0.963925,1.79443,0.657725,0.898567,0,0,2.07029,0,0,0.9666,0,0,0.870129,0,0,1,0,0,0,0,0,w,w
736,EXPLAIN,1,1,0.967282,1.71584,0.725453,0,0,0,1.41685,0,0,0.815004,0,0,0,0,0,1,0,0,1,0,0,w,w
737,EXPLAIN,1,1,0.969706,1.64289,0.81858,0,0,0,0.742491,0,0,0.682025,0,0,0,0,0,0,0,0,0,0,0,w,w
738,EXPLAIN,1,1,0.946403,0.764287,0,0,0,0,0.825847,0,0,0.720617,0,0,0.734732,0,0,0,1,1,1,0,0,w,w
739,EXPLAIN,1,1,0.910808,0.670247,0,0,0,0,1.28116,0,0,0,0,0,0.648897,0,0,0,1,0,0,0,0,w,w
740,EXPLAIN,1,1,0.843766,0.742398,0,0.831854,0,0,1.7126,0,0,0,0,0,0,0,0,0,1,1,0,0,0,w,w
741,EXPLAIN,1,1,0.880145,0.813516,0,0.813172,0.921983,0,0.820705,0,0,0,0,0,0,0,0,0,1,1,0,0,1,w,w
742,EXPLAIN,1,1,0.899265,1.01138,0,0,0.53765,0,0.643154,0,0,0,0,0,0,0,0,0,1,1,0,0,0,w,w
743,EXPLAIN,1,1,0.893886,0.877928,0,0,0.811673,0,0.765595,0,0,0,0.515587,0,0,0,0,0,1,1,0,0,0,w,w
744,EXPLAIN,1,1,0.879335,0.912239,0,0,0.94011,0,0.722795,0,0.536414,0,0.515221,0,0.755617,0,0,0,1,1,0,0,0,w,w
745,EXPLAIN,1,1,0.865833,0.790005,0,0,1.20116,0,0.675636,0,0,0,0,0,0.698882,0,0,0,1,1,0,0,0,w,w
746,EXPLAIN,1,1,0.860784,0.717081,0,0,1.20883,0,0,0,0.502284,0,0,0,0.649615,0,0,0,1,1,0,0,0,w,w
747,EXPLAIN,1,1,0.86758,0.87833,0,0,1.30603,0,0.750118,0,0.51602,0,0,0,0.794212,0,0,0,1,1,0,0,0,w,w
748,EXPLAIN,1,1,0.878376,0.871691,0,0,1.40218,0,0.589188,0,0,0,0,0,0.75762,0,0,0,1,1,0,0,0,w,w
749,EXPLAIN,1,1,0.912089,1.15815,0,0,1.11481,0,0.857596,0,0.514545,0.627285,0,0,0.781513,0,0,0,1,1,0,0,0,w,w
750,EXPLAIN,1,1,0.929265,1.30132,0.507375,0,1.12677,0,0.658898,0,0.513986,0.682254,0,0,0.758772,0,0,0,1,0,0,0,0,w,w
751,EXPLAIN,1,1,0.933805,1.27912,0,0,0.997004,0,0,0,0.541351,0.585907,0,0,0.861899,0,0,0,1,1,0,0,0,w,w
752,EXPLAIN,1,1,0.929742,1.29763,0,0,0.963508,0,0,0,0,0.590738,0,0,1.01662,0,0,0,1,1,0,0,0,w,w
753,EXPLAIN,1,1,0.926133,1.48375,0.604726,0,1.24689,0,0,0,0,0,0,0.571477,1.31228,0,0,0,1,1,0,0,0,w,w
754,EXPLAIN,1,1,0.895445,1.22114,0.71327,0,0,0,0,0,0.591832,0,0,0.731815,0.928936,1.00175,0.57329,1,1,1,0,0,0,w,w
755,EXPLAIN,1,1,0.861618,1.29095,1.34688,0,0,0,0,0,0,0,0,1.08625,0,0,0.663944,1,0,1,1,0,0,w,w
756,EXPLAIN,1,1,0.808068,1.62343,0,0.623567,0,0,0,0,0,0,0,1.13646,0,0.670883,0.574776,1,0,1,1,0,1,w,w
757,EXPLAIN,1,1,0.73902,1.41956,0.645819,1.43759,0,0,0.706697,0,0,0,0,1.54775,0,0,0.613065,1,0,1,1,0,1,w,w
758,EXPLAIN,1,1,0.725668,2.23937,0,0,0,0,1.05875,0,0,0,1.51579,1.5112,1.11429,0.608703,0,1,0,0,1,0,0,w,w
761,EXPLAIN,1,1,0.861277,1.26124,0,0,0.862734,0,1.13008,0,0,0,0,1.13508,0,0,0,1,0,0,1,0,0,w,w
762,EXPLAIN,1,1,0.743623,0.593178,0,0,0.668598,0,0,0,0,0,0,1.29863,0,0,0,1,0,0,1,0,0,w,w
763,EXPLAIN,1,1,0.780896,0,0,0,0.522241,0,0,0,0,0,0,0.996168,0,0,0,0,1,0,1,0,0,w,w
764,EXPLAIN,1,1,0.802497,0,0,0,0.516938,0,0,0,0,0,0,0.914492,0,0,0,1,1,0,1,0,0,w,w
765,EXPLAIN,1,1,0.780482,0,0,0,0.792245,0,0,0,0,0,0,0.91492,0,0,0,1,0,0,1,0,0,w,w
766,EXPLAIN,1,1,0.780704,0,0,0,0.748058,0,0,0,0,0,0,0.891537,0,0,0,1,0,0,1,0,0,w,w
767,EXPLAIN,1,1,0.765588,0,0,0,0.901251,0,0,0,0.598535,0,0,1.00204,0,0,0,0,1,0,1,0,0,w,w
768,EXPLAIN,1,1,0.735386,0,0,0,1.41418,0,0,0,0.669544,0,0.67521,1.20313,0,0,0,0,1,0,1,0,0,w,w
769,EXPLAIN,1,1,0.737216,0,0,0,1.29087,0,0,0,0.71986,0,0.543675,1.00993,0,0,0,0,1,0,1,0,1,w,w
770,EXPLAIN,1,1,0.735654,0.715722,0,0,1.25816,0,0,0,0,0,0,0.972638,0,0,0,0,1,0,1,0,0,w,w
772,EXPLAIN,1,1,0.729026,0.774777,0,0,1.38355,0.629827,0.626284,0,1.5881,0,0.810253,1.66113,0,0,0,1,1,0,1,0,1,w,w
773,EXPLAIN,1,1,0.796631,0.596587,0,0,1.69656,0.534991,0,0,1.29787,0,0,1.50398,0,0,0,1,1,0,1,0,1,w,w
774,EXPLAIN,1,1,0.750672,1.03007,0,0,1.65271,0.629279,0,0,1.58394,0,1.23845,1.66941,0.760647,0,0,0,1,1,1,0,1,w,w
775,EXPLAIN,1,1,0.729208,1.5539,0.793809,0,0.735714,0,0.524497,0,0,0,0.561038,1.03754,0,0.52149,0,1,0,0,1,0,0,w,w
777,EXPLAIN,1,1,0.838293,1.99243,1.63506,0.839203,0.537174,0,1.96647,0,0,0,0,1.31727,0,0,0.569165,1,0,0,1,0,0,w,w
778,EXPLAIN,1,1,0.897878,1.50357,1.78693,0,0,0,2.17812,0,0,0,0,1.05879,1.19095,0,0,1,0,0,1,0,0,w,w
779,EXPLAIN,1,1,0.891293,0.759365,0.701307,0,0,0,1.1576,0,0.713917,0,0,1.31722,1.16921,0,0,0,1,0,1,0,0,w,w
780,EXPLAIN,1,1,0.906686,0,0,0,0,0,0,0,0,0,0,1.38371,0.655793,0,0,0,0,0,1,0,0,w,w
781,EXPLAIN,1,1,0.913954,0,0,0,0,0,0,0,0.723472,0.577835,0,1.23362,0,0,0,0,1,0,0,0,0,w,w
782,EXPLAIN,1,1,0.932921,0,0,0,0,0,0,0,1.1125,0.933243,0,1.06829,0,0,0,0,1,0,0,0,0,w,w
783,EXPLAIN,1,1,0.913857,0.814937,0,0,0,0.515953,0,0,1.27329,0.977955,0.565064,1.22202,0,0,0,0,1,1,0,0,0,w,w
784,EXPLAIN,1,1,0.935699,0.779554,0,0,0,0,0.697458,0,1.10336,0.703214,0.837071,0.944792,0,0,0,0,1,1,0,0,0,w,w
785,EXPLAIN,1,1,0.949971,0.735197,0,0,0,0.554934,0.629871,0,1.26132,1.53368,0.729939,0.977479,0,0,0,0,1,1,0,0,0,w,w
786,EXPLAIN,1,1,0.900029,0.793976,0,0,0.762,0.507187,0.734655,0,1.25953,1.57167,1.13032,0.964503,0,0,0,0,1,1,0,0,0,w,w
787,EXPLAIN,1,1,0.890402,0.821023,0,0,0.875321,0.600664,0,0,1.40077,1.17037,1.32536,0.964312,0,0,0,0,1,1,0,0,0,w,w
788,EXPLAIN,1,1,0.834576,0.786878,0,0,0.965476,0.609265,0,0,1.4112,1.09048,1.63228,1.04951,0,0,0,0,1,1,0,0,0,w,w
789,EXPLAIN,1,1,0.824851,0.75397,0,0,0.747489,0.584043,0,0,1.5062,1.04689,1.73403,1.04902,0,0,0,0,1,1,0,0,0,w,w
790,EXPLAIN,1,1,0.805049,0.793028,0,0,0.897651,0.637407,0,0,1.64657,0.915229,1.69626,1.03279,0,0,0,0,1,1,0,0,0,w,w
791,EXPLAIN,1,1,0.811875,0,0,0,0.824264,0.635691,0,0,1.69094,1.11313,1.71519,1.08622,0,0,0,0,1,1,0,0,0,w,w
792,EXPLAIN,1,1,0.798292,0,0,0,0.842845,0.700663,0,0,1.80683,0.952632,1.58768,1.061,0,0,0,0,1,1,0,0,0,w,w
793,EXPLAIN,1,1,0.74588,0.689478,0,0,0.893378,0.640685,0,0,1.69917,0.687048,1.76039,0.93204,0,0,0,0,1,1,0,0,0,w,w
794,EXPLAIN,1,1,0.963065,0,0,1.05723,0,0.908653,1.58632,0.597244,0.572588,1.51436,0,1.16312,0,0,0,1,1,1,0,0,0,w,w
795,EXPLAIN,1,1,0.959192,0,0,1.06792,0,0.809632,1.42351,0,0,1.55364,0,1.21891,0,0,0,1,1,1,0,0,0,w,w
796,EXPLAIN,1,1,0.959912,0,0,0.948909,0,0.817488,1.1693,0,0,1.48898,0,1.15095,0,0,0,1,1,1,0,0,0,w,w
797,EXPLAIN,1,1,0.963647,0,0,0.829088,0,0.809836,1.13392,0,0.521576,1.70133,0,1.23679,0,0,0,1,1,0,1,0,0,w,w
798,EXPLAIN,1,1,0.961528,0,0,0.813208,0,0.811549,0.972028,0,0,1.78236,0,1.31506,0,0,0,1,1,0,1,0,0,w,w
799,EXPLAIN,1,1,0.962235,0,0,0.718221,0,0.825639,1.06312,0,0.684129,1.79735,0,1.24563,0,0,0,1,1,1,1,0,0,w,w
800,EXPLAIN,1,1,0.962465,0,0,0,0,0.875085,0.968911,0,0.734182,1.79842,0,1.26997,0,0,0,1,1,1,1,0,0,w,w
801,EXPLAIN,1,1,0.957311,0,0,0.519854,0,1.00217,1.15092,0.51625,0.775421,2.03571,0,1.34492,0,0,0,0,1,1,1,0,0,w,w
802,EXPLAIN,1,1,0.951278,0,0,0,0,1.04889,0.833642,0.519598,1.10495,2.0163,0,1.1821,0,1.10634,0,0,1,1,1,0,0,w,w
803,EXPLAIN,1,1,0.93813,0,0,0.883834,0,0.97362,0.583127,0.512124,0.966713,1.7007,0,1.20892,0,0.605529,0,0,1,1,0,0,0,w,w
804,EXPLAIN,1,1,0.887824,0,0,0.751524,0,0.953385,1.08331,0.594642,0.978581,1.60995,0.576759,0.936553,0,0,0,0,1,1,0,0,0,w,w
805,EXPLAIN,1,1,0.813038,0,0,1.47965,0,0.985836,2.11383,0.794596,0.808683,1.97796,1.00153,0.995264,0,0,0,0,1,1,0,0,0,w,w
9411,EXPLAIN,1,1,0.981683,1.06242,0,0,0,0,0.67283,0,1.00423,0.652295,0,0,0.577238,0,0,0,1,0,0,0,1,m,w
9412,EXPLAIN,1,1,0.976078,0.706095,0,0,0,0,0,0,0.859398,0,0.767621,0,0.5324,0.925673,0,0,1,0,0,0,0,m,w
9413,EXPLAIN,1,1,0.963929,0.798463,0,0,0,0,0,0,0.779433,0,1.38282,0,0,0.5889,0,0,1,1,0,0,0,m,w
9414,EXPLAIN,1,1,0.940388,0.949933,0,0,0,0,0,0,0.886012,0.651308,1.34004,0,0,0,0,0,1,0,0,0,0,m,w
9415,EXPLAIN,1,1,0.956689,1.19251,0,0,0,0,0,0,0.96627,0.577794,1.06408,0,0,0.522039,0,0,1,0,0,0,0,m,w
9418,EXPLAIN,1,1,0.971722,1.33718,0,0,0,0,0,0,0,0,0.69362,0,0,1.06598,0.726261,0,0,0,0,0,0,m,w
9419,EXPLAIN,1,1,0.987459,0.930601,0,0,0.719919,0,0,0,0,0,0.559716,0,0,1.99086,0,0,0,0,1,0,0,m,w
9420,EXPLAIN,1,1,0.987399,1.02367,0,0,0,0,0,0,0,0,0,0,0.594282,1.14168,0,0,0,0,0,0,0,m,w
9421,EXPLAIN,1,1,0.985041,1.20443,0,0,0.593299,0,0,0,0,0,0,0.660334,1.30008,0,0,0,0,0,0,0,0,m,w
9422,EXPLAIN,1,1,0.986191,1.00727,0,0,0,0,0,0,0,0,0,0.628147,2.13061,0,0,0,0,0,0,0,0,m,w
9423,EXPLAIN,1,1,0.981263,1.11454,0,0,0,0,1.04819,0,0,0.810943,0,0.585269,1.94769,0,0,0,0,0,0,0,0,m,w
9424,EXPLAIN,1,1,0.97773,0.726972,0,0,0,0,0.817896,0,0,0.720575,0,0,1.87657,0,0,0,0,0,0,0,0,m,w
9452,EXPLAIN,1,1,0.984467,1.29203,0,0,0,0,1.55476,0,1.06547,0.760596,0,0,1.93733,0,0,0,0,0,0,0,0,m,w
9453,EXPLAIN,1,1,0.985724,1.20383,0,0,0.723831,0,0.755853,0,1.30393,0.592631,0,0.765911,1.43811,0,0,0,0,0,0,0,0,m,w
9454,EXPLAIN,1,1,0.9877,1.19268,0,0,0.745007,0,0,0,1.43891,0,0,0.549651,1.20152,0,0,0,1,0,0,0,0,m,w
9455,EXPLAIN,1,1,0.987276,1.09712,0,0,0.832836,0,0,0,1.51736,0,0,0.615205,1.11861,0,0,0,1,0,0,0,0,m,w
9456,EXPLAIN,1,1,0.988613,1.06197,0,0,0.892314,0,0,0,1.49452,0,0,0,0.902569,0,0,0,1,0,0,0,0,m,w
9457,EXPLAIN,1,1,0.988497,1.15977,0,0,0.761679,0,0,0,1.65889,0,0,0.578704,1.01535,0,0,0,1,0,0,0,0,m,w
9458,EXPLAIN,1,1,0.988941,1.08021,0,0,0.833628,0,0,0,1.55991,0,0,0,0.819169,0,0,0,1,0,0,0,0,m,w
9459,EXPLAIN,1,1,0.988611,1.03368,0,0,1.0092,0,0,0,1.51481,0,0,0,0.808829,0,0,0,0,0,0,0,0,m,w
9460,EXPLAIN,1,1,0.987751,1.0338,0,0,1.08988,0,0,0,1.44757,0,0,0,0.913478,0,0,0,1,0,0,0,0,m,w
9461,EXPLAIN,1,1,0.980548,1.1214,0,0,0.976226,0,0,0,1.25501,0,0,0,1.07037,0,0,0,0,0,0,0,0,m,w
9462,EXPLAIN,1,1,0.981563,0.916284,0,0,1.03338,0,0,0,1.37694,0,0,0,1.18089,0,0,0,0,0,0,0,0,m,w
9463,EXPLAIN,1,1,0.981033,0.892286,0,0,1.04278,0,0,0,1.43693,0,0,0,0.804937,0,0,0,0,0,0,0,0,m,w
9464,EXPLAIN,1,1,0.960964,0.937748,0,0,0.883214,0,0,0,1.26762,0,0,0,0,1.10122,0,0,1,0,0,0,0,m,w
9465,EXPLAIN,1,1,0.95665,0.84632,0.564274,0,0.681073,0,0,0,0.798154,0,0.873759,0,0,2.26308,0.55218,0,1,0,0,0,0,m,w
9466,EXPLAIN,1,1,0.946443,0.767083,0.663378,0,0.78636,0,0,0,0.865976,0,1.0087,0,0,2.65758,0.548686,0,1,0,0,0,0,m,w
9467,EXPLAIN,1,1,0.960412,0.988167,1.0029,0,0.638724,0,0,0,1.12435,0,0.816987,0,0,2.79032,0,0,1,0,0,0,0,m,w
9468,EXPLAIN,1,1,0.971099,1.15457,0.767434,0,0.677438,0,0,0,1.20059,0,0.550215,0,0,1.2506,0,0,1,0,0,0,0,m,w
9469,EXPLAIN,1,1,0.974394,1.15635,0,0,0.573583,0,0,0,1.11287,0,0,0,0.942101,0,0,0,0,0,0,0,0,m,w
9470,EXPLAIN,1,1,0.971766,0.975752,0,0,0.700065,0,0,0,1.06429,0,0,0,0.700261,0,0,0,0,0,0,0,0,m,w
9471,EXPLAIN,1,1,0.971556,0.995232,0,0,0.621567,0,0,0,1.04364,0,0,0,0.887808,0,0,0,0,0,0,0,0,m,w
9472,EXPLAIN,1,1,0.969403,0.958454,0,0,0.756992,0,0,0,1.15423,0,0,0,0.883222,0,0,0,1,0,0,0,0,m,w
9473,EXPLAIN,1,1,0.968755,0.934807,0,0,0.67721,0,0,0,1.22034,0,0,0,0.726926,0,0,0,1,0,0,0,0,m,w
9474,EXPLAIN,1,1,0.972566,1.14341,0,0,0.646288,0,0,0,1.00153,0,0,0,0.935839,0,0,0,1,0,0,0,0,m,w
9475,EXPLAIN,1,1,0.974855,1.52807,0.531909,0,0.693681,0,0,0,0.710861,0,0,0,1.04173,0,0,0,1,0,0,0,0,m,w
9476,EXPLAIN,1,1,0.977544,1.51495,0.605115,0,0.73865,0,0,0,0.772376,0,0,0,0.875892,0,0,0,1,0,1,0,0,m,w
9477,EXPLAIN,1,1,0.978305,1.71069,0.730839,0,0.547959,0,0,0,0.513007,0,0,0,0.532714,0,0,0,0,0,1,0,0,m,w
9478,EXPLAIN,1,1,0.975121,1.61569,0,0,0.641145,0,0,0,0,0,0,0,0.861916,0,0,0,0,0,0,0,0,m,w
9479,EXPLAIN,1,1,0.975614,1.46569,0,0,0.570249,0,0,0,0.520832,0,0,0,0.593901,0,0,0,0,0,0,0,0,m,w
9480,EXPLAIN,1,1,0.973387,1.40474,0,0,0.56114,0,0.597828,0,0.562046,0,0,0,0,0,0,0,0,0,0,0,0,m,w
9481,EXPLAIN,1,1,0.978679,0.887665,0.606255,0,0,0,0,0,0.669309,0,0.616124,0,0,0,0,0,1,0,0,0,0,m,w
9482,EXPLAIN,1,1,0.97164,0,1.01969,0,0,0,0,0,0.705986,0,0.598959,0,0,0.854089,0,0,1,1,0,0,0,m,w
9483,EXPLAIN,1,1,0.927011,0,0.757479,0,0,0,0,0,0.771146,0,0.819758,0,0.689189,0.902062,0,0,1,1,0,0,0,m,w
9484,EXPLAIN,1,1,0.868132,0.570961,0,0,0,0,0,0,0.872305,0.671656,1.02572,0,0.948496,0.992518,0,0,1,0,0,0,0,m,w
9485,EXPLAIN,1,1,0.864438,0.518059,0,0,0.553973,0.586597,0,0,1.08682,0.835129,0.904304,0,0.545613,1.13216,0,0,1,0,0,0,0,m,w
9486,EXPLAIN,1,1,0.920763,0.533562,0,0.617012,0.706702,0.580998,0,0,1.20452,0.804234,0.630853,0,0,1.6207,0,0,1,0,0,0,0,m,w
9487,EXPLAIN,1,1,0.948935,0,0,0,0.76437,0.594656,0,0.575094,1.09141,0.695959,0.843599,0,0,2.01509,0,0,1,0,0,0,0,m,w
9488,EXPLAIN,1,1,0.963656,0.641109,0.606058,0.783852,1.02338,0.594549,0,0.596023,0.651109,0.537287,1.51406,0,0,3.53387,0,0,1,0,0,0,0,m,w
9489,EXPLAIN,1,1,0.960276,0,0,0.521196,0.877719,0,0,0.605725,0,0,1.73035,0,0,4.37598,0.760151,0,1,1,1,0,0,m,w
9490,EXPLAIN,1,1,0.938322,0.836904,0.789857,0,1.14197,0,0,0.548693,0,0,1.98451,0,0,4.96224,0.856378,0,1,1,0,0,0,m,w
9491,EXPLAIN,1,1,0.863541,1.76395,0.9155,1.22833,0.8962,0.581077,0,0.795485,0.995437,0,1.55225,0,0,4.15151,0.728555,0,1,1,0,0,0,m,w
9492,EXPLAIN,1,1,0.880325,0.686542,1.78658,1.19391,1.89843,0.687624,0.786465,0.645703,0,0,1.45784,0,0,3.573,0.685612,0,0,1,0,0,0,m,w
9494,EXPLAIN,1,1,0.89273,0.530796,0,0,0.652641,0.512544,0,0,0,1.15083,0,0.60615,0,4.48949,0,0,1,0,0,0,0,m,w
9495,EXPLAIN,1,1,0.901347,0.77613,0.93709,0,0,0.538284,1.55596,0.616927,0.600841,1.65941,0,1.23595,0,0.930044,0,0,1,1,1,0,0,m,w
9496,EXPLAIN,1,1,0.961693,0,0,0,0,0,0,0,0,1.89103,0.548216,0,2.62178,0,0,0,0,1,1,0,0,m,w
9497,EXPLAIN,1,1,0.934965,0,0.581546,0,0,0.536495,0,0.831247,0,1.47314,0.953766,0.657936,1.97096,0.860786,0,0,1,1,0,0,0,m,w
9498,EXPLAIN,1,1,0.890953,0.874264,0,0,0,0,0,0.63276,0,1.10976,0.70687,0.714705,2.13716,0.534202,0,0,0,0,0,0,0,m,w
9499,EXPLAIN,1,1,0.820467,0.510924,0,0,0,0.554673,1.77995,0.80893,0,1.04208,0,0,0.854534,0,0,0,0,0,0,0,0,m,w
