time_stamp,word,frame,success,confidence,AU01_r,AU02_r,AU04_r,AU05_r,AU06_r,AU09_r,AU10_r,AU12_r,AU14_r,AU15_r,AU17_r,AU20_r,AU25_r,AU26_r,AU04_c,AU12_c,AU15_c,AU23_c,AU28_c,AU45_c,speaker_gender,listener_gender
3193,PT:DET,1,1,0.761969,0,0,0,0,0,0,0,0,1.55607,0,0,2.34786,1.26,0,1,0,0,0,0,0,m,w
3194,PT:DET,1,1,0.76995,0,0,0,0,0,0,0,0,1.63636,0,0,2.5231,0,0,1,0,0,0,0,0,m,w
3195,PT:DET,1,1,0.834246,0.695655,0,0,0,0,0,0,0,1.48006,0,0,2.97722,0.567615,0,1,0,0,0,0,0,m,w
3196,PT:DET,1,1,0.80404,0.731866,0,0,0,0,0,0,0.586281,0,0.569401,0,2.51744,3.17694,0,0,0,0,0,0,0,m,w
3197,PT:DET,1,1,0.850264,0.70084,0,0,0,0,0.830953,0,0,0,0,0,1.64978,3.56289,0,0,0,0,0,0,1,m,w
3198,PT:DET,1,1,0.799904,1.92643,0.713576,0,0,0,0.696561,0,0,0,1.04136,0,1.7969,3.55101,0,0,0,1,1,0,0,m,w
3199,PT:DET,1,1,0.737864,1.62059,0,0,0,0,0.835086,0,0,0,0.607827,0,2.82726,3.45387,0.647927,0,0,0,0,0,1,m,w
3200,PT:DET,1,1,0.725437,2.66281,0,0,0,0,0.875195,0,0.609324,0,0,0,1.9497,4.75961,0.503518,0,0,0,1,0,1,m,w
3201,PT:DET,1,1,0.930412,0,0,0,0,0,0.670296,0,0,0,0.658064,0,1.50876,2.1229,0,0,0,0,1,0,1,m,w
3202,PT:DET,1,1,0.916533,0.85431,0,0,0.658718,0,0.555269,0,0,0,0,0,0.959563,0.726573,0,0,0,0,1,0,1,m,w
3203,PT:DET,1,1,0.885439,0.696008,0,0,0,0,0,0,0,0,0.512525,0,1.96881,0,0,0,0,0,1,1,1,m,w
3204,PT:DET,1,1,0.881036,0.585432,0,0,0,0,0.702759,0,0,0,0.593489,0,1.48102,1.68332,0,0,0,0,1,0,1,m,w
3205,PT:DET,1,1,0.927673,0,0,0,0,0,0,0,0,0,0,0,1.63257,2.70051,0,0,0,0,1,0,1,m,w
3206,PT:DET,1,1,0.922449,0,0.586769,0,0,0,0.561918,0,0,0,0,0,1.6903,2.99206,0,0,0,0,0,0,1,m,w
3659,PT:DET,1,1,0.984628,0.560295,0.904544,0,0,0,1.527,0,0,0,0,0,0,0,0,0,0,1,1,0,0,w,m
3660,PT:DET,1,1,0.982071,0.545406,0.849378,0,0.639958,0,1.76284,0,0,0,0,0,0,0,0,0,0,0,1,0,0,w,m
3661,PT:DET,1,1,0.983136,0.652713,0.683419,0,0.500862,0,1.60524,0,0,0,0,0,0,0,0,0,0,0,1,0,0,w,m
3662,PT:DET,1,1,0.982174,0.751651,0.925156,0,0.513566,0,1.90404,0,0,0,0,0,0,0,0,0,0,1,1,0,0,w,m
3663,PT:DET,1,1,0.981938,0.867005,0.903838,0,0.557575,0,1.7578,0,0,0,0,0,0,0,0,0,0,1,1,0,0,w,m
3664,PT:DET,1,1,0.978641,0.726999,0.820469,0,0,0,1.52519,0,0,0,0.567255,0,0,0,0,0,0,1,1,0,0,w,m
3665,PT:DET,1,1,0.980629,0.753917,0.965516,0,0.618214,0,1.49333,0,0,0,0.540076,0,0,0,0,0,0,1,1,0,0,w,m
3666,PT:DET,1,1,0.982067,0.825278,1.13049,0,0.591975,0,1.61777,0,0,0,0,0,0,0,0,0,0,1,1,0,0,w,m
3667,PT:DET,1,1,0.983229,1.05233,1.1223,0,0,0,1.61347,0,0,0,0.538446,0,0,0,0,0,0,1,1,0,0,w,m
3668,PT:DET,1,1,0.984556,0.916239,1.13189,0,0,0,1.42212,0,0,0,0.784129,0,0,0,0,0,0,1,1,0,0,w,m
3669,PT:DET,1,1,0.983807,0.978506,1.30822,0,0,0,1.58177,0,0,0,0.783798,0,0,0,0,0,0,1,1,0,0,w,m
3670,PT:DET,1,1,0.984366,1.04442,1.37334,0,0,0,1.60177,0,0,0,0.629748,0,0,0,0,0,0,1,1,0,0,w,m
3671,PT:DET,1,1,0.984733,1.20646,1.39664,0,0,0,1.74458,0,0,0,0.674742,0,0,0,0,0,0,1,1,0,0,w,m
3672,PT:DET,1,1,0.986488,1.27822,1.41046,0,0,0,1.78323,0,0,0,0.73694,0,0,0,0,0,0,1,1,0,0,w,m
3673,PT:DET,1,1,0.985777,1.33414,1.35274,0,0,0,1.87093,0,0,0,0.916971,0,0,0,0,0,0,1,1,0,0,w,m
3674,PT:DET,1,1,0.985544,1.32899,1.21119,0,0,0,1.99161,0,0,0,0.769358,0,0,0,0,0,0,1,1,0,0,w,m
3675,PT:DET,1,1,0.986304,1.28598,1.36677,0,0,0,1.58527,0,0.520901,0,1.03437,0,0,0,0,0,0,1,1,0,0,w,m
3676,PT:DET,1,1,0.987749,1.39206,1.09176,0,0,0,1.92213,0,0,0,0.797587,0,0,0,0,0,0,1,1,0,0,w,m
3677,PT:DET,1,1,0.985912,1.36869,0.993182,0,0,0,2.35665,0,0,0,0.796959,0,0,0,0,0,0,1,1,0,0,w,m
3678,PT:DET,1,1,0.985993,1.33516,0.985003,0,0,0,2.23606,0,0.51379,0,0.712419,0,0,0,0,0,0,1,1,0,0,w,m
3679,PT:DET,1,1,0.985025,1.40738,1.12048,0,0,0,2.35295,0,0,0,0.788581,0,0,0,0,0,0,1,1,0,0,w,m
3680,PT:DET,1,1,0.986439,1.47754,1.2508,0,0,0,2.12426,0,0.592168,0,0.913146,0,0,0,0,0,0,1,1,0,0,w,m
3681,PT:DET,1,1,0.987784,1.4761,1.14947,0,0,0,2.37927,0,0.575527,0,0.866214,0,0,0,0,0,0,1,1,0,0,w,m
3682,PT:DET,1,1,0.988601,1.42452,1.15441,0,0,0,2.45187,0,0,0,0.804586,0,0,0,0,0,0,1,1,0,1,w,m
3683,PT:DET,1,1,0.987752,1.40093,1.14007,0,0,0,2.38718,0,0.510687,0,0.762718,0,0,0,0,0,0,1,1,0,0,w,m
3684,PT:DET,1,1,0.988197,1.44755,1.28307,0,0,0,2.72728,0,0,0,0.633044,0,0,0,0,0,0,1,1,0,0,w,m
9341,PT:DET,1,1,0.884998,0.552015,0,0,2.05491,0,0,0.772958,0.866377,0.621579,0,0,1.69654,0,0,0,1,1,0,0,0,w,w
9346,PT:DET,1,1,0.88882,0,0.57377,0,1.37497,0,0,0.808574,0.933468,0.746954,0,0,1.51567,0.51949,0,0,1,0,0,0,0,w,w
9365,PT:DET,1,1,0.853248,0,0,0,1.28033,0,0.733245,0,0.631009,0.655048,0,0,1.44184,1.43295,0,0,1,0,0,0,0,w,w
9366,PT:DET,1,1,0.817754,0.661194,0,0,1.73,0,0.785813,0,0,0,0,0,1.24195,1.09079,0,0,1,0,0,0,0,w,w
9367,PT:DET,1,1,0.884415,1.09166,0.521272,0,1.88066,0,0.892661,0,0,0,0,0,1.04734,1.37191,0,0,1,0,0,0,0,w,w
9368,PT:DET,1,1,0.932752,1.20679,0.684049,0.828374,1.86422,0,1.31949,0,0,0,0,0,0.773309,1.30099,0,0,1,0,0,0,0,w,w
9369,PT:DET,1,1,0.934998,1.26901,0.794178,0.667729,1.28587,0,0.982971,0,0,0,0,0,0,1.33534,0,0,1,0,0,0,0,w,w
9370,PT:DET,1,1,0.919803,1.36876,1.17347,1.01797,1.19053,0,1.13984,0,0,0,0,0,0,1.39193,0,0,1,0,0,0,0,w,w
9371,PT:DET,1,1,0.865745,1.59652,0.849279,0.680282,1.26323,0,0,0,0,0.819152,0,0,0,0,0,0,0,0,0,0,0,w,w
9372,PT:DET,1,1,0.869411,1.90475,0.788399,0.8831,0.647958,0,0,0,0,0.817091,0,0,0,0,0,0,0,0,0,0,0,w,w
12046,PT:DET,1,1,0.936832,0.896389,2.08721,2.51492,1.09938,1.02742,1.78389,1.16271,1.99037,0.822783,0,0,0.626637,2.47564,0.644322,0,1,1,0,0,0,w,w
12047,PT:DET,1,1,0.956204,0.659149,1.34814,2.85903,0,1.12768,2.01389,1.03135,1.55077,0.907821,0,0,0,3.24871,0.52954,0,1,1,0,0,0,w,w
12048,PT:DET,1,1,0.948767,0,0.990727,3.18086,0,1.11459,2.02241,0.897528,1.54692,1.34596,0.517724,0,0,3.0384,0.57627,1,1,1,0,0,0,w,w
12049,PT:DET,1,1,0.932279,0.657141,1.06521,2.94517,0,0.937619,1.71751,0.792469,1.2335,1.33646,0.747743,0.615955,0.535995,3.53446,0,1,1,1,0,0,0,w,w
12050,PT:DET,1,1,0.928639,0.578032,0.562979,2.74244,0,0.836123,2.21373,0.588555,0.881104,1.44497,0.577348,0.768598,0.606477,2.68376,0,1,1,1,1,0,0,w,w
12051,PT:DET,1,1,0.930925,0.803075,0.669586,3.00804,0,0.826693,2.04461,0.597662,0.752662,1.17324,0.666208,0.751361,0.554378,2.551,0,1,1,1,1,0,0,w,w
12052,PT:DET,1,1,0.949168,0.621215,0,3.73766,0,0.898607,2.73991,0.599077,0.96751,0.941942,0.800144,0,0,3.74287,0,1,1,1,1,0,0,w,w
12053,PT:DET,1,1,0.956667,0.534192,0,3.66349,0,1.15582,2.28941,0.882239,1.10826,0.787538,0.812754,0.57704,0,4.7634,0.551564,1,1,1,1,0,0,w,w
12054,PT:DET,1,1,0.965524,0,0,3.87304,0,1.15377,2.72191,0.82972,0.943519,0.725723,0.619694,0,0,4.85042,0.562891,1,1,1,1,0,0,w,w
12055,PT:DET,1,1,0.959325,0.593556,0,4.0806,0,1.20522,2.9202,0.991579,0.881658,1.26526,0.953778,0.738922,0,4.48318,0,1,1,1,1,0,0,w,w
12056,PT:DET,1,1,0.948951,0,0,3.7817,0,0.962706,3.14593,0.695595,0.539488,1.1144,0.869187,0.682023,0.529528,4.15202,0,1,1,1,1,0,0,w,w
12057,PT:DET,1,1,0.933782,0.603006,0,2.77611,0,0.941036,3.18638,0.799993,0.566174,1.05048,0.877742,1.04158,0.700449,4.13589,0,1,1,1,1,0,0,w,w
12058,PT:DET,1,1,0.920057,0,0,2.8463,0,0.782812,2.2356,0.626072,0.70128,0.997907,0,0.743663,0,4.1686,0,1,1,1,0,0,0,w,w
12059,PT:DET,1,1,0.812635,0,0,2.34313,0,0.844097,1.247,0.706428,1.1448,0.649294,0,0,0,3.76812,0,1,1,1,0,0,0,w,w
12060,PT:DET,1,1,0.963005,0,0,2.06405,0,0.784964,1.63651,0.871335,0.707125,1.90112,0.580598,0.692642,1.23407,2.30576,0,1,1,1,0,1,0,w,w
12061,PT:DET,1,1,0.962789,0,0,2.02562,0,0.926247,1.3023,1.24436,0.933148,2.75624,0.526371,0.740361,0.662989,1.66916,0,1,1,1,0,1,0,w,w
12062,PT:DET,1,1,0.968442,0,0.861707,1.38993,0,0.59463,0.588951,0.84882,0,2.85724,0,0.714241,1.10499,0,0,0,1,1,0,1,0,w,w
12063,PT:DET,1,1,0.967954,0,0.697809,1.35024,0,0.551944,0.541008,0.864996,0,2.86117,0,0.679967,0.932681,0,0,0,1,1,0,0,0,w,w
12064,PT:DET,1,1,0.970174,0,0,1.15382,0,0,0,0.900633,0.770338,2.44426,0,0,1.56303,0,0,0,1,1,0,0,0,w,w
17266,PT:DET,1,1,0.874116,0,1.07857,1.65232,0,1.05035,2.34484,1.22566,0,1.06843,0,0,1.88352,4.12507,0.696214,0,1,1,0,1,0,w,w
17267,PT:DET,1,1,0.920753,0,0,1.8793,0,1.11238,2.18626,1.1341,0.737905,1.60374,1.37507,0.697108,0.879274,4.04779,0,1,1,1,0,1,0,w,w
17268,PT:DET,1,1,0.954312,0,0,1.9581,0,1.44577,0.867351,1.49248,1.33036,1.89592,0.825075,0.984617,0.725193,2.42975,0,1,1,1,0,1,0,w,w
17269,PT:DET,1,1,0.944387,0,0,1.83945,0,1.64019,0.526962,1.72243,1.67199,2.57019,0.924833,1.24436,0.75486,2.30523,0,1,1,1,0,0,0,w,w
17270,PT:DET,1,1,0.850377,0,0.596918,2.19942,0,1.68905,0.795773,1.79995,1.24002,2.88665,0.706699,1.19238,0,2.28901,0,1,1,1,0,0,0,w,w
17271,PT:DET,1,1,0.827053,0,0,2.09714,0.710401,1.49961,0,1.69216,1.66014,2.69469,0,0.750422,0,2.54974,0,1,1,1,0,0,0,w,w
17272,PT:DET,1,1,0.936932,0,0.517049,1.94843,0.77754,1.4083,0,1.58835,1.46366,2.90635,0,0,0,1.76518,0,0,1,1,0,0,0,w,w
17273,PT:DET,1,1,0.960629,0,0,1.57871,0.575753,1.33207,0,1.55552,1.57071,3.11541,0,0,0.931033,1.01366,0,0,1,1,0,0,0,w,w
17303,PT:DET,1,1,0.821925,0.748446,1.05755,0,0.826978,1.03848,0,1.2923,2.04837,0.797839,1.51971,0.51938,0.551063,3.714,0,1,1,0,0,1,1,w,w
17304,PT:DET,1,1,0.791204,0.856287,0.730551,0,0,1.05856,0.577287,1.12629,1.97361,0.624767,1.49836,0,0.76008,4.85016,0,0,1,0,0,0,1,w,w
17306,PT:DET,1,1,0.761945,1.49017,1.45863,0,0,1.00706,0.842813,1.07526,1.39082,0,1.22627,0,1.05962,5,0,0,1,1,0,0,1,w,w
17307,PT:DET,1,1,0.738593,1.3828,1.55428,0,0,1.01053,0.610226,1.10974,1.16632,0,1.22804,0,0.570893,5,0,0,1,0,1,0,1,w,w
17308,PT:DET,1,1,0.737236,0.946617,1.40849,0,0,0.903555,0.766352,0.97926,1.16573,0,0.870574,0,1.30765,5,0,0,1,0,1,0,1,w,w
17309,PT:DET,1,1,0.765929,0.882336,0.943256,0,0,0.951466,1.00236,1.1566,1.24311,0,0.786299,0,1.57928,5,0,0,1,0,0,0,0,w,w
17310,PT:DET,1,1,0.767659,0.977015,1.42718,0,0.554021,0.965537,0.615467,1.12968,1.38336,0.624767,0,0,1.46141,5,0,0,1,1,1,0,0,w,w
17311,PT:DET,1,1,0.767261,0.953574,1.16385,0,0,1.08088,0.568455,1.26922,1.51439,0.939091,0.794128,0,1.66472,4.86761,0,0,1,1,1,0,0,w,w
23623,PT:DET,1,1,0.748526,0,0.566943,0.661146,0.895246,0.667195,1.05305,0.980064,0,0.876766,0.846096,0,1.1691,2.37096,0,0,1,1,1,0,0,w,w
23624,PT:DET,1,1,0.77134,0.923445,1.14117,1.3899,1.00129,0.529315,0,0.611825,0.570788,0,0.979981,0,1.09734,1.43482,0,0,1,0,0,0,0,w,w
23625,PT:DET,1,1,0.955978,0,0,0,1.19392,0.799518,0,1.2134,0.914503,1.72594,0,0,1.00091,0,0,0,1,0,0,0,0,w,w
23626,PT:DET,1,1,0.964995,0,0,0,1.06654,0.668096,0,1.09691,0.824882,1.70946,0,0,1.38317,0,0,0,1,1,0,0,0,w,w
23627,PT:DET,1,1,0.902191,0.575007,0,1.11089,1.51005,0.616273,0.65579,1.01922,1.11734,0.953138,0,0,1.12595,0,0,1,1,1,0,0,1,w,w
23628,PT:DET,1,1,0.842416,0.865007,0,1.1731,1.14685,0,0,0.710756,1.454,0.680429,0,0,0.901534,0,0.720392,1,1,0,0,0,1,w,w
23629,PT:DET,1,1,0.734127,1.17161,0,1.05293,0.644127,0,0,0.549893,0.919498,0,0.630803,0,0,0,0.757602,1,1,0,0,0,1,w,w
15446,PT:DET,1,1,0.892832,0,0,0.894507,0,0,0.516768,0,0,0,0,0.949019,1.51759,0,0.579642,0,0,1,0,0,1,w,w
15447,PT:DET,1,1,0.799075,0,0,0,0,0,0,0,0,0,0.501225,1.0412,0.970501,0.881528,0.548885,0,0,1,0,0,1,w,w
15448,PT:DET,1,1,0.935808,0.679718,0,0.802482,0.670295,0,0.686601,0,0,0,2.75432,0.681038,0,0,0,1,0,1,1,0,1,w,w
15449,PT:DET,1,1,0.928678,1.23704,0.68097,0,0.5553,0,1.03407,0,0,0,1.89822,0,0,2.26711,0.778827,0,0,1,1,0,0,w,w
15450,PT:DET,1,1,0.906983,1.14564,0,0,0.522496,0,0,0,0,0,1.787,0,0,2.96743,0.80101,0,0,1,1,0,0,w,w
15451,PT:DET,1,1,0.924783,1.29618,0,0,0.813979,0,0,0,0,0,1.35935,0,0.56899,3.10979,0.764506,0,0,1,1,0,0,w,w
15452,PT:DET,1,1,0.92729,1.31775,0,0.548928,0.649273,0,0,0,0,0,1.47716,0,0,2.14342,0.665117,0,0,1,1,0,0,w,w
15453,PT:DET,1,1,0.944999,1.31138,0,0,0.708875,0,0,0,0,0,1.56142,0,0,0,0,0,0,1,1,0,0,w,w
15454,PT:DET,1,1,0.952371,0.848115,0,0,1.06178,0,0,0,0,0,1.729,0,0,0,0,0,0,1,1,0,0,w,w
15455,PT:DET,1,1,0.903136,1.17467,0,0,0.895536,0,0.76216,0,0,0,1.51124,0,0,0,0,1,0,1,1,0,0,w,w
15456,PT:DET,1,1,0.956959,1.25266,0,0,1.06731,0,1.66701,0,0,0,1.30199,0,0,0,0,0,0,0,1,0,0,w,w
15457,PT:DET,1,1,0.966443,1.43107,0.596654,0.589021,1.12481,0,1.43515,0,0,0,1.43768,0,0,0.710709,0,0,0,0,1,0,0,w,w
15458,PT:DET,1,1,0.971712,1.23213,0.563947,0,1.08984,0,1.02056,0,0,0,1.33239,0,0,0.761352,0,0,0,0,0,0,0,w,w
15459,PT:DET,1,1,0.973193,1.08284,0,0,1.21185,0,0.878822,0,0,0,1.26945,0,0,0,0,0,0,0,0,0,0,w,w
15460,PT:DET,1,1,0.960879,1.02865,0,0,1.307,0,0.735163,0,0,0,1.15633,0,0,0,0,0,0,0,0,0,0,w,w
15461,PT:DET,1,1,0.939926,1.06463,0,0,1.4755,0,0,0,0,0,1.10432,0.748888,0,0,0,0,0,1,0,0,0,w,w
15462,PT:DET,1,1,0.909516,0.927555,0,0,1.30521,0,0,0,0,0,1.39965,0,0,0,0,0,0,0,0,0,0,w,w
15463,PT:DET,1,1,0.846953,1.1342,0,0,1.31521,0,0,0,0,0,1.22761,0,0,0,0,0,0,1,0,0,0,w,w
15482,PT:DET,1,1,0.970541,1.23415,0.587771,0,0.621017,0,0,0,0,0,0,1.34301,1.08117,0,0,0,0,1,1,0,0,w,w
15483,PT:DET,1,1,0.96681,0.683132,0.56416,0,0.598366,0,0,0,0,0.81017,0,1.25111,1.17455,0,0,0,0,1,1,0,0,w,w
15484,PT:DET,1,1,0.96926,0.789383,1.06096,0,0.859652,0,0,0,0,0,0,0.9616,0.606031,0,0,0,0,1,1,0,0,w,w
15485,PT:DET,1,1,0.971974,0,0,0,0.651055,0,0,0,0,0,0.75496,0.506807,0,0,0,0,0,1,0,0,0,w,w
15486,PT:DET,1,1,0.977694,0.513201,0,0,0.742689,0,0,0,0,0,0.839726,0,0,0,0,0,0,1,0,0,0,w,w
18331,PT:DET,1,1,0.839873,1.26483,0,0,0,0,0.607925,0,0,0,0.544577,0,1.73757,3.84804,0.568251,0,0,1,1,0,0,w,w
18332,PT:DET,1,1,0.848199,1.1381,2.32264,0,0.933616,0,0.82349,0,1.46829,1.25683,0,0,0,1.93277,0,0,1,1,1,0,0,w,w
18333,PT:DET,1,1,0.863768,0.699873,1.92882,0,0.712269,0,1.17276,0.519574,1.05023,1.14146,0,0,0.792209,0.606882,0,0,1,0,1,0,0,w,w
18334,PT:DET,1,1,0.866825,0,2.20592,0.738938,0.652083,0.569839,0.554015,0.812575,1.40792,0.787631,0,0,0,0.829512,0,0,1,0,1,0,0,w,w
18335,PT:DET,1,1,0.951042,0,0,0,0,0,1.23406,0,0,1.35821,0,0,0.942921,1.07274,0,0,0,0,1,0,1,w,w
18336,PT:DET,1,1,0.919248,0,0,0.814728,0,0,1.46833,0.53614,0,1.4754,0.624832,0,0,2.10004,0,0,1,0,1,0,1,w,w
18337,PT:DET,1,1,0.788553,0,0,1.10299,0,0,0,0,0,1.0189,0,0,0,3.54178,0,1,1,0,0,0,0,w,w
18338,PT:DET,1,1,0.962165,0,0,0,0,0,0,0.758729,0,2.04369,1.04175,0,0.970322,0,0,0,1,0,1,0,0,w,w
18339,PT:DET,1,1,0.954373,0,0,0,0,0,0,0.904098,0,2.04787,1.1848,0.736566,1.45166,0,0,0,1,0,1,0,0,w,w
18340,PT:DET,1,1,0.970998,0,0,0.819411,0,0.580128,0.762364,0.814393,0,1.86447,0.673636,0,0.722052,0.853637,0,0,1,0,1,0,0,w,w
18341,PT:DET,1,1,0.960308,0,0,0,0,0,0.526866,0.833315,0.570601,2.19136,0.811973,0,1.2297,0,0,0,1,0,1,0,1,w,w
18342,PT:DET,1,1,0.963067,0,0,0,0,0,0.756748,0.706672,0.545447,1.81026,0.899501,0,1.00383,0,0,0,1,0,1,0,0,w,w
18343,PT:DET,1,1,0.966388,0,0,0,0,0.527248,1.25013,0.855427,0.575,1.85191,0.957511,0,0.788803,0,0,0,1,1,1,0,0,w,w
18344,PT:DET,1,1,0.973338,0,0,0,0.630803,0,1.04937,0.828934,0.592118,1.91319,1.0838,0,0.614049,0.844864,0,0,1,0,1,0,0,w,w
18345,PT:DET,1,1,0.948906,0,0,0.707613,0.558825,0.573807,0.78319,0.886862,0,1.78749,0.63796,0,0,1.57708,0,0,1,0,1,0,0,w,w
18346,PT:DET,1,1,0.801551,0,0,1.71146,1.00527,0.676318,0.600368,0.720456,0.750945,0.790805,0,0.655506,0,2.14083,0,0,1,0,0,0,0,w,w
18347,PT:DET,1,1,0.794646,0,0,0.585638,0,0,0,0.566842,0,1.05589,0,0,1.14608,0,0,0,1,0,1,0,0,w,w
18348,PT:DET,1,1,0.767608,0,1.21888,0,0,0.67218,0,0.975905,0,1.91819,0,0.819799,0,1.40743,0,0,1,0,1,1,0,w,w
18349,PT:DET,1,1,0.939369,0,0,0.783308,0,0.531756,1.66965,0.879563,0,1.94687,0.533987,0,1.82961,1.37839,0,0,1,1,1,0,0,w,w
18350,PT:DET,1,1,0.972578,0,0,0,0,0.575086,1.92841,0.798885,0,2.05422,0.60029,0.596436,1.11587,0,0,0,1,1,1,0,0,w,w
18351,PT:DET,1,1,0.971102,0,0,0,0,0.573512,1.36617,0.815116,0,2.06434,0,0,0.821516,0,0,0,1,1,1,0,0,w,w
18352,PT:DET,1,1,0.97392,0,0,0,0,0,1.42326,0.722446,0,1.63655,0.83818,0,0,0.524253,0,0,1,1,1,0,1,w,w
18353,PT:DET,1,1,0.970854,0,0,0.704765,0,0,2.33074,0.773853,0,1.52691,0.679211,0.70416,0,0,0,0,1,1,1,0,1,w,w
18354,PT:DET,1,1,0.939218,0,0,0.757882,0,0,1.76779,0.649807,0,1.07884,0,0.876072,0,0,0,0,1,1,1,0,0,w,w
18355,PT:DET,1,1,0.885606,0,0,1.08933,0.844059,0,1.09339,0,0,1.10171,0,0.658166,0,0,0,1,0,0,0,0,0,w,w
23950,PT:DET,1,1,0.961123,0.841294,0,0,0,0,0,0,0,0.638205,1.17825,0.68883,0,0,0.605899,0,0,1,1,0,0,w,w
23951,PT:DET,1,1,0.972126,0.695647,0,0,0,0,0,0.755852,0,0.768977,1.48697,0,0,0,0,0,0,1,1,0,1,w,w
23952,PT:DET,1,1,0.939088,0.690854,0,0,0,0,0.680653,1.03083,0.759178,1.42335,0.927209,0,0,0,0,0,1,1,1,0,1,w,w
23953,PT:DET,1,1,0.965418,0.75528,0,0.579157,0,0.704459,1.58416,1.25888,0.640276,1.89449,0.807013,0,0,0,0,0,1,0,1,0,0,w,w
23954,PT:DET,1,1,0.984986,0,0,1.04812,0,0.817978,2.0628,1.26601,0.958561,2.08831,0.769716,0,0,0,0,1,1,0,1,0,0,w,w
23955,PT:DET,1,1,0.985491,0,0,1.07134,0,0.873868,2.29866,1.26701,0.90641,2.20185,0.561019,0,0,0.88506,0,1,1,0,1,0,0,w,w
23956,PT:DET,1,1,0.981544,0,0,0.726457,0,1.00066,1.48219,1.18425,1.02843,1.86798,0.643807,0,0.591266,0.572364,0,0,1,0,1,0,0,w,w
23957,PT:DET,1,1,0.972282,0,0,0,0,1.08881,1.2712,1.25569,1.37608,1.9262,0.541203,0,0,1.21743,0,0,1,0,1,0,0,w,w
23958,PT:DET,1,1,0.968387,0,0,0.743854,0,0.911568,1.29925,0.919462,1.32346,1.89631,0.642249,0,0.646206,1.7394,0,0,1,0,1,0,0,w,w
23959,PT:DET,1,1,0.980117,0,0.645305,0.666803,0,0.766526,1.38872,0.803022,0.947933,1.5465,0.727452,0,0,1.91689,0,0,1,1,1,0,0,w,w
23960,PT:DET,1,1,0.969157,0,0,0.692817,0,0,0.748545,0,0,1.14111,2.10557,0,0,0.605132,0,1,0,1,1,0,1,w,w
23961,PT:DET,1,1,0.904923,0,0,0.720855,0,0,0.825506,0,0,0.86703,1.802,0,0,0,0,1,0,1,1,0,1,w,w
23962,PT:DET,1,1,0.900631,0,0,1.01949,0,0,0,0,0,1.08343,1.73755,0,0,0.881693,0.501826,1,0,1,1,0,1,w,w
23963,PT:DET,1,1,0.893904,0,0,1.24719,0,0,0,0,0,0.993401,1.47423,0,0,1.24072,0.585856,1,0,1,1,0,1,w,w
23964,PT:DET,1,1,0.901159,0,0,1.38233,0,0,0,0,0.630245,1.30114,1.2661,0,0,0.984712,0,1,0,1,1,0,1,w,w
23965,PT:DET,1,1,0.91248,0,0,1.28459,0,0,0,0,0.807569,1.41597,1.19186,0,0,0.656625,0,1,0,1,1,0,1,w,w
23966,PT:DET,1,1,0.929444,0,0,1.43563,0,0,0.953053,0,0.579418,1.47352,1.17244,0.510718,0,0.543846,0,1,0,1,1,0,1,w,w
23967,PT:DET,1,1,0.939267,0,0,1.68698,0,0,0.954305,0,0,1.2953,1.10182,0.705384,0,0,0,1,0,1,1,0,1,w,w
23968,PT:DET,1,1,0.942297,0,0,1.76986,0,0,1.24519,0,0,1.16462,0.989978,0.716402,0,0,0,1,0,1,1,0,1,w,w
23969,PT:DET,1,1,0.942667,0,0,1.67882,0,0,1.44748,0,0,0.886722,0.556844,0.665389,0,0,0,1,0,1,1,0,1,w,w
23970,PT:DET,1,1,0.952905,0,0,1.91867,0,0,1.61409,0,0,0.907015,0.554448,0.637855,0,0,0,1,0,1,1,0,1,w,w
23971,PT:DET,1,1,0.959272,0,0,1.81709,0,0,1.54387,0,0,0.89407,0.707776,0.679223,0,0,0,1,0,1,1,0,1,w,w
23972,PT:DET,1,1,0.961655,0,0,2.26708,0,0,1.72409,0,0,1.03682,0.873586,0.660296,0,0,0,1,0,1,1,0,1,w,w
23973,PT:DET,1,1,0.976354,0,0,1.8704,0,0,1.6938,0,0,0.882023,0.96313,0,0,0,0,1,0,1,1,0,1,w,w
23974,PT:DET,1,1,0.979435,0.774416,0,2.21859,0,0,2.00852,0,0,0.894309,0.908471,0,0,0,0,1,0,1,1,0,1,w,w
23975,PT:DET,1,1,0.976999,0.869262,0,2.31485,0,0,1.86546,0,0,0.563681,0.635246,0,0,0,0,1,0,1,1,0,1,w,w
23976,PT:DET,1,1,0.974993,1.07224,0.529434,2.66517,0,0,2.10938,0,0,0,0,0,0,1.38434,0.579331,1,0,1,1,0,1,w,w
23977,PT:DET,1,1,0.96841,0.971186,0,2.46525,0,0,1.52481,0,0,0,0,0,0,1.25787,0.896344,1,0,1,1,0,1,w,w
23978,PT:DET,1,1,0.953839,0.90216,0,2.23165,0,0,1.69585,0,0,0,0,0,0,1.47912,0.982272,1,0,1,1,0,1,w,w
23979,PT:DET,1,1,0.922593,1.08276,0,2.24587,0,0,1.78232,0,0,0,0,0,0,1.47785,1.25078,1,0,0,1,0,1,w,w
23980,PT:DET,1,1,0.8045,0.771952,0,2.1727,0,0,1.5448,0,0,0,0.568567,0,0,2.4983,1.38121,1,0,0,0,0,1,w,w
23981,PT:DET,1,1,0.806311,0.803547,0,2.35333,0,0,0.898588,0,0,0,0.900656,0,0.857,2.66117,1.22143,1,0,1,0,0,1,w,w
23982,PT:DET,1,1,0.868569,0.729604,0,2.62844,0,0,1.48282,0,0,0,0,0,1.02343,2.67695,1.24208,1,0,1,1,0,1,w,w
23983,PT:DET,1,1,0.925608,0.764272,0,2.54308,0,0,1.14929,0,0,0.756156,0,1.03628,0.636839,1.37771,1.07157,1,0,1,1,0,0,w,w
23984,PT:DET,1,1,0.915672,0.610949,0.534622,2.74809,0,0,1.34132,0,0,0.644508,0,1.08679,0,1.10909,1.02915,1,0,1,1,0,0,w,w
23985,PT:DET,1,1,0.909471,0.672873,0,2.07123,0.53874,0,0,0,0,0,0,0,0.694562,0,0.715324,1,0,1,0,0,1,w,w
23986,PT:DET,1,1,0.920517,0,0,2.52549,0,0,0,0,0,0,0,0,0,0,0.935386,1,0,1,0,0,1,w,w
23987,PT:DET,1,1,0.945442,0,0,2.75258,0,0,0,0,0,0,0,0,0,0,0.867694,1,0,1,0,0,1,w,w
25747,PT:DET,1,1,0.857343,1.603,1.11036,1.05445,1.17813,0,0,0,0.692389,0,0.685068,0.722251,0,1.67097,0,0,0,1,0,0,1,w,w
25748,PT:DET,1,1,0.873666,1.479,0.943339,0.924664,1.21568,0,0,0,0.845287,0,0,0.666136,0.878626,0,0,0,0,0,1,0,0,w,w
25749,PT:DET,1,1,0.889968,1.35754,0.796368,0.527978,0.88825,0,0,0,0.780237,0.947613,0,0,1.88483,1.43815,0,0,0,0,1,0,0,w,w
29587,PT:DET,1,1,0.810211,2.26375,0,0,0,0,0,0.744221,1.60719,0.758304,0,0,0,1.55445,0,1,1,0,0,0,0,w,w
29588,PT:DET,1,1,0.929219,1.92582,0,0.519608,0.668157,0,0,0.699201,0.952596,0.500618,0,0,0,0,0,1,1,0,0,0,1,w,w
29589,PT:DET,1,1,0.981114,0,0,0.591428,0,0,1.57853,0,0,0.819114,0,0,0,1.35296,0,0,0,1,1,0,1,w,w
29590,PT:DET,1,1,0.953064,0,0,0.728842,0,0,1.59095,0,0,0.647248,0,0,0,1.32701,0,0,0,0,0,0,1,w,w
29591,PT:DET,1,1,0.764849,0,0,0.879958,0,0,0,0,0.910958,1.05943,0,0,0,0,0,0,0,1,0,0,1,w,w
29592,PT:DET,1,1,0.976664,0,0,0,0,0,0.542141,0,0,0,0,0,0,0,0,1,1,0,1,0,1,w,w
29593,PT:DET,1,1,0.95303,0.601102,0,0,0,0,0,0,0.580315,0,0,0.536571,0,0,0,1,0,0,1,0,1,w,w
29594,PT:DET,1,1,0.954607,1.17359,0.73598,0,0,0,0.835576,0,0.835754,0,0,0,0,0,0,1,1,0,1,0,1,w,w
29595,PT:DET,1,1,0.97524,1.32806,0,0,0,0,0.850071,0,0.603177,0,0,0.70528,0,0,0,1,0,0,1,0,1,w,w
29596,PT:DET,1,1,0.979892,1.51036,0.854813,0,0,0,1.17372,0,0.669422,0,0,0.588976,0,0,0,1,0,0,1,0,1,w,w
29597,PT:DET,1,1,0.980253,2.07248,0.962946,0,0,0,0.549982,0,0.784517,0,0,0.612661,0,0,0,1,0,0,1,0,1,w,w
29598,PT:DET,1,1,0.976688,1.59944,0.769958,0,0,0,0,0,0.881305,0,0,0.732003,0,0,0,0,1,0,0,0,1,w,w
29599,PT:DET,1,1,0.962128,1.65986,0.899734,0,0,0,0,0,0.81575,0,0,0.734303,0,0,0,0,0,0,0,0,1,w,w
29600,PT:DET,1,1,0.911983,1.03662,0.551784,0,0,0,0,0,0.888996,0.696923,0,0.621155,0,0,0,1,0,0,0,0,0,w,w
29601,PT:DET,1,1,0.903009,0,0,0,0,0,0.725994,0.500853,0,0,0,0.738251,0.747243,0,0,1,0,0,1,0,1,w,w
29602,PT:DET,1,1,0.742152,0.813123,0,0.536251,0,0,0.885094,0,0.538534,0.919847,0,0.636756,0,0,0,1,0,0,0,0,0,w,w
29616,PT:DET,1,1,0.9011,1.0113,0,0,0,0,0,0,0,0,1.79073,0,0,0,0,1,0,1,1,0,1,w,w
29617,PT:DET,1,1,0.859484,1.23848,0,0,0,0,0.991687,0,0,0,1.8167,0,0,0,0.561543,1,0,1,1,0,1,w,w
29618,PT:DET,1,1,0.911451,1.04948,0,0,1.15235,0,0,0,0,0,1.75379,0,0,0,0,0,0,1,1,0,0,w,w
29619,PT:DET,1,1,0.917984,0.994685,0,0.69494,1.30789,0,0,0,0,0,1.89303,0,0,0,0,0,0,1,1,0,0,w,w
29620,PT:DET,1,1,0.929401,0,0,0.943722,0.954507,0,0,0,0,0,1.62933,0,0,0,0,0,0,1,1,0,0,w,w
29621,PT:DET,1,1,0.920962,0.867006,0,1.05397,1.09476,0,0,0,0,0,1.65958,0,0,0,0,0,1,1,1,0,0,w,w
29622,PT:DET,1,1,0.740226,0,0,1.11362,1.13835,0,0,0,0,0,1.66789,0,0,0,0,0,1,1,1,0,0,w,w
29623,PT:DET,1,1,0.803634,0,0,1.13213,1.16256,0,0,0,0,0,1.93678,0,0,0.575193,0,0,1,1,1,0,0,w,w
29624,PT:DET,1,1,0.817806,0,0,1.13279,0.967617,0,0,0,0,0,1.98529,0,0,2.02838,0,0,1,1,1,0,1,w,w
29625,PT:DET,1,1,0.849396,0.844107,0,0,1.07583,0,0,0.648933,0,0.902555,2.3508,0,0,3.21014,0,0,1,1,1,0,1,w,w
29626,PT:DET,1,1,0.859633,0,0,0.542951,0.622876,0,0,0,0.818887,0.898391,1.94373,0,0,3.47774,0,0,1,1,1,0,1,w,w
29627,PT:DET,1,1,0.834465,0,0,1.42618,0,0,0,0,0.677019,1.16489,1.72902,0,0,3.78821,0,0,1,1,0,0,1,w,w
29893,PT:DET,1,1,0.954444,0.518627,0.690872,0.612591,0,0.54663,1.93524,0,0.577079,1.64921,0,0,0.969323,0,0,1,1,1,1,0,0,w,w
29894,PT:DET,1,1,0.947498,0,1.0195,0.710938,0,0.714731,1.73863,0,0.799515,1.42737,0,0.618288,0.930802,0,0,0,1,1,1,0,1,w,w
29895,PT:DET,1,1,0.856678,0.893944,1.29372,1.01898,0,0.877962,2.70572,0.794871,1.14598,0,0,0.852079,0,0,0,0,0,1,1,0,1,w,w
29896,PT:DET,1,1,0.900532,0,0,0,0,0.562862,0.645355,0.643205,0.919908,1.27231,0,0.58453,1.94122,1.02208,0,0,1,1,0,0,0,w,w
29897,PT:DET,1,1,0.904151,0,0,0,0,0.659015,0.535139,0,0.734271,0.583666,0,0.563702,0,0,0,0,0,1,0,0,1,w,w
29898,PT:DET,1,1,0.935152,0,0,0.624246,0,0.713286,0.534187,0.742786,1.19271,0,0,0.836926,0.702422,2.06715,0.770087,0,0,1,1,0,1,w,w
29899,PT:DET,1,1,0.926716,0,0,0,0,0.609744,2.01442,0.710609,0.867048,0,0,0.883288,0.84955,1.17907,0,0,0,1,1,0,1,w,w
29900,PT:DET,1,1,0.829262,0,0,0.538161,0,0,0.742447,0.661868,0.731443,0,0,0.623058,0.772745,1.97145,0,0,1,1,0,0,0,w,w
29901,PT:DET,1,1,0.758101,0,0,1.25102,0,0.529663,0.896743,0.812804,0.658632,0,0,0,1.31387,2.45582,0,0,1,1,0,0,0,w,w
29902,PT:DET,1,1,0.879426,1.13488,0.819135,0,0,0,1.68156,0,0,0,0,0,0,3.10251,0,1,0,0,1,0,0,w,w
29903,PT:DET,1,1,0.808373,1.28182,1.05877,0.795935,0,0,1.80079,0,0,0,0,0,0,3.9457,0,1,0,0,0,0,0,w,w
29904,PT:DET,1,1,0.739228,1.50616,1.54259,1.76314,0,0,1.70219,0,0.532297,0,1.15638,0,0.755986,3.43669,0.50329,1,0,0,1,0,0,w,w
29919,PT:DET,1,1,0.811406,1.25521,0,1.78251,0,0.723158,0,0.646853,1.23306,0,0,0,0,2.67495,0,0,0,0,0,0,1,w,w
29920,PT:DET,1,1,0.832366,1.43618,0.599105,1.44634,0,0,0,0,0.700307,0,0,1.14809,1.18986,1.54617,0,1,0,0,0,0,0,w,w
31874,PT:DET,1,1,0.855817,0.907161,1.09069,1.7262,1.2795,0,0,0.547167,1.0973,0,0,0,0.694755,1.98358,0,0,1,1,0,0,1,w,w
31875,PT:DET,1,1,0.893489,0.904405,0.862883,1.46468,0,0,0,0.6546,1.22964,0.67853,0.561784,0,1.11166,1.78481,0,0,1,1,0,0,1,w,w
39926,PT:DET,1,1,0.761782,1.74049,0,3.66439,0.589494,0,0,0,0,0.502215,0,0.526588,2.36838,2.17807,0,1,0,1,1,0,1,w,w
39927,PT:DET,1,1,0.823476,1.51053,0,3.53584,0.51,0,0,0,0,0,0,0,2.29228,1.89916,0,1,0,1,1,0,1,w,w
39928,PT:DET,1,1,0.80726,0.992961,0,3.09061,0.957669,0,0,0,0,0,0,0,1.94715,1.59211,0,1,0,0,1,0,1,w,w
39929,PT:DET,1,1,0.805908,1.19281,0.622909,3.06366,0.640376,0,0,0,0,0,0,0,2.0213,0.825255,0,1,0,0,1,0,1,w,w
39930,PT:DET,1,1,0.77003,0.944857,0,3.22252,0,0,0,0,0,0,0,0,1.32592,0.652211,0,1,0,0,1,0,1,w,w
39931,PT:DET,1,1,0.730389,0,0,3.51996,0,0,0,0,0,0,0.75252,0,1.18078,0,0,1,0,0,1,0,1,w,w
39936,PT:DET,1,1,0.765226,0.695598,0.516797,3.72969,1.03899,0.65336,1.90549,0.686616,0.62389,0,0,0.942799,0.619517,0,0,1,1,1,1,1,0,w,w
39937,PT:DET,1,1,0.761531,0,0,3.93463,1.21665,0.566321,1.31873,0.653784,0.561956,0,0,0.910176,0.885759,0,0,1,1,1,1,1,0,w,w
7814,PT:DET,1,1,0.899324,1.22002,1.83535,0.503737,0,0,2.05232,0,0,0,0,0,1.34222,1.73964,0,1,1,0,1,0,0,w,m
7815,PT:DET,1,1,0.862294,0.929209,1.41176,0,0,0,1.64003,0,0,0,0,0,2.10224,0.528564,0,1,1,0,1,0,0,w,m
7816,PT:DET,1,1,0.856665,0,1.93438,0,0,0,1.18114,0,0,0,0.724362,0,2.27955,0,0,1,1,0,1,0,0,w,m
7817,PT:DET,1,1,0.909703,0,2.07287,0,0,0,1.00998,0,0,0,0,0,1.83259,0,0,1,1,0,1,0,0,w,m
7818,PT:DET,1,1,0.944303,0,1.39639,0,0,0,1.19924,0.565427,0,0,0,0,1.01048,0,0,1,0,0,1,0,0,w,m
7819,PT:DET,1,1,0.949273,0,1.12579,0,0,0,1.8561,0.547611,0,0,0,0,0,0,0,1,0,0,1,0,0,w,m
7820,PT:DET,1,1,0.973105,0.679107,0.642893,0.681292,0.53333,0.522595,1.73,0.607244,0,0,0,0,0,1.78257,0,0,0,0,1,0,1,w,m
7821,PT:DET,1,1,0.976957,0.650903,0.825296,0.792749,0,0,1.4527,0,0,0,0,0,0,0,0,0,0,0,0,0,1,w,m
7822,PT:DET,1,1,0.973101,1.01401,1.37835,0.939977,0,0,0,0,0,0,0,0,1.29179,0,0,1,0,0,1,0,1,w,m
7823,PT:DET,1,1,0.975381,0.922897,0.571481,0.845277,0,0,1.51241,0,0,0,0.760727,0.547303,0.603158,0,0,1,0,1,1,0,1,w,m
7824,PT:DET,1,1,0.970468,1.16598,0,1.0306,0,0,1.99546,0,0,0.720003,0,0.532104,1.88998,3.2736,0,1,0,0,1,0,1,w,m
7825,PT:DET,1,1,0.968044,0.904285,0.844519,0.981496,0,0,1.55188,0,0.783389,0,0,0,0.820582,2.50313,0,1,0,0,1,0,1,w,m
7826,PT:DET,1,1,0.979899,0.684189,0.928467,1.08975,0.685101,0,1.4084,0,0,0.633263,0,0,0.757256,1.18169,0,1,0,0,0,0,1,w,m
7827,PT:DET,1,1,0.969842,0,1.1338,0.989071,0.759551,0,0.585859,0,0,0.536826,0,0.6661,1.01845,0,0,1,0,0,0,0,1,w,m
7828,PT:DET,1,1,0.966613,0,1.17383,1.04968,0.9637,0,0,0,0,0,0,0,0.934855,0,0,1,0,0,0,0,1,w,m
7829,PT:DET,1,1,0.95985,0.694119,1.72381,1.22571,0.807106,0,0,0,0,0,0,0.566348,1.05895,0,0,1,0,0,0,0,1,w,m
12522,PT:DET,1,1,0.911405,0,1.57891,0.734781,0,0,0,0.67062,0.964625,1.9366,0,0,2.52914,0,0.596364,0,0,1,0,0,1,w,m
12523,PT:DET,1,1,0.939237,0.681109,2.645,1.14857,0,0,1.55573,0,0.679598,0.792842,0,0.827356,2.63193,0,0.615385,0,0,1,1,0,1,w,m
12524,PT:DET,1,1,0.95347,0,0.80462,1.48201,0,0,0,0.616117,0.881144,1.93238,0,1.04634,2.39586,0.853734,0,1,0,1,0,0,1,w,m
12525,PT:DET,1,1,0.955876,0,0.953217,1.65052,0,0,0.801407,0.546906,0.564078,2.08229,0,1.08827,2.59015,0,0,1,0,1,0,0,1,w,m
12526,PT:DET,1,1,0.952826,0,0.988973,1.49241,0,0,0,0,0.653805,2.11806,0,1.07647,2.35299,0.539582,0,1,0,1,0,0,1,w,m
12527,PT:DET,1,1,0.950814,0,1.18783,1.62439,0,0,0,0,0.673189,1.86204,0,1.10858,2.21349,0,0,1,0,1,0,0,0,w,m
12528,PT:DET,1,1,0.952424,0,1.22318,1.91421,0,0,0,0,0.58302,1.83384,0,1.09832,2.44197,0.551765,0,1,0,1,0,0,0,w,m
14431,PT:DET,1,1,0.817818,1.09523,2.03917,0,0,0,0.818709,0,0,0.756446,0,0,0,0,0,0,0,1,0,0,0,m,m
14432,PT:DET,1,1,0.797001,0.604066,2.17244,0,0,0,0,0,0,0.788558,0,0,1.07605,0,0,0,0,1,0,0,0,m,m
14433,PT:DET,1,1,0.786496,0,1.28303,0.725321,0,0,0,0,0,0.816166,0,0,0.639838,0,0,0,0,1,0,0,0,m,m
15762,PT:DET,1,1,0.925326,0.944249,0,1.45352,0,0,0,0.538098,0.610678,0,0,0,0,0,0,1,0,1,0,0,0,m,m
19494,PT:DET,1,1,0.907225,0,0,1.16896,0,0,2.01989,0.655461,0.528121,1.08214,0,0,1.62029,0,0,1,0,1,0,0,1,m,m
19495,PT:DET,1,1,0.893856,0.744095,0,1.20506,0.743434,0,1.78071,0.73777,0.537764,0.795308,0,0,1.38216,0,0,1,0,1,1,0,1,m,m
19496,PT:DET,1,1,0.936564,0.760654,0,1.64505,0.649181,0,1.97064,0.698367,0,0.821442,0,0.540797,0.81526,0,0,1,0,1,1,0,1,m,m
19497,PT:DET,1,1,0.946493,0.626186,0,1.36267,0,0,1.51105,0.754915,0,0.923943,0.69616,0.919299,0.989411,0,0,1,0,1,1,0,1,m,m
19950,PT:DET,1,1,0.9768,0.819682,1.02562,0.824052,0,0,1.47574,0,0,0,2.03551,0,0.530792,3.26414,0,1,0,1,0,0,0,m,m
19951,PT:DET,1,1,0.969918,1.09057,1.51225,0.514069,0.611445,0,1.44459,0,0,0,1.85332,0,0.533691,3.61327,0,1,0,1,1,0,0,m,m
19952,PT:DET,1,1,0.963441,1.28181,2.15336,0,0.619734,0,1.22096,0,0,0,1.40326,0,0.517739,4.45562,0,0,0,1,1,0,0,m,m
19953,PT:DET,1,1,0.961433,1.17894,1.80593,0.737072,0.767895,0,0.864093,0,0,0,1.22986,0.554353,0,4.8821,0,0,0,1,1,0,0,m,m
19954,PT:DET,1,1,0.965741,1.08377,1.50134,0.760479,0.765267,0,1.01836,0,0,0,1.14617,0.501727,0,4.91793,0,0,0,1,1,0,0,m,m
19955,PT:DET,1,1,0.967414,1.08077,1.50076,0.814275,0.749957,0,1.3589,0,0,0.67007,1.17311,0.539813,0,5,0,0,0,1,1,0,0,m,m
19956,PT:DET,1,1,0.970479,0.970238,1.55968,0.925097,0.583235,0,1.62257,0.508996,0,0.528155,1.28102,0.59992,0,4.71849,0,0,0,1,1,0,0,m,m
19957,PT:DET,1,1,0.973269,0.970417,0.934018,0.854459,0.693352,0,1.55076,0.683573,0.537832,0.525051,1.21732,0.683116,0.523676,4.45209,0,0,0,1,1,0,0,m,m
19958,PT:DET,1,1,0.979781,1.00191,0.518639,1.02519,0.684152,0.620963,1.00279,0.783557,0.758073,0.632106,1.71272,0.78036,0.5688,4.50323,0,0,1,1,1,0,0,m,m
19959,PT:DET,1,1,0.981313,1.24067,0.702115,0.786577,0.84042,0.82301,1.33512,1.03021,0.727876,1.05284,1.56969,0.932214,0.516699,4.02015,0,0,1,1,1,0,0,m,m
19960,PT:DET,1,1,0.983478,1.37589,1.1261,0.962953,0.625061,0.895704,1.59531,1.00264,0.741771,1.24973,1.41559,0.814658,0,4.41107,0,0,1,1,0,0,0,m,m
19961,PT:DET,1,1,0.985416,1.14967,1.15673,1.24159,0.757127,0.930539,1.82973,1.1267,0.640141,1.25159,1.39319,0.70411,0.586084,5,0,0,1,1,0,0,0,m,m
19962,PT:DET,1,1,0.988269,0.605936,1.04477,0.975258,0.60991,1.04103,2.32026,1.20317,0.672608,1.43846,1.40189,0,0,5,0,0,1,1,0,0,0,m,m
19963,PT:DET,1,1,0.987969,0.616481,1.01299,0.873612,0.687482,1.13244,2.32488,1.35693,0.768025,1.60258,1.33994,0.50249,0,5,0,0,1,1,0,0,0,m,m
19964,PT:DET,1,1,0.990643,0,1.19932,1.12591,0.745324,1.0736,2.32907,1.23789,0.744898,1.49458,1.16805,0,0,5,0,0,1,1,1,0,0,m,m
19965,PT:DET,1,1,0.991957,0.62461,1.10814,1.55476,0.732845,0.994051,2.80586,1.21768,0.566878,1.41672,1.26604,0,0,4.98721,0,0,1,1,1,0,0,m,m
19966,PT:DET,1,1,0.993656,0.798771,1.55206,1.69562,0.54104,0.698662,2.51496,0.841909,0,1.12987,0.807602,0,0.676092,4.06154,0,0,1,1,1,0,0,m,m
19967,PT:DET,1,1,0.992523,0,1.67024,1.36823,0,0.668191,1.30943,0.868627,0,1.30553,0.514453,0.661048,0,3.83879,0,0,1,1,1,0,0,m,m
19968,PT:DET,1,1,0.979815,0.608176,2.14648,0.989073,0.67194,0.595207,0.731559,0.658898,0,0.907468,0,0.557112,0,4.81869,0.609098,0,0,1,1,0,0,m,m
19969,PT:DET,1,1,0.971061,0.694331,1.70863,0.543256,0,0.530462,0,0,0.70275,0.7383,0.716076,0.74417,0,4.918,0.737553,0,1,1,1,0,0,m,m
19970,PT:DET,1,1,0.968673,0.666641,1.76455,0,0,0,0,0,0.650134,0.753773,0.797426,0.670683,0,4.94871,0.870834,0,0,1,1,0,0,m,m
19971,PT:DET,1,1,0.967547,0.802137,1.7207,0,0,0,0,0,0.779918,0.553185,0.697998,0.738083,0,4.82669,0.819654,0,0,1,1,0,0,m,m
19972,PT:DET,1,1,0.955534,0.838645,1.65054,0,0.657646,0,0,0,0.820139,0,0.95207,0.712386,0,4.91698,0.830223,0,0,1,1,0,0,m,m
19973,PT:DET,1,1,0.94151,0.862588,1.60738,0,0,0,0,0,0.936341,0,1.05799,0.913093,0,5,0.946305,0,0,1,1,0,0,m,m
19974,PT:DET,1,1,0.938448,1.17902,1.52445,0,0.758896,0,0,0,0.776771,0,1.02417,1.0877,0,5,1.055,0,0,1,1,0,0,m,m
19975,PT:DET,1,1,0.95571,0.986656,1.43865,0,0.575358,0,0,0,0.726105,0,0.847311,1.03742,0,4.42027,0.99202,0,0,1,1,0,0,m,m
19976,PT:DET,1,1,0.984189,0,1.17712,0,0.641184,0,0,0,0,0,0,0.694311,0.592821,4.34232,0.585049,0,0,1,1,0,0,m,m
19977,PT:DET,1,1,0.968582,0,0,0.962838,0.652604,0.618835,0,0.68064,0,0,0,0.582299,1.93229,3.74625,0,0,1,1,0,0,0,m,m
19978,PT:DET,1,1,0.935347,0,0,1.31374,0,0.784598,0,0.928991,0.654664,1.01768,0,0,1.90766,3.32384,0,1,1,1,0,0,0,m,m
19979,PT:DET,1,1,0.894983,0,0,1.37413,0,0.91622,0,0.962325,0.843336,0.622291,0,0,1.07527,1.87717,0,1,1,1,0,0,0,m,m
19997,PT:DET,1,1,0.94073,0.627615,0,0.833545,0,0.511845,0.586059,1.11982,0.603496,0,0.634807,0.996037,0.570021,1.92504,0,1,1,1,1,0,1,m,m
19998,PT:DET,1,1,0.933782,0.873915,0,1.35747,0,0,1.89507,0,0,0,0.75412,0,0.814718,3.11306,0,1,0,1,1,0,0,m,m
19999,PT:DET,1,1,0.882878,1.05172,1.4391,1.35189,0,0,1.35171,0.548331,0,0,0,0,0,2.26808,0,1,0,1,0,0,0,m,m
3773,PT:DET,1,1,0.743561,1.9817,1.8229,0.50434,0,1.29644,1.575,1.35893,2.30591,2.03988,0,0.565291,1.58575,0.812252,0,0,1,1,1,0,0,m,m
3774,PT:DET,1,1,0.766787,1.77868,1.9129,1.16949,0,1.1786,1.45403,1.27182,2.37164,1.95531,0,0.53584,1.70898,0.844098,0,0,1,0,1,0,0,m,m
4458,PT:DET,1,1,0.738439,0.869442,2.1707,0.978465,0,0.558061,0,0.850374,1.39785,0,0,0.630333,1.05768,1.70488,0,0,1,1,1,0,0,m,m
28180,PT:DET,1,1,0.741747,0,1.92563,0.929082,0,0,2.00773,0,0,0,0,0,0,0,0.647299,0,0,0,0,0,1,m,m
28184,PT:DET,1,1,0.926048,1.81996,2.23965,1.36438,0,0,1.8552,0,0.733553,0,0,0,0,0,1.16871,0,0,1,1,0,1,m,m
28202,PT:DET,1,1,0.789333,0,0,0,0,0.626996,0,0.727815,1.14377,0.97022,1.0409,0,0,2.47864,0,1,1,1,0,0,0,m,m
28203,PT:DET,1,1,0.818153,0,0,0,0,0.704256,0,0.616797,1.13028,0.938247,0.628452,0,0,2.79789,0,1,1,1,0,0,0,m,m
28204,PT:DET,1,1,0.836119,0,0,0,0,0.75342,0,0.657558,1.27126,1.11318,0.719783,0,0,2.53701,0,0,1,1,0,0,0,m,m
28205,PT:DET,1,1,0.832499,0,0,0.578123,0,0,0,0,1.26153,0.809123,0,0,0.69702,2.38258,0,0,1,1,0,0,0,m,m
33324,PT:DET,1,1,0.970384,0,0,1.84742,0,0,1.31905,0.665313,0,1.08163,0.930199,0.580597,0,1.29372,0,1,0,1,1,0,1,m,m
33325,PT:DET,1,1,0.939019,0,0,0.775348,0,0.515214,1.11988,0.749155,0,1.57906,0.781626,1.38948,1.01012,1.22768,0,1,1,1,1,0,1,m,m
33326,PT:DET,1,1,0.944566,0,0,1.12453,0,0,1.35006,0,0,1.33268,0.871713,0.808216,1.36381,1.99664,0,1,0,1,1,0,1,m,m
33327,PT:DET,1,1,0.961024,0,0.917285,1.28701,0,0,1.56737,0.599604,0,1.55213,0.689629,0,0,4.46386,0,1,0,1,1,0,1,m,m
33328,PT:DET,1,1,0.961018,0.803324,0.712593,0.593405,0,0,1.93672,0.72036,0,1.69954,0,0,0.611441,3.69435,0,1,0,1,1,0,1,m,m
33329,PT:DET,1,1,0.946353,1.02166,0.770153,0,0,0.704963,1.42021,0.927701,0,1.86825,0,0,0.687027,3.15398,0,0,0,1,1,0,1,m,m
33330,PT:DET,1,1,0.937083,0.782055,0.743199,0,0,0.633902,1.21423,0.803201,0.532498,1.73023,0,0,0.804431,2.46695,0,0,1,1,1,0,1,m,m
33331,PT:DET,1,1,0.923265,1.12197,1.18407,0,0,0,1.37403,0,0,1.25663,0,0,0,2.75352,0,0,0,1,1,0,1,m,m
33332,PT:DET,1,1,0.918,0.810157,1.44653,0.590251,0,0,0,0,0,0,0,0,0,3.47317,0.568887,1,0,1,1,0,1,m,m
33333,PT:DET,1,1,0.919772,0.508649,1.23713,0,0,0,0,0,0,0,0,0,0,2.42632,0,1,0,1,1,0,1,m,m
33334,PT:DET,1,1,0.896829,0,1.17646,1.05849,0,0,1.19197,0,0,0,0,0,0,1.68615,0,1,0,1,0,0,1,m,m
33335,PT:DET,1,1,0.786287,0,0,0.908042,0,0,1.4365,0,0,0,0,0,0,0,0,1,0,1,0,0,1,m,m
33337,PT:DET,1,1,0.93464,0,0,0,0.623295,0,0,0.613938,0,1.39603,0.920029,0.730616,0,0,0,1,0,1,0,0,0,m,m
33338,PT:DET,1,1,0.88343,0,0,0.736882,0,0.639162,0.611414,1.03781,0,2.8702,0,1.50612,1.30346,0,0,1,1,1,1,0,1,m,m
33340,PT:DET,1,1,0.885846,0,0,0,0,0.585954,0,1.05694,0,2.49925,0.637561,1.52894,3.04893,0,0,1,1,1,1,0,0,m,m
33341,PT:DET,1,1,0.849559,0,0,0.820685,0,0,0,0.578447,0,1.76889,1.19414,1.09731,0.606536,0,0,1,0,1,1,0,1,m,m
33342,PT:DET,1,1,0.954875,0,0,0.741442,0,0,0.688958,0,0,1.25973,0,0,0.759196,2.7711,0,1,0,1,1,0,1,m,m
33343,PT:DET,1,1,0.938865,0.939007,0,0,0,0,0,0,0,1.66023,0,0,0.545778,2.8773,0,0,0,1,1,0,1,m,m
33344,PT:DET,1,1,0.93227,1.26794,1.05201,0,0,0,0,0,0,1.29807,0,0,0,2.15393,0,0,0,1,1,0,1,m,m
33345,PT:DET,1,1,0.92655,1.43133,0,0,0,0.510366,0.725963,0.564702,0,0.992603,0.681252,0,0,2.38941,0.537022,0,0,1,1,0,1,m,m
33346,PT:DET,1,1,0.896487,2.43804,0.851668,0,0,0.553151,0.989003,0.665069,1.05469,0.527445,0.695248,0,0.699298,2.2283,0.672577,0,0,1,1,0,1,m,m
33347,PT:DET,1,1,0.842112,2.96403,1.37599,0,0,0.642492,1.36501,0.748338,1.34373,0,0.979004,0,1.11958,1.96383,0.740293,0,1,1,0,0,1,m,m
33348,PT:DET,1,1,0.947019,0,0,0,0,0,1.22019,0,0,0,0,0,0.852258,2.46996,0,0,0,1,1,0,1,m,m
33349,PT:DET,1,1,0.940355,0,0,0,0,0,1.12442,0,0,0,0,0,1.29344,1.73311,0,0,0,1,1,0,1,m,m
33350,PT:DET,1,1,0.939751,0,0,0,0,0,1.50726,0,0,0,0,0,1.37792,0.984286,0.555042,0,0,1,1,0,1,m,m
33351,PT:DET,1,1,0.905017,0,0,0,0,0.541661,1.49831,0,0.789489,0,0,0,1.54731,0.940019,0.607411,0,1,1,1,0,1,m,m
33352,PT:DET,1,1,0.90203,0,0,0,0,0,0.871795,0,0.517583,0,0,0,0.723967,0.859813,0,0,1,1,0,0,1,m,m
33353,PT:DET,1,1,0.898599,0,0,0,0,0,0.608935,0,0.543397,0.630843,0,0,0.958713,0,0,0,1,1,0,0,1,m,m
33354,PT:DET,1,1,0.894254,0,0,0,0,0,0.89647,0,0.513299,0,0,0,1.03063,0.962572,0,0,1,1,0,0,1,m,m
33355,PT:DET,1,1,0.88032,0,0.599692,0,0,0,1.18396,0,0.801454,0,0,0,1.69038,0.82052,0,0,1,1,0,0,1,m,m
33356,PT:DET,1,1,0.78277,0.750121,0.85677,0.962541,0,0,0,0,0.765082,1.09738,0,0,1.32145,1.28112,0.684134,0,0,0,0,0,1,m,m
33357,PT:DET,1,1,0.84677,1.18579,0,1.40205,0,0.729832,1.55468,0.908777,1.11018,0,0,0,0.946969,1.63831,0.583389,0,1,1,1,0,1,m,m
33358,PT:DET,1,1,0.924586,1.41129,1.45067,0,0,0.667121,1.37108,0.615556,1.02268,0,0,0,2.22329,1.94991,0,0,0,1,0,0,1,m,m
33359,PT:DET,1,1,0.938643,0.603858,0.727834,0.603065,0,0,1.34262,0,0.915118,0,0.637502,0,1.16647,1.06692,0,0,0,1,1,0,1,m,m
33360,PT:DET,1,1,0.938391,0.595251,0.797401,0.647843,0,0,0.945132,0,0.915932,0,0,0,1.40796,1.35565,0,0,0,0,1,0,1,m,m
33361,PT:DET,1,1,0.93223,0.651506,0.540902,0,0,0,1.33728,0,1.01342,0.729963,0.605583,0,1.29687,0,0,0,0,0,1,0,1,m,m
33362,PT:DET,1,1,0.927894,0,0,0.559241,0,0,1.54242,0,1.01315,0.841971,0,0,1.77629,0,0,0,1,0,1,0,0,m,m
33363,PT:DET,1,1,0.903986,0,0.99748,0.700611,0.585391,0,1.58966,0,0.921338,0.755792,0,0,2.02064,0.543992,0.546542,0,0,1,1,0,0,m,m
33368,PT:DET,1,1,0.790977,0,0.880728,0,0,0.57186,0.739388,0.867834,1.38759,0,0,0,1.4515,0.89223,0,0,1,0,0,0,0,m,m
33369,PT:DET,1,1,0.758989,0,0.682977,0,0,0.733705,0,0.892864,1.70112,0,0,0,1.19649,1.78496,0.503999,0,1,0,0,0,1,m,m
33370,PT:DET,1,1,0.759471,0.572618,0.616251,0,0,0.767032,0,0.892854,2.01365,0,0,0,0.893609,1.59792,0.574802,0,1,0,0,0,1,m,m
33371,PT:DET,1,1,0.732756,0,0,0,0.569648,0.813991,0,0.954547,1.52908,0,0,0,1.99902,1.37157,0,0,1,0,0,0,0,m,m
33376,PT:DET,1,1,0.841932,0,0,0,0,0,0,0,0.585258,0.625569,0,0.665584,1.61128,0,0,0,1,1,1,0,1,m,m
33377,PT:DET,1,1,0.809939,0,0,0,0,0,0,0,0.638217,1.10898,0,0,1.62047,0,0,0,1,1,0,0,1,m,m
33378,PT:DET,1,1,0.778538,0,0,0,0,0,0,0,1.04149,1.27574,0,0,1.16103,0,0,0,1,1,1,0,0,m,m
33379,PT:DET,1,1,0.746284,0,0,0,0,0.524489,0.793022,0,1.13957,1.12987,0,0,0.696618,0,0,0,1,0,0,0,0,m,m
33380,PT:DET,1,1,0.868262,0,0,0,0.738612,0,0,0.578493,0.973219,0.876029,0,0,1.29178,1.15133,0,0,1,0,0,0,0,m,m
33381,PT:DET,1,1,0.899434,0,0,0,0.617929,0,0,0,0.929623,1.07851,0,0,1.55048,0.688036,0,0,1,0,1,0,1,m,m
33382,PT:DET,1,1,0.908191,0,0,0,0.832472,0,0,0,0.894124,0.943468,0,0,1.65448,1.20447,0,0,1,1,1,0,0,m,m
33383,PT:DET,1,1,0.910786,0,0,0,0,0,0,0,0.723195,1.32051,0.59009,0,1.89806,0,0,0,1,1,0,0,0,m,m
51305,PT:DET,1,1,0.880819,0,1.99217,0,0.530073,0,1.15051,0,0,0.910594,0,0,0,0,0,0,1,1,1,0,0,m,m
51306,PT:DET,1,1,0.917132,0,1.38667,0,0.67065,0,0,0,0.976181,0.552129,0,0,0.753159,0,0,0,1,1,1,0,0,m,m
51307,PT:DET,1,1,0.921402,0,1.27394,0.602515,0.601665,0,0,0,1.28414,0,0.600963,0.65929,1.02347,0,0,0,1,1,1,0,0,m,m
56340,PT:DET,1,1,0.931942,0,0,0,0,0,0,0,0,0.793618,0.517561,0,0,0,0,1,0,1,1,0,1,m,m
56341,PT:DET,1,1,0.891465,0,0,0.990574,0,0,0,0,0,0,0,0,0,0,0,1,0,1,1,0,1,m,m
56342,PT:DET,1,1,0.85979,0,0,1.50963,0,0,0,0,0,0.764951,0,0,0,0,0,1,0,1,1,0,0,m,m
56343,PT:DET,1,1,0.904356,0,0,1.59697,0,0,0,0,0,1.19541,0,0,0,0,0,1,0,1,1,0,0,m,m
56344,PT:DET,1,1,0.903093,0.501986,0,1.53281,0,0,0,0,0,1.41597,0,0.75767,0,0,0,1,0,0,0,0,0,m,m
56345,PT:DET,1,1,0.897202,0.917176,0.591384,1.45588,0,0,0,0.724173,0,1.79553,0,0.932373,0.671906,0,0,1,0,0,0,0,0,m,m
56346,PT:DET,1,1,0.907312,1.27993,0.834277,1.55064,1.38116,0.635232,0,0.873845,1.29168,2.28216,0,0.521713,1.1411,0,0,1,0,0,0,0,0,m,m
56347,PT:DET,1,1,0.871664,1.54101,0,1.81491,1.76707,0.704251,0.554424,0.903131,1.77337,2.55482,0,0,1.25422,0,0,1,0,0,0,0,0,m,m
56348,PT:DET,1,1,0.835594,1.32263,0,1.24588,1.61151,0.740801,0,0.78545,2.05432,3.11458,0,0,1.13104,0,0,1,0,0,0,0,0,m,m
56349,PT:DET,1,1,0.837563,1.64038,0.968293,1.24721,1.19375,0.855629,0,0.92655,2.02892,2.65837,0,0.518619,0.955294,0,0,1,0,0,0,0,0,m,m
56350,PT:DET,1,1,0.853344,1.56274,0.865954,1.06996,1.06476,0.798972,0,0.785945,2.27867,2.64312,0,0,0.716887,0,0,1,0,0,0,0,0,m,m
56351,PT:DET,1,1,0.843679,1.6223,0.996614,1.42654,1.11638,0.926001,0,0.941788,2.43345,2.63787,0,0.667003,0.603794,0,0,1,0,0,0,0,0,m,m
56352,PT:DET,1,1,0.826348,1.51023,1.32679,1.39635,1.26285,0.980073,0,1.00009,2.50344,2.48727,0,0,0,0,0,1,1,0,0,0,0,m,m
56353,PT:DET,1,1,0.788183,1.58091,1.07751,1.2967,1.44281,1.06275,0,1.15509,2.58086,2.46009,0.597271,0.724755,0,0,0,1,0,0,0,0,0,m,m
56355,PT:DET,1,1,0.740558,2.05228,0.61785,0,1.01914,1.16959,0,1.45195,2.38247,2.90592,0,0,0,0,0,0,1,0,1,0,0,m,m
56356,PT:DET,1,1,0.738645,1.90669,0.523875,0,1.05268,1.08949,0.995396,1.37366,2.24574,3.04542,0,0.556639,0,0,0,1,1,0,1,0,0,m,m
56357,PT:DET,1,1,0.747098,1.74734,0.669781,0,1.04372,0.968336,1.03406,1.30336,2.0813,2.71502,0,0,0,0,0,1,1,0,1,0,0,m,m
56358,PT:DET,1,1,0.732561,1.90634,0.681219,0,0.674669,0.825,1.48548,1.11295,2.01325,2.65785,0,0.559053,0,0,0,1,1,0,1,0,0,m,m
56359,PT:DET,1,1,0.737443,1.96527,0.662477,0,0.708158,0.812657,0.87098,1.11639,1.73834,2.69957,0,0.594612,0,0,0,1,0,0,1,0,0,m,m
56360,PT:DET,1,1,0.746056,1.68825,0.703344,0,0.824914,0.798497,0.950638,1.01873,1.08443,2.93799,0,0,0,0,0,1,0,0,1,0,0,m,m
56362,PT:DET,1,1,0.847092,2.0848,1.23641,1.71937,0,0.577216,0,1.09471,0,2.16508,1.0188,0,0,0,0,1,0,1,1,0,1,m,m
56363,PT:DET,1,1,0.894613,2.22579,1.7357,1.81429,0,0,0,1.13893,0,1.83517,1.10757,0,0,0,0,1,0,1,1,0,1,m,m
56364,PT:DET,1,1,0.919831,2.29511,2.19273,2.1717,0,0,0.687051,1.04617,0,1.9226,1.00159,0,0,0,0,1,0,1,1,0,1,m,m
56365,PT:DET,1,1,0.93709,2.22628,1.94126,1.9609,0,0,0,1.08387,0,1.80803,0.796641,0,0,0,0,1,0,1,1,0,1,m,m
56366,PT:DET,1,1,0.951443,1.93573,2.01191,2.626,0,0,0.871834,0.846595,0,1.70603,0.955114,0,0,0,0,1,0,1,1,0,1,m,m
56367,PT:DET,1,1,0.944681,1.73507,1.64736,2.41614,0,0,0.705099,0.875638,0,1.33905,0.925901,0.563662,0,0,0,1,0,1,1,0,0,m,m
56368,PT:DET,1,1,0.952677,1.99412,1.69017,2.71164,0,0,0.851273,0.704014,0,1.21321,0.869494,0.508321,0,0,0,1,0,1,1,0,0,m,m
56369,PT:DET,1,1,0.960972,1.96666,1.83048,2.63403,0,0,0,0.667098,0,1.04016,0.935974,0.646471,0,0,0,1,0,1,1,0,1,m,m
56370,PT:DET,1,1,0.951592,2.02785,1.42526,2.65941,0,0,0,0.542841,0,0.755448,0.940777,0.614693,0,0,0,1,0,1,1,0,0,m,m
56371,PT:DET,1,1,0.956655,2.00346,1.68075,2.68386,0,0,0.63575,0.628191,0,0.909542,1.01331,0.552144,0,0,0,1,0,1,1,0,1,m,m
56372,PT:DET,1,1,0.96003,1.91271,1.47404,2.39432,0,0,0,0,0,0.940342,1.05036,0.552121,0,0,0,1,0,1,1,0,0,m,m
56373,PT:DET,1,1,0.956173,2.01158,1.69473,2.40858,0,0,0,0,0,1.0712,1.13505,0.852338,0,0,0,1,0,1,1,0,1,m,m
56374,PT:DET,1,1,0.962694,1.83343,1.77469,2.84084,0,0,0,0,0,0.733022,1.00245,0.829279,0,0,0,1,0,1,1,0,0,m,m
56375,PT:DET,1,1,0.962672,1.81702,2.05798,2.64427,0,0,0,0,0,0.508821,1.07018,0.807624,0,0,0,1,0,1,1,0,0,m,m
56376,PT:DET,1,1,0.940431,1.20147,1.64891,2.18389,0,0,0,0,0,0,0.729593,0,0,0,0,1,0,1,1,0,0,m,m
56377,PT:DET,1,1,0.909551,1.25088,1.86792,1.47395,0,0,0,0,0,0.824143,0.756937,0,0,0,0,1,0,1,1,0,0,m,m
56378,PT:DET,1,1,0.836467,1.22955,1.69717,0.820891,0,0,0,0,0,0.528299,0,0,0,0,0,1,0,1,1,0,0,m,m
56379,PT:DET,1,1,0.793179,1.16335,1.58248,0.74725,0,0,0,0,0,0.789445,0.510987,0,0,0,0.587704,1,0,1,1,0,0,m,m
56380,PT:DET,1,1,0.798954,1.29988,1.7127,0.602009,0,0,0,0,0,0.636485,0,0,0,0,0.659084,1,0,1,1,0,0,m,m
56381,PT:DET,1,1,0.802342,1.82214,2.25276,0,0.604187,0,0,0,0,0,0,0,0,0,0.61294,1,0,1,1,0,0,m,m
56382,PT:DET,1,1,0.806244,1.87112,2.32856,0.624967,0.633605,0,0.544204,0,0,0,0,0,0,1.22235,0.745003,1,0,1,1,0,0,m,m
56383,PT:DET,1,1,0.837474,1.94009,1.64707,0.665465,1.08114,0,1.17277,0,0,0,0,0,0,1.04187,0.733092,1,0,1,1,0,1,m,m
56384,PT:DET,1,1,0.872833,2.25552,1.1023,1.6088,0.7975,0,1.12794,0,0,0,0,0,0,1.94142,0.814207,1,0,1,1,0,0,m,m
56385,PT:DET,1,1,0.885015,2.37479,1.0635,2.65662,0.511787,0,2.27921,0,0,0,0,0,0,2.02652,0.790498,1,0,1,1,0,0,m,m
56386,PT:DET,1,1,0.774827,1.53773,0.947175,2.34496,0,0,1.49263,0,0,0,0.60248,0,0,2.66112,0.673935,1,0,1,1,0,1,m,m
56387,PT:DET,1,1,0.746862,1.51245,0.907097,1.76412,0,0,1.12615,0,0,0,1.26634,0,0,0.760627,0.700656,1,0,1,1,0,0,m,m
56388,PT:DET,1,1,0.782035,0.842293,0.977135,0.856599,0,0,1.08789,0,0,0,1.10738,0,1.18317,0,0.719868,0,0,1,0,0,0,m,m
56389,PT:DET,1,1,0.784988,0.503728,0.991514,0,0.591127,0,0.970303,0,0,0,0.573407,0,1.41809,0.750161,0.6556,0,0,1,0,0,0,m,m
56390,PT:DET,1,1,0.81627,0,0,0,1.01505,0,0,0,0,0,0,0,1.08694,0.743219,0.603763,0,0,0,0,0,0,m,m
56391,PT:DET,1,1,0.833329,0.695674,0,0,1.14239,0,0,0,0,0,0.530965,0,0.597185,0.897561,0.511218,0,0,1,0,0,0,m,m
56392,PT:DET,1,1,0.776363,0,0,0,0.715468,0,0.555775,0,0,0,0,0,0,1.44647,0.629881,0,0,1,0,0,0,m,m
56393,PT:DET,1,1,0.799273,0,0,0.887555,0.774129,0,0,0,0,0,0,0,0.572372,1.1739,0.62353,1,0,1,1,0,1,m,m
56394,PT:DET,1,1,0.810316,0.561173,0,0.863732,0,0,0,0,0,0,1.07887,0,0,0.810722,0.579876,1,0,1,1,0,0,m,m
56396,PT:DET,1,1,0.767123,1.21721,1.19957,1.10194,0,0,0,0,0,0,0,0,0,1.21427,0.900615,1,0,1,1,1,0,m,m
9034,PT:DET,1,1,0.913503,0,0,0,0,0,0,0,1.36499,1.38769,1.27638,0.78321,1.16384,0,0,0,0,1,0,0,0,w,w
9035,PT:DET,1,1,0.881895,0,0,0,0,0,0,0,1.50535,1.13474,1.00078,0.940368,0.942214,0,0,0,0,1,0,0,0,w,w
9036,PT:DET,1,1,0.909603,0,0,0,0,0,0,0,1.29784,1.35526,1.00699,0.8336,1.12004,0,0,0,0,1,0,0,0,w,w
9037,PT:DET,1,1,0.906212,0,0,0,0,0.568133,0,0.558595,1.36056,1.51367,1.39724,0.989534,0.919983,0,0,0,0,1,0,0,0,w,w
9038,PT:DET,1,1,0.896186,0,0,0,0,0.525314,0,0.535435,0.77403,1.33649,1.18198,1.0832,1.23504,0,0,0,0,1,1,0,0,w,w
9046,PT:DET,1,1,0.727736,0,0,0,0,1.03802,0,0.938732,1.29329,1.9567,0,0,1.00183,0,0,0,1,0,0,0,0,w,w
9047,PT:DET,1,1,0.920589,0,0,0,0,0.975385,0,0.887316,1.21055,2.22445,0,0,0,0,0,0,0,0,0,0,0,w,w
9048,PT:DET,1,1,0.882894,0,0,0,0,0.63283,0,0.596087,1.25422,1.76307,0,0,0,0,0,0,0,0,0,0,0,w,w
9053,PT:DET,1,1,0.754537,0,0,0,0.688054,0,0,0.631064,0,1.18349,0,0.7528,1.54363,3.1041,0,0,0,0,1,0,0,w,w
9054,PT:DET,1,1,0.884646,0,0,0,0.654875,0,0,0,0.644921,0.986279,0,0,1.55392,1.90754,0,0,0,0,0,0,0,w,w
9055,PT:DET,1,1,0.860954,0.636607,0,0,0,0,0,0.628474,0.938957,0.788552,0,0,1.02747,0,0,0,0,0,0,0,0,w,w
9056,PT:DET,1,1,0.876358,0.999445,0,0,0,0,0,0.626495,0.796883,0.858004,0,0,0.814153,0,0,0,0,0,0,0,0,w,w
4160,PT:DET,1,1,0.967466,0,0.819942,1.35137,0,0,0.675206,0,0,0,0,0,0,0,0,0,0,1,0,1,0,w,w
4161,PT:DET,1,1,0.958684,0,0,1.10867,0,0,0,0,0,0,0,0,0,0,0,0,0,1,0,1,0,w,w
27127,PT:DET,1,1,0.98308,0.985692,0.592385,0.682948,0.598521,0,0.939502,0,0,0,0,0,1.02677,0.678086,0,0,0,0,0,0,0,w,w
27128,PT:DET,1,1,0.981644,0.878974,0.535034,1.02916,0.583224,0,1.01033,0,0,0,0,0,1.23128,0.977344,0,0,0,0,0,0,0,w,w
27130,PT:DET,1,1,0.981281,0.696323,0,0.566407,0.814377,0,0,0,0,0,0,0,0.791353,0,0,0,0,0,0,0,0,w,w
27131,PT:DET,1,1,0.982009,0.839621,0,0.804324,0.802862,0,0,0,0,0,0,0,0.920919,0.611774,0,0,0,0,0,0,0,w,w
27132,PT:DET,1,1,0.979911,0.99087,0.654678,0.64619,0.861819,0,0.832554,0,0,0,0,0,0.650955,0.913107,0,1,0,0,0,0,0,w,w
27136,PT:DET,1,1,0.975019,1.16412,0,0,1.04802,0,0.519765,0,0,0,0,0,0.85487,0.580548,0,0,0,0,0,0,0,w,w
27137,PT:DET,1,1,0.974642,0.953089,0,0,0.781116,0,0.526443,0,0,0,0,0,1.12453,0.535219,0,0,0,0,0,0,0,w,w
27138,PT:DET,1,1,0.968892,0.991252,0,0.667261,0.742618,0,0.831175,0,0,0,0,0,1.58768,0,0,0,0,0,0,0,0,w,w
27139,PT:DET,1,1,0.974447,0.875966,0,0,0.667627,0,0.690811,0,0,0,0,0,1.53981,0.56111,0,0,0,0,0,1,0,w,w
27140,PT:DET,1,1,0.974551,0,0,0,0,0,0,0,0,0,0,0,1.18714,0,0,0,0,0,0,0,0,w,w
27141,PT:DET,1,1,0.971558,0,0,0,0,0,0,0,0,0,0,0,0.928437,0,0,0,0,0,0,1,0,w,w
27142,PT:DET,1,1,0.976228,0,0,0,0,0,0.653981,0,0,0,0,0,0.832638,1.06913,0,0,0,0,0,0,0,w,w
27143,PT:DET,1,1,0.960918,0,0.877282,0,0,0,0,0,0,0,0,0,0.797926,1.26743,0,0,0,1,1,0,1,w,w
27144,PT:DET,1,1,0.966548,0,0,0,0,0,0,0,0,0,0.712655,0,1.30431,1.64283,0.642387,0,0,1,1,0,1,w,w
27145,PT:DET,1,1,0.973281,0,0,0,0,0,0,0,0,0.507201,0,0,0.763831,1.97311,0.537595,1,0,1,1,0,1,w,w
27146,PT:DET,1,1,0.982123,0,0,0,0,0,0.54856,0,0,0,0,0,0.722153,1.47435,0,1,0,1,1,0,1,w,w
27147,PT:DET,1,1,0.983095,0,0,0.536654,0,0,0,0,0,0.500457,0,0.567373,0.525563,1.36645,0,1,0,1,0,0,1,w,w
27148,PT:DET,1,1,0.983449,0,0,0.647047,0,0,0,0,0,0.501681,0,0.503502,0,1.40428,0,1,0,1,0,0,1,w,w
27149,PT:DET,1,1,0.985974,0,0,0,0,0,0,0,0,0.780609,0,0.664146,0.536041,1.31734,0,1,0,1,0,0,1,w,w
27150,PT:DET,1,1,0.98559,0,0,0.65122,0,0,0,0,0,0,0,0.692241,0,1.7713,0,1,0,1,0,0,1,w,w
27151,PT:DET,1,1,0.984803,0,0,0.507216,0,0,0,0,0,0,0,0.718012,0.563616,1.46934,0,1,0,1,0,0,1,w,w
27152,PT:DET,1,1,0.986375,0,0,0,0,0,0,0,0,0.504516,0,0.79727,0,0.723927,0,1,0,1,0,0,1,w,w
27153,PT:DET,1,1,0.980292,0,0,0,0,0,0,0,0,0.723935,0,0.934384,0.51414,0,0,1,0,0,0,0,1,w,w
27154,PT:DET,1,1,0.979731,0,0,0,0,0,0,0,0,0.677009,0,0.827806,0,0,0,0,0,0,0,0,1,w,w
27155,PT:DET,1,1,0.974072,0,0,0,0,0,0,0,0,0,0,0.754785,0,0,0,0,0,0,0,0,1,w,w
27156,PT:DET,1,1,0.973059,0,0,0,0,0,0,0,0,0,0,0.578557,0,0,0,0,0,0,0,0,1,w,w
27157,PT:DET,1,1,0.974303,0,0,0,0,0,0,0,0,0,0,0.594065,0,0,0,0,0,0,0,0,1,w,w
27158,PT:DET,1,1,0.978139,0,0,0,0,0,0,0,0,0,0,0,0,0,0,0,0,0,0,0,1,w,w
27159,PT:DET,1,1,0.975075,0,0,0,0,0,0,0,0,0,0,0,0,0,0,0,0,0,0,0,1,w,w
27160,PT:DET,1,1,0.969307,0.685737,0,0,0.699185,0,0,0,0,0,0,0,0,0.733782,0,0,0,0,0,0,1,w,w
27161,PT:DET,1,1,0.968388,1.22595,0,0,0.548171,0,0,0,0,0,0,0,0,0,0,0,0,0,0,0,1,w,w
27162,PT:DET,1,1,0.962235,1.46587,0,0,0,0,0,0,0,0,0,0,0,0.564811,0,0,0,0,0,0,1,w,w
27163,PT:DET,1,1,0.96396,1.78291,0,0,0,0,0,0,0,0.51192,0,0,0,0,0,0,0,0,0,0,1,w,w
27164,PT:DET,1,1,0.96482,1.9023,0,0,0,0,0.682723,0,0,0,0,0,0,0,0,0,0,0,0,0,1,w,w
27165,PT:DET,1,1,0.963298,2.03482,0,0,0.521789,0,0.508479,0,0,0,0.560077,0,0,0,0,0,0,0,0,0,1,w,w
27166,PT:DET,1,1,0.962555,1.89002,0,0,0.71074,0,0,0,0,0,0,0,0,0,0,0,0,0,0,0,0,w,w
27167,PT:DET,1,1,0.9591,1.92871,0,0,0.796035,0,0,0,0.543451,0,0.913401,0,0,0,0,0,0,0,0,0,0,w,w
27168,PT:DET,1,1,0.952278,1.92694,0,0,1.08072,0,0,0,0.602347,0,0.600974,0,0,0,0,0,0,0,0,0,0,w,w
27169,PT:DET,1,1,0.906422,2.3853,0,0,0,0,0,0,0,0,0,0,0.652464,1.09346,0,0,0,0,0,0,0,w,w
27170,PT:DET,1,1,0.846543,2.2068,0,0,0,0,0,0,0,0,1.17516,0,0,0.590267,0,0,0,0,0,0,0,w,w
27171,PT:DET,1,1,0.863362,2.1973,0.542857,0,0.710083,0,0,0,0,0,0.923839,0,0,1.31556,0,0,0,0,1,0,0,w,w
33879,PT:DET,1,1,0.96636,1.38978,0,0.73387,0,0,0,0,0.707323,0,0.922027,0,0.737776,0,0,0,0,0,0,0,0,w,w
33880,PT:DET,1,1,0.971836,1.31103,0,0.843855,0,0,0,0,0.809923,0,1.07727,0,0.729709,0,0,0,0,0,0,0,0,w,w
33881,PT:DET,1,1,0.973813,1.301,0,0.93469,0,0,0,0,0.711371,0,1.01981,0.52227,0.944928,0,0,0,0,0,0,0,0,w,w
33882,PT:DET,1,1,0.973704,1.23987,0,0.94328,0.535341,0,0.616616,0,0.599613,0,0.948455,0.530175,0.980709,0,0,0,0,0,0,0,0,w,w
33883,PT:DET,1,1,0.974105,1.08547,0,0.959149,0.508126,0,0,0,0.627748,0,0.950735,0.630897,1.18392,0,0,0,0,0,0,0,0,w,w
33884,PT:DET,1,1,0.974997,1.06095,0,0.885429,0,0,0.551144,0,0,0,0.974996,0.66669,1.14829,0,0,0,0,0,0,0,0,w,w
33885,PT:DET,1,1,0.974301,1.13552,0,0.79898,0,0,0.632608,0,0.51344,0,0.910924,0.692894,1.17619,0,0,0,0,0,0,0,0,w,w
33886,PT:DET,1,1,0.973371,1.1032,0,0.795546,0,0,0,0,0,0,0.759924,0.677367,1.23994,0,0,0,0,0,0,0,0,w,w
33887,PT:DET,1,1,0.972577,1.01172,0,0.862847,0,0,0.508417,0,0.511552,0,0.910883,0.628402,1.04447,0,0,0,0,0,0,0,0,w,w
33888,PT:DET,1,1,0.973547,1.08092,0,1.05979,0,0,0.63343,0,0.560495,0,0.934987,0.651938,0.90159,0,0,0,0,0,0,0,0,w,w
33889,PT:DET,1,1,0.975248,0.963849,0,1.06573,0,0,0.816279,0,0,0,0.879019,0.660169,0.979918,0,0,0,0,0,0,0,0,w,w
33890,PT:DET,1,1,0.974756,0.98839,0,1.11735,0,0,0.904306,0,0,0,1.01343,0.668037,0.939906,0,0,0,0,0,0,0,0,w,w
33891,PT:DET,1,1,0.973137,1.04051,0,1.06928,0,0,0.766911,0,0,0,1.08008,0.704335,0.845116,0,0,0,0,0,0,0,0,w,w
33892,PT:DET,1,1,0.97303,1.02445,0,1.2188,0,0,0.909484,0,0.542813,0,1.08282,0.673607,0.970998,0,0,0,0,0,0,0,0,w,w
33893,PT:DET,1,1,0.972125,1.05366,0,1.08055,0,0,0.858342,0,0.503953,0,1.03951,0.684322,0.990805,0,0,0,0,0,0,0,0,w,w
33894,PT:DET,1,1,0.972934,0.949418,0,1.19975,0,0,0.901166,0.557849,0.559626,0,0.923274,0.750101,1.21227,0,0,0,0,0,0,0,0,w,w
33895,PT:DET,1,1,0.972475,1.05464,0,1.08371,0,0,0.814931,0.60055,0.679138,0,0.976702,0.774088,1.30202,0,0,0,0,0,0,0,0,w,w
33896,PT:DET,1,1,0.97676,1.15249,0,1.08331,0,0,0.630571,0.574135,0.77356,0,0.900255,0.796128,1.13769,0,0,0,0,0,0,0,0,w,w
33897,PT:DET,1,1,0.978291,1.08316,0,1.1357,0,0,0.645032,0.553296,0.712612,0,0.8022,0.825147,1.13741,0,0,0,0,0,0,0,0,w,w
33898,PT:DET,1,1,0.977054,1.067,0,1.06105,0,0,0.63939,0.529882,0.765738,0,0.669618,0.647656,1.10413,0,0,0,0,0,0,0,0,w,w
33899,PT:DET,1,1,0.978519,1.01354,0,1.00508,0,0,0.764702,0.559126,0.794002,0,0.67171,0.683449,1.10523,0,0,0,0,0,0,0,0,w,w
33900,PT:DET,1,1,0.973742,1.03129,0,1.11747,0,0,0.81278,0.589188,0.838339,0,0.738812,0.792914,1.22938,0,0,0,0,0,0,0,0,w,w
33901,PT:DET,1,1,0.953692,1.03446,0,1.13611,0,0,0.676374,0.533794,0.75133,0,0.786674,0.731545,1.25274,0,0,0,0,0,0,0,0,w,w
33902,PT:DET,1,1,0.954312,1.20111,0,1.0252,0,0,0.788374,0.601036,0.82498,0,1.03006,0.683558,1.38315,0,0,0,0,0,0,0,0,w,w
33903,PT:DET,1,1,0.961021,1.19354,0,1.00096,0,0,1.02883,0.592349,0.734874,0,0.761364,0.707831,1.36886,0,0,0,0,0,0,0,0,w,w
35459,PT:DET,1,1,0.94676,0,0.602554,1.50569,0,0,0,0,0.939776,0.534505,0.787574,0,0,0.750466,0,1,0,0,0,0,0,w,w
35460,PT:DET,1,1,0.947741,0,0.522131,0.880902,0,0,0.659282,0.706989,0.721746,1.0407,0,0.528458,0,0.950569,0,1,0,0,0,0,0,w,w
35461,PT:DET,1,1,0.948436,0,0,0.811854,0,0.511758,0,0.763376,0.868868,1.05136,0,0.655913,0,0.600086,0,1,0,0,0,0,0,w,w
35462,PT:DET,1,1,0.960677,0,0,0,0,0,0,0.812364,0.984195,1.52161,0.918127,0.543402,0,1.84896,0.50866,1,0,1,1,0,1,w,w
35463,PT:DET,1,1,0.978424,0,0.559076,0.827621,0,0.602115,0,1.03204,1.01777,1.59292,1.13604,0,0,2.83935,0.7127,1,0,1,1,0,1,w,w
35464,PT:DET,1,1,0.976773,0,0.656319,1.21101,0,0.61912,0.808653,0.985424,1.03213,1.7895,1.32679,0,0,2.884,0.901103,1,0,1,1,0,1,w,w
35465,PT:DET,1,1,0.972777,0,0,0.725804,0,0.606625,0,0.902323,1.17825,1.48103,1.80158,0,0,3.07804,1.10764,1,0,1,1,0,1,w,w
35466,PT:DET,1,1,0.982284,0,0,1.0367,0,0.547197,0,0.777384,1.31798,1.53699,1.81874,0,0,3.30437,1.238,0,0,1,0,0,1,w,w
36077,PT:DET,1,1,0.878323,1.90984,0,0,0,0,0,0,0,0,0,0,0,1.03589,0,0,0,0,1,1,0,w,w
36078,PT:DET,1,1,0.909911,1.71261,0.976364,0,1.03429,0,0,0,0,0,0,0,0,1.96257,0.639229,0,0,0,0,1,0,w,w
36079,PT:DET,1,1,0.914128,1.46734,0.894694,0,1.03434,0,0,0,0,0,0,0,0,1.56654,0,0,0,0,0,1,0,w,w
36080,PT:DET,1,1,0.936606,1.50432,0.84607,0,0.874328,0,0,0,0,0,0,0,1.06048,0.936105,0,0,0,0,0,1,0,w,w
36081,PT:DET,1,1,0.928979,1.285,0.756241,0,0.51433,0,0,0,1.09893,0,0,0,1.39443,1.18522,0,0,0,0,1,0,0,w,w
41045,PT:DET,1,1,0.894948,1.00548,0,0,1.05268,0,0,0,0,0,0,0,0,0,0,0,0,0,0,0,0,w,w
41046,PT:DET,1,1,0.922667,1.02532,0,0,0,0,0,0,0,0,0,0,0,0,0,0,0,0,0,0,1,w,w
41047,PT:DET,1,1,0.946981,1.01146,0,0,0,0,0,0,0,0,0,0,0,0,0,0,0,0,0,0,1,w,w
41048,PT:DET,1,1,0.953593,0.862642,0,0,0,0,0,0,0,0,0,0,0,0,0,0,0,0,0,0,1,w,w
41049,PT:DET,1,1,0.953561,0.823189,0,0,0,0,0,0,0,0,0,0,0,0,0,0,0,0,0,0,1,w,w
41050,PT:DET,1,1,0.956776,0.749295,0,0,0,0,0,0,0,0,0,0,0,0,0,0,0,0,0,0,0,w,w
41051,PT:DET,1,1,0.954363,0.82029,0,0,0,0,0,0,0,0,0,0,0,0,0,0,0,0,0,0,1,w,w
41052,PT:DET,1,1,0.951176,0.904342,0,0,0,0,0,0,0,0,0,0,0,0,0,0,0,0,0,0,1,w,w
41053,PT:DET,1,1,0.897702,1.11524,0,0,0,0,0,0,0,0,0,0,0,2.07887,0.684204,0,0,0,0,0,1,w,w
41054,PT:DET,1,1,0.906481,1.08558,0,0,0,0,0,0,0,0,1.21377,0,0,2.25627,0.770356,0,0,0,1,0,0,w,w
41055,PT:DET,1,1,0.91913,1.10722,0,0,0,0,0,0,0,0,1.27955,0,0,1.96832,0.863794,0,0,0,1,0,1,w,w
41056,PT:DET,1,1,0.902941,0.846887,0,0,0,0,0,0,0,0,0.588988,0,0,1.30676,0.878142,0,0,0,1,0,1,w,w
41057,PT:DET,1,1,0.894469,0.597718,0,0,0,0,0,0,0,0,0,0,0,0.977883,0.822861,0,0,0,0,0,1,w,w
41058,PT:DET,1,1,0.897668,0.565841,0,0,0,0,0,0,0,0,0,0,0,0,0.757316,0,0,0,0,0,1,w,w
41059,PT:DET,1,1,0.911252,0,0,0,0,0,0,0,0,0,0,0,0,0,0.668038,0,0,0,0,0,1,w,w
41060,PT:DET,1,1,0.929932,0,0,0,0,0,0,0,0,0,0.814429,0,0,0,0.504361,0,0,0,0,0,1,w,w
41061,PT:DET,1,1,0.951047,0.681353,0,0,0,0,0,0,0,0,0.958669,0,0,0,0,0,0,1,0,0,1,w,w
41062,PT:DET,1,1,0.962672,0.50371,0,0,0,0,0,0,0,0,1.10862,0,0,0,0,0,0,1,0,0,1,w,w
41063,PT:DET,1,1,0.97148,0,0,0,0,0,0.594051,0,0,0,1.19629,0,0,0,0,0,0,1,0,0,1,w,w
41064,PT:DET,1,1,0.971755,0,0,0,0,0,0,0,0,0,1.24866,0,0,0,0,0,0,1,0,0,1,w,w
41065,PT:DET,1,1,0.968876,0,0,0.520817,0,0,0,0,0,0,1.434,0,0,0,0,0,0,1,0,0,1,w,w
41066,PT:DET,1,1,0.970146,0,0,0.639238,0,0,0.60602,0,0,0,1.32215,0,0,0,0,0,0,1,0,0,1,w,w
41067,PT:DET,1,1,0.969906,0,0,0.539893,0,0,0.585156,0,0,0,1.39932,0,0,0,0,0,0,1,0,0,1,w,w
41068,PT:DET,1,1,0.971518,0,0,0.562848,0,0,0.685165,0,0,0,1.31886,0,0,0,0,0,0,1,0,0,1,w,w
41069,PT:DET,1,1,0.97316,0,0,0.522787,0,0,0.765144,0,0,0,1.21289,0,0,0,0,0,0,1,0,0,1,w,w
41070,PT:DET,1,1,0.974034,0,0,0.619373,0,0,0.574293,0,0,0,1.34732,0,0,0,0,0,0,1,0,0,1,w,w
41071,PT:DET,1,1,0.975767,0,0,0.523112,0,0,0.966728,0,0,0,1.12563,0,0,0,0,0,0,1,0,0,1,w,w
41072,PT:DET,1,1,0.971589,0.50819,0,0.617271,0,0,1.33647,0,0,0,0.784609,0,0,0,0,0,0,1,0,0,1,w,w
41073,PT:DET,1,1,0.978733,0.788403,0,0,0,0,1.3228,0,0,0,0.593509,0,0,0,0,0,0,0,0,0,1,w,w
41074,PT:DET,1,1,0.979332,0.772285,0,0,0,0,1.23262,0,0,0,0.501833,0,0,0,0,0,0,0,0,0,1,w,w
41075,PT:DET,1,1,0.980436,0.776649,0,0,0,0,1.26844,0,0,0,0,0,0,0,0,0,0,0,0,0,1,w,w
9114,PT:DET,1,1,0.784786,0.623901,1.1009,0,0.524866,0,0.74751,0.516934,0,1.09868,0.920239,0.886148,0.766738,2.86324,0,1,0,1,1,0,0,w,w
9115,PT:DET,1,1,0.846872,0,0,0,0.672342,0,1.03019,0.770131,0,1.27328,1.22153,1.63172,1.38729,1.73984,0,1,1,1,1,0,0,w,w
9116,PT:DET,1,1,0.765844,0,0.914817,0,0.665634,0,0.761043,0.556672,0,0.90499,0.681294,1.21368,1.59698,0,0,1,1,1,0,0,0,w,w
11176,PT:DET,1,1,0.815122,1.01975,0,0,1.44691,0,0,0,0,0,0,0,0,0,0,1,0,0,0,0,0,w,w
11177,PT:DET,1,1,0.804099,1.03979,0,0,1.30121,0,0,0,0,0,0.530297,0,0,0,0,1,0,0,0,0,0,w,w
11178,PT:DET,1,1,0.79219,1.24771,0,0,1.73005,0,0,0,0,0,0,0,0,0,0,1,0,0,0,0,0,w,w
11179,PT:DET,1,1,0.80707,1.37221,0,0,1.43456,0,0,0,0,0,0.755018,0,0,0,0,1,0,0,0,0,0,w,w
11182,PT:DET,1,1,0.801125,1.33702,0,0.633163,0.836306,0,0,0,0.505576,0,0,0.536176,0,0,0,1,0,0,0,0,0,w,w
11183,PT:DET,1,1,0.795112,1.51512,0,0.871855,0.767272,0,0,0,0.587637,0,0,0.696714,0,0,0,1,0,0,0,0,0,w,w
11185,PT:DET,1,1,0.815623,1.84689,0.615218,1.29659,0,0,1.11383,0,0,0,0,0,0,0,0,1,0,0,0,0,0,w,w
11190,PT:DET,1,1,0.819619,2.11732,1.30691,1.29914,1.59341,0.548252,0,0.627197,0,0.875477,0,0.849019,0,0,0,0,1,1,0,0,0,w,w
11208,PT:DET,1,1,0.819622,1.39332,0,0.503412,1.01549,0,0,0.52834,0,1.68132,0.771643,0.654705,0,0,0,0,0,1,0,0,0,w,w
26337,PT:DET,1,1,0.768165,1.45311,0,1.11309,1.12945,0,0,0,0,0,0.585031,0,0,0,0,1,0,0,0,0,0,w,w
33115,PT:DET,1,1,0.967742,0,0.508702,0.6967,0,0.891923,1.64665,0.944882,1.38929,1.04182,0.736441,0,0,0,0,0,1,0,0,0,0,m,m
33116,PT:DET,1,1,0.972092,0,0,0.85393,0,0.971463,1.32783,0.984872,1.60777,0.934491,0,0,0,0,0,0,1,0,0,0,0,m,m
33117,PT:DET,1,1,0.97515,0,0.696559,1.16727,0.541448,1.16915,1.47196,1.41076,1.59508,1.36825,0,0,0,0,0,0,1,0,0,0,0,m,m
33118,PT:DET,1,1,0.976177,0,0,0.857403,0.592035,0.965718,1.06948,1.34369,1.73658,1.3982,0,0,0.67077,0,0,0,1,0,0,0,0,m,m
48819,PT:DET,1,1,0.859839,0,0,0,0.854666,0.545676,0,0.594415,1.26409,0,0,0.930116,0,3.0826,0,0,1,1,1,0,0,m,m
48820,PT:DET,1,1,0.926629,1.51096,0,0,0.579799,0,0,0,0.940202,0,1.29343,0.604869,0,3.7063,0.798042,0,1,1,1,0,0,m,m
48821,PT:DET,1,1,0.992617,0,0,0,0,0.907942,0,0.968791,1.52781,0.514207,0,0,0,4.7405,0,0,1,1,1,0,0,m,m
48822,PT:DET,1,1,0.994406,0,0,0,0,0.79027,0.631595,0.709115,1.38268,0,0,0,0.85715,4.76691,0.651384,0,1,1,0,0,0,m,m
48823,PT:DET,1,1,0.798738,2.25949,1.60813,0,0.993148,0,0,0,1.30107,0,0,0,0.831923,3.16462,0.56355,0,1,0,0,0,0,m,m
48824,PT:DET,1,1,0.983108,0,0.683138,0,0.505797,0.778385,0,0.684136,1.61218,0.534325,0,0,0,4.52726,0.776859,0,1,1,0,0,0,m,m
48825,PT:DET,1,1,0.969478,0.502666,1.51883,0,0.734663,0.891205,0,1.02615,1.42474,0.827177,0,0,0,4.45996,0.561891,0,1,0,0,0,0,m,m
48826,PT:DET,1,1,0.961207,0,0.741743,0.776695,0.552436,0.760538,0.517201,0.706682,1.01464,1.24833,0,0,1.72385,3.6967,0.581103,0,1,0,0,0,0,m,m
48827,PT:DET,1,1,0.955312,0.627952,1.46206,1.19081,0.578867,0.621096,0.876477,0,0.883318,1.12203,0,0,1.21721,1.54692,0,1,1,0,1,0,0,m,m
48865,PT:DET,1,1,0.987984,0,0,0,0.65619,1.02964,0.918735,1.22573,2.04256,0.890879,0,0,0,0,0,0,1,0,0,0,0,m,m
48866,PT:DET,1,1,0.989755,0,0,0,0.809588,0.988749,0.870372,1.06328,1.88674,1.3025,0,0,0,0.615916,0,0,1,0,0,0,0,m,m
48867,PT:DET,1,1,0.988323,0,0,0,0.715041,0.987001,0.612799,1.06239,1.7776,1.23481,0,0,0,0,0,0,1,0,0,0,0,m,m
48868,PT:DET,1,1,0.987142,0,0,0,0.7776,1.02054,0,1.0545,1.82278,1.24064,0,0,0,0.565317,0,0,1,0,0,0,0,m,m
48869,PT:DET,1,1,0.983933,0,0,0,0.696166,0.969774,0,1.02228,1.71092,0.933607,0,0,0,0.846307,0,0,1,0,0,0,0,m,m
48870,PT:DET,1,1,0.982778,0,0,0,0.760663,0.96211,0,0.887998,1.64884,1.0957,0,0,0,1.23866,0,0,1,0,0,0,0,m,m
48871,PT:DET,1,1,0.98359,0,0,0,0.880111,0.883914,0,0.795088,1.54785,0.952023,0,0,0,1.54583,0,0,1,0,0,0,0,m,m
48872,PT:DET,1,1,0.98541,0,0,0,0.816339,0.788089,0,0.597397,1.41964,1.04106,0,0,0,1.40703,0,0,1,0,0,0,0,m,m
6702,PT:DET,1,1,0.895452,0.901886,2.03172,0.817138,0,0,0,0,0,0,1.19139,0,0,1.61947,0,1,0,1,0,0,1,m,m
6703,PT:DET,1,1,0.941261,1.00133,1.4743,1.27271,0,0,0,0,0,0,0.997616,0,0,1.14483,0,1,0,1,1,0,1,m,m
6704,PT:DET,1,1,0.939244,0.831333,0.859238,1.08252,0.52255,0,0,0,0,0,0.684566,0,0,0,0,1,0,1,0,0,1,m,m
6705,PT:DET,1,1,0.943227,0.766325,1.12414,0.518451,0.51046,0,0,0,0,0,0.81429,0,0,0,0,1,0,1,1,0,1,m,m
6706,PT:DET,1,1,0.932786,0.94805,1.26457,0.922379,0.740077,0,0,0,0,0,1.02228,0,0,0.697248,0,1,0,1,1,0,1,m,m
6707,PT:DET,1,1,0.91971,0.653729,1.23446,1.02473,0.840259,0,1.02927,0,0,0,1.30889,0,0,0.742951,0,1,0,1,1,0,1,m,m
6708,PT:DET,1,1,0.860599,1.27116,1.44467,1.18279,0.632562,0,0.855423,0,0,0,1.68449,0,0,1.75201,0,1,0,1,0,0,1,m,m
6709,PT:DET,1,1,0.869208,1.92976,2.34617,0,1.02637,0,0,0,0.784383,0,0,0,1.12888,1.45534,0,1,0,1,1,0,0,m,m
6710,PT:DET,1,1,0.797935,1.29276,2.66896,0,0.978636,0,0,0,0,0,1.91587,0,0,0,0,1,0,1,1,1,0,m,m
7591,PT:DET,1,1,0.897856,0.61958,1.10194,0,0,0,0,0,0,1.29999,1.15501,0,0.972262,1.13842,0,1,0,0,0,0,0,m,m
7595,PT:DET,1,1,0.889824,1.43209,0,0,1.07499,0,0,0,0.704473,1.83392,0,0,0.668683,1.25183,0,1,0,0,0,0,0,m,m
7596,PT:DET,1,1,0.901569,1.59729,0,0,1.48163,0,0,0,0.695157,1.54276,0,0,0,1.5673,0,1,0,0,0,0,0,m,m
7597,PT:DET,1,1,0.88485,1.70411,0,0,1.40619,0.505279,0,0.542516,0.65816,1.50242,0,0,0,1.41221,0,1,0,0,0,0,0,m,m
7598,PT:DET,1,1,0.840924,1.68076,0.630824,0,1.43443,0,0,0,0.592847,1.38468,0,0,0,1.15134,0,1,0,0,0,0,0,m,m
7599,PT:DET,1,1,0.830768,1.73967,0.661717,0,1.27933,0,0,0,0.517848,1.45987,0,0,0,1.02607,0,1,0,0,0,0,0,m,m
7600,PT:DET,1,1,0.843096,1.94472,0.887245,0,1.08877,0,0,0,0,1.6102,0,0,0.584093,1.97627,0,1,0,0,0,0,0,m,m
7633,PT:DET,1,1,0.969817,0.636553,1.22148,0,0,0,2.4518,0,0,0,0.769561,0.515762,0.621523,0.751664,0,1,0,1,0,0,1,m,m
7634,PT:DET,1,1,0.974267,0,0.956558,0.586952,0,0,2.13703,0,0,0,0.719623,0.553481,0,0,0,1,0,1,0,0,1,m,m
7635,PT:DET,1,1,0.970641,0,0.747775,0,0,0,1.82671,0,0,0,0.593455,0,0,0,0,1,0,1,0,0,1,m,m
7636,PT:DET,1,1,0.97232,0,0.968463,0.545407,0,0,1.90311,0,0,0,0,0,0,0,0,1,0,1,0,0,1,m,m
7637,PT:DET,1,1,0.968146,0.514111,0.931772,0.503332,0,0,1.82844,0,0,0,0,0,0,0.500589,0,1,0,1,0,0,1,m,m
7638,PT:DET,1,1,0.962924,0,0.946888,0.556595,0,0,1.45089,0,0,0,0,0,0,0.714754,0,1,0,1,0,0,1,m,m
7639,PT:DET,1,1,0.957394,0,1.07872,0,0,0,1.03729,0,0,0,0,0,0,1.27479,0,1,0,1,1,0,1,m,m
7640,PT:DET,1,1,0.892568,0.784653,1.13913,0.716745,0,0,1.11401,0,0,0,0,0,0,1.23429,0.538471,1,0,1,0,0,1,m,m
7641,PT:DET,1,1,0.890848,1.04839,1.42801,0,0,0,0.571479,0,0,0,0,0,0,0,0,1,0,1,0,0,1,m,m
7642,PT:DET,1,1,0.871298,0.888997,1.21687,0,0,0,0.876294,0,0,0,1.0525,0.533836,0,0,0,1,0,1,0,0,1,m,m
7643,PT:DET,1,1,0.857529,0.90753,1.57388,0,0,0,0.871896,0,0,0,0.694629,0.734583,0,0,0,1,0,1,0,0,1,m,m
7644,PT:DET,1,1,0.80625,0.799891,1.42817,0,0,0,0.759065,0,0,0.751524,1.23081,0.767944,0,0,0,1,0,1,0,0,1,m,m
7645,PT:DET,1,1,0.867487,0.529418,1.30549,0,0,0,0,0,0,0.570816,1.1089,0,0,1.33913,0,1,0,1,0,0,1,m,m
4330,PT:DET,1,1,0.832868,1.17847,0.512159,1.82007,1.07881,0,0,0,0,1.30431,0,0,0,2.79021,0,1,0,0,0,0,0,m,w
4331,PT:DET,1,1,0.867656,1.22018,0.725013,1.75014,0.895927,0,0,0,0,1.09614,0,0.521309,0,2.27487,0,1,0,0,0,0,0,m,w
4332,PT:DET,1,1,0.863328,1.23497,0.748462,1.66975,0.743977,0,0,0,0,0.84821,0,0,0,2.83181,0,1,0,0,0,0,0,m,w
4333,PT:DET,1,1,0.860762,1.4469,0.987456,1.8413,0.976886,0,0,0,0,0.880355,0,0,0,3.17128,0,1,0,0,0,0,0,m,w
4334,PT:DET,1,1,0.881656,1.37083,0.952439,1.76533,1.04516,0,0,0,0,1.11918,0,0,0,3.8513,0,1,0,0,0,0,0,m,w
4335,PT:DET,1,1,0.853512,1.48706,1.07457,1.8118,0.849421,0,0,0,0,0.950082,0,0,0,3.77747,0,1,0,0,0,0,0,m,w
4337,PT:DET,1,1,0.832537,1.5451,1.26084,1.70329,1.07319,0,0,0,0,1.17746,0,0,0,2.97768,0,1,0,0,1,0,0,m,w
4338,PT:DET,1,1,0.745941,1.58135,1.23821,1.64375,1.29872,0,0,0,0,0.942374,0,0,0,1.62334,0,1,0,0,1,0,0,m,w
4339,PT:DET,1,1,0.749316,1.5358,1.79025,1.52777,1.16806,0.530836,0,0,0.565699,1.26976,0,0,0,1.64841,0,1,0,0,1,0,0,m,w
4340,PT:DET,1,1,0.815127,1.60009,1.61097,1.79639,1.29648,0,0.796356,0,0.559226,0.97763,0,0,0,1.68445,0,1,0,0,0,0,1,m,w
4341,PT:DET,1,1,0.8491,1.74328,1.63836,1.8621,0.991879,0,1.09627,0,0.569369,1.04164,0,0,0,1.90639,0,1,0,0,0,0,1,m,w
9760,PT:DET,1,1,0.958397,0,0,0.684269,0,0,2.32396,0.785777,0,1.09828,0,0,0.833849,2.38557,0,1,1,0,1,0,0,w,w
9761,PT:DET,1,1,0.953795,0,0,1.03994,0,0,2.51806,0.801964,0,1.39728,0,0,0.640575,2.62438,0,1,1,0,0,0,0,w,w
9762,PT:DET,1,1,0.954951,0,0,1.1693,0,0,2.29406,0.701849,0,1.16517,0,0,0.742017,2.41151,0,1,1,0,0,0,0,w,w
9763,PT:DET,1,1,0.940375,0,0,0.94631,0,0,1.98322,0.759015,0.574963,1.15742,0,0,0,2.29107,0,1,1,0,1,0,0,w,w
9764,PT:DET,1,1,0.941003,0,0,0.932671,0,0.546219,1.63494,0.694983,0.699235,1.39463,0,0,0,2.49026,0,0,1,0,1,0,0,w,w
9765,PT:DET,1,1,0.959106,0,0,0,0,0,0.851683,0,0.719926,1.07871,0,0,0,1.93249,0,0,1,0,1,0,0,w,w
9766,PT:DET,1,1,0.907447,0,0,0,0,0,0,0,1.17365,1.08604,0,0,0,1.42873,0,0,1,0,0,0,0,w,w
9767,PT:DET,1,1,0.853014,0,0,0,0.807742,0,0,0,0.739884,0.786838,0,0,0,0,0,1,1,0,0,0,0,w,w
9768,PT:DET,1,1,0.840239,0,0,0,0,0,0,0,0.534448,0.970981,0,0,0,0,0,1,1,0,0,1,0,w,w
9769,PT:DET,1,1,0.832925,0,0,0,0.671825,0,0,0,0,1.02676,0,0,0,0,0,1,1,0,0,1,0,w,w
9779,PT:DET,1,1,0.928495,0,0,0.999409,0,0.90884,1.07054,0.968658,1.63046,2.62157,0,0.562743,0,1.77657,0,1,1,0,0,0,0,w,w
9780,PT:DET,1,1,0.864418,0,0,0.694083,0,0.871253,1.88746,1.02751,1.8006,2.17142,0,0,1.08911,2.37987,0,0,1,0,0,0,0,w,w
9781,PT:DET,1,1,0.86677,0,0,0.680627,0,0.850697,1.21402,0.969637,1.85513,1.95817,0,0,0.984083,2.37211,0,0,1,0,0,0,0,w,w
9782,PT:DET,1,1,0.925446,0,0,0.593432,0,0.809639,1.13688,0.88322,1.72648,2.29348,0,0,0.764293,1.88827,0,0,1,0,1,0,0,w,w
9783,PT:DET,1,1,0.935867,0,0,0.810389,0.506447,0.823312,1.05604,0.990489,1.82021,2.60836,0,0.538042,0,1.09754,0,0,1,0,0,0,0,w,w
9798,PT:DET,1,1,0.971519,0,0,1.74091,0,0.587136,0.775751,0.651547,1.10301,0.927199,0,0,1.36399,1.3029,0,0,1,0,0,0,1,w,w
9799,PT:DET,1,1,0.972441,0,0,1.73356,0,0.771346,0.986715,0.847689,0.934546,0.940459,0,0,1.06641,1.98284,0,0,1,0,0,0,1,w,w
9800,PT:DET,1,1,0.958254,0,0,1.53017,0,0.70201,1.02959,0.702733,0.611918,1.14125,0,0,0.851491,2.6241,0,0,1,0,0,0,0,w,w
9801,PT:DET,1,1,0.939649,0,0,0.982143,0,0.827854,1.36653,0.947383,0.704517,0.868988,0,0,0.714846,3.35819,0,0,1,0,0,0,1,w,w
9802,PT:DET,1,1,0.943864,0,0,0.933724,0,0.772182,0.814651,0.771542,0.698084,0.978714,0,0,0.564996,2.5937,0,0,1,0,0,0,0,w,w
9803,PT:DET,1,1,0.956321,0,0,1.18055,0,0.771266,1.37121,0.785186,0.801324,1.13026,0.564772,0,0.632947,3.46537,0,0,1,0,0,0,0,w,w
9804,PT:DET,1,1,0.960448,0,0,0.69231,0,0.60459,0.634472,0.52617,1.12287,1.45419,0.775622,0,0,2.78069,0,0,1,0,0,0,0,w,w
9805,PT:DET,1,1,0.943351,0,0,0,0,0.70278,0,0.670632,1.29323,1.52118,0.632567,0,0.664354,2.50805,0,0,1,0,0,0,0,w,w
9806,PT:DET,1,1,0.906556,0,0,1.70886,0.632254,0.665767,0.74611,0.89906,1.33352,1.94155,0.866965,0.517985,1.29682,1.48475,0,0,1,1,0,0,0,w,w
14199,PT:DET,1,1,0.943182,0.56049,1.67852,0.748272,0.813283,0,1.26398,0,0,0,1.35598,0,0,1.7618,0.655277,1,1,0,0,0,1,w,w
14200,PT:DET,1,1,0.94005,0.567479,1.54058,0.776893,0.941172,0,1.35899,0,0,0,1.47692,0,0,2.08947,0.681868,1,0,0,0,0,1,w,w
14201,PT:DET,1,1,0.935789,0,1.34788,0.651574,0.952161,0,1.17473,0,0,0,1.50529,0,0,2.26394,0.687042,1,0,0,0,0,1,w,w
14202,PT:DET,1,1,0.935097,0,1.5239,0.604459,0.976268,0,1.24549,0,0,0,1.48008,0,0,2.24262,0.683511,1,0,0,0,0,1,w,w
14203,PT:DET,1,1,0.935826,0,1.45302,0.640926,0.863161,0,1.51363,0,0,0,1.6616,0,0,2.35306,0.706613,1,0,0,0,0,1,w,w
14204,PT:DET,1,1,0.961011,0,1.38294,0.919674,0.879917,0,1.51972,0,0,0,1.86144,0,0,1.85069,0.739575,1,0,0,0,0,1,w,w
14210,PT:DET,1,1,0.947383,0.646399,1.62072,0.833131,0.810594,0,0.618305,0,0,0,1.57638,0,0,2.90049,0.708436,1,0,0,0,0,1,w,w
14211,PT:DET,1,1,0.933374,0.707127,1.65391,1.00499,0.762453,0,1.02429,0,0,0,1.54185,0,0.920543,2.68743,0.747631,1,0,0,0,0,1,w,w
14212,PT:DET,1,1,0.93593,0.586011,1.97706,0.504411,0.587444,0,0.690604,0,0,0,1.45037,0,0.830233,2.26626,0.736851,1,0,0,0,0,1,w,w
14213,PT:DET,1,1,0.939459,0,1.76147,0.685106,0,0,0.975731,0,0,0,1.65947,0,0,1.84666,0.766685,1,0,0,0,0,1,w,w
14214,PT:DET,1,1,0.940515,0,1.45535,0.899798,0,0,1.08301,0,0,0,2.04855,0,0,2.33817,0.664884,1,0,0,0,0,1,w,w
14215,PT:DET,1,1,0.933994,0,1.32548,0.518026,0,0,0,0,0,0,1.4503,0,0.698673,2.99818,0.681815,1,0,0,0,0,1,w,w
14216,PT:DET,1,1,0.933585,0,1.5951,0.730483,0,0,0,0,0,0,1.76621,0,0.736182,2.54558,0.647402,0,0,0,0,0,1,w,w
14217,PT:DET,1,1,0.948252,0,1.4586,1.04589,0,0,0.503462,0,0,0,2.04736,0,0,2.67458,0.642247,1,0,0,0,0,1,w,w
14220,PT:DET,1,1,0.964518,0,0.95326,0.880781,1.03653,0,0.84034,0,0,0,1.27984,0,0,2.37033,0.530963,1,0,0,0,0,1,w,w
14221,PT:DET,1,1,0.96095,0,0.798702,0.744125,0,0,1.07344,0,0,0,1.37527,0,0,2.57104,0.516052,1,0,0,0,0,1,w,w
14222,PT:DET,1,1,0.960908,0,0.785487,0.679272,0,0,1.12613,0,0,0,1.28925,0,0,2.40767,0.525207,1,0,0,0,0,1,w,w
14223,PT:DET,1,1,0.960829,0.579239,0.756519,0.853536,0,0,1.17928,0,0,0,1.34689,0,0.515966,2.54971,0,1,0,0,0,0,1,w,w
14224,PT:DET,1,1,0.959836,0.579835,0.640417,0.711149,0,0,0.987979,0,0,0,1.36747,0,0,2.15339,0,1,0,0,0,0,1,w,w
14225,PT:DET,1,1,0.954677,0.679084,0.686913,0.708624,0,0,0.912248,0,0,0,1.73493,0,0,1.60502,0.505246,1,0,0,1,0,1,w,w
14226,PT:DET,1,1,0.951466,1.00615,0.847555,0.503101,0,0,0.578974,0,0,0,2.0661,0,0,1.27746,0,1,0,1,1,0,0,w,w
14227,PT:DET,1,1,0.91981,1.23485,0.702273,0,0,0,0,0,0,0,2.22153,0,0.513251,1.17822,0,1,0,1,1,0,0,w,w
14228,PT:DET,1,1,0.908718,0.999442,1.07431,0,0,0,0,0,0,0,2.64789,0.534647,0,1.02182,0,0,0,1,1,0,0,w,w
14229,PT:DET,1,1,0.890937,1.11849,1.17803,0,0,0,0,0,0,0,2.69982,0.534517,0,0,0,0,0,1,1,0,0,w,w
14230,PT:DET,1,1,0.834194,0.815069,1.11582,0,0,0,0,0,0,0,2.89812,0.73705,0.693579,0,0,1,0,1,1,0,0,w,w
14231,PT:DET,1,1,0.816779,0.868467,1.29449,0,0,0,0,0,0,0,2.81384,0.774628,0.765924,0,0,1,0,1,1,0,0,w,w
14232,PT:DET,1,1,0.810259,0.837844,1.11785,0,0,0,0,0,0,0,2.84988,0.819994,0.839221,0,0,1,0,1,1,0,0,w,w
14233,PT:DET,1,1,0.792985,0.937629,1.03723,0,0,0,0,0,0,0,2.92289,0.921415,0.79592,0,0,1,0,1,1,0,0,w,w
14234,PT:DET,1,1,0.786405,1.2019,1.21645,0,0,0,0,0,0,0,2.84196,0.864506,0.666964,0,0,1,0,1,1,0,0,w,w
14235,PT:DET,1,1,0.7889,1.45181,1.08296,0,0,0,0.561315,0,0,0,2.76959,0.879394,0.546868,0,0,1,0,1,1,0,0,w,w
14236,PT:DET,1,1,0.811766,1.58996,1.16659,0,0,0,0,0,0,0,2.66851,0.988056,0.508568,0,0,1,0,1,1,0,0,w,w
14237,PT:DET,1,1,0.832463,1.32182,0.755237,0,0,0,0,0,0,0,2.651,0.955504,0.637247,0,0,0,0,1,1,0,0,w,w
14238,PT:DET,1,1,0.8538,1.163,0.699731,0,0,0,0,0,0,0,2.94123,1.04101,0.829538,0,0,0,0,1,1,0,0,w,w
14239,PT:DET,1,1,0.859101,1.18146,0.96501,0,0.518094,0,0,0,0,0,2.76688,1.09872,0.997611,0,0,0,0,1,1,0,0,w,w
14240,PT:DET,1,1,0.856054,1.12883,1.00158,0,0.620116,0,0,0,0,0,2.94614,0.999583,0.925045,0,0,0,0,1,1,0,0,w,w
14241,PT:DET,1,1,0.852587,1.00843,1.06159,0,0.70194,0,0,0,0,0,3.2117,0.95666,0.821387,0,0,0,0,1,1,0,0,w,w
14242,PT:DET,1,1,0.852171,1.18346,1.07259,0,0.57866,0,0,0,0,0,2.89971,0.889268,0.919439,0,0,0,0,1,1,0,0,w,w
14243,PT:DET,1,1,0.855818,1.01476,0.949471,0,0,0,0.513023,0,0,0,2.94215,0.951745,0.725497,0,0,0,0,1,1,0,0,w,w
