time_stamp,word,frame,success,confidence,AU01_r,AU02_r,AU04_r,AU05_r,AU06_r,AU09_r,AU10_r,AU12_r,AU14_r,AU15_r,AU17_r,AU20_r,AU25_r,AU26_r,AU04_c,AU12_c,AU15_c,AU23_c,AU28_c,AU45_c,speaker_gender,listener_gender
30317,HORNS,1,1,0.970419,0.79762,0.981818,0,0.555243,0,0,0,1.21471,0,0,0,1.57149,0.861157,0,0,0,1,0,0,1,w,m
30319,HORNS,1,1,0.929465,0.711151,0.958933,0,0,0,0,0,0.893461,0,0,0,0.740391,0.979816,0,0,0,1,0,0,1,w,m
30320,HORNS,1,1,0.932168,0.762953,0.938163,0,0.542207,0,0,0,0.731614,0,0,0,0,1.3094,0,0,0,1,0,0,1,w,m
30321,HORNS,1,1,0.937314,0.847854,0.964461,0,0,0,0,0,0.660474,0,0,0,0.534714,1.31793,0,0,0,1,0,0,1,w,m
30322,HORNS,1,1,0.975533,1.07245,1.20899,0,0,0,0.51027,0,0.969455,0,0.757915,0,0,1.67777,0,0,0,1,0,0,1,w,m
30323,HORNS,1,1,0.982231,1.13741,1.3902,0,0,0,0.574547,0,0.911532,0.602986,1.05929,0,0.864588,2.6552,0,0,0,1,0,0,1,w,m
30324,HORNS,1,1,0.97854,1.11423,1.32041,0,0.52861,0.557703,0.977148,0,1.27302,0.846211,1.07335,0,0.755512,2.72291,0,0,0,1,0,0,1,w,m
30325,HORNS,1,1,0.977574,1.22093,1.4715,0,0,0.559713,1.19184,0.524413,1.1299,0.874753,1.15914,0,0.81877,2.63984,0,0,0,1,0,0,1,w,m
30326,HORNS,1,1,0.980711,1.23202,1.54932,0,0,0.597814,0.509315,0.556489,1.38227,0.870891,0.889736,0,1.17561,2.8831,0,0,1,1,0,0,1,w,m
30327,HORNS,1,1,0.982993,1.19082,1.33241,0,0,0.637843,0,0.647767,1.44017,1.04722,1.08862,0,0.983407,2.59703,0,0,1,1,0,0,1,w,m
30328,HORNS,1,1,0.981092,1.11801,1.1969,0,0,0.612413,0.83928,0.53524,1.45998,1.15502,1.08982,0,1.14292,2.43095,0,0,0,1,0,0,1,w,m
30329,HORNS,1,1,0.980243,0.93819,1.02337,0,0,0.627012,0.528531,0.567695,1.57574,1.20048,1.0012,0,1.15936,2.37791,0,0,0,1,0,0,1,w,m
30330,HORNS,1,1,0.984784,0.971347,0.859579,0,0,0.568997,0.740405,0.538128,1.38531,1.29622,0.936924,0,1.09296,2.14598,0,0,0,1,0,0,1,w,m
30331,HORNS,1,1,0.984149,0.839037,0.873529,0,0,0.583523,0.718453,0.515124,1.48826,1.25098,0.987279,0,1.11645,2.13184,0,0,0,1,0,0,1,w,m
30332,HORNS,1,1,0.98362,0.733448,0.896482,0,0,0.643853,0,0.592166,1.57905,1.0833,1.03973,0,1.3182,2.24723,0,0,1,1,0,0,1,w,m
30333,HORNS,1,1,0.980879,0.785791,1.03715,0,0.604631,0.509567,0,0,1.54374,0.863084,0.967845,0,1.19227,2.43124,0,0,0,1,0,0,1,w,m
30334,HORNS,1,1,0.981961,0.618036,1.13198,0,0.877769,0,0,0,1.4923,0.799335,1.12949,0,1.16694,1.78355,0,0,0,1,0,0,1,w,m
30638,HORNS,1,1,0.981988,0,0,1.68558,0.656946,0,0,0,0,0.818984,0,0,0,1.97322,0,1,0,0,0,0,1,w,m
30639,HORNS,1,1,0.981854,0,0,1.21108,0.616408,0,0,0,0,0.84043,0,0,0,1.49276,0,1,0,0,0,0,1,w,m
30640,HORNS,1,1,0.976456,0,0,0.777027,0.792551,0,0,0,0,0.69649,0,0,0,0.840913,0,1,0,0,0,0,1,w,m
30641,HORNS,1,1,0.976472,0,0,0.982691,0,0,0,0,0,0.631727,0,0.714848,0,0,0,1,0,0,0,0,1,w,m
30642,HORNS,1,1,0.972566,0,0,1.07767,0.528149,0,0,0,0,0,0,0.607424,0,0,0,1,0,0,0,0,1,w,m
30643,HORNS,1,1,0.976281,0,0,0.836307,0,0,0,0,0,0.623621,0,0,0,0,0,1,0,0,0,0,1,w,m
30644,HORNS,1,1,0.979811,0,0,1.06706,0,0,0,0.507421,0,0.673172,0,0,0,1.33489,0,1,0,0,0,0,1,w,m
30645,HORNS,1,1,0.974643,0,0,0.97603,0,0,0,0.541242,0,1.04347,0.571726,0,0,1.66945,0,1,0,0,0,0,1,w,m
30646,HORNS,1,1,0.978661,0,0,1.00501,0,0,0,0,0,0.964044,0.716523,0,0,0.894953,0,1,0,0,0,0,0,w,m
30647,HORNS,1,1,0.976435,0,0,1.01652,0,0,0,0,0,1.1545,0.686479,0.734541,0,0.551182,0,1,0,0,0,0,1,w,m
30648,HORNS,1,1,0.968049,0,0,0.988324,0,0,0,0,0,1.01921,0,0.710007,0,0,0,1,0,0,0,0,1,w,m
30649,HORNS,1,1,0.955063,0,0,1.10837,0,0,0,0,0,0.882493,0,0.627355,0,0,0,1,0,0,0,0,0,w,m
30650,HORNS,1,1,0.961673,0,0,1.14696,0,0,0,0,0,0.863575,0.642605,0,0,0,0,1,0,0,0,0,1,w,m
30651,HORNS,1,1,0.945563,0.549717,1.1752,1.38414,0,0,0,0.656184,0,1.24034,0.828811,0.553623,0,0,0,1,0,0,0,0,1,w,m
30652,HORNS,1,1,0.970347,0,1.05226,1.27855,0,0,0.571873,0.958177,0,1.6443,1.11028,0,0,0,0,1,0,0,0,0,1,w,m
30653,HORNS,1,1,0.970017,0,1.37229,1.13041,0,0.642788,0.608355,1.09186,0,1.4145,0.901888,0.511301,0,0,0,1,0,0,0,0,1,w,m
30654,HORNS,1,1,0.967328,0,0.868081,1.46561,0,0.679944,0,1.08322,0.675719,1.6048,1.03068,0.534889,0,0,0,1,1,0,0,0,1,w,m
30655,HORNS,1,1,0.960947,0.502529,1.219,1.44677,0,0.670285,0.857426,1.04935,0.820531,1.65308,0.879514,0,0,0,0,1,1,0,0,0,1,w,m
30656,HORNS,1,1,0.960164,0,1.02794,1.20287,0,0.63646,0,1.01922,1.08607,1.62036,0.887137,0,0,0,0,1,1,0,0,0,1,w,m
30657,HORNS,1,1,0.953837,0,0.922282,1.19745,0.52368,0.638927,0,1.00693,0.926006,1.49346,0.736683,0,0,0,0,1,1,0,0,0,1,w,m
30658,HORNS,1,1,0.949541,0,0.641344,1.36585,0.50355,0.674377,0,1.01907,1.10063,1.41191,0.594122,0,0,0,0,1,1,0,0,0,1,w,m
30659,HORNS,1,1,0.941211,0,0,1.2636,0,0.685634,0,1.06578,1.02066,1.47028,0.571668,0,0,0,0,1,1,0,0,0,1,w,m
30660,HORNS,1,1,0.939683,0,0,1.1106,0,0.720758,0.554946,1.11358,1.21057,1.5169,0,0,0,0,0,1,1,0,0,0,1,w,m
30661,HORNS,1,1,0.908893,0,0,0.723031,0,0.76957,0,1.26717,0.998677,1.24947,0,0,0,0,0,1,1,0,0,0,1,w,m
30662,HORNS,1,1,0.897344,0,0,0.941098,0,0.736729,0.712434,1.27632,1.04653,1.39015,0,0,0,0,0,1,1,0,0,0,1,w,m
30663,HORNS,1,1,0.876671,0,0,0.917169,0,0.692529,0.561843,1.20576,0.942142,1.08049,0,0,0,0,0,1,1,0,1,0,1,w,m
30664,HORNS,1,1,0.915644,0,0,1.04131,0,0.548937,0,0.830409,0.594569,0.73969,0,0,0,0,0,1,1,0,1,0,1,w,m
30665,HORNS,1,1,0.91185,0,0,0.874763,0,0.628803,0.6428,0.955607,0.523736,0.631633,0,0,0,1.00387,0,1,0,0,1,0,1,w,m
30666,HORNS,1,1,0.942641,0,0,1.07698,0,0.57212,0.738415,0.729289,0,0.787655,0,0,0,1.11651,0,1,1,0,0,0,1,w,m
30667,HORNS,1,1,0.955256,0,0,1.23307,0,0.692299,0.655188,0.904258,0.546833,0.835312,0.609312,0,0,0.941902,0,1,1,1,0,0,0,w,m
30668,HORNS,1,1,0.967842,0,0,1.25239,0,0.668297,0,0.78772,0,0.89712,0,0,0.687504,1.66332,0,1,1,1,0,0,1,w,m
30669,HORNS,1,1,0.972031,0,0,1.16045,0,0.743312,0,0.944356,0.615841,0.93762,0,0,0.520329,1.26195,0,1,1,1,0,0,1,w,m
30670,HORNS,1,1,0.971788,0,0,1.03154,0,0.693048,0,0.839438,0.824553,1.32799,0,0,0,1.23028,0,1,1,1,0,0,1,w,m
30671,HORNS,1,1,0.974981,0,0,1.07658,0,0.747332,0,0.939934,1.02262,1.52693,0.781352,0,0.652807,0.953735,0,1,1,1,0,0,1,w,m
30672,HORNS,1,1,0.978912,0,0,1.03594,0,0.792251,0.867436,1.00903,1.04731,1.71374,0.694265,0,0.694782,1.16172,0,1,1,1,0,0,1,w,m
30673,HORNS,1,1,0.979404,0,0,1.04008,0,0.788653,1.05296,0.988151,1.0771,1.61321,0.643854,0,0.891646,1.17491,0,1,1,1,0,0,1,w,m
30674,HORNS,1,1,0.980365,0,0,1.16794,0,0.77652,1.18163,0.984108,0.955099,1.72805,0.760052,0,0.979399,0.88879,0,1,1,1,0,0,1,w,m
30675,HORNS,1,1,0.98233,0,0,1.18747,0,0.766955,1.18472,0.967709,1.09868,1.72676,0.574012,0,0.864929,1.21761,0,1,1,1,1,0,1,w,m
30676,HORNS,1,1,0.983029,0,0,1.19338,0,0.807256,1.22418,1.02606,1.08353,1.68812,0.640568,0,0.669127,1.01503,0,1,1,1,1,0,1,w,m
30677,HORNS,1,1,0.976705,0,0,0.984353,0,0.849425,1.12652,1.07786,1.21927,1.78636,0.64346,0,0,0.842843,0,1,1,1,1,0,1,w,m
30678,HORNS,1,1,0.970522,0,0,1.05852,0,0.772287,1.3516,0.935789,1.1298,1.68122,0.513923,0,0.636738,0.654835,0,1,1,1,1,0,1,w,m
30679,HORNS,1,1,0.969533,0,0,1.23206,0,0.774718,1.29304,0.917327,0.906628,1.57508,0.717933,0,0.784189,0.585185,0,1,1,1,1,0,1,w,m
30680,HORNS,1,1,0.974523,0,0,1.13511,0,0.715562,1.0379,0.792542,0.992569,1.67681,0,0,1.31182,1.13595,0,1,1,1,1,0,1,w,m
30681,HORNS,1,1,0.97533,0,0,0.88027,0,0.79203,1.01637,0.907399,1.10818,1.66889,0.529363,0,1.02759,0.911091,0,1,1,1,1,0,1,w,m
30682,HORNS,1,1,0.974796,0,0,1.02307,0,0.780514,0.960979,0.907771,1.03796,1.70884,0,0,1.13312,1.24858,0,1,1,1,0,0,1,w,m
30683,HORNS,1,1,0.978032,0,0,1.04977,0,0.817838,0.86399,0.893202,1.18138,1.56675,0.572222,0,0.873199,1.56116,0,1,1,1,1,0,1,w,m
30684,HORNS,1,1,0.973627,0,0,1.25304,0,0.835052,0.710016,0.918509,1.47299,1.57155,0.529132,0,0.81237,2.52935,0.571601,1,1,1,1,0,1,w,m
30685,HORNS,1,1,0.97336,0,0,1.09281,0,0.806753,0.713733,0.899622,1.44029,1.60128,0,0,0.601441,2.59182,0.580872,1,1,1,0,0,1,w,m
30686,HORNS,1,1,0.969376,0,0,1.16308,0,0.810159,0.956517,0.887794,1.36192,1.68553,0.544657,0,0.702057,2.34579,0.56555,1,1,1,1,0,1,w,m
30687,HORNS,1,1,0.970779,0,0,0.996893,0,0.776907,0.539709,0.865859,1.44151,1.76334,0.58538,0,0.782385,2.43642,0.541658,1,1,1,1,0,1,w,m
30688,HORNS,1,1,0.968082,0,0.500661,0,0,0.77083,0,0.707368,1.47372,1.71589,0,0.527861,0,0,0,0,1,1,1,0,1,w,m
30689,HORNS,1,1,0.94281,0,1.09598,0,0,0.597823,0,0.656526,1.29953,1.64145,0,0.55265,0,0,0,1,1,1,0,0,1,w,m
30690,HORNS,1,1,0.867076,0.580922,1.4258,0.573555,0,0,0,0.530567,0.975793,1.2062,0.859263,0.765728,0,0,0,1,1,1,0,0,1,w,m
30691,HORNS,1,1,0.960302,1.45299,2.33327,1.99459,0,0,1.0367,0.564053,1.301,0.64547,0,0.618691,1.43205,0,0,1,1,1,1,0,1,w,m
30692,HORNS,1,1,0.954494,1.35049,2.84246,1.78951,0.68658,0,0,0.511249,1.73458,1.16752,0,0.978443,1.82892,0,0,1,1,1,0,0,0,w,m
