time_stamp,word,frame,success,confidence,AU01_r,AU02_r,AU04_r,AU05_r,AU06_r,AU09_r,AU10_r,AU12_r,AU14_r,AU15_r,AU17_r,AU20_r,AU25_r,AU26_r,AU04_c,AU12_c,AU15_c,AU23_c,AU28_c,AU45_c,speaker_gender,listener_gender
5943,ARRIVE,1,1,0.931501,0,0,0,0.621103,0,0,0,0,0,1.41009,0,1.1882,0,0,0,0,0,0,0,0,m,w
5944,ARRIVE,1,1,0.934443,0,0,0,0.988512,0,0,0,0,0,1.14819,0,0.965749,0.636631,0,0,0,0,0,0,0,m,w
5945,ARRIVE,1,1,0.930867,0,0,0,0.887802,0,0,0,0,0,1.29666,0,0.904513,0.537547,0,0,0,0,0,0,0,m,w
5946,ARRIVE,1,1,0.932028,0,0,0,0.702162,0,0,0,0,0,1.24119,0,1.19791,0,0,0,0,0,0,0,0,m,w
5947,ARRIVE,1,1,0.9267,0,0,0,0.631676,0,0,0,0,0,1.28176,0,1.2559,0,0,0,0,0,0,0,0,m,w
5948,ARRIVE,1,1,0.919645,0,0,0,0.600614,0,0,0,0,0,1.24944,0,1.0247,0,0,0,0,1,0,0,0,m,w
5949,ARRIVE,1,1,0.932586,0,0,0,0.87527,0,0,0,0,0,1.09733,0,0.629358,0.835815,0,0,0,0,0,0,0,m,w
5950,ARRIVE,1,1,0.929212,0,0,0.667295,1.06272,0,0,0,0,0,0.830757,0,1.0729,1.45341,0,1,0,0,0,0,0,m,w
5951,ARRIVE,1,1,0.925979,0,0,0.761526,0.907945,0,0,0,0,0,1.27844,0,0.946311,0,0,1,0,0,0,0,0,m,w
5952,ARRIVE,1,1,0.926418,0,0,0.825138,1.01459,0,0,0,0,0,1.26004,0,0.852062,0,0,1,0,0,0,0,0,m,w
5953,ARRIVE,1,1,0.926179,0,0,0,0.654587,0,0,0,0,0,0.980799,0,0.780371,1.61313,0,0,0,0,0,0,0,m,w
5954,ARRIVE,1,1,0.945396,0,0,0.971483,0.793872,0,0,0,0,0,0.874167,0,0.918383,1.6979,0,1,0,0,0,0,0,m,w
5955,ARRIVE,1,1,0.942441,0,0,0.725542,0.94481,0,0,0,0,0,0.952973,0,0.898712,1.41123,0,0,0,0,0,0,0,m,w
5956,ARRIVE,1,1,0.946961,0,0,0.855961,0.941728,0,0,0,0,0,0.833283,0,0.879687,0.645248,0,1,0,0,0,0,0,m,w
5957,ARRIVE,1,1,0.94526,0,0.623301,1.01366,0.966901,0,0,0,0,0,0.945002,0,0.934101,0.696277,0,0,0,0,0,0,0,m,w
5958,ARRIVE,1,1,0.943143,0,0.632368,0.99592,0.70951,0,0,0,0,0,0.601208,0,1.00554,1.2903,0,0,1,0,0,0,0,m,w
5959,ARRIVE,1,1,0.941331,0,0,0.937043,0.694469,0,0,0,0,0.609622,0.599484,0,1.10932,0,0,1,0,0,0,0,0,m,w
5960,ARRIVE,1,1,0.925602,0,0,0.807792,0,0,0.786614,0,0,0.97387,0.791253,0,1.24273,0,0,1,0,0,0,0,1,m,w
5969,ARRIVE,1,1,0.892022,0,0,0.764611,0.526554,0,0.666453,0,0,0.562889,1.03885,0,0.685367,0,0,0,0,1,0,0,0,m,w
5970,ARRIVE,1,1,0.894355,0,0.978003,1.6974,0,0,0.969405,0,0,1.26202,0.842137,0.782823,1.03473,1.1439,0,0,0,1,1,0,0,m,w
5971,ARRIVE,1,1,0.909866,0.836304,1.22762,1.88223,0,0,1.00102,0,0,1.43315,0,0.771277,0.917793,0,0,0,0,0,0,0,1,m,w
5975,ARRIVE,1,1,0.944014,0.945487,0,2.40874,0,0,1.42275,0,0,0.981784,0,0,1.28383,0.83868,0,1,0,1,1,0,1,m,w
5976,ARRIVE,1,1,0.921036,0.826819,0,2.78367,0,0,1.09778,0,0,0,0,0,0.537072,2.20571,0.505884,1,0,0,1,0,1,m,w
5977,ARRIVE,1,1,0.937815,0.75998,0,2.30411,0,0,1.2204,0,0,0.55951,0,0,0.752611,1.81093,0.57472,1,0,0,1,0,1,m,w
5978,ARRIVE,1,1,0.951398,0.929507,0,2.66196,0,0,1.04992,0,0,0.776691,0,0,0.560436,2.0559,0,1,0,0,1,0,0,m,w
5979,ARRIVE,1,1,0.92212,0.80852,0,2.18051,0,0,0.895653,0,0,1.21962,0,0,0.684949,0,0,1,0,0,1,0,0,m,w
5980,ARRIVE,1,1,0.929254,0.86398,0,2.58554,0,0,1.17169,0,0,1.18104,0,0.581735,0,2.09384,0.520199,1,0,0,1,0,0,m,w
5981,ARRIVE,1,1,0.85222,0.812378,0,2.20027,0,0,0,0,0,0,0.687216,0,0.516854,2.1607,0.718193,1,0,0,1,0,1,m,w
5982,ARRIVE,1,1,0.816572,0.932676,0,1.58764,0.741742,0,0.735441,0,0,0,0.837225,0,1.18094,2.98573,0.72847,0,1,0,1,0,0,m,w
5983,ARRIVE,1,1,0.768392,0.692951,0.736636,0,1.31292,0,0,0,1.05167,0,0,0,2.08978,3.34617,0.681161,0,1,0,1,0,0,m,w
5984,ARRIVE,1,1,0.768431,0.920483,0.859383,0,1.34074,0,0,0,1.4555,0,0.609383,0,1.49754,2.10857,0.539851,1,1,0,1,0,1,m,w
5985,ARRIVE,1,1,0.749683,1.12769,0.941932,0,1.69049,0,0,0,1.56939,0,1.10888,0,1.02185,2.50984,0,0,1,0,1,0,0,m,w
5986,ARRIVE,1,1,0.806759,1.08913,1.35476,0,1.63083,0,0,0,1.6392,0,1.2885,0,0.552678,2.55368,0,1,1,0,1,0,0,m,w
5987,ARRIVE,1,1,0.752176,1.23742,1.56881,0,1.89541,0,0,0,1.91007,0,0.938374,0,0,2.22385,0,0,1,0,1,0,0,m,w
5988,ARRIVE,1,1,0.793349,1.23612,1.92943,0,1.82989,0,0,0,1.72233,0,1.2201,0,0,2.03635,0,1,1,0,0,0,0,m,w
5989,ARRIVE,1,1,0.796445,1.15059,1.2938,0,1.7942,0,0,0,1.83318,0,1.15507,0,0,2.56808,0,0,1,0,0,0,0,m,w
5990,ARRIVE,1,1,0.884655,0.862381,0.528535,0,1.52889,0,0,0,1.67994,0,1.48698,0,0.736732,2.88224,0,1,1,0,0,0,0,m,w
5991,ARRIVE,1,1,0.894173,0.616976,0,0.624169,1.6706,0,0,0,1.22754,0,1.40331,0,1.53978,2.20033,0,1,1,0,0,0,0,m,w
5992,ARRIVE,1,1,0.843982,0,0,0,1.81379,0,0,0,1.07664,0,1.33303,0,1.51129,2.12043,0,0,1,0,1,0,0,m,w
5993,ARRIVE,1,1,0.846576,0.511019,0,0,1.81884,0,0,0,1.07126,0,1.05373,0,1.93396,2.88845,0,0,1,0,1,0,0,m,w
5994,ARRIVE,1,1,0.8828,0.898159,0,0,1.51215,0,0,0,1.18758,0,1.14408,0,1.05356,3.03432,0,1,1,0,0,0,0,m,w
5995,ARRIVE,1,1,0.911969,0.999136,0.682412,0,1.60946,0,0,0,1.39562,0,1.24492,0,1.05982,2.58385,0,0,1,0,0,0,0,m,w
5996,ARRIVE,1,1,0.906768,1.17916,1.15452,0,1.59768,0,0,0,1.41864,0,1.16374,0,0,1.64202,0,0,1,0,0,0,0,m,w
5997,ARRIVE,1,1,0.934487,0.958476,0.765984,0,1.33704,0,0,0,1.31183,0,1.01133,0,0.877787,2.31343,0,1,1,0,0,0,0,m,w
5998,ARRIVE,1,1,0.870508,1.031,0,0,1.38362,0,0,0,1.36256,0,0.78755,0,0,0.949876,0,0,1,0,0,0,0,m,w
5999,ARRIVE,1,1,0.799869,1.31999,0,0,1.52394,0,0,0,1.23639,0,0,0,0,0.697942,0,0,1,0,0,0,0,m,w
6000,ARRIVE,1,1,0.824421,1.28767,0.520765,0,1.16683,0,0,0,1.42238,0,0.658539,0,0,0.873826,0,0,1,0,0,0,0,m,w
6201,ARRIVE,1,1,0.759326,0,0,0,0,0,0,0,0.643044,0,0,0.892026,0,2.63032,0,0,1,0,1,0,0,m,w
6202,ARRIVE,1,1,0.886559,0.513001,0,0,0,0,0,0.510843,1.14428,1.24675,0,1.09323,1.27719,3.51756,0,0,1,0,1,0,0,m,w
6203,ARRIVE,1,1,0.859866,1.25402,0,0,1.11018,0,0,0,1.27504,0.576696,0,1.0425,2.50473,2.92466,0,0,1,0,1,0,0,m,w
6204,ARRIVE,1,1,0.930749,0,0,0,1.3136,0,0,0,0,1.78985,0,0.728299,1.83451,0.912943,0,0,1,0,1,0,0,m,w
6205,ARRIVE,1,1,0.935574,0,0,0.50709,1.20476,0,0,0,0,1.45357,0,0.683983,1.82923,0,0,0,0,0,1,0,0,m,w
6206,ARRIVE,1,1,0.895047,0.655183,0,0.940099,0,0,0.653479,0,0,1.62858,0,0.629053,1.65305,0,0,0,0,1,0,0,0,m,w
6212,ARRIVE,1,1,0.81906,0,0,0,0,0,0,0,0,0,0.622796,0,0,1.21147,0,1,0,0,0,0,0,m,w
6213,ARRIVE,1,1,0.877107,0,0,0,0,0,0,0,0,0,0.722308,0,0,1.08872,0,0,0,0,0,0,0,m,w
6220,ARRIVE,1,1,0.878492,0.606245,0,0,1.19551,0,0.769663,0,0,1.02875,1.01978,0.529975,0,0.828786,0.517052,0,0,0,0,0,0,m,w
6221,ARRIVE,1,1,0.875878,0.791223,0.516791,0,1.06971,0,0,0,0,0.918475,1.11495,0.63552,0,0,0,0,0,0,0,0,0,m,w
6222,ARRIVE,1,1,0.838037,0.860933,0,0,0.534039,0,0,0,0,1.43937,1.28098,1.1735,0,0,0,0,0,1,1,0,0,m,w
6223,ARRIVE,1,1,0.858253,0.738282,0,0,0.571989,0,0,0,0,1.4831,1.05473,1.03283,0,0,0,0,0,0,1,0,0,m,w
6239,ARRIVE,1,1,0.851854,0,0.549634,0,0,0,0,0,0,0,0.828417,0,0.829462,4.28315,0.667968,0,0,0,1,0,0,m,w
6240,ARRIVE,1,1,0.820062,0,0.66185,0,0,0,0,0,0,0.66722,0.531597,0,0.708376,3.68184,0.686042,0,0,0,1,0,0,m,w
6242,ARRIVE,1,1,0.763668,0,1.11123,0,0,0,0.593198,0,0,1.1803,0,0,1.13521,2.9478,0.505284,1,1,0,1,0,0,m,w
6243,ARRIVE,1,1,0.810289,0,0.854521,0,0,0,0.828061,0.550909,0,1.61848,0,0,0,3.71134,0.534145,1,1,0,1,0,0,m,w
6244,ARRIVE,1,1,0.795956,0,0.913493,0,0,0.663019,0.767409,0.711672,0,1.83286,0,0,0,3.78868,0.582457,0,1,0,1,0,0,m,w
6245,ARRIVE,1,1,0.797904,0,0.795418,0,0,0.745536,0,0.779375,0,1.45713,0,0,0,3.39934,0.563345,0,1,0,1,0,0,m,w
6246,ARRIVE,1,1,0.814191,0,0,0,0,0.639972,0,0.629213,0,1.40186,0,0,0.553354,3.01645,0.512894,1,1,0,1,0,0,m,w
6247,ARRIVE,1,1,0.879313,0,0,0,0,0.815535,0,0.689845,0.738889,1.40515,0,0,0.887969,2.48075,0,0,1,0,1,0,0,m,w
6248,ARRIVE,1,1,0.852234,0,0,0.667964,0.502894,0.903506,0,0.750068,0.915395,1.44759,0,0,0.552447,2.58475,0,1,1,0,1,0,0,m,w
6249,ARRIVE,1,1,0.886648,0,0,1.12756,0,0.933765,0,0.798486,0.861294,1.4644,0,0,0,2.89399,0,1,1,0,1,0,0,m,w
6250,ARRIVE,1,1,0.877423,0,0,1.17579,0,0.853223,0,0.631943,0.756856,1.32291,0,0,0,2.72053,0,1,1,0,1,0,0,m,w
6251,ARRIVE,1,1,0.858973,0,0.779826,0.836091,0,0.877698,0.763734,0.711417,0.798184,1.2391,0,0,0,2.49915,0,1,1,0,1,0,0,m,w
7274,ARRIVE,1,1,0.893862,1.28856,1.06733,0,0,0,0,0,0,0,0.761772,0,0,3.90454,0.806359,1,0,0,1,0,0,m,w
7275,ARRIVE,1,1,0.897207,0.755046,0,0,0,0,0,0,0,0,0.690439,0,0,2.83241,0.599839,1,0,0,1,1,0,m,w
7276,ARRIVE,1,1,0.922522,0.597842,0,0,0,0,0,0,0,0,0.750681,0.508328,0,2.93943,0.565184,1,0,0,1,1,0,m,w
7277,ARRIVE,1,1,0.923946,0.942133,0,0.765439,0,0,0,0,0,0,0.881617,0.533657,0,2.52756,0.586306,1,0,0,1,0,0,m,w
7278,ARRIVE,1,1,0.930276,1.47657,1.19937,0.97224,0,0,0.830433,0,0,0,0.611885,0,0,2.15532,0.689793,1,0,0,1,0,0,m,w
7279,ARRIVE,1,1,0.924234,1.29446,1.44545,1.05394,0,0,1.24912,0,0,0,0,0,0,2.26751,0.762313,1,0,0,1,0,0,m,w
7280,ARRIVE,1,1,0.954785,1.34874,1.00655,1.45662,0,0,0.888228,0,0,0,0.615377,0,0,3.52986,0.64606,1,0,0,1,0,0,m,w
7281,ARRIVE,1,1,0.964291,1.47606,0.624022,1.53435,0,0,1.37224,0,0,0,0,0.725075,0,3.74454,0,1,0,0,1,0,1,m,w
7282,ARRIVE,1,1,0.976643,1.30147,0,1.28374,0,0,1.19459,0,0,0,0,0.897114,0,3.28415,0,1,1,0,1,0,1,m,w
7283,ARRIVE,1,1,0.973649,1.40724,0.903526,1.84077,0,0,1.48699,0,0,0,0,1.05191,0,2.89201,0,1,1,0,1,0,1,m,w
7284,ARRIVE,1,1,0.977674,1.28532,0.916381,1.37016,0,0,1.22057,0,0,0,0,0.721538,0.647363,2.8955,0,1,1,0,1,0,1,m,w
7285,ARRIVE,1,1,0.974328,1.26381,0.729605,1.79507,0,0,1.09739,0,0,0,0.535347,0.894218,0.883174,2.94905,0,1,1,0,1,0,1,m,w
7286,ARRIVE,1,1,0.976782,1.53979,1.14282,1.91095,0,0,1.85421,0,0,0,0.602817,0.956836,0,3.00653,0,1,1,1,1,0,0,m,w
7287,ARRIVE,1,1,0.96805,1.26652,1.00678,1.8905,0,0,2.12226,0,0,0,0.737703,0,0,5,0,1,1,0,1,0,0,m,w
7288,ARRIVE,1,1,0.925355,0.898729,0.764358,2.97408,0,0,1.68465,0,0,0,0.813519,0,0,5,0.67881,1,1,0,1,0,0,m,w
7289,ARRIVE,1,1,0.931497,0.855492,0.684071,2.93949,0,0,1.78731,0.594183,0.500577,0,0.639679,0,0,5,0.851774,1,1,0,1,0,0,m,w
7290,ARRIVE,1,1,0.937993,1.00843,0.813107,3.01956,0,0.512749,1.69437,0.552807,0.689188,0,0.625068,0,0,5,0.878411,1,1,0,1,0,0,m,w
7291,ARRIVE,1,1,0.934734,1.16756,0.858279,3.0154,0,0.52954,1.93662,0.552957,0.719169,0,0,0,0,5,0.870092,1,1,0,1,0,0,m,w
7292,ARRIVE,1,1,0.941718,0.982208,0.584664,3.0263,0,0.513642,1.87261,0.529381,0.676785,0,0.542699,0,0,5,0.797753,1,1,0,1,0,0,m,w
7293,ARRIVE,1,1,0.924795,0.772838,0,2.98695,0,0.5054,2.05339,0.596414,0.632482,0,0.533764,0,0,5,0.822201,1,1,0,1,0,0,m,w
7294,ARRIVE,1,1,0.91371,0.885604,0.918191,2.96973,0,0,2.16362,0.564711,0,0,0.713949,0,0,5,0.847079,1,1,0,1,0,0,m,w
7295,ARRIVE,1,1,0.935566,1.01995,1.03407,3.28013,0,0,2.18591,0.529914,0,0,0.503632,0,0,5,0.71453,1,1,0,1,0,0,m,w
7296,ARRIVE,1,1,0.947481,1.07568,0.733987,3.23318,0,0,2.55032,0,0.511705,0,0.765766,0,0,5,0.752554,1,1,0,1,0,0,m,w
7297,ARRIVE,1,1,0.938937,1.23215,0.812602,3.03295,0,0,2.42964,0,0.566149,0.576549,0.537528,0,0,5,0.66613,1,1,0,1,0,0,m,w
7298,ARRIVE,1,1,0.931372,1.15982,0.67985,2.75688,0,0,2.29924,0,0.568383,0.536293,0.613514,0,0,5,0.691053,1,1,0,1,0,0,m,w
7299,ARRIVE,1,1,0.93498,1.22899,0.734633,2.97232,0,0.528953,2.18079,0,0.590131,0.522363,0.64409,0,0,5,0.630294,1,1,0,1,0,0,m,w
7300,ARRIVE,1,1,0.935056,1.11595,1.08837,3.30034,0,0,2.40425,0,0,0,0.732482,0,0,5,0.618343,1,1,0,1,0,0,m,w
7301,ARRIVE,1,1,0.923396,1.26611,1.22874,2.90569,0,0,2.49831,0,0,0,0.626214,0,0,5,0.633105,1,1,0,1,0,0,m,w
7302,ARRIVE,1,1,0.929203,1.02789,0.843926,2.49459,0,0,2.03858,0,0,0,0,0,0,5,0.713406,1,1,0,1,0,0,m,w
7303,ARRIVE,1,1,0.972513,1.41775,0.930816,2.04902,0,0,2.50644,0,0,0,0,0,0,5,0.923631,1,1,0,1,0,0,m,w
7304,ARRIVE,1,1,0.97378,1.16148,0.96271,2.10443,0,0,2.21387,0,0,0,0,0,0,5,1.01152,1,1,0,1,0,0,m,w
7305,ARRIVE,1,1,0.970867,1.28804,1.00217,1.98041,0,0,2.14779,0,0,0,0,0,0,5,0.900911,1,1,0,1,0,1,m,w
7306,ARRIVE,1,1,0.958914,1.86745,1.22147,2.39695,0,0,2.09764,0,0,0,0,0,0,5,0.960756,1,1,0,1,0,0,m,w
7307,ARRIVE,1,1,0.912439,1.72992,0.88145,1.76313,0,0.536417,1.86449,0,0.646709,0,1.05927,0,0,5,0.888663,1,1,0,1,0,0,m,w
7308,ARRIVE,1,1,0.873869,1.49367,1.35385,1.86736,0,0.692328,1.89392,0,0.90421,0,0.979832,0,0,5,0.868361,1,1,0,1,0,0,m,w
7309,ARRIVE,1,1,0.915647,1.34371,1.25521,1.89148,0,0.576368,1.85207,0,0.832068,0,0.907226,0,0,4.78594,0.784201,1,1,1,1,0,0,m,w
7310,ARRIVE,1,1,0.913648,1.27335,1.03326,1.68125,0.652278,0.503177,1.50788,0,0.821589,0,0.821028,0,0,4.38991,0.640691,1,1,1,1,0,0,m,w
7311,ARRIVE,1,1,0.923704,1.27529,1.10593,1.4057,0,0.655448,1.24753,0,0.810665,0.525981,0.848364,0,0,5,0,0,1,1,1,0,0,m,w
7312,ARRIVE,1,1,0.924018,1.04069,0,1.65371,0,0.684032,1.34842,0,1.06726,0,1.06636,0,0,4.69947,0.560403,1,1,1,1,0,0,m,w
7313,ARRIVE,1,1,0.925481,0.819447,1.13826,1.79825,0,0.903705,1.38142,0.714413,1.39401,0.873467,0,0,0,5,0.652402,0,1,0,1,0,0,m,w
7314,ARRIVE,1,1,0.96142,0.719525,0.70772,1.67099,0,0.97182,1.05044,0.712297,1.56463,0.572249,0,0,0,5,0,0,1,0,1,0,0,m,w
7315,ARRIVE,1,1,0.978874,1.00681,0.816103,1.84593,0,0.843538,1.06538,0.540274,1.12998,0,0,0,0,4.77087,0,0,1,0,0,0,0,m,w
7316,ARRIVE,1,1,0.979636,0.896798,0,1.99722,0,0.567831,0.918413,0,0.590332,0,0,0,0.771289,4.49048,0,0,1,0,1,0,0,m,w
7317,ARRIVE,1,1,0.975095,1.1362,0,2.50056,0,0,1.34122,0,0,0,0,0,0,4.49661,0,1,1,0,1,0,1,m,w
7318,ARRIVE,1,1,0.973734,0.87183,0,2.06786,0,0,0.851256,0,0,0,0,0,0,3.52327,0.503802,1,1,0,1,0,0,m,w
7319,ARRIVE,1,1,0.888477,0.58677,0,1.68317,0,0,0,0,0,0,0.91483,0,0,2.62633,0.60386,1,0,1,1,0,0,m,w
7320,ARRIVE,1,1,0.970129,0,0,1.52064,0,0,0.873674,0,0,0,0.879769,0,0,2.44653,0.638345,1,0,1,1,0,0,m,w
7321,ARRIVE,1,1,0.96155,0.761827,0,2.28413,0,0,1.50901,0,0,0,0.592753,0,0,3.79589,0.958513,1,0,1,1,0,0,m,w
8436,ARRIVE,1,1,0.936049,0,0.894705,0,0,0,0,0,0,0.699305,0,0,0,0,0,0,1,1,0,0,1,w,m
8437,ARRIVE,1,1,0.906879,0,0.725528,0,0,0,0,0,0,0.660111,0,0.522003,0.588643,0,0,0,1,1,0,0,1,w,m
8438,ARRIVE,1,1,0.927061,0,0.90615,0.59129,0,0,0.533092,0.582701,0,0.90241,0,0,0.781016,0.994447,0,0,1,1,0,0,1,w,m
8439,ARRIVE,1,1,0.913881,0,1.14069,0,0.643799,0,0,0.680028,0.718076,1.05042,0,0.575854,0.66373,0,0,0,1,1,0,0,1,w,m
8440,ARRIVE,1,1,0.934012,0,0.661176,0.744812,0.527847,0,0.598073,0.600437,0.626916,1.23999,0,0.508149,0.522002,0.581104,0,0,1,1,0,0,1,w,m
8441,ARRIVE,1,1,0.927618,0,1.0534,0,0,0.511675,0,0.788875,0.684512,0.812526,0,0.750462,0.685484,0.551873,0,0,1,1,0,0,1,w,m
8465,ARRIVE,1,1,0.914896,0,0.997047,0,0,0,0,0,0,0,0,0,0,1.79907,0.93777,1,0,1,0,0,1,w,m
8675,ARRIVE,1,1,0.818878,0.702785,0.511405,0,0,0,0,0,0,0.614769,0.656629,0,0,2.38394,0,0,1,0,0,0,0,w,m
8676,ARRIVE,1,1,0.961946,0,1.17253,0,0,0,0.838435,0,0.503202,0,0,0,0,1.24126,0.812534,0,1,1,0,0,1,w,m
8677,ARRIVE,1,1,0.892462,0,0,0,0,0,0,0,0.718576,0,0,0,0,2.0367,1.17083,0,1,1,0,0,1,w,m
8678,ARRIVE,1,1,0.807866,1.05813,0,0,0,0,0,0,0.925181,0.533125,1.03864,0,1.22482,3.06608,0.897137,0,1,1,0,0,0,w,m
8680,ARRIVE,1,1,0.857771,0,1.03892,0,0.514272,0,0,0,0.937004,0,0,0,1.14306,0.85991,0,0,1,1,0,0,0,w,m
8681,ARRIVE,1,1,0.780472,1.0564,0,0,0.65223,0,1.69014,0,1.22172,0.681606,1.02933,0,2.228,0,0,0,1,1,0,0,0,w,m
8682,ARRIVE,1,1,0.902324,1.33717,2.01597,0,0,0,0.935816,0.531754,0.95013,0.992615,0.822814,0.962991,0,2.59571,0,0,1,1,0,0,1,w,m
8683,ARRIVE,1,1,0.885437,0.685522,1.59747,0,0,0.718115,0,0.883191,1.33392,1.43052,0,0.750742,0.948399,1.55665,0,0,1,1,0,0,0,w,m
8684,ARRIVE,1,1,0.939441,0,1.20352,0,0,0.582869,0,0.634595,1.4116,0.83199,0,0,0,1.16912,0,0,1,1,0,0,1,w,m
8685,ARRIVE,1,1,0.972108,0,1.52897,0,0,0,0,0.518226,0.938208,0.771462,0,0,0,0,0,0,1,1,0,0,1,w,m
8686,ARRIVE,1,1,0.96617,0,0.861296,0,0,0,0,0,0.628374,0,0,0,0,0,0,0,1,1,0,0,1,w,m
8687,ARRIVE,1,1,0.953684,0,1.16696,0,0,0,0,0,0,0.55678,0.625808,0,0,0,0,0,1,1,0,0,1,w,m
8688,ARRIVE,1,1,0.96316,0,0.892105,0,0,0,0,0,0,0,0.949139,0.501635,0,0,0,0,1,1,0,0,1,w,m
8689,ARRIVE,1,1,0.958159,0,0.990607,0,0,0,0,0,0.692748,0,0.827087,0,0,0,0,0,1,1,0,0,1,w,m
8690,ARRIVE,1,1,0.956519,0,0.605605,0,0,0,0,0,0.687802,0,1.00453,0,0,2.64767,0,0,1,1,0,0,1,w,m
8691,ARRIVE,1,1,0.962671,0.583006,0.856193,0,0,0,0,0,0.54264,0,0.86945,0,0,2.966,0.535018,0,1,1,0,0,1,w,m
8692,ARRIVE,1,1,0.969474,1.01476,1.1763,0,0,0,1.29177,0,0,0.543593,0,0,0,0.774153,0,0,1,1,0,0,1,w,m
8693,ARRIVE,1,1,0.965171,0.589921,0.749445,0,0,0,0.857813,0,0.73759,0,0,0,0,1.06165,0,0,1,1,0,0,1,w,m
8694,ARRIVE,1,1,0.971835,0,0,0,0,0.530037,0,0.630006,0.780806,0.905192,0.736385,0,0,0,0,0,1,1,1,0,0,w,m
8695,ARRIVE,1,1,0.977085,0,0.64811,0,0,0.643179,0,0.897968,0.975253,1.21994,0.838203,0,0.587189,0,0,0,1,1,0,0,0,w,m
8696,ARRIVE,1,1,0.970653,0,0.602656,0.670917,0,0.58275,0,0.777975,1.37602,0.843447,0.529183,0,0,0.863343,0,0,1,1,0,0,1,w,m
8697,ARRIVE,1,1,0.92215,0,0.718677,0.528495,0.659229,0.545606,0,0.848547,1.3143,0.901321,0,0,0,2.00282,0,0,1,1,0,0,1,w,m
8698,ARRIVE,1,1,0.934612,1.35211,1.9862,0.754016,0,0.550338,0.602315,0.616462,0.893322,1.26039,0.895125,0,0,2.16508,0.55693,0,1,1,0,0,1,w,m
8699,ARRIVE,1,1,0.983241,0.708129,1.54662,0.567636,0,0.709108,0,0.967756,1.55811,0.531274,0.512706,0,0,1.88856,0.732703,0,1,1,0,0,1,w,m
8700,ARRIVE,1,1,0.947008,0.939086,2.39611,0.812461,0,0.694632,1.15227,0.793185,1.41115,1.04529,0,0,0,0,0,0,1,0,0,0,0,w,m
8782,ARRIVE,1,1,0.974746,0,1.14056,0,0,0,0,0,0,0,1.03377,0,0,0,0,0,0,1,0,0,1,w,m
8783,ARRIVE,1,1,0.972984,0,0.695085,0,0,0,0,0,0,0,1.3286,0,0,1.23717,0,0,0,1,0,0,0,w,m
8784,ARRIVE,1,1,0.920875,1.08749,1.15341,0,0.661832,0,0,0,1.11926,0,1.39956,0.838482,1.19954,1.95383,0,0,1,1,0,0,0,w,m
8785,ARRIVE,1,1,0.837258,1.38507,1.2672,0,0.885751,0,0,0,0.587069,0,0.821235,0,0,0.667454,0,0,0,1,0,0,0,w,m
5688,ARRIVE,1,1,0.970324,0,0,0.81753,0,0,0.565462,0,0,0,0.538948,0,0.533623,0,0,1,0,1,0,0,0,m,w
5689,ARRIVE,1,1,0.957978,0,0,1.04265,0,0,1.07378,0,0,0,0.661438,0,0,0,0,1,0,1,0,0,0,m,w
5690,ARRIVE,1,1,0.950495,0,0,0.809783,0,0,1.14525,0,0,0,0.530195,0.900267,0.670587,0,0,1,0,1,0,0,0,m,w
5691,ARRIVE,1,1,0.955297,0,0,0.591434,0,0,0.82883,0.524038,0,0,0.50907,0.864457,0.709471,0,0,1,0,1,0,0,0,m,w
3972,ARRIVE,1,1,0.775204,0.994416,1.6415,0.750263,1.40258,0,0,0,0,0,0,0,0,0.888276,0,0,0,0,0,0,0,w,m
3973,ARRIVE,1,1,0.79293,1.04996,1.75496,0.567129,1.08595,0,0,0,0,0,0,0,0,0,0,0,0,0,0,0,0,w,m
3974,ARRIVE,1,1,0.803637,1.21931,1.35078,0,0.741433,0,0,0,0,0,0,0,0,0,0,0,0,0,0,0,1,w,m
3985,ARRIVE,1,1,0.871297,0,0.71133,0,1.04778,0.623616,0,0.967326,1.34529,0,0,0,0,1.94505,0,0,1,0,0,0,0,w,m
3986,ARRIVE,1,1,0.841019,0,0,0.538124,0,0.911106,0,1.03205,2.01127,1.44959,0,0,1.31101,1.56045,0,0,1,0,0,0,0,w,m
3987,ARRIVE,1,1,0.807631,0,0.829019,0,0.818643,1.19747,0,1.27673,2.3087,2.29974,0,0,0,0,0,0,1,0,0,0,0,w,m
4004,ARRIVE,1,1,0.912946,0,1.62741,0.703449,1.60881,0.745958,0.505772,1.01685,1.30327,1.41425,0,0,0,4.27387,0,0,1,0,0,0,0,w,m
4005,ARRIVE,1,1,0.92511,0,2.2032,0.508795,0.800125,0.739408,0,0.995849,1.01344,1.38417,0,0,0,3.25033,0,0,1,0,0,0,0,w,m
4015,ARRIVE,1,1,0.905407,0,1.30123,0,1.48049,0.75494,0,1.37521,0.779834,1.4225,0.57582,1.02174,1.17755,3.779,0,0,1,0,0,0,0,w,m
4016,ARRIVE,1,1,0.916337,0.664632,1.72752,0.802051,1.53887,0.561132,0,0.924183,0.734452,0.839829,0,0,0.807025,2.2709,0,0,1,0,0,0,0,w,m
4017,ARRIVE,1,1,0.830891,1.26237,2.02045,1.68918,1.78012,0.704359,0,0.755167,1.52179,0.87495,0,0.895161,0,1.72284,0,0,0,0,0,0,0,w,m
4032,ARRIVE,1,1,0.876128,0,0.610041,0,0.681312,0,0,0,0,1.46447,0,0.692067,0,0,0,1,0,0,0,0,0,w,m
4033,ARRIVE,1,1,0.825076,0,0.633565,0,0.570549,0,0,0.567716,0,1.63471,0.805957,0,0,0,0.547143,0,0,1,1,0,0,w,m
4042,ARRIVE,1,1,0.931388,0,0.879461,0,1.00981,0,0,0.789837,0,1.4565,0,0,1.40588,0,0,0,0,0,0,0,0,w,m
4044,ARRIVE,1,1,0.81667,0.653728,1.01045,0.546068,0.620432,0,0,0,0,0.802014,0,0,0.98561,0,0,0,0,0,0,0,0,w,m
4045,ARRIVE,1,1,0.816459,0,0,0,0,0,0,0,0,0,0,0,0.754327,0,0.605951,0,0,0,0,0,1,w,m
4055,ARRIVE,1,1,0.946207,0,0,0,1.21267,0,0,0.946816,0.70305,2.00641,0,0,1.1908,0.791721,0,0,0,0,0,0,0,w,m
3451,ARRIVE,1,1,0.770364,0,0,0,0,0,0.776867,0,0,0,0.749843,0,1.20078,1.37573,0,0,0,0,0,0,1,w,m
3452,ARRIVE,1,1,0.837525,0,0,0,0,0.783492,0.929348,0,1.02543,0,0,0,0,5,0,0,0,0,1,0,1,w,m
3453,ARRIVE,1,1,0.925086,0.594557,0,1.5264,0,0.513411,1.62594,0.512512,0.666942,0,0,0,0,4.23501,0,0,0,0,1,0,1,w,m
3454,ARRIVE,1,1,0.908672,0,0,1.05859,0,0,2.17496,0,1.01547,0,0,0,0.729422,2.77156,0,0,1,0,1,0,0,w,m
3457,ARRIVE,1,1,0.745366,0,0.526671,1.3285,0.585926,0.747312,1.85202,0.755624,1.45,0,0,0,1.72158,2.57938,0.656402,0,1,0,0,0,1,w,m
3458,ARRIVE,1,1,0.833762,0,0.646771,0.803197,0.570873,0.824858,1.55419,0.882321,1.788,0,0,0,1.50744,2.50533,0.682071,0,1,0,0,0,0,w,m
3460,ARRIVE,1,1,0.899529,0,1.18838,1.94659,0,0.599068,2.42978,0.546641,1.07451,0,0,0,1.55427,3.6971,0,0,1,0,0,0,0,w,m
3475,ARRIVE,1,1,0.925845,0,0.870414,0.931982,0,0,0.838572,0,0.563785,0,0,0,1.24544,1.1535,0.555067,0,0,0,0,0,0,w,m
3476,ARRIVE,1,1,0.933235,0,0.581226,1.63181,0,0,1.03472,0,0,0,0,0,1.48598,1.50223,0.518154,0,0,1,0,0,1,w,m
3477,ARRIVE,1,1,0.937754,0,0.551966,1.44319,0,0,0,0,0,0,0,0,0.794549,1.55936,0.602857,0,0,1,0,0,1,w,m
3478,ARRIVE,1,1,0.914168,0,0,1.287,0,0,0,0,0,0,0.569004,0,0.649229,1.05004,0.508986,0,0,1,0,0,1,w,m
3479,ARRIVE,1,1,0.904703,0,0,1.3804,0,0,0,0,0,0,0.91133,0.50666,0.550251,0.813967,0,0,0,1,0,0,0,w,m
3480,ARRIVE,1,1,0.868822,0,0.993154,1.30512,0,0,0.795752,0,0,0,0,0,0.541926,1.40314,0.590382,0,0,1,1,0,1,w,m
3481,ARRIVE,1,1,0.850321,0.639091,0.846821,1.72026,0,0,1.17634,0,0,0,0,0,0.564662,2.1355,0.564851,0,0,0,1,0,1,w,m
3482,ARRIVE,1,1,0.906286,0,0,1.30204,0,0,0,0,0,0,0,0,0,2.02882,0,0,0,0,1,0,1,w,m
3483,ARRIVE,1,1,0.826155,0,0,1.66386,0,0,0,0,0,0,0,0,0,0.812552,0,0,0,0,1,0,1,w,m
3484,ARRIVE,1,1,0.758632,0,0,1.61684,0,0,0,0,0,0,0,0,0,0,0.514067,0,0,0,1,0,1,w,m
3485,ARRIVE,1,1,0.780275,0,0,1.75907,0,0,0,0,0,0,0,0,0,0,0.507578,0,0,0,1,0,1,w,m
3486,ARRIVE,1,1,0.769713,0,0,1.66701,0,0,0,0,0,0,0,0,0,0.580444,0.511785,0,0,0,1,0,0,w,m
3487,ARRIVE,1,1,0.842712,0,0,1.35434,0,0,0,0,0,0,0,0,0,1.43993,0.687205,0,0,0,1,0,1,w,m
3488,ARRIVE,1,1,0.801486,0.664319,0,1.15571,0,0,0,0,0,0,0,0,0,2.48116,0.659445,0,0,0,1,0,1,w,m
3489,ARRIVE,1,1,0.779724,0.678202,0.651599,1.06606,0,0,0,0,0,0,0,0,0,1.4363,0,0,0,0,1,0,0,w,m
3490,ARRIVE,1,1,0.848765,0.536222,0,1.6451,0,0,0.665954,0,0,0,0,0,0,1.52898,0,0,0,0,1,0,0,w,m
3491,ARRIVE,1,1,0.877071,0.714567,0,1.67581,0,0,0.917559,0,0,0,0,0,0,0.942559,0,0,0,0,1,0,1,w,m
3492,ARRIVE,1,1,0.90089,1.01112,0,1.84585,0,0,1.13152,0,0,0,0,0.56627,0,1.14013,0,0,0,0,1,0,0,w,m
3493,ARRIVE,1,1,0.906667,1.13156,0.822367,1.71834,0,0,0.987747,0,0,0,0,0,0,2.19182,0,0,0,0,1,0,0,w,m
3494,ARRIVE,1,1,0.896866,0.889187,0,1.17341,0,0,0.908023,0,0,0,0,0,0,2.85391,0.505289,0,0,0,1,0,0,w,m
3495,ARRIVE,1,1,0.84083,0.817892,0,1.22263,0,0,0.519374,0,0,0,0.934609,0,0,1.95059,0,0,0,0,1,0,0,w,m
3496,ARRIVE,1,1,0.808943,0.768611,0,1.27235,0,0,0,0,0,0,0.83885,0,0,1.39329,0,0,0,0,1,0,0,w,m
3497,ARRIVE,1,1,0.83465,0.795486,0,1.30265,0,0,0.538244,0,0,0,0.555421,0,0,1.66223,0,0,0,0,1,0,0,w,m
3498,ARRIVE,1,1,0.873576,1.13276,0.700122,1.35226,0,0,0.659169,0,0,0,0,0,0,2.92096,0,0,0,1,1,0,1,w,m
3499,ARRIVE,1,1,0.881537,1.13059,0,1.33302,0,0,0.800032,0,0,0,0,0,0,3.10875,0,0,0,1,1,0,0,w,m
3500,ARRIVE,1,1,0.907086,1.15208,0,1.05937,0,0,0.767153,0,0,0,0.630299,0.586012,0.595042,1.87274,0,0,0,1,1,0,1,w,m
3501,ARRIVE,1,1,0.880771,0.933268,0,0.671307,0,0,0,0,0,0,0.684087,0.742267,0,1.47302,0,0,0,1,1,0,0,w,m
3502,ARRIVE,1,1,0.898007,0.933354,0.646626,1.30449,0,0,0,0,0,0,0.705403,0.584354,0.770755,1.74327,0,0,0,0,1,0,0,w,m
3503,ARRIVE,1,1,0.887617,0.782261,0,0.71004,0,0,0,0,0,0.721151,0.785692,0,0.674848,2.02326,0,0,0,0,1,0,0,w,m
3504,ARRIVE,1,1,0.893858,0.619827,0,0,0,0,0,0,0,1.29428,0.777687,0.586028,0.928232,0,0,0,0,0,1,0,0,w,m
3505,ARRIVE,1,1,0.953732,0.720089,0,0,0.555724,0,0,0,0,1.71651,0.545203,0.553068,1.22501,0,0,0,0,0,1,0,0,w,m
3506,ARRIVE,1,1,0.924494,0.92163,0,0,0.742515,0,0,0,0,1.44498,0,0,1.22165,0.871061,0,0,0,0,1,0,0,w,m
3507,ARRIVE,1,1,0.882357,1.13546,0,0.534346,0.923598,0,0,0.964393,0.774561,1.22625,0,0,1.46842,1.85778,0,0,1,0,1,0,0,w,m
3508,ARRIVE,1,1,0.84684,1.37053,0.500392,0,0.79443,0,0,1.14287,0.908586,1.55779,0,0,1.19518,0.852927,0,0,1,0,0,0,0,w,m
3521,ARRIVE,1,1,0.754482,1.33085,0,0,0,0,0.947362,0,0,0.95336,0.871687,0,0,1.42905,0.740452,0,0,0,0,0,0,w,m
3522,ARRIVE,1,1,0.823417,1.14422,0,0,0,0,0.579784,0,0,0,0.758303,0,0.688188,2.66806,0.616096,0,0,0,1,0,1,w,m
3523,ARRIVE,1,1,0.872391,0.51839,0,0,1.17909,0,0.629009,0,0.75596,0,0,0,0,2.525,0,0,0,0,1,0,0,w,m
3524,ARRIVE,1,1,0.890968,0,0.526696,0,0.909677,0.871398,0,0.812776,1.52163,0.698775,0,0,0,1.36242,0,0,1,0,0,0,0,w,m
3525,ARRIVE,1,1,0.863166,0,1.10069,0,0,0.730239,1.46284,0,1.14189,0,0,0,1.26032,4.32939,0,0,1,0,1,0,0,w,m
3526,ARRIVE,1,1,0.915382,0.514089,1.76982,0,0,0.764893,1.19521,0.509324,0.917491,0,0,0,1.61445,2.87048,0,0,0,0,1,0,0,w,m
3527,ARRIVE,1,1,0.928541,0,1.61501,0,0,0.881051,0.905978,0.556035,1.05281,0,0,0.577093,1.64568,1.08365,0,0,0,0,0,0,0,w,m
3528,ARRIVE,1,1,0.903319,0,1.30736,0.59383,0,0.800414,0.951633,0,1.08668,0,0,0.722831,1.915,1.03978,0,0,0,0,0,0,0,w,m
3529,ARRIVE,1,1,0.901444,0.609836,0.735938,0.871383,0,0.927712,0,0,1.35314,0,0,0.874332,2.37753,1.42449,0,0,0,0,0,0,0,w,m
8423,ARRIVE,1,1,0.966746,0,2.40127,1.10236,0.835472,0.513598,0,0,0.649952,0,0,0.645868,1.70572,0,0,0,0,1,0,0,1,w,w
8458,ARRIVE,1,1,0.955935,0,1.91531,0,0.667085,0.75743,0.845186,0.865182,1.10017,1.25402,0,0,1.69896,0,0,0,1,1,1,0,0,w,w
8459,ARRIVE,1,1,0.949495,0,1.44829,0,0.848787,0.999125,0.559003,1.0105,1.55007,1.53921,0,0,1.80449,0,0,0,1,1,1,0,0,w,w
8460,ARRIVE,1,1,0.939439,0,1.38248,0.587212,0.875235,1.05067,0.693694,1.08463,1.52415,1.4121,0,0,1.31198,0,0,0,1,1,1,0,0,w,w
27420,ARRIVE,1,1,0.96667,0.740562,0,1.11836,0,0,0,0,0,0,1.08006,0,1.46188,0.685598,0,1,0,1,1,0,1,m,m
27421,ARRIVE,1,1,0.976379,0,0,0.901965,0,0,0,0,0,0,0.985135,0,1.3664,2.15535,0,1,0,0,0,0,0,m,m
27422,ARRIVE,1,1,0.984687,0,0,1.33788,0,0,0,0,0,0,0.96914,0,1.43347,2.2955,0,1,0,0,0,0,0,m,m
27423,ARRIVE,1,1,0.98911,0,0,1.63714,0,0,0,0,0,0,0.752944,0,0.727196,2.09701,0,1,0,0,0,0,0,m,m
27424,ARRIVE,1,1,0.988022,0,0,1.83962,0,0,0,0,0,0,0,0,0,2.42401,0,1,0,0,0,0,0,m,m
27425,ARRIVE,1,1,0.985451,0,0,1.94132,0,0,0,0,0,0.606404,0,0,0,2.6027,0,1,0,0,0,0,0,m,m
27426,ARRIVE,1,1,0.987903,0,0,2.06366,0,0,0,0,0,0.705969,0,0,0.620892,3.09922,0,1,0,0,0,0,0,m,m
27427,ARRIVE,1,1,0.987067,0,0,1.99017,0,0,0,0,0,0.674451,0,0,0.703557,2.70772,0,1,0,0,0,0,0,m,m
27428,ARRIVE,1,1,0.986757,0,0.526466,2.15117,0,0,0,0,0,0.676281,0,0,0.562704,2.82028,0,1,0,0,0,0,0,m,m
27429,ARRIVE,1,1,0.98502,0,0,2.35653,0,0,0,0,0,0.818925,0,0,0.57324,3.0304,0,1,0,0,0,0,0,m,m
27430,ARRIVE,1,1,0.984225,0,0.579664,2.35241,0,0,0.576385,0,0,0.931805,0,0,0.507309,3.24783,0,1,0,0,0,0,0,m,m
27431,ARRIVE,1,1,0.986503,0,0.508769,2.06067,0,0.512691,0.667291,0,0,1.00463,0,0,0.610679,3.20117,0,1,0,0,0,0,0,m,m
27432,ARRIVE,1,1,0.98848,0,0,2.08601,0,0,0.85083,0,0,1.11993,0,0,0,3.14713,0,1,0,0,0,0,0,m,m
27433,ARRIVE,1,1,0.98331,0,0,2.02265,0,0,0.982743,0,0,0.923304,0,0,0.995718,3.37701,0,1,0,0,0,0,0,m,m
27434,ARRIVE,1,1,0.976706,0,0,2.2201,0,0,1.62823,0,0,0.925364,0,0.616861,0,2.69703,0,1,0,0,0,0,0,m,m
27435,ARRIVE,1,1,0.916762,0,0,1.54577,0,0,0.604204,0,0,0,0,0.937192,0,1.533,0,1,0,0,0,0,0,m,m
27436,ARRIVE,1,1,0.992543,0.679999,0.545588,1.56158,0,0,1.65903,0.688014,0.530782,1.10421,0,0,0,0,0,1,0,0,0,0,0,m,m
27437,ARRIVE,1,1,0.904589,1.15505,0,0.944985,0,0,1.62186,0.622528,0.657752,0.570256,0,0.670817,0,0,0,1,0,0,0,0,0,m,m
27466,ARRIVE,1,1,0.988137,1.94041,1.51163,0,0.717835,0,0.955563,0,0,0.640126,0,0,1.21383,0,0,0,0,0,1,0,0,m,m
28199,ARRIVE,1,1,0.907577,0.581966,0,1.36129,1.20713,0,0,0,0,0,0,0.986739,0,2.21491,0,1,0,0,1,0,0,m,m
28200,ARRIVE,1,1,0.850497,1.5323,0.510894,0.931962,1.98477,0,0,0,0,0.882575,0,0.972519,0,1.82564,0.505639,0,0,0,1,0,0,m,m
28201,ARRIVE,1,1,0.834895,1.63401,0.991403,1.08791,1.70073,0,0,0,0,0.715469,0,0.943363,0,1.60654,0.524087,0,0,0,0,1,0,m,m
28202,ARRIVE,1,1,0.914199,1.06553,0,1.15714,1.07796,0,0,0,0.53592,0.617785,0,0.735479,0,1.41135,0.602816,1,0,1,1,0,0,m,m
28211,ARRIVE,1,1,0.892729,0,0,0,0.539447,0,0,0,0.504019,0,0.720998,0,0,1.65664,0.559176,0,1,0,0,0,0,m,m
28212,ARRIVE,1,1,0.778913,1.55718,0,0,0,0,0,0,0,0,1.61783,0.938944,0,1.14817,0,1,0,1,0,1,0,m,m
28213,ARRIVE,1,1,0.827277,0.970583,1.18082,0.782198,1.86231,0,0,0.713884,1.24013,0,1.1785,0,0,3.72445,0.538396,0,1,1,0,0,0,m,m
28214,ARRIVE,1,1,0.970191,0,0,0.910404,0.684242,0.552473,0,0.575485,0.866802,0.93131,0,0,1.25195,2.55854,0.541468,0,1,1,1,0,0,m,m
28215,ARRIVE,1,1,0.986652,0,0,0,0,0.947815,0,0.980054,1.03278,1.81104,0,0.697065,0.936317,1.99057,0,0,1,0,0,0,0,m,m
28216,ARRIVE,1,1,0.984153,0,0,0,0.52237,0.818262,0.918309,0.86115,0.942615,1.67221,0,0,1.0793,1.25047,0,0,1,1,0,0,0,m,m
28217,ARRIVE,1,1,0.986285,1.20317,0,1.81115,0,0.665345,2.01446,0.900434,1.00459,1.04809,0,0,0.595462,1.34595,0,0,1,0,0,0,0,m,m
28237,ARRIVE,1,1,0.986118,1.3869,1.1081,0,0.572644,0,0,0,0,0,0.964663,0,1.25281,0,0,0,0,0,0,0,0,m,m
28238,ARRIVE,1,1,0.983157,1.37475,0.903115,0,0.620304,0,0,0,0,0,1.24537,0,0.969217,0,0,0,0,1,0,0,0,m,m
28239,ARRIVE,1,1,0.979954,1.32716,0.928424,0,0.877845,0,0,0,0,0,0.918358,0,1.14925,0,0,0,0,0,0,0,0,m,m
28240,ARRIVE,1,1,0.983143,1.21605,0,0,0.916801,0,0,0,0,0,1.15685,0,0.702948,0,0,0,0,0,0,0,0,m,m
28241,ARRIVE,1,1,0.984092,0.930038,0,0,0.868518,0,0,0,0,0,1.35352,0.508444,0,0,0,0,0,1,0,0,0,m,m
28242,ARRIVE,1,1,0.98348,1.24439,0,0.632354,0.831748,0,0,0,0,0,1.17963,0,0,0,0,0,0,0,0,0,0,m,m
28243,ARRIVE,1,1,0.980325,1.10392,0,0.545453,0.808369,0,0,0,0,0,1.11519,0.559349,0,0,0,0,0,1,0,0,0,m,m
28244,ARRIVE,1,1,0.978155,1.03611,0,1.04848,0.709644,0,0.792926,0,0,0,1.03061,0,0.689635,0.753537,0,0,0,0,0,0,0,m,m
28245,ARRIVE,1,1,0.982858,0.711705,0,1.0694,0,0,0.56743,0.638412,0,0,0.761877,0.503509,0.744093,0.646548,0,0,0,1,0,0,0,m,m
28246,ARRIVE,1,1,0.987709,0.858115,0,0.987157,0,0,0.688553,0.535072,0,0,0,0.530145,0,0,0,0,0,1,0,0,0,m,m
28247,ARRIVE,1,1,0.967751,1.54773,1.28032,0,0,0.508915,1.99258,0.569759,0.924319,0,0,0.55695,0,0,0,0,0,1,1,0,0,m,m
28248,ARRIVE,1,1,0.943891,2.30542,1.23292,1.02187,0,0.601611,1.65931,0,0.93359,0,0,0,0,0,0,1,0,0,0,0,0,m,m
28249,ARRIVE,1,1,0.816407,1.76263,0.949373,1.50646,0,0,2.57831,0,0.540352,0,0,0,0,0,0,1,0,0,0,0,0,m,m
28867,ARRIVE,1,1,0.985223,0,0,1.01611,0.549919,1.3567,2.17815,1.67907,2.0698,1.38054,0.514519,0,0,0,0,0,1,0,0,0,0,m,m
28868,ARRIVE,1,1,0.988111,0,0,1.56635,0.606148,1.22957,1.91746,1.60391,1.65502,1.64649,0.835769,0,0.575739,0,0,0,1,1,0,0,0,m,m
28869,ARRIVE,1,1,0.985539,0.582967,0,1.30547,0.766637,1.27744,2.0328,1.74735,1.77742,1.7161,0.766737,0,0,0,0,0,1,1,0,0,0,m,m
28883,ARRIVE,1,1,0.994764,0.837249,0,0,0,0,1.56605,0.503529,1.19339,0.626902,1.11195,0.530017,0.621702,0,0,0,1,1,0,0,0,m,m
28884,ARRIVE,1,1,0.996424,1.03626,0,0,0.609926,0,0.884329,0,0.931416,0.543252,1.15067,0.727733,0.725716,0,0,0,1,1,1,0,0,m,m
28885,ARRIVE,1,1,0.993862,1.41701,0,0,0,0,0,0,0.649356,0,1.59167,0.633569,0,1.3569,0,0,1,1,1,0,0,m,m
28886,ARRIVE,1,1,0.994287,1.27896,0.552019,0,0.644329,0,1.17515,0,1.143,0,1.57689,1.27071,0,0,0,0,1,1,1,0,0,m,m
28887,ARRIVE,1,1,0.990222,1.09479,0,0,0,0,1.13719,0,1.07418,0.766652,1.51111,1.09261,0,0,0,0,1,1,0,0,0,m,m
28888,ARRIVE,1,1,0.993915,1.12341,0,0,0.840729,0,1.74099,0,1.46324,0.677391,0.83604,0.50939,0,0,0,0,1,0,0,0,0,m,m
28904,ARRIVE,1,1,0.939759,1.271,1.80784,1.43506,1.34523,0.711383,0.908112,1.07791,0.84168,1.50834,1.30457,0,0.909875,0,0,0,1,1,0,0,0,m,m
28905,ARRIVE,1,1,0.92482,0.845271,1.88476,0,0.856899,0.889582,1.00759,1.38312,1.10594,1.04778,0.755705,0,1.75136,0,0,0,1,1,0,0,0,m,m
28906,ARRIVE,1,1,0.841376,1.43899,1.48035,0,0.881227,0.878403,1.10204,1.13056,1.36127,0.660411,0,0,0.917974,0,0,0,1,0,1,0,0,m,m
28907,ARRIVE,1,1,0.912739,1.32423,1.16912,0,1.39869,0.961831,1.26043,1.2797,1.54935,0.85835,0,0,1.44858,1.06569,0,0,1,0,1,0,0,m,m
28908,ARRIVE,1,1,0.929821,1.13159,0.679531,0.851488,1.59,1.01109,2.36569,1.49306,1.36789,1.13337,0.727169,0,1.2413,0,0,0,1,1,0,0,0,m,m
28918,ARRIVE,1,1,0.845315,0.920591,1.77056,1.25808,1.48871,0.703494,2.27835,0.75867,0.977418,0,0.834982,1.61822,2.09764,0,0,0,1,1,1,0,0,m,m
28919,ARRIVE,1,1,0.923793,1.42414,1.22791,0,0.851498,0,1.02976,0,0.856438,0,1.36283,1.23803,1.98125,2.16438,0,0,1,1,1,0,0,m,m
28920,ARRIVE,1,1,0.95439,2.23525,1.23645,0,0.892366,0,0,0,0.770278,0,0,1.0147,2.73005,1.42553,0,0,1,1,1,0,0,m,m
28921,ARRIVE,1,1,0.931934,2.31422,0.599002,0,1.05167,0,0.739629,0,0,0,1.75202,0.557673,1.91855,2.49659,0,0,1,1,1,0,0,m,m
28922,ARRIVE,1,1,0.910628,2.25527,1.79719,0,1.06022,0,0,0,0,0,1.43431,0.695969,2.67333,2.94347,0,0,1,1,0,0,0,m,m
19105,ARRIVE,1,1,0.856065,1.28147,1.60119,0,0,0.512733,1.33433,0.570178,0.561334,0.577745,0.707953,0.861181,1.15751,1.52274,0,1,0,1,1,0,1,m,m
19106,ARRIVE,1,1,0.910496,0.565549,0.579337,0,0,0.640798,1.64978,0.667658,0,0,1.56183,0.927847,1.03158,1.61252,0,1,0,1,1,0,1,m,m
19107,ARRIVE,1,1,0.930645,0,0,0,0,0.527326,0.650424,0.745748,0,0.650379,0.890798,0.832087,0,0,0,1,0,1,1,0,1,m,m
19108,ARRIVE,1,1,0.959671,0,0,0,0,0,0.783734,0,0,0.818325,0,0.538223,0,0,0,1,0,0,1,0,1,m,m
19109,ARRIVE,1,1,0.90195,0,0,0,0,0,0,0.624052,0,0.98095,0,0.53422,0,0,0,1,0,0,1,0,1,m,m
19110,ARRIVE,1,1,0.899647,0,0.605589,0,0,0,0,0.764207,0,1.05093,0,0,0,0,0,1,0,0,1,0,1,m,m
19111,ARRIVE,1,1,0.937543,0,0,0,0,0,0,0.692843,0,1.04246,0,0,0,0,0,1,0,0,1,0,1,m,m
19112,ARRIVE,1,1,0.874983,0,0,0,0,0,0.616421,0,0,1.39134,0.82137,0.934429,0,0.810234,0,1,0,1,1,0,1,m,m
19113,ARRIVE,1,1,0.84262,0,1.12999,0,1.05231,0,0,0.97271,0.599831,0.732464,1.28625,0.683395,0.582778,1.50531,0,1,0,0,1,0,1,m,m
19114,ARRIVE,1,1,0.810594,0.539786,1.88295,0,1.0749,0,0.562855,0,0,0.632084,1.37395,0.555154,1.31482,1.22523,0,1,0,1,1,0,1,m,m
19116,ARRIVE,1,1,0.763801,1.72341,1.94708,0.538338,1.32354,0,0,0,0,0,0.621686,0,1.41938,1.46827,0.515339,0,0,1,1,0,0,m,m
19117,ARRIVE,1,1,0.821717,1.36456,0.74262,0,0.958509,0,0,0,0.680465,0,0,0,1.4955,1.19716,0,0,0,1,1,0,0,m,m
19138,ARRIVE,1,1,0.837754,0.722248,0.619125,1.17583,0,0,0.756238,0,0,0,1.69909,0.875427,0,0.814658,0,0,0,1,0,0,1,m,m
19139,ARRIVE,1,1,0.899868,0,0.719378,0.709377,0,0,0,0,0,0,1.49315,0.993167,0.578205,0.801709,0,0,0,1,0,0,1,m,m
19140,ARRIVE,1,1,0.799968,0,0,0.7833,0,0,0,0.51692,0,0,1.43205,0.951424,0,0,0,1,0,1,0,0,1,m,m
19141,ARRIVE,1,1,0.839683,0,0.549149,0,0,0,0.506914,0.728016,0,0.879111,1.22563,1.20823,0,0,0,1,0,1,1,0,1,m,m
19142,ARRIVE,1,1,0.859334,0,0,0,0,0,0,0.678068,0,0.617243,0.992534,1.25113,0,0,0,1,0,1,1,0,1,m,m
44554,ARRIVE,1,1,0.777665,2.44064,3.25349,0,0,0,0.913954,0,0,0,0,0.723274,1.48269,0,0.777363,0,0,1,1,0,0,m,m
44992,ARRIVE,1,1,0.807909,0.564189,2.63214,0,0,0.861844,0,0.643709,1.16949,0,0,0,0.714186,5,0,0,0,1,0,0,1,m,m
44993,ARRIVE,1,1,0.835076,0.788226,2.22054,0.809964,0,0.947159,0,0.722744,0.888436,0,0.614455,0.535011,0.726212,5,0,1,0,1,0,0,1,m,m
44994,ARRIVE,1,1,0.849317,0,1.79844,1.04249,0,1.01484,0,0.795194,1.35886,0,0.697208,0.873476,0.627641,4.39498,0,0,0,1,0,0,0,m,m
44995,ARRIVE,1,1,0.844029,0,1.60957,1.32803,0,1.01527,0,0.822284,1.41737,0.768549,0.766482,0.976748,0.676591,4.78119,0,1,0,1,0,0,0,m,m
44996,ARRIVE,1,1,0.807817,0,1.76608,1.52266,0,0.932106,0,0.795766,1.58842,1.04502,0.527093,1.00028,0.769486,4.77114,0,1,0,1,1,0,0,m,m
44997,ARRIVE,1,1,0.811717,2.13694,1.34256,0.75355,0,0.613751,0,0.734604,1.27336,0,0,0,0.807842,0.70395,0,0,0,1,1,0,1,m,m
44998,ARRIVE,1,1,0.849741,1.91171,1.03432,0.935436,0,0.548619,0,0.724833,1.16458,0.957394,0,0,1.17188,0.964315,0,1,0,1,1,0,1,m,m
45002,ARRIVE,1,1,0.895785,1.80872,0,2.05978,0,0,0,0,0,0,0,0.765552,0.670964,0,0,1,0,1,1,0,1,m,m
45003,ARRIVE,1,1,0.867342,1.48265,0,2.19792,0,0,0,0,0.552515,0,0.501952,0.816447,0.859738,0,0,1,0,1,1,0,1,m,m
45004,ARRIVE,1,1,0.868,1.71917,0,2.13853,0,0.52494,0,0.511048,0.553618,0.909764,0,0.833079,0.76192,0.74868,0,1,0,1,1,0,1,m,m
45005,ARRIVE,1,1,0.866124,1.92693,0,2.28593,0,0.591982,0,0.627532,0.76113,0.998589,0,0.967151,0.627443,0.768766,0,1,0,1,1,0,1,m,m
45006,ARRIVE,1,1,0.85526,1.95768,0,2.07243,0,0.594705,0,0.683676,0.859622,1.44594,0,0.850425,0.957942,1.35572,0,1,1,1,1,0,0,m,m
45007,ARRIVE,1,1,0.814773,2.34091,3.37225,0,0,0,0.504679,0.673361,0,0,0.906573,0,0.848716,0,0,1,0,1,1,0,1,m,m
45008,ARRIVE,1,1,0.790369,2.82441,2.9707,0,0,0,0.849566,0,0,0,0.785818,0,0,0,0,1,0,1,1,0,1,m,m
45009,ARRIVE,1,1,0.930354,1.54624,1.56953,0.610613,0,0,0,0.589339,0.501407,0,0,0,1.31468,1.2852,0,0,0,0,0,0,1,m,m
4453,ARRIVE,1,1,0.834598,2.86319,0.909523,1.10928,0,0,0,0,0,0,0,1.04877,0,2.72637,0,1,0,0,1,0,0,w,w
4454,ARRIVE,1,1,0.821324,2.71768,0.545469,0.851083,0,0,0,0,0,0,0,0.750117,0.813586,1.25861,0,0,0,0,1,0,0,w,w
4455,ARRIVE,1,1,0.814214,2.93123,0.573662,0.661756,0,0,0,0,0,0,0,0.587686,0.67914,1.35344,0,0,0,0,1,0,0,w,w
5486,ARRIVE,1,1,0.966559,0,0,0,0.750012,0.940566,0,1.25193,1.06454,2.25722,0,0,0,0,0,0,1,0,0,0,0,m,m
5487,ARRIVE,1,1,0.968978,0,0,0,0.810148,0.983926,0,1.36868,1.16146,2.25446,0,0,0,0.745523,0,0,1,0,0,0,0,m,m
5488,ARRIVE,1,1,0.966216,0,0,0,0.713232,0.929376,0,1.24147,1.00659,2.25679,0,0,0,0,0,0,1,0,0,0,0,m,m
5489,ARRIVE,1,1,0.968048,0,0,0,0.950542,0.96922,0,1.34068,1.05879,2.31743,0,0,0,0,0,0,1,0,0,0,0,m,m
5490,ARRIVE,1,1,0.965397,0,0,0,0.687997,0.951307,0,1.3664,1.08216,2.47047,0,0,0,0,0,0,1,0,0,0,0,m,m
5491,ARRIVE,1,1,0.968144,0,0,0,0.616718,0.941041,0,1.35886,1.15147,2.39187,0,0,0,0,0,0,1,0,0,0,0,m,m
5492,ARRIVE,1,1,0.974902,0,0,0,0,0.765652,0,1.10649,1.02178,2.14975,0,0,0.772434,0,0,0,1,0,0,0,0,m,m
5493,ARRIVE,1,1,0.981674,0,0,0.707678,0,0.672671,0,1.11436,0.732394,1.70724,0,0,0,0,0,0,0,0,0,0,1,m,m
5494,ARRIVE,1,1,0.984045,0,0,0,0,0.545876,0,0.932479,0.631632,1.41335,0.624533,0,1.03849,0,0,0,0,0,0,0,1,m,m
5495,ARRIVE,1,1,0.981887,0,0,0,0,0.520758,0,1.033,0,0.983272,0.643801,0,0.701062,0,0,0,0,1,0,0,1,m,m
5496,ARRIVE,1,1,0.984375,0,0,0,0,0,0,0.922852,0.50273,1.27452,0,0,0.944854,0,0,0,0,1,0,0,1,m,m
5497,ARRIVE,1,1,0.982947,0,0,0,0,0.501764,0,1.00592,0,1.24368,0,0,0.826159,0,0,0,0,1,0,0,1,m,m
5498,ARRIVE,1,1,0.982994,0,0,0,0,0,0,0.844597,0,1.27338,0.677883,0,0.701959,0,0,0,0,1,0,0,0,m,m
5499,ARRIVE,1,1,0.981412,0,0,0,0,0,0,0.917477,0.517312,1.44485,0.718234,0,0,0,0,0,0,1,0,0,0,m,m
5500,ARRIVE,1,1,0.98392,0,0,0.513226,0,0,0,0.811496,0.567111,1.12758,0.75898,0,0,0,0,0,0,1,0,0,0,m,m
5501,ARRIVE,1,1,0.983505,0,0,0.612472,0,0,0,0.760875,0.622798,0.95409,0.675797,0,0,0,0,0,0,1,0,0,0,m,m
5502,ARRIVE,1,1,0.983203,0,0,0.625068,0,0,0,0.661368,0,0.969876,0.559713,0,0,0,0,0,0,1,0,0,0,m,m
5503,ARRIVE,1,1,0.985019,0,0,0.604437,0,0,0,0.731671,0,0.965767,0.65039,0,0,0,0,0,0,1,0,0,0,m,m
5504,ARRIVE,1,1,0.984498,0,0,0.628085,0,0,0,0.781292,0,0.891315,0.660718,0,0,0,0,0,0,1,0,0,0,m,m
5505,ARRIVE,1,1,0.985362,0,0,0,0,0,0,0.77008,0.572477,0.7288,0.583402,0,0,0,0,0,0,0,0,0,0,m,m
5550,ARRIVE,1,1,0.971481,0,0,0.552466,0.626397,0,0,0,0,0,1.15933,0,0,0,0,0,0,1,0,0,0,m,m
5551,ARRIVE,1,1,0.970042,0,0,1.04167,0.598609,0,0,0.584284,0.523978,0,1.48945,0,0,0,0,0,0,1,0,0,0,m,m
5552,ARRIVE,1,1,0.967947,0,0,1.74075,0.592459,0.50189,0,0.723154,0.633284,0.582266,1.78101,0.567005,0,0,0,0,0,1,0,0,0,m,m
5553,ARRIVE,1,1,0.966917,0,0,1.6357,0.568663,0.657284,0,0.859332,0.667851,0.718774,1.70944,0.589335,0,0,0,1,0,1,0,0,0,m,m
5554,ARRIVE,1,1,0.973036,0,0,1.80654,0.632377,0.783892,0.695151,0.925278,0.786911,1.13884,1.78758,0.65576,0,0.942644,0,0,0,1,0,0,0,m,m
5555,ARRIVE,1,1,0.972896,0,0.55549,1.3955,0.847641,0.985344,0,1.19964,1.01956,1.35801,1.77669,0.831221,0,2.52123,0,0,0,1,0,0,0,m,m
5556,ARRIVE,1,1,0.979018,0,1.01116,1.46581,0.83419,1.1353,0,1.2839,1.20521,1.1956,1.27744,0.66272,0,2.67519,0,0,0,1,0,0,0,m,m
5557,ARRIVE,1,1,0.980968,0,1.22427,1.47447,0.964036,1.18405,0,1.43911,1.14433,1.11983,1.39251,0.963636,0,1.95831,0,0,0,1,0,0,0,m,m
5558,ARRIVE,1,1,0.983972,0,0.961004,2.04108,0.845025,1.11755,1.21365,1.26998,1.22957,1.36636,1.48547,0.942265,0,2.40814,0,1,0,1,0,0,0,m,m
5559,ARRIVE,1,1,0.985825,0,0.544124,2.24414,0.78933,1.1852,1.34356,1.30035,1.15587,1.39505,1.3677,0.993689,0,2.32679,0,1,0,1,0,0,0,m,m
5560,ARRIVE,1,1,0.98429,0,0,2.43861,0.642804,1.10077,1.02024,1.2254,1.14852,1.45073,1.53452,0.832566,0,2.94952,0,1,0,1,0,0,0,m,m
5561,ARRIVE,1,1,0.983507,0,0,2.28422,0.617279,1.08238,1.28311,1.16448,0.790393,1.24853,1.22561,0.922094,0,1.93893,0,1,0,1,0,0,0,m,m
5562,ARRIVE,1,1,0.987661,0,0,2.06956,0,1.09193,1.50613,1.05956,0.911483,1.23652,1.32551,0.590382,0,2.69078,0,1,0,1,0,0,0,m,m
5563,ARRIVE,1,1,0.987057,0,0,1.69337,0,1.0711,1.50064,1.19817,0.931297,1.31939,1.21425,0.734942,0,1.98877,0,1,0,1,0,0,0,m,m
5564,ARRIVE,1,1,0.987451,0,0,1.91775,0,1.00513,1.38072,1.09338,0.917456,1.24916,1.55112,0.885233,0,2.24788,0,1,0,1,0,0,0,m,m
5565,ARRIVE,1,1,0.986704,0,0,2.06248,0,1.02627,1.33427,1.1616,0.958258,1.38441,1.61401,0.968288,0,2.41357,0,1,0,1,0,0,0,m,m
5566,ARRIVE,1,1,0.986547,0,0,1.85433,0,1.05646,1.49959,1.2099,0.961432,1.34007,1.65013,0.888803,0,2.39045,0,1,0,1,0,0,0,m,m
5567,ARRIVE,1,1,0.985632,0,0,1.78319,0,1.12294,1.39091,1.31002,0.99925,1.50391,1.72741,0.908254,0,2.07913,0,1,0,1,0,0,0,m,m
5568,ARRIVE,1,1,0.987008,0,0,1.85954,0,1.1254,1.53604,1.30743,0.988661,1.40182,1.71044,0.960471,0,2.27599,0,1,0,1,0,0,0,m,m
5569,ARRIVE,1,1,0.987295,0,0,1.70839,0,1.16967,1.53025,1.36986,1.0018,1.42992,1.63213,1.01591,0,2.199,0,1,0,1,0,0,0,m,m
5570,ARRIVE,1,1,0.987629,0,0,1.79236,0,1.16123,1.73607,1.36511,0.960646,1.21019,1.647,1.01465,0,2.00539,0,1,0,1,0,0,0,m,m
5571,ARRIVE,1,1,0.987393,0,0,1.83768,0,1.19805,1.64572,1.35974,1.02025,1.20019,1.52361,1.0691,0,2.36677,0,1,0,1,0,0,0,m,m
5572,ARRIVE,1,1,0.98814,0,0,1.94002,0,1.18344,1.66486,1.37751,0.969607,1.24971,1.62051,1.16232,0,2.10206,0,1,0,1,0,0,0,m,m
5573,ARRIVE,1,1,0.987834,0,0.547165,2.01184,0,1.17565,1.71221,1.42376,0.934754,1.18524,1.75209,1.15996,0,2.10376,0,1,0,1,0,0,0,m,m
5574,ARRIVE,1,1,0.988344,0,0.653312,2.0715,0,1.19604,1.69564,1.4673,1.07891,1.42298,1.95003,1.1371,0,2.11313,0,1,0,1,0,0,0,m,m
5575,ARRIVE,1,1,0.987555,0,0.657596,1.86461,0,1.19693,1.82528,1.47903,1.0976,1.36837,1.57522,0.986661,0,1.74473,0,1,0,1,0,0,0,m,m
5576,ARRIVE,1,1,0.988205,0,0,1.92409,0,1.18438,1.52404,1.43841,1.19093,1.41055,1.75886,0.880802,0,2.17419,0,1,0,1,0,0,0,m,m
5577,ARRIVE,1,1,0.987913,0,0,1.92435,0,1.14998,1.34517,1.49657,1.06803,1.27381,1.73406,0.903271,0,1.94647,0,1,0,1,0,0,0,m,m
5578,ARRIVE,1,1,0.987493,0,0,1.47213,0,1.02336,1.08434,1.23333,0.999341,1.28563,1.49486,0.700777,0,1.49788,0,1,0,1,0,0,0,m,m
5579,ARRIVE,1,1,0.985438,0,0,1.14937,0,0.975066,0.784403,1.2597,0.988173,1.22075,1.36462,0.714768,0,0,0,0,0,1,0,0,0,m,m
5580,ARRIVE,1,1,0.988649,0,0,1.19441,0,0.904755,0,1.21126,0.96169,1.29789,1.51619,0.744792,0,0,0,0,0,1,0,0,0,m,m
5581,ARRIVE,1,1,0.98861,0,0,1.012,0,0.853671,0,1.25263,0.958763,1.31832,1.34812,0.695235,0,0,0,0,0,1,0,0,0,m,m
5582,ARRIVE,1,1,0.988633,0,0,0.882452,0,0.789722,0,1.11447,1.11447,1.20657,1.30012,0,0,0.510104,0,0,0,1,0,0,0,m,m
5583,ARRIVE,1,1,0.987607,0,0,0.650319,0,0.787818,0,1.14032,1.14268,0.982989,1.30076,0.537666,0,0.626292,0,0,0,1,0,0,0,m,m
5584,ARRIVE,1,1,0.985106,0,0,0,0,0.695995,0,0.988585,1.23414,1.0279,0.836123,0,0,1.35461,0,0,0,1,0,0,0,m,m
8260,ARRIVE,1,1,0.982114,0,0.560078,0,0,0,0.571123,0,0.753321,1.27902,0,0,0.600135,0,0,0,1,0,0,0,0,m,w
8261,ARRIVE,1,1,0.981858,0,0.599102,0,0,0,0.636062,0,0.740549,1.29741,0,0,0.59398,0.551358,0,0,1,0,0,0,0,m,w
8262,ARRIVE,1,1,0.982741,0,0,0,0,0,0,0,0.6961,1.24013,0,0,0.573213,0,0,0,1,0,0,0,0,m,w
8263,ARRIVE,1,1,0.981772,0,0,0,0,0,0.525708,0,0.648792,1.26692,0,0,0.546976,0,0,0,1,0,0,0,0,m,w
8264,ARRIVE,1,1,0.981923,0,0,0,0,0,0,0,0.688658,1.25405,0,0,0,0,0,0,1,0,0,0,0,m,w
8265,ARRIVE,1,1,0.982152,0,0.607754,0,0,0,0.511148,0,0.8594,1.14709,0,0,0.565361,0.596569,0,0,1,0,0,0,0,m,w
8266,ARRIVE,1,1,0.983928,0,0.588764,0,0,0,0.573097,0,0.850596,1.21339,0,0,0.678837,0.506801,0,0,1,0,0,0,0,m,w
8267,ARRIVE,1,1,0.983961,0,0.549497,0,0,0,0.600618,0,0.795034,1.21766,0,0,0.773789,0,0,0,1,0,0,0,0,m,w
8268,ARRIVE,1,1,0.980842,0,0.677809,0,0,0,0.7454,0,0.748812,1.21346,0,0,0.883845,0.542889,0,0,1,0,0,0,0,m,w
8269,ARRIVE,1,1,0.982007,0,0.647374,0,0,0,0.748876,0,0.756563,1.23892,0,0,0.866169,0,0,0,1,0,0,0,0,m,w
8270,ARRIVE,1,1,0.98068,0,0.597928,0,0,0,0.68212,0,0.784542,1.18288,0,0,0.749981,0.577872,0,0,1,0,0,0,0,m,w
8271,ARRIVE,1,1,0.980341,0,0.704768,0,0,0,0.764712,0,0.790318,1.29565,0,0,0.76658,0.526824,0,0,1,0,0,0,0,m,w
8272,ARRIVE,1,1,0.979618,0,0.641425,0,0,0,0.624501,0,0.793456,1.26328,0,0,0.648889,0.567192,0,0,1,0,0,0,0,m,w
8273,ARRIVE,1,1,0.979743,0,0.738146,0,0,0,0.551663,0,0.819625,1.29327,0,0,0.709376,0.669512,0,0,1,0,0,0,0,m,w
8274,ARRIVE,1,1,0.980731,0,0.64421,0,0,0,0.515796,0,0.819902,1.38678,0,0,0.70656,0,0,0,1,0,0,0,0,m,w
8275,ARRIVE,1,1,0.981466,0,0.633827,0,0,0,0.516741,0,0.852115,1.32566,0,0,0.660068,0.551078,0,0,1,0,0,0,0,m,w
8276,ARRIVE,1,1,0.980607,0,0.839024,0,0,0,0,0,0.793504,1.39521,0,0,0.567932,0.671766,0,0,1,0,0,0,0,m,w
8277,ARRIVE,1,1,0.980577,0,0.944267,0,0,0,0,0,0.858601,1.52227,0,0,0,0.776421,0,0,1,0,0,0,0,m,w
8278,ARRIVE,1,1,0.982477,0,0.890349,0,0,0,0.510835,0,0.853117,1.40814,0,0,0.537514,0.973526,0,0,1,0,0,0,0,m,w
8279,ARRIVE,1,1,0.981966,0,0.630466,0,0,0,0,0,0.878087,1.33707,0,0,0.52249,0.842661,0,0,1,0,0,0,0,m,w
8280,ARRIVE,1,1,0.98185,0,0.57226,0,0,0,0,0,0.813583,1.37938,0,0,0,1.00717,0,0,1,0,0,0,0,m,w
8281,ARRIVE,1,1,0.980082,0,0,0,0,0,0,0,0.700129,1.09836,0,0,0,0,0,0,1,0,0,0,0,m,w
8282,ARRIVE,1,1,0.979806,0,0,0,0,0,0.828317,0,0.623746,1.00028,0,0,0,0.643227,0,0,1,0,0,0,0,m,w
8283,ARRIVE,1,1,0.980249,0,0,0,0,0.583532,0.846862,0,0.658531,0.880125,0,0,0,0,0,0,1,0,0,0,0,m,w
8284,ARRIVE,1,1,0.974022,0,0,0,0,0.550736,0,0.514638,0.885537,0.810262,0,0,0,1.51405,0,0,1,0,0,0,0,m,w
8285,ARRIVE,1,1,0.973855,0,0,0,0,0.629192,0,0.603078,0.971596,0.860648,0,0,0,1.46243,0,0,1,0,0,0,0,m,w
8286,ARRIVE,1,1,0.973272,0,0,0,0,0.572415,0.53714,0.580864,0.779726,0.698822,0,0,0,2.19289,0,0,1,0,0,0,0,m,w
8287,ARRIVE,1,1,0.973905,0,0,0,0,0.629383,0.636003,0.632557,0.75928,0.743412,0,0,0,2.30419,0,0,1,0,1,0,0,m,w
8288,ARRIVE,1,1,0.973218,0,0,0,0,0.617744,0.62535,0.634273,0.66384,0,0,0,0,2.18127,0,0,1,0,1,0,0,m,w
8289,ARRIVE,1,1,0.973467,0,0,0,0,0.55766,0.701379,0.580682,0.574718,0.585581,0,0,0,2.25813,0,0,1,0,1,0,0,m,w
8290,ARRIVE,1,1,0.974667,0,0,0,0,0.559248,0,0.528196,0.619023,0,0,0,0,2.20655,0,0,1,0,1,0,0,m,w
8291,ARRIVE,1,1,0.975467,0,0,0,0,0.593128,0,0.560875,0.696737,0,0,0,0,2.17935,0,0,1,0,1,0,0,m,w
8292,ARRIVE,1,1,0.977079,0,0,0,0,0.598676,0.642423,0.532079,0.695906,0.70552,0,0,0,2.30727,0,0,1,0,1,0,0,m,w
8293,ARRIVE,1,1,0.974898,0,0,0,0,0.636001,0,0.619015,0.859084,0.791195,0,0,0,2.48107,0,0,1,0,1,0,0,m,w
8294,ARRIVE,1,1,0.973856,0,0,0,0,0.608702,0.502076,0.580327,0.69397,0.817123,0,0,0,1.72692,0,0,1,0,0,0,0,m,w
8295,ARRIVE,1,1,0.974529,0,0,0,0,0.615711,0.52985,0.572054,0.768967,1.00944,0,0,0,1.54316,0,0,1,0,1,0,0,m,w
8296,ARRIVE,1,1,0.974692,0,0,0,0,0.605149,0.760181,0.541068,0.893478,1.41303,0,0,0,1.26851,0,0,1,0,0,0,0,m,w
8297,ARRIVE,1,1,0.975239,0,0,0,0,0.596309,0.711865,0.535754,0.914369,1.23294,0,0,0,1.26423,0,0,1,0,0,0,0,m,w
8298,ARRIVE,1,1,0.978167,0,0,0,0,0.606512,0.780381,0.574618,0.887066,1.46278,0,0,0,0.97512,0,0,1,0,0,0,0,m,w
8299,ARRIVE,1,1,0.976648,0,0,0,0,0.606178,0.91228,0.588552,0.881282,1.47671,0,0,0,0.769829,0,0,1,0,0,0,0,m,w
8300,ARRIVE,1,1,0.975021,0,0.589713,0,0,0.533232,0.752851,0.50062,0.847275,1.33346,0,0,0,0.717958,0,0,1,0,0,0,0,m,w
8301,ARRIVE,1,1,0.975226,0,0.521394,0,0,0.523407,0.667265,0,0.797509,1.27918,0,0,0,0.777065,0,0,1,0,0,0,0,m,w
8302,ARRIVE,1,1,0.974201,0,0,0,0,0.56597,0.512387,0.508798,0.974479,1.27656,0,0,0,0.734398,0,0,1,0,0,0,0,m,w
8303,ARRIVE,1,1,0.973543,0,0,0,0,0.563286,0.633503,0.52896,0.902172,1.3266,0,0,0,0.674703,0,0,1,0,0,0,0,m,w
8304,ARRIVE,1,1,0.976099,0,0,0,0,0.552163,0.62472,0,0.831813,1.33763,0,0,0,0.592336,0,0,1,0,0,0,0,m,w
8305,ARRIVE,1,1,0.976595,0,0.694215,0,0,0.550008,0.868098,0.534094,0.813118,1.23454,0,0,0,0.687428,0,0,1,0,0,0,0,m,w
8306,ARRIVE,1,1,0.97455,0,0.513433,0,0,0.554513,0.753939,0.506357,0.694534,1.21536,0,0,0,0.598064,0,0,1,0,0,0,0,m,w
8307,ARRIVE,1,1,0.976333,0,0,0,0,0.559947,0,0.534931,0.730741,1.36232,0,0,0,0,0,0,1,0,0,0,0,m,w
8308,ARRIVE,1,1,0.975987,0,0,0,0,0.588137,0.669429,0.512613,0.745497,1.27156,0,0,0,0.625377,0,0,1,0,0,0,0,m,w
8309,ARRIVE,1,1,0.97607,0,0,0,0,0.572387,0.690506,0.53969,0.810538,1.32053,0,0,0,0.726968,0,0,1,0,0,0,0,m,w
8310,ARRIVE,1,1,0.976817,0,0,0,0,0.540088,0.512325,0,0.725432,1.33249,0,0,0,0.563469,0,0,1,0,0,0,0,m,w
8311,ARRIVE,1,1,0.977433,0,0,0,0,0.533557,0.678834,0,0.713611,1.2864,0,0,0,0,0,0,1,0,0,0,0,m,w
8312,ARRIVE,1,1,0.976983,0,0,0,0,0.536362,0.984262,0,0.708205,1.35383,0,0,0,0.683227,0,0,1,0,0,0,0,m,w
8313,ARRIVE,1,1,0.976676,0,0,0,0,0.544971,0.894258,0.505276,0.726473,1.34907,0,0,0,0.791404,0,0,1,0,0,0,0,m,w
8314,ARRIVE,1,1,0.978654,0,0.604416,0,0,0,0.999081,0,0.755941,1.34626,0,0,0,0.729999,0,0,1,0,0,0,0,m,w
8315,ARRIVE,1,1,0.980049,0,0.558192,0,0,0,0.697377,0,0.758199,1.34623,0,0,0,0,0,0,1,0,0,0,0,m,w
8316,ARRIVE,1,1,0.97752,0,0.556663,0,0,0.518269,0.715973,0,0.898392,1.33519,0,0,0,0.661936,0,0,1,0,0,0,0,m,w
8317,ARRIVE,1,1,0.97564,0,0,0,0,0.525581,0.942967,0,0.90036,1.25961,0,0,0,0.579591,0,0,1,0,0,0,0,m,w
8318,ARRIVE,1,1,0.975691,0,0.522336,0,0,0.522716,0.851176,0.51401,0.95168,1.35011,0,0,0,0.563392,0,0,1,0,0,0,0,m,w
8319,ARRIVE,1,1,0.976296,0,0.613884,0,0,0,0.895097,0,0.945556,1.3145,0,0,0.520273,0.754754,0,0,1,0,0,0,0,m,w
8320,ARRIVE,1,1,0.977504,0,0.678761,0,0,0,0.826126,0,0.976662,1.35318,0,0,0.694405,0.704516,0,0,1,0,0,0,0,m,w
8321,ARRIVE,1,1,0.977827,0,0.74298,0,0,0,0.823147,0,1.04543,1.31845,0,0,0.650916,0.673245,0,0,1,0,0,0,0,m,w
8322,ARRIVE,1,1,0.977625,0,0.720623,0,0,0,0.938338,0,1.00046,1.31397,0,0,0.591814,0.70858,0,0,1,0,0,0,0,m,w
8323,ARRIVE,1,1,0.977115,0,0.87422,0,0,0,1.08428,0,0.998271,1.44183,0,0,0.638081,0.819285,0,0,1,0,0,0,0,m,w
8324,ARRIVE,1,1,0.978555,0,0.698209,0,0,0,1.2044,0,1.00131,1.44753,0,0,0.564796,0.881163,0,0,1,0,0,0,0,m,w
8325,ARRIVE,1,1,0.978957,0,0.714072,0,0,0,1.22626,0,1.02054,1.48524,0,0,0.56836,0.730359,0,0,1,0,0,0,0,m,w
8326,ARRIVE,1,1,0.978828,0,0.793675,0,0,0,1.01279,0,0.953972,1.43784,0,0,0.601198,0.748034,0,0,1,0,0,0,0,m,w
8327,ARRIVE,1,1,0.978603,0,0.836081,0,0,0,0.913364,0,0.933527,1.40138,0,0,0.683003,0.518236,0,0,1,0,0,0,0,m,w
8328,ARRIVE,1,1,0.979406,0,0.803054,0,0,0,0.908057,0,0.912334,1.47138,0,0,0.594733,0.705811,0,0,1,0,0,0,0,m,w
8329,ARRIVE,1,1,0.979902,0,0.733375,0,0,0,0.831007,0,0.851123,1.48396,0,0,0.549874,0.620152,0,0,1,0,0,0,0,m,w
8330,ARRIVE,1,1,0.980029,0,0.649026,0,0,0,0.78154,0,0.856143,1.43879,0,0,0.629311,0.685528,0,0,1,0,0,0,0,m,w
8331,ARRIVE,1,1,0.98039,0,0.57039,0,0,0,0.754776,0,0.849604,1.44265,0,0,0.670358,0.655247,0,0,1,0,0,0,0,m,w
8332,ARRIVE,1,1,0.980428,0,0.653778,0,0,0,0.773664,0,0.856147,1.44324,0,0,0.668057,0.678857,0,0,1,0,0,0,0,m,w
8333,ARRIVE,1,1,0.980187,0,0.622661,0,0,0,0.637222,0,0.839891,1.41709,0,0,0.693216,0.668792,0,0,1,0,0,0,0,m,w
8334,ARRIVE,1,1,0.980847,0,0.678012,0,0,0,0.519552,0,0.850846,1.4304,0,0,0.707205,0.714389,0,0,1,0,0,0,0,m,w
8335,ARRIVE,1,1,0.979146,0,0.611508,0,0,0,0.566411,0,0.849792,1.49994,0,0,0.567326,0.836297,0,0,1,0,0,0,0,m,w
8336,ARRIVE,1,1,0.97998,0,0,0,0,0,0.536948,0,0.809458,1.4271,0,0,0.570343,0.546419,0,0,1,0,0,0,0,m,w
8337,ARRIVE,1,1,0.980139,0,0,0,0,0,0,0,0.834458,1.40504,0,0,0,0,0,0,1,0,0,0,0,m,w
8338,ARRIVE,1,1,0.979934,0,0,0,0,0,0,0,0.830569,1.43684,0,0,0,0.671346,0,0,1,0,0,0,0,m,w
8339,ARRIVE,1,1,0.979628,0,0,0,0,0,0.820145,0,0.824103,1.45217,0,0,0,0.630579,0,0,1,0,0,0,0,m,w
8340,ARRIVE,1,1,0.97903,0,0.530197,0,0,0,0.673401,0,0.856339,1.37559,0,0,0,0.685225,0,0,1,0,0,0,0,m,w
8341,ARRIVE,1,1,0.979803,0,0,0,0,0,0.644543,0,0.858656,1.3408,0,0,0,0.561443,0,0,1,0,0,0,0,m,w
8342,ARRIVE,1,1,0.97832,0,0.596274,0,0,0,0.747743,0,0.823615,1.34595,0,0,0,0.533552,0,0,1,0,0,0,0,m,w
8343,ARRIVE,1,1,0.975436,0,0.595022,0,0,0,0.614559,0,0.75669,1.27325,0,0,0,0.698829,0,0,1,0,0,0,0,m,w
8344,ARRIVE,1,1,0.976919,0,0,0,0,0,0,0,0.748102,1.29461,0,0,0,0.600044,0,0,1,0,0,0,0,m,w
8345,ARRIVE,1,1,0.977266,0,0,0,0,0,0,0,0.795039,1.39962,0,0,0,0,0,0,1,0,0,0,0,m,w
8346,ARRIVE,1,1,0.977507,0,0,0,0,0,0.560017,0,0.74402,1.28976,0,0,0,0.595967,0,0,1,0,0,0,0,m,w
8347,ARRIVE,1,1,0.975978,0,0,0,0,0,0.598338,0,0.730877,1.23149,0,0,0,0,0,0,1,0,0,0,0,m,w
