time_stamp,word,frame,success,confidence,AU01_r,AU02_r,AU04_r,AU05_r,AU06_r,AU09_r,AU10_r,AU12_r,AU14_r,AU15_r,AU17_r,AU20_r,AU25_r,AU26_r,AU04_c,AU12_c,AU15_c,AU23_c,AU28_c,AU45_c,speaker_gender,listener_gender
5658,NEW,1,1,0.865018,0,0,0.508049,0,0.618617,0.80145,0,1.30698,1.22577,0,0,0,2.13978,0,0,1,0,1,0,0,m,w
5659,NEW,1,1,0.901456,0.584157,0,0,0.646214,0.757671,1.00131,0,1.32857,1.43612,0,0,0,2.1131,0,0,1,0,1,0,0,m,w
5660,NEW,1,1,0.938073,0.944512,0.524639,0.706569,0,0.880482,0.912335,0,1.05748,0.927349,0,0.534215,0,2.68422,0,0,1,0,1,0,0,m,w
5661,NEW,1,1,0.954902,1.42681,1.39358,1.1045,0.516627,1.03837,0.549586,0.669826,0.82467,0.987163,0,0.887086,0.608342,1.02205,0,0,1,0,1,0,0,m,w
5662,NEW,1,1,0.944171,1.40005,1.27323,1.33288,0.881066,0.956738,1.71758,0.522109,0.946111,1.30038,0,1.03513,1.05317,2.10834,0,0,1,1,1,0,0,m,w
5663,NEW,1,1,0.945789,1.17587,1.71284,1.34481,0,0.889565,1.52814,0.593095,0.829782,1.20787,0.524644,1.20656,1.23796,1.74639,0,0,1,1,1,0,0,m,w
5664,NEW,1,1,0.937191,1.21251,1.64104,1.49039,0,0.909247,2.00724,0.639614,0.960087,1.3735,0,1.28415,1.26281,1.84219,0,0,1,1,1,0,0,m,w
5665,NEW,1,1,0.920979,1.39763,0,1.03028,0,0.795208,1.53287,0,0,0.657105,0.906234,1.1459,1.11837,2.46463,0,0,1,1,1,0,0,m,w
5666,NEW,1,1,0.921508,0.997569,1.09239,0,0,0.768217,0.887542,0,0,1.02834,0.660928,0.844072,1.36151,3.36103,0,0,1,0,1,0,0,m,w
5667,NEW,1,1,0.922367,0.8968,0,0.704665,0,0.685613,1.11825,0,0,0.617714,0.587746,0.971268,1.4872,3.249,0,0,1,0,1,0,0,m,w
5668,NEW,1,1,0.924731,0.877198,1.22095,0.940198,0,0.656749,1.29409,0,0,0.969806,1.03392,0.81053,0.966511,2.76385,0,0,1,1,1,0,0,m,w
5669,NEW,1,1,0.935991,0.704952,0.965935,1.35578,0,0,0.934711,0,0,0,1.07514,0,0.737862,2.99811,0,0,0,0,1,0,0,m,w
5670,NEW,1,1,0.879584,0.716678,0.890061,1.32948,0.537741,0.531645,0.755421,0,0.514018,0,0.547157,0,0,2.39363,0,1,1,0,1,0,0,m,w
5671,NEW,1,1,0.844464,0,0,0.951386,0,0.677305,0,0.589033,0.815392,0.98692,0.51022,0.651897,0,2.95327,0,0,1,0,1,0,0,m,w
5672,NEW,1,1,0.92649,0,0,1.06508,0,0.75002,0.776473,0.750281,0.896853,0.957899,0,0.659427,0,3.727,0,0,1,0,1,0,1,m,w
5673,NEW,1,1,0.942231,0,0,0.894193,0,0.863086,1.31838,0.719833,0.660189,1.36521,0,0.612859,0,3.32098,0,0,1,0,1,0,0,m,w
5674,NEW,1,1,0.903377,0,0.692959,0,0,1.06597,1.16307,0.84345,0.925148,1.42782,0,0.582353,0.523994,3.76959,0,0,1,0,1,0,0,m,w
5675,NEW,1,1,0.898345,0.835867,0.507307,0,0,1.06569,0.922721,0.759679,0.891442,1.94685,0.87974,0.752369,0.945357,4.50194,0,0,1,0,1,0,0,m,w
5676,NEW,1,1,0.841613,0.592416,0,0,0,1.12443,0.938533,0.871808,0.627007,1.6664,0.714468,0,0.808824,3.45693,0,0,1,0,1,0,0,m,w
5677,NEW,1,1,0.806943,1.01354,1.50975,0,0,1.00764,1.92923,0.760322,0.675089,1.36626,0.509772,0,0,3.50655,0,0,1,0,1,0,0,m,w
5678,NEW,1,1,0.743402,1.11153,0.840021,0,0,0.954773,1.37693,0.710232,0.897093,0.798138,0,0,0,2.65844,0.539652,0,1,0,1,0,0,m,w
5679,NEW,1,1,0.744338,0.707384,0,0.509724,0,0.991234,1.06247,0.849194,0.971523,1.10144,0,0,0.585114,2.94989,0,0,1,0,1,0,0,m,w
5680,NEW,1,1,0.897997,0,0,0,0,0.919753,0,0.641887,1.25374,1.40816,0.897541,0.692513,0.624366,1.70746,0,0,1,0,1,0,0,m,w
5681,NEW,1,1,0.897803,0,0,0,0.577251,0.951647,0,0.683006,1.39185,1.53296,0.770572,0.740697,0,1.81363,0,0,1,0,1,0,0,m,w
5682,NEW,1,1,0.914834,0,0,0.708039,0,0.968608,0,0.659286,1.37817,1.72353,0.726716,0.938282,0,1.69851,0,0,1,1,1,0,0,m,w
5683,NEW,1,1,0.866796,0.552199,0.683046,1.24863,0,0.954223,0,0.64833,1.03683,1.52679,1.1238,0,0,2.03051,0,0,1,1,1,0,0,m,w
5684,NEW,1,1,0.9118,0,0,0.565953,0,0.934675,0,0.692973,1.11618,1.4252,0.854589,1.03579,0,2.52852,0,0,1,1,1,0,0,m,w
5685,NEW,1,1,0.902198,0.58419,0.64903,0.919522,0,0.969235,0,0.805985,1.05309,1.66418,0.590629,0.921056,0,2.73575,0,0,1,1,1,0,0,m,w
5686,NEW,1,1,0.908663,0.542327,0.798956,1.26349,0,0.857763,0.594875,0.741559,0.861326,1.36429,0.545074,0.543917,0,3.61216,0,0,1,1,1,0,0,m,w
5687,NEW,1,1,0.912391,1.03946,0.959553,1.18013,0,0.861163,0,0.791861,0.607984,1.10698,0.739195,0,0,3.63759,0,0,1,1,1,0,0,m,w
5688,NEW,1,1,0.938033,1.02639,0,1.60763,0,0.843353,0.717621,0.702196,0.629224,0.856701,0.716323,0,0,4.14931,0.502224,0,1,1,1,0,1,m,w
5689,NEW,1,1,0.911831,1.19247,0,2.08596,0,0.967964,1.11118,0.795747,0,0.950428,0.878744,0,0,3.1222,0,1,1,1,1,0,1,m,w
5690,NEW,1,1,0.936144,1.42662,0,2.09753,0,0.921687,0.99858,0.742305,0,1.06173,0.948461,0.563075,0,3.25661,0,1,1,1,1,0,1,m,w
5691,NEW,1,1,0.942459,0.935426,0,1.27934,0,0.968204,1.1059,0.846225,0.563544,0.962585,1.00487,0.541434,0,3.74275,0,0,1,1,1,0,1,m,w
5692,NEW,1,1,0.942955,1.06188,0,1.5966,0,0.919345,0.782882,0.821362,0.74522,1.02835,0.735692,0,0,3.64692,0,1,1,1,1,0,0,m,w
5693,NEW,1,1,0.924194,1.187,0,1.39542,0,0.960352,0.949245,0.998944,0.820798,1.07483,0.638451,0.59317,0,3.96623,0,1,1,1,1,0,1,m,w
5694,NEW,1,1,0.871765,0.587808,0,1.29518,0,0.865824,1.70727,0.674774,0.574292,1.43984,0,0.60571,0,5,0,1,1,0,1,0,1,m,w
5695,NEW,1,1,0.851361,0.553728,0,1.16067,0,0.847062,1.53533,0.622215,0.604242,0.744246,0,0,0,5,0,0,1,0,1,0,0,m,w
5696,NEW,1,1,0.851503,0,0,1.41101,0,0.790425,1.46401,0.563078,0.597836,0.639843,0,0,0,4.84673,0,1,1,0,1,0,1,m,w
5697,NEW,1,1,0.893484,0,0,1.56776,0,0.721193,1.1945,0,0.868625,0.593332,0,0,0,5,0,1,1,0,1,0,1,m,w
5698,NEW,1,1,0.919744,0.698584,0,1.30916,0,0.655102,1.57215,0,0.653114,0.788471,0,0,0.51035,4.40693,0,0,1,0,1,0,1,m,w
5699,NEW,1,1,0.938076,0,0,1.51291,0,0.779499,1.13885,0.571113,1.00149,0.889273,0,0.871376,0,1.86345,0,1,1,0,1,0,0,m,w
5700,NEW,1,1,0.921667,0,0,0.817043,0,0.606341,0.986446,0,1.19305,1.13293,0,0.697831,0,1.52512,0,0,1,0,0,0,0,m,w
5701,NEW,1,1,0.8732,0,0,0.734765,0,0.505047,1.02543,0,0.864146,0,0,0.607994,0,0,0,1,1,0,1,0,0,m,w
5702,NEW,1,1,0.874976,0,0,0.783967,0,0,0,0,0.942002,0,0,0.612326,0,0,0,1,1,0,0,0,0,m,w
5703,NEW,1,1,0.874655,0,0,0,0,0,0,0,0.789297,0,0,0,0,0,0,1,1,0,0,0,0,m,w
5704,NEW,1,1,0.836396,0,0,0.769394,0,0,0.712686,0,0.711888,0.653486,0,0.566771,0,0,0,1,1,0,0,0,0,m,w
5705,NEW,1,1,0.947132,0,0,0,0.738522,0,0,0.632886,0.852222,1.56144,0,0.567735,0,0,0,0,1,0,0,0,0,m,w
5706,NEW,1,1,0.950084,0,0,0.720927,0,0,0.586272,0.652087,0.969816,1.74187,0,0.64992,0.547045,0,0,0,1,0,1,0,0,m,w
5707,NEW,1,1,0.938128,0,0,0,0,0.567667,0.797963,0.646777,0.889944,1.62395,0,0.618227,1.12499,0,0,0,1,0,1,0,0,m,w
5708,NEW,1,1,0.939807,0,0.631158,0,0.706217,0.652535,0.721627,0.52899,0.677254,1.24341,0,0,1.32288,0,0,0,1,0,1,0,0,m,w
5709,NEW,1,1,0.906541,0.687425,0,0.804042,0,0.780325,0.672849,0.660205,0.993925,1.21256,0,0,1.14488,0.549134,0,0,1,0,1,0,0,m,w
5710,NEW,1,1,0.922149,0.627299,0,1.14583,0,0.858566,0,0.707045,1.04849,1.27419,0,0.504404,1.19032,2.61204,0,1,1,0,1,0,0,m,w
5711,NEW,1,1,0.945536,0,0,0.999686,0,0.912715,0.616936,0.658795,1.14501,1.26953,0,0,0.596928,2.76531,0,0,1,0,1,0,0,m,w
5712,NEW,1,1,0.937376,0,1.09853,0.616323,0,0.895151,0,0.717267,1.24064,1.1996,0,0,0,2.38442,0,0,1,0,1,0,0,m,w
5713,NEW,1,1,0.92716,0,0.992675,0,0,0.931662,0.592711,0.789274,1.23641,0.936527,0,0,0,2.6344,0,0,1,0,1,0,0,m,w
5714,NEW,1,1,0.90961,0,0.945191,0.835655,0,0.87511,0.661161,0.80058,1.0471,1.45043,0,0,0,2.84651,0,1,1,0,1,0,0,m,w
5715,NEW,1,1,0.920825,0,0,0.552452,0,0.821842,0.935549,0.599619,0.896714,1.08859,0,0,0.810452,3.47616,0.573468,0,1,0,1,0,0,m,w
5716,NEW,1,1,0.948642,0,0,0.689519,0,0.767213,0.912123,0.587502,1.00269,1.25464,0,0,0,2.08479,0,0,1,0,1,0,0,m,w
5717,NEW,1,1,0.918609,0,0.596059,0.766797,0,0.674591,0,0,0.79458,0.946185,0,0,0,0,0,0,1,0,1,0,0,m,w
5718,NEW,1,1,0.916784,0,0,0,0,0.669578,0.834226,0,1.3196,0,0,0,1.24709,1.72036,0,0,1,0,1,0,0,m,w
5719,NEW,1,1,0.906765,0,0,0,0,0.558149,0.534116,0,1.01226,0.566562,0,0,1.01379,0.804567,0,0,1,0,1,0,0,m,w
5720,NEW,1,1,0.95142,0,0,0.86276,0,0,0,0,0.606202,0.971023,0,0,0.669966,0,0,0,1,0,1,0,0,m,w
5721,NEW,1,1,0.94304,0,0,0,0,0,0,0,0.75093,0.93594,0,0.589667,0.886611,1.03643,0,0,1,0,1,0,0,m,w
5722,NEW,1,1,0.962705,0,0,1.06496,0,0,0.632286,0,0.539972,1.2514,0,0.721228,0.920548,1.80887,0,0,1,0,1,0,0,m,w
5723,NEW,1,1,0.931924,0,0,0.792059,0,0,0.712729,0,0,0.947814,0,0,1.04287,1.65145,0,0,1,0,1,0,0,m,w
5724,NEW,1,1,0.938748,0,0,1.0721,0,0,0.679293,0,0.523585,1.15957,0,0,0.938006,1.19691,0,0,1,0,1,0,0,m,w
5725,NEW,1,1,0.949929,0,0,1.04695,0,0.568543,0.965579,0.597444,0.653516,1.38518,0,0.681274,0.938658,0.864577,0,0,1,0,1,0,0,m,w
5726,NEW,1,1,0.954817,0,0,1.02871,0,0.519398,1.13792,0.564683,0.655126,1.32428,0,0,0.579194,0.632008,0,0,1,0,1,0,0,m,w
5727,NEW,1,1,0.961416,0,0,0.72288,0,0,1.424,0.712993,0.506869,1.3047,0,0,1.05274,0.711703,0,0,1,0,1,0,0,m,w
27260,NEW,1,1,0.850979,0.507453,0.673868,2.65548,0,0.571114,0,0.704799,0,0,0.600987,0,1.26689,0.753521,0.608088,1,0,1,1,0,0,m,m
16169,NEW,1,1,0.994877,0,0,0,0,0.591863,1.36488,0.674983,1.49828,2.16055,0,0,0.937551,0.67244,0,0,1,1,0,0,0,w,w
16170,NEW,1,1,0.993754,0,0.520601,0.627365,0,0.641518,1.36972,0.66106,1.61896,2.11359,0,0,0,0.870655,0,0,1,1,0,0,0,w,w
16171,NEW,1,1,0.99497,0,0,0,0,0.601321,1.46226,0.636938,1.57095,1.98759,0,0,0,0.939667,0,0,1,1,0,0,0,w,w
16172,NEW,1,1,0.995033,0,0.597615,0,0,0.577947,1.48006,0.628426,1.56449,1.95125,0,0,0.778048,0.710285,0,0,1,1,0,0,0,w,w
16173,NEW,1,1,0.99526,0,0.760013,0,0,0.554817,1.19854,0.644322,1.50128,2.03679,0,0,0.743589,0.878671,0,0,1,1,0,0,0,w,w
8372,NEW,1,1,0.961658,0.520289,0,2.47075,0,0,0,0,0,0,0,0.692306,2.00157,0,0,1,0,0,0,0,1,w,w
8373,NEW,1,1,0.961861,0.808771,0.516951,2.45726,0,0,0,0,0,0,0,0.785609,2.43355,0.512319,0,1,0,0,0,0,1,w,w
8374,NEW,1,1,0.963886,0.809141,0.666339,2.19316,0,0,0,0,0,0,0,0.663957,2.17499,0,0,0,0,0,0,0,1,w,w
8375,NEW,1,1,0.964628,0.804093,0.944794,1.75187,0,0,0,0,0,0,0,0.776799,2.06151,0,0,0,0,0,0,0,1,w,w
8376,NEW,1,1,0.963523,0.918642,0.90728,1.7636,0,0,0,0,0,0,0,0.71456,1.92389,0.905735,0,0,0,0,0,0,1,w,w
8377,NEW,1,1,0.963471,0.873527,0.746352,1.61817,0,0,0,0,0,0,0,0.743136,1.80076,0.901764,0,0,0,0,0,0,1,w,w
8378,NEW,1,1,0.964657,0.926078,0.672689,1.75706,0,0,0,0,0,0,0,0.721134,1.79547,0.892937,0,0,0,0,0,0,1,w,w
8379,NEW,1,1,0.96613,0.895213,0.763222,2.02896,0,0,0,0,0,0,0,0.806087,1.51022,0.933166,0,0,0,0,0,0,1,w,w
8380,NEW,1,1,0.966843,0.936788,0.845712,2.23655,0,0,0,0,0,0,0,0.838577,1.6988,0.898984,0,1,0,0,0,0,1,w,w
8381,NEW,1,1,0.966859,0.986305,0.897359,2.09484,0,0,0,0,0,0,0,0.798186,1.59325,0.620673,0,1,0,0,0,0,1,w,w
8382,NEW,1,1,0.966605,0.994831,1.08433,2.10039,0,0,0,0,0,0,0,0.782154,1.50907,0.615546,0,1,0,0,0,0,0,w,w
8383,NEW,1,1,0.961181,0.859039,0.925966,2.2173,0,0,0,0,0,0,0,0.858582,1.68173,0.80754,0,0,0,0,0,0,0,w,w
8384,NEW,1,1,0.961227,0.9324,0.822983,2.20728,0,0,0,0,0,0,0,0.670124,1.95241,0.830058,0,1,0,0,0,0,0,w,w
8385,NEW,1,1,0.961471,0.983058,0.742108,1.98084,0,0,0,0,0,0,0,0.744932,1.83389,0.559337,0,1,0,0,0,0,0,w,w
8386,NEW,1,1,0.964714,0.94046,0,2.52411,0,0,0,0,0,0,0,0.712562,1.95553,0.681549,0,1,0,0,0,0,0,w,w
8387,NEW,1,1,0.962798,0.948667,0.553718,2.27269,0,0,0,0,0,0,0,0.792349,1.68103,0,0,1,0,0,0,0,0,w,w
8388,NEW,1,1,0.96221,0.912694,0.661271,2.46523,0,0,0,0,0,0,0,0.688309,1.77669,0.749455,0,1,0,0,0,0,1,w,w
8441,NEW,1,1,0.965216,0.894361,0.580189,2.34609,0,0,0,0,0,0,0,1.03837,2.369,0.9525,0,0,0,0,0,0,0,w,w
8442,NEW,1,1,0.968459,0.835978,0,2.25532,0,0,0,0,0,0,0.585813,0.966469,1.83394,0.67564,0,0,0,0,0,0,0,w,w
8443,NEW,1,1,0.969083,0.815993,0,2.25506,0,0,0,0,0,0,0.514887,1.01538,1.60231,0.91133,0,0,0,1,0,0,0,w,w
8444,NEW,1,1,0.968131,0.797729,0,2.14209,0,0,0,0,0,0,0,1.00977,1.67682,0.696105,0,0,0,0,0,0,0,w,w
8445,NEW,1,1,0.968725,0.680912,0,2.3359,0,0,0,0,0,0,0,1.03394,1.67003,0.892776,0,0,0,0,0,0,0,w,w
8603,NEW,1,1,0.960487,0,0,1.91713,0,0,1.12413,0,0,0.510608,1.19808,0.542926,1.75404,1.00636,0,1,0,0,1,0,0,w,w
8604,NEW,1,1,0.962463,0,0,1.96242,0,0,1.36267,0,0,0,1.22276,0.537282,1.87206,0.877819,0,1,0,0,1,0,0,w,w
8605,NEW,1,1,0.957058,0,0,1.59128,0,0,0.89926,0,0,0,1.27218,0.584935,1.719,0.653628,0,0,0,0,1,0,1,w,w
8606,NEW,1,1,0.957004,0,0,1.89123,0,0,1.21673,0,0,0,1.39435,0,1.86846,0.537708,0,0,0,0,1,0,1,w,w
8607,NEW,1,1,0.953738,0,0,1.96325,0,0,1.23261,0,0,0,1.44394,0.531303,1.64278,0.648527,0,0,0,0,1,0,1,w,w
8608,NEW,1,1,0.954945,0,0,1.60508,0,0,0.93911,0,0,0,1.25602,0.540983,1.62534,0.917257,0,0,0,0,1,0,1,w,w
8609,NEW,1,1,0.955523,0,0,1.6866,0,0,1.0348,0,0,0,1.27902,0.577312,1.62993,0.928974,0,0,0,0,1,0,1,w,w
8610,NEW,1,1,0.95588,0,0,1.61045,0,0,1.49605,0,0,0,1.18257,0.572125,1.7272,1.03906,0,0,0,0,1,0,1,w,w
8611,NEW,1,1,0.954895,0,0,1.64038,0,0,1.36435,0,0,0,1.28403,0.593399,1.89535,1.02306,0,0,0,0,1,0,1,w,w
8612,NEW,1,1,0.956163,0,0,1.6837,0,0,1.17337,0,0,0,1.21118,0.609032,1.70467,0.776865,0,0,0,0,1,0,0,w,w
8613,NEW,1,1,0.954032,0,0,1.63968,0,0,1.07928,0,0,0,1.35673,0.665879,1.85981,0.921033,0,0,0,0,1,0,0,w,w
8614,NEW,1,1,0.957355,0,0,1.65197,0,0,0.871901,0,0,0,1.36528,0.632107,1.73607,0.710783,0,0,0,0,1,0,0,w,w
8615,NEW,1,1,0.953445,0,0,1.54671,0,0,1.11965,0,0,0,1.22676,0.630875,1.98367,0.889101,0,0,0,0,0,0,0,w,w
8616,NEW,1,1,0.956035,0,0,1.4543,0,0,1.47857,0,0,0,1.39796,0.531188,1.82595,0.666416,0,0,0,0,1,0,0,w,w
8617,NEW,1,1,0.953415,0,0,1.55709,0,0,1.36943,0,0,0,0.956387,0.540836,1.756,0.89008,0,0,0,0,1,0,0,w,w
8618,NEW,1,1,0.979867,0,0,1.22912,0,0,1.47345,0,0,0,0.792742,0,2.35555,0.977256,0,0,0,0,0,0,0,w,w
8619,NEW,1,1,0.983458,0,0,0.755478,0,0,1.30148,0,0,0,1.05667,0,1.94006,1.29148,0,0,0,0,0,0,0,w,w
8620,NEW,1,1,0.985339,0,0,0.848299,0,0,1.29818,0,0,0,1.16157,0,1.69064,0.725211,0,0,0,0,1,0,1,w,w
8621,NEW,1,1,0.98422,0,0,0.731921,0,0,1.40294,0,0,0,1.09611,0.718061,1.62411,0.527615,0,0,0,0,0,0,1,w,w
8622,NEW,1,1,0.984584,0,0,0,0,0,1.27567,0,0,0,0.788666,0.517931,1.37911,0,0,0,0,0,1,0,1,w,w
8623,NEW,1,1,0.98475,0,0,0,0,0,1.3478,0,0,0,0.744023,0.76549,1.58906,0,0,0,0,0,1,0,1,w,w
8624,NEW,1,1,0.985916,0,0,0,0,0,1.36351,0,0,0,0.626762,0.603731,1.67415,0,0,0,0,0,1,0,1,w,w
8625,NEW,1,1,0.984129,0,0,0,0,0,1.24453,0,0,0,0.552644,0.639931,1.79178,0,0,0,0,0,1,0,0,w,w
8626,NEW,1,1,0.984929,0,0,0,0,0,0.994584,0,0,0,0.673726,0.657811,1.85902,0,0,0,0,0,1,0,0,w,w
8627,NEW,1,1,0.984562,0,0,0,0,0,0.989069,0,0,0,0.666412,0.676779,1.79675,0,0,0,0,0,1,0,0,w,w
8628,NEW,1,1,0.98549,0,0,0,0,0,1.05679,0,0,0.570793,0.670752,0.658068,1.71624,0,0,0,0,0,1,0,0,w,w
8629,NEW,1,1,0.985818,0,0,0,0,0,0.883218,0,0,0,0.578951,0.660003,1.8911,0,0,0,0,0,0,0,0,w,w
8630,NEW,1,1,0.985596,0,0,0,0,0,1.19191,0,0,0.58005,0,0.565865,1.66477,0,0,0,0,0,1,0,0,w,w
8631,NEW,1,1,0.984662,0,0,0,0,0,1.01313,0,0,0.607585,0,0.613435,1.75824,0,0,0,0,0,1,0,0,w,w
8632,NEW,1,1,0.986533,0,0,0.597132,0,0,1.32392,0,0,0.530465,0,0.600652,1.67946,0,0,0,0,0,1,0,0,w,w
8633,NEW,1,1,0.986591,0,0,0,0,0,1.09328,0,0,0,0,0.564022,1.57932,0,0,0,0,0,1,0,0,w,w
8634,NEW,1,1,0.982505,0,0,0,0,0,1.05618,0,0,0.538089,0,0.598196,1.68767,0,0,0,0,0,1,0,0,w,w
8635,NEW,1,1,0.984322,0,0,0,0,0,1.08066,0,0,0,0,0.670431,1.6105,0,0,0,0,0,0,0,0,w,w
8636,NEW,1,1,0.984005,0,0,0,0,0,1.18134,0,0,0,0.58532,0.722071,1.57524,0,0,0,0,0,1,0,0,w,w
8637,NEW,1,1,0.98284,0,0,0,0,0,1.17459,0,0,0.691223,0.736825,0.700002,1.54831,0,0,0,0,0,0,0,0,w,w
8638,NEW,1,1,0.982805,0,0,0,0,0,0.903782,0,0,0.677709,0.747854,0.641662,1.47335,0,0,0,0,0,0,0,0,w,w
8639,NEW,1,1,0.981775,0.57883,0,0,0,0,0.672373,0,0,0.703146,0.716208,0.674074,1.42218,0,0,0,0,0,0,0,0,w,w
8640,NEW,1,1,0.980346,0.601471,0,0,0,0,0.567355,0,0,0.571228,0.631805,0.625307,1.42707,0,0,0,0,0,1,0,0,w,w
8641,NEW,1,1,0.978669,0.527739,0,0,0,0,1.3583,0,0,0,0.76552,0.635059,1.34535,0,0,0,0,0,1,0,0,w,w
8642,NEW,1,1,0.979348,0.617385,0,0,0,0,1.34792,0,0,0,0.839062,0.648644,1.31432,0,0,0,0,0,1,0,0,w,w
8643,NEW,1,1,0.979568,0.697037,0.61967,0,0,0,1.33588,0,0,0,0.743129,0.587435,1.46818,0,0,0,0,0,1,0,0,w,w
8644,NEW,1,1,0.980733,0.807661,0,0,0,0,1.60664,0,0,0.529586,0.954974,0.627097,1.37038,0,0,0,0,0,1,0,0,w,w
8645,NEW,1,1,0.981921,0.707357,0,0,0,0,1.47888,0,0,0,1.01123,0.688925,1.32657,0,0,0,0,0,1,0,0,w,w
8646,NEW,1,1,0.98284,0.612952,0,0,0,0,1.61703,0,0,0.555942,0.98739,0.632247,1.3203,0,0,0,0,0,1,0,0,w,w
8647,NEW,1,1,0.982198,0.649127,0,0,0,0,1.62385,0,0,0.575975,0.995318,0.657483,1.12167,0,0,0,0,0,1,0,0,w,w
8648,NEW,1,1,0.982915,0.713055,0.562325,0,0,0,1.40086,0,0,0.525262,0.9539,0.607755,1.1166,0,0,0,0,0,1,0,0,w,w
8649,NEW,1,1,0.982114,0.777912,0.5184,0,0,0,1.36897,0,0,0,0.962978,0.556111,1.06899,0,0,0,0,0,1,0,0,w,w
8650,NEW,1,1,0.982838,0.745666,0,0,0,0,1.34592,0,0,0,1.02422,0.582593,1.04852,0,0,0,0,0,1,0,0,w,w
8651,NEW,1,1,0.982909,0.624782,0,0,0,0,1.15092,0,0,0,1.08555,0.589736,1.03622,0,0,0,0,0,1,0,0,w,w
8652,NEW,1,1,0.98298,0.737263,0,0,0,0,1.38141,0,0,0,1.07209,0.558595,1.00992,0,0,0,0,0,1,0,0,w,w
8653,NEW,1,1,0.982747,0.649694,0,0,0,0,1.23076,0,0,0,1.07661,0.525478,0.939111,0,0,0,0,0,0,0,0,w,w
8654,NEW,1,1,0.982206,0.549004,0,0,0,0,1.40279,0,0,0.559896,1.10225,0.513117,1.04553,0,0,0,0,0,1,0,0,w,w
8655,NEW,1,1,0.981648,0.586214,0,0,0,0,1.25942,0,0,0.512182,1.11517,0.503621,0.741762,0,0,0,0,0,1,0,0,w,w
8656,NEW,1,1,0.982619,0.725709,0,0,0,0,1.24052,0,0,0,1.08649,0.526328,0.898575,0,0,0,0,0,1,0,0,w,w
8657,NEW,1,1,0.983569,0.639102,0,0,0,0,1.24458,0,0,0,1.07676,0.519169,0.907496,0,0,0,0,0,1,0,0,w,w
8658,NEW,1,1,0.982523,0.714071,0.626789,0,0,0,1.01103,0,0,0,1.06463,0,1.00435,0,0,0,0,0,1,0,0,w,w
8659,NEW,1,1,0.981489,0.757524,0.746846,0,0,0,0.853149,0,0,0.528856,0.791689,0,0.93821,0,0,0,0,0,1,0,0,w,w
8660,NEW,1,1,0.981702,0,0,0,0,0,0.964171,0,0,0.56122,0.907663,0,0.84283,0,0,0,0,0,1,0,0,w,w
8661,NEW,1,1,0.982099,0.507125,0.536125,0,0,0,0.878176,0,0,0.516229,1.02241,0,0.66512,0,0,0,0,0,1,0,0,w,w
8662,NEW,1,1,0.981377,0,0.577222,0,0,0,1.28338,0,0,0.632258,1.00104,0,0,0,0,0,0,0,1,0,0,w,w
8663,NEW,1,1,0.98108,0,0.643936,0,0,0,1.35655,0,0,0.666588,0.784894,0,0,0,0,0,0,0,1,0,0,w,w
8664,NEW,1,1,0.982168,0,0.763029,0,0,0,1.73813,0,0,0.66435,0.986147,0,0.534513,0,0,0,0,0,1,0,0,w,w
8665,NEW,1,1,0.981648,0,0,0,0,0,1.43485,0,0,0.522088,1.0596,0,0.695951,0,0,0,0,0,1,0,0,w,w
8666,NEW,1,1,0.984046,0,0.717481,0,0,0,1.23541,0,0,0.598401,1.01479,0,0.508838,0,0,0,0,0,1,0,0,w,w
8667,NEW,1,1,0.984412,0,0.680455,0,0,0,1.3396,0,0,0.513058,1.01065,0,0.504065,0,0,0,0,0,1,0,0,w,w
8668,NEW,1,1,0.984515,0,0,0,0,0,1.54906,0,0,0.50926,1.02638,0,0,0,0,0,0,0,1,0,0,w,w
8669,NEW,1,1,0.983025,0,0,0,0,0,1.41378,0,0,0.608213,1.1542,0,0.619847,0,0,0,0,0,1,0,0,w,w
8670,NEW,1,1,0.983388,0,0.529253,0,0,0,1.52676,0,0,0,1.18989,0,0.802212,0,0,0,0,0,1,0,0,w,w
8671,NEW,1,1,0.983691,0.505828,0.546019,0,0,0,1.70793,0,0,0.523797,1.08123,0,0.867102,0,0,0,0,0,1,0,0,w,w
8672,NEW,1,1,0.984356,0,0.512865,0,0,0,1.69101,0,0,0.550827,1.0946,0,0.71709,0,0,0,0,0,1,0,0,w,w
8673,NEW,1,1,0.984178,0,0.54784,0,0,0,1.57601,0,0,0.705883,0.990687,0,0.700171,0,0,0,0,0,1,0,0,w,w
8674,NEW,1,1,0.984451,0,0.551653,0,0,0,1.68792,0,0,0.664982,1.0181,0,0.502053,0,0,0,0,0,1,0,0,w,w
8675,NEW,1,1,0.984372,0.515227,0.573523,0,0,0,1.80194,0,0,0.672572,0.966687,0,0.50345,0,0,0,0,0,1,0,0,w,w
8676,NEW,1,1,0.984614,0.518701,0.58811,0,0,0,1.20293,0,0,0.677424,1.05844,0,0.671524,0,0,0,0,0,1,0,0,w,w
8677,NEW,1,1,0.984847,0.517095,0.624303,0,0,0,1.4429,0,0,0.585057,1.04542,0,0.617006,0,0,0,0,0,1,0,0,w,w
8678,NEW,1,1,0.983755,0.573018,0.711371,0,0,0,1.39164,0,0,0.703295,1.02261,0,0.583177,0,0,0,0,0,1,0,0,w,w
8679,NEW,1,1,0.983036,0.597795,0.68801,0,0,0,1.38486,0,0,0.773911,0.768523,0,0,0,0,0,0,0,1,0,0,w,w
8680,NEW,1,1,0.981673,0.581211,0.871638,0,0,0,1.5128,0,0,0.625542,0.88012,0,0.561412,0,0,0,0,0,1,0,0,w,w
8681,NEW,1,1,0.980825,0.568808,0.805226,0,0,0,1.46634,0,0,0.660605,0.704139,0,0.655798,0,0,0,0,0,1,0,0,w,w
8742,NEW,1,1,0.960824,0,0,1.08934,0,0,0,0,0,0,0.648548,0,1.2649,0.505074,0,0,0,0,0,0,1,w,w
8743,NEW,1,1,0.957152,0,0,1.25457,0,0,0.597395,0,0,0,0.675565,0.615874,1.9126,0.539272,0,0,0,0,0,0,1,w,w
8744,NEW,1,1,0.962205,0,0,1.21433,0,0,0.784369,0,0,0,0.857448,0.581306,1.82867,0.568622,0,0,0,0,0,0,1,w,w
8745,NEW,1,1,0.96467,0,0,1.25239,0,0,1.03311,0,0,0,0.79381,0.536619,1.67054,0.561321,0,0,0,0,1,0,1,w,w
8746,NEW,1,1,0.96198,0,0,1.35828,0,0,1.10147,0,0,0,0.764027,0.500582,1.27401,0.671561,0,0,0,0,1,0,1,w,w
8747,NEW,1,1,0.961057,0,0.523413,1.19952,0,0,0.899132,0,0,0,0.768191,0.551946,1.63802,0.612919,0,0,0,0,1,0,1,w,w
8748,NEW,1,1,0.94601,0,0,1.19589,0,0,1.11846,0,0.504261,0.532703,0.680108,0.521323,1.39432,0.619703,0,0,0,0,1,0,1,w,w
8749,NEW,1,1,0.94707,0,0,0.932191,0,0,1.02746,0,0,0,0.739715,0.660996,1.19085,0,0,0,0,0,1,0,1,w,w
8750,NEW,1,1,0.948452,0,0,1.04741,0,0,1.51471,0,0.534989,0.564466,0.885652,0.673534,1.52176,0.531979,0,0,0,0,1,0,1,w,w
8751,NEW,1,1,0.948878,0,0,0.948917,0,0,1.84068,0,0,0.683278,0.66453,0.657204,1.55293,0.772442,0,0,0,0,1,0,1,w,w
8752,NEW,1,1,0.948538,0,0,1.15541,0,0,2.08636,0,0.539607,0.554852,0.793917,0.551729,1.21392,0.565018,0,0,0,0,1,0,1,w,w
8753,NEW,1,1,0.946116,0,0,0.93476,0,0,1.78381,0,0.561095,0.719662,0.797577,0.595981,1.1424,0.766349,0,0,1,0,1,0,1,w,w
8754,NEW,1,1,0.947268,0,0.536648,0.941719,0,0,1.89485,0,0.639816,0.705365,0.896846,0.603994,0.93617,0.607474,0,0,0,0,1,0,1,w,w
8755,NEW,1,1,0.950846,0,0,0.983127,0,0,1.92904,0,0.695431,0.635759,1.0032,0.642242,1.1332,0,0,0,1,0,1,0,1,w,w
8756,NEW,1,1,0.952279,0,0,0.941887,0,0,2.05332,0,0.630339,0.727189,0.753596,0.648481,1.02679,0,0,0,0,0,1,0,1,w,w
8757,NEW,1,1,0.953338,0,0.515368,0.91882,0,0,2.14337,0,0.656629,0.635317,0.758456,0.619534,0.99245,0,0,0,1,0,1,0,0,w,w
8758,NEW,1,1,0.958483,0,0,1.12969,0,0,2.16738,0,0,0.752438,0.844252,0.571418,0.901893,0.918355,0,0,0,0,1,0,0,w,w
8759,NEW,1,1,0.961606,0,0,1.15203,0,0,2.13932,0,0.541488,0.64495,0.58879,0.504534,1.10504,1.14916,0,0,1,0,1,0,1,w,w
8760,NEW,1,1,0.960626,0,0,1.04381,0,0,1.65128,0,0.529225,0.624813,0.678483,0.501894,1.13933,1.07968,0,0,0,0,1,0,1,w,w
8761,NEW,1,1,0.96657,0,0,1.08849,0,0,1.34108,0,0,0,0,0,0.999306,1.48402,0,0,0,0,1,0,0,w,w
8762,NEW,1,1,0.96742,0,0,1.01696,0,0,1.36065,0,0,0,0,0,1.19971,1.47144,0,0,0,0,1,0,0,w,w
8763,NEW,1,1,0.969717,0,0,0.985729,0,0,1.22196,0,0,0,0.611348,0,1.09233,1.19157,0,0,0,0,1,0,0,w,w
8764,NEW,1,1,0.966199,0,0,0.980537,0,0,1.1765,0,0,0,0.550423,0,1.2426,1.09216,0,0,0,0,1,0,0,w,w
8765,NEW,1,1,0.960419,0,0,1.00187,0,0,1.21682,0,0,0,0.521764,0.525548,1.37823,0.943579,0,0,0,0,1,0,1,w,w
8766,NEW,1,1,0.957938,0,0,1.1325,0,0,1.15004,0,0,0,0.685047,0.602198,1.39735,1.20437,0,0,0,0,1,0,1,w,w
8767,NEW,1,1,0.953914,0,0,1.09069,0,0,1.15624,0,0,0,0.56216,0.63599,1.38659,1.18678,0,0,0,0,1,0,1,w,w
8768,NEW,1,1,0.956572,0,0,0.98265,0,0,0.984126,0,0,0,0.706909,0.548244,0.806672,1.40682,0,0,0,0,1,0,1,w,w
8769,NEW,1,1,0.958438,0,0,1.09392,0,0,1.13571,0,0,0.596012,0.58597,0.594356,1.29408,1.32955,0,0,0,0,1,0,1,w,w
8770,NEW,1,1,0.963547,0,0.596929,1.19971,0,0,0.773693,0,0,0.508423,0.900681,0,1.23903,1.17437,0,0,0,0,1,0,1,w,w
8771,NEW,1,1,0.965381,0,0.72348,1.00467,0,0,0.894368,0,0,0,0.651058,0.520126,0.645289,0.847001,0,0,0,0,1,0,1,w,w
8772,NEW,1,1,0.973584,0,0.986369,0.712394,0,0,0.572355,0,0,0,0,0,0.514591,0,0.620162,0,0,0,1,0,1,w,w
8773,NEW,1,1,0.974979,0.583017,1.12986,0,0,0,0,0,0,0,0.621938,0,0,0.667666,0.796726,0,0,0,1,0,1,w,w
8808,NEW,1,1,0.920153,1.95126,2.48467,0,1.07086,0,0,0,1.3072,0.681018,0,0,1.10427,0,0.52199,0,0,0,0,0,0,w,w
8812,NEW,1,1,0.95972,0.554759,0.639832,0,0,0,0,0,1.20263,1.4895,0.668994,0,0,1.29002,0,0,0,0,0,0,0,w,w
8813,NEW,1,1,0.95527,0.535562,0.639805,0,0,0,0,0,1.40638,1.34452,0.692003,0,0,0,0,0,0,0,0,0,0,w,w
8901,NEW,1,1,0.941547,0.78526,0,1.20488,0,0,2.41468,0,0.797154,0,1.32797,0,0.50272,0,0,0,1,0,1,0,0,w,w
8902,NEW,1,1,0.902542,0,0,1.36205,0,0,2.85081,0,0.505633,0,0.867539,0,1.16744,0,0.534055,0,0,0,1,0,0,w,w
8903,NEW,1,1,0.914987,0,0,1.68775,0,0,3.17925,0,0,0,0.786929,0,0,0,0.514559,0,0,0,1,0,0,w,w
8904,NEW,1,1,0.92713,0,0,2.05924,0,0,2.7274,0,0.75853,0,0.666729,0,0.986831,0,0,0,0,0,1,0,0,w,w
8905,NEW,1,1,0.913339,0,0,1.59396,0,0,2.3122,0,0.859683,0,0.664198,0,0.570118,0,0,0,0,0,1,0,0,w,w
8906,NEW,1,1,0.917977,0,0,1.46627,0,0,2.33076,0,0.556856,0,0.517759,0,1.01794,0,0,0,0,0,1,0,1,w,w
8907,NEW,1,1,0.91542,0,0,1.45785,0,0,2.38608,0,0.618507,0,0,0,0.605201,0,0,0,0,0,1,0,1,w,w
8908,NEW,1,1,0.854734,0,0,0.938375,0.522795,0,2.02615,0,0.904377,0,0,0,0.980155,0,0,0,0,0,1,0,0,w,w
8909,NEW,1,1,0.920959,0,0,1.55797,0,0,1.55894,0,0.734585,0,1.73126,0.903692,1.20774,0.905018,0,0,0,0,1,0,1,w,w
8910,NEW,1,1,0.902207,0,0,1.42424,0,0,1.80359,0,0,0,1.49484,1.03018,0.916427,0.952256,0,0,0,1,1,0,1,w,w
8911,NEW,1,1,0.863094,0,0,1.25022,0,0,1.55046,0,0,0,1.74018,1.24287,0.936816,1.04106,0,0,0,1,1,0,1,w,w
8912,NEW,1,1,0.852594,0,0,1.25474,0,0,2.19376,0,0,0,1.37185,1.05405,1.03944,1.63642,0,0,0,0,1,0,1,w,w
8913,NEW,1,1,0.858892,0,0,1.36284,0,0,2.14173,0,0,0,1.45989,1.29316,0.953589,2.09238,0,0,0,0,1,0,1,w,w
8914,NEW,1,1,0.922754,0,0.560441,1.20495,0,0,2.86068,0,0,0,1.18418,1.33764,0,1.6628,0,0,0,0,1,0,1,w,w
8915,NEW,1,1,0.940084,0.659986,1.08516,1.03283,0,0,2.45164,0,0,0,1.32424,1.40743,0.799944,1.27557,0,0,0,1,1,0,1,w,w
8916,NEW,1,1,0.937613,0.627733,1.28313,1.06229,0.610414,0,2.16379,0,0,0,1.22084,1.26514,0.664592,1.05144,0,0,0,1,1,0,1,w,w
8917,NEW,1,1,0.935891,0,1.14936,0.84951,0.944709,0,1.67458,0,0,0,1.08472,1.33277,0.705742,0,0,0,0,1,1,0,1,w,w
8918,NEW,1,1,0.936342,0,0.894636,1.06064,1.03849,0,1.65769,0,0,0,1.14965,1.30325,0,0,0,0,0,1,1,0,1,w,w
21184,NEW,1,1,0.73008,1.26758,0.668692,0,0,0,1.55249,0,0,0,0,0,0,1.24511,0,0,0,0,1,0,1,w,m
21186,NEW,1,1,0.734993,2.04731,0.823323,0,1.05078,0,1.20961,0,0,0,0,0,0,0,0,0,0,0,1,0,0,w,m
21187,NEW,1,1,0.883344,1.4727,0,0,0,0,0,0,0,0,0,0,0,1.85682,0,0,0,0,1,0,0,w,m
21188,NEW,1,1,0.868633,1.09484,0,0,0,0,0,0,0,0,0.745982,0,0,0.670379,0.556812,0,0,0,1,0,1,w,m
21189,NEW,1,1,0.913467,1.16169,0,0,0,0,0.840375,0,0,0,0.889108,0,0,0,0.518208,0,0,0,1,0,1,w,m
21190,NEW,1,1,0.941905,1.43913,0,0,0,0,1.26383,0,0,0,0.997472,0,0,0,0,0,0,0,1,0,1,w,m
21191,NEW,1,1,0.945144,1.06795,0,0,0,0,0.980815,0,0,0,1.4015,0,0,0.929615,0,0,0,1,1,0,1,w,m
21192,NEW,1,1,0.850399,1.41924,0,0,0.522787,0,0,0,0,0,0.790647,0,0,0,0.64475,0,0,0,1,0,1,w,m
21193,NEW,1,1,0.861097,1.60268,0,0,0,0,0,0,0,0,1.31439,0,0,0,0.56607,0,0,0,1,0,1,w,m
21194,NEW,1,1,0.890986,1.6437,0,0,0,0,0,0,0,0,0.736275,0,0,0.959244,0.682443,0,0,0,1,0,1,w,m
21195,NEW,1,1,0.883394,1.64266,0,0,0,0,0,0,0,0,0.613806,0,0,0.747792,0.683281,0,0,0,1,0,1,w,m
21196,NEW,1,1,0.876788,1.63771,0,0,0,0,0,0,0,0,0,0,0,0,0.707741,0,0,0,1,0,1,w,m
21197,NEW,1,1,0.867857,1.71708,0,0,0,0,0,0,0,0,0.976613,0,0,0,0.679728,0,0,0,1,0,1,w,m
21198,NEW,1,1,0.874516,1.85815,0.519026,0,0,0,0,0,0,0,0.814576,0,0,0,0.637236,0,0,0,1,0,1,w,m
21199,NEW,1,1,0.893754,1.69242,0.789616,0,0,0,0,0,0,0,0.727218,0,0,0,0,0,0,0,1,0,1,w,m
21200,NEW,1,1,0.907359,1.5262,0.621676,0,0,0,0,0,0,0,0,0,0,0,0.582955,0,0,0,1,0,1,w,m
21201,NEW,1,1,0.891548,1.71697,0,0,0,0,0,0,0,0,0,0,0,0,0.680374,0,0,0,1,0,1,w,m
21202,NEW,1,1,0.926069,1.90696,0,0,0,0,0,0,0,0,0,0,0,0,0.704446,0,0,0,1,0,1,w,m
21203,NEW,1,1,0.94462,1.94783,0,0,0,0,0,0,0,0,0,0,0,0.614142,0.744141,0,0,0,1,0,1,w,m
21204,NEW,1,1,0.964298,1.78151,0.64827,0,0,0,0,0,0,0,0.870074,1.00164,0,0,0,0,0,0,1,0,1,w,m
21205,NEW,1,1,0.961101,1.47183,0,0,0,0,0,0,0,0.711714,0.762153,1.1533,0,0,0,0,0,0,1,0,1,w,m
21206,NEW,1,1,0.972144,1.08246,0,0,0,0,0.58227,0,0,0.987969,0,1.08061,0,0,0,0,0,0,1,1,1,w,m
21207,NEW,1,1,0.968398,1.40059,1.10331,0,0.693874,0,0.579459,0.514517,0,1.29483,0,0.84878,0,1.57927,0,0,0,0,1,0,1,w,m
21208,NEW,1,1,0.984019,1.26479,1.15431,0,0.841266,0,0,0.592379,0,1.28081,0,0.66471,0,2.28518,0,0,0,0,1,0,1,w,m
21209,NEW,1,1,0.983411,1.1126,1.24149,0,0.587746,0.521827,0,0.677543,0.622541,1.57027,0,0.76106,0,2.02382,0,0,1,0,1,0,1,w,m
21210,NEW,1,1,0.982893,0.89697,0.810344,0,0,0,0,0,0.81115,1.34757,0,0.590613,0,0.924198,0,0,1,0,1,0,1,w,m
21211,NEW,1,1,0.974664,0,0.698249,0,0,0.501176,0,0.738119,1.12054,1.8939,0,0.685821,0.744396,1.91904,0,0,1,0,1,0,0,w,m
21212,NEW,1,1,0.988948,0.649406,0.729124,0,0,0,0,0.636062,0.797291,1.79173,0,0,0.953812,2.9096,0,0,1,0,1,0,1,w,m
21213,NEW,1,1,0.989064,0.599492,0.699323,0,0.503035,0,0,0.664923,0.820532,1.89599,0,0.580463,1.00936,3.07033,0,0,1,0,1,0,1,w,m
21214,NEW,1,1,0.989972,0,0.633197,0,0.709961,0,0,0.646133,0.967151,1.79889,0,0,0.82274,3.07195,0,0,1,0,1,0,0,w,m
21215,NEW,1,1,0.989955,0,0,0,0.581866,0.58977,0,0.757327,1.04224,1.99013,0,0.675463,0.894588,2.94907,0,0,1,0,1,0,1,w,m
21216,NEW,1,1,0.988949,0.570933,0.893601,0,0,0.586979,0,0.719351,1.15659,1.42187,0,0,0.860269,2.9137,0,0,1,0,1,0,1,w,m
21217,NEW,1,1,0.98294,0,1.18227,0,0,0.527642,0,0.604342,1.11442,1.65399,0,0.616781,0,2.93409,0,0,1,0,1,0,0,w,m
21218,NEW,1,1,0.982259,0,0.559509,0,0,0.599162,0,0.702944,1.13552,1.90532,0,0.576548,0,1.71148,0,0,1,0,1,0,0,w,m
21219,NEW,1,1,0.983596,0.756655,1.35289,0,0,0.636776,0,0.857354,0.903643,1.61409,0,0,0,2.08636,0,0,1,0,0,0,0,w,m
21220,NEW,1,1,0.947222,1.51077,2.00592,1.10532,0.612561,0.750048,1.96393,0.962784,1.03059,1.60702,0,0.834581,0,0.537279,0,0,0,0,0,1,0,w,m
21221,NEW,1,1,0.964995,0,2.30883,1.26665,0,0,1.36157,0,0,2.11946,0,0.684322,0,0,0,1,0,0,0,0,0,w,m
21222,NEW,1,1,0.868951,1.44145,2.21741,1.33736,0,0,2.41141,0,0,0.990863,0,0.570553,1.25765,0,0,0,0,0,0,0,0,w,m
21223,NEW,1,1,0.953259,0.690208,1.12979,0.945717,0,0,1.47043,0,0,1.16196,0,0,1.48424,0,0,0,0,0,0,0,0,w,m
21224,NEW,1,1,0.951196,0.852635,1.29416,0.913571,0,0,1.41433,0,0.571095,0.610229,0,0,1.29187,1.90259,0,0,0,0,0,0,1,w,m
21225,NEW,1,1,0.925275,0.619544,1.00162,0,0,0,1.21383,0,0,0,0,0,0.873416,0,0,1,0,0,0,0,1,w,m
21230,NEW,1,1,0.726452,2.24637,0.568821,0,0,0,0,0,0,0.595377,0,0,1.59221,1.27643,0,0,0,0,0,0,0,w,m
21231,NEW,1,1,0.819216,0.623435,0,0,0.822499,0,0,0,0,0,0,0,1.54582,0,0,0,0,0,0,0,0,w,m
21232,NEW,1,1,0.789908,0.863182,0.624886,0,0,0,0,0,0,1.0396,0,0,1.74769,0.531654,0,0,0,0,0,0,0,w,m
21233,NEW,1,1,0.911276,1.20884,0,0,0,0,0.533265,0,0,0,0,0,1.08903,0.5539,0,0,0,0,1,0,1,w,m
21234,NEW,1,1,0.833372,2.59233,0,0,0,0,0,0,0,0,0,0,0.834353,0,0,1,0,0,1,0,0,w,m
21235,NEW,1,1,0.833046,2.39613,1.39658,0,0.622221,0,1.15883,0,0,0.682068,0,0,0,0,0,1,1,0,1,0,0,w,m
21236,NEW,1,1,0.955019,1.80399,0.598653,0,0,0,0,0,0,0.905977,0.827168,0,0,0.88941,0,1,0,0,1,0,1,w,m
21237,NEW,1,1,0.976155,1.4799,0,0,0,0,0,0,0.853067,1.089,0.826149,0,0,1.00668,0,0,0,0,1,0,0,w,m
21238,NEW,1,1,0.980223,1.30653,0.50152,0,0,0,0,0,0.838411,0.864061,0.675871,0,0,1.24919,0,0,0,0,0,0,0,w,m
21239,NEW,1,1,0.980152,1.28596,0,0,0,0,0,0,0.902643,1.19347,0.677018,0,0,1.57415,0,1,0,0,0,0,0,w,m
21240,NEW,1,1,0.984423,0.919616,0,0,0,0,0,0.691323,1.0057,1.54983,0.655394,0,0,0,0,0,0,0,0,0,0,w,m
21241,NEW,1,1,0.982343,0.632229,0,0,0,0,0,0.536176,0.877579,1.52768,0,0,0.654617,0,0,0,1,0,0,0,0,w,m
21242,NEW,1,1,0.735187,2.32462,1.44988,1.03674,0,0,2.23828,0,0,0,0,0.586315,0,0,0,0,0,0,1,0,0,w,m
21243,NEW,1,1,0.973083,0,0,0,0,0.555733,0,0.798141,0.988117,1.20855,0,0,0.544,0,0,0,1,0,0,0,1,w,m
21244,NEW,1,1,0.974859,0,0,0,0,0.669326,0,0.933862,1.10628,1.37415,0,0,0.573488,0,0,0,1,0,0,0,1,w,m
21245,NEW,1,1,0.968097,0.563945,0,0,0,0.552721,0,1.09383,1.4056,1.47395,0,0,0.542157,1.81956,0,0,1,0,1,0,1,w,m
21246,NEW,1,1,0.962387,1.86114,0,1.67771,1.16675,0,0.777072,0,0,1.29195,0.757168,0.575381,0,3.07316,0,1,0,0,1,0,1,w,m
21247,NEW,1,1,0.850305,2.04856,0,0,0,0,0,0,0,0.946304,1.38169,0.704145,0,1.24284,0,0,0,0,1,0,0,w,m
21248,NEW,1,1,0.874403,2.36579,1.72879,1.62533,1.82723,0,1.8856,0.508748,0,0.67612,0.536575,1.12431,0,0,0,1,0,0,0,0,0,w,m
21249,NEW,1,1,0.864389,2.59985,2.37926,1.1237,1.83756,0,1.55863,0.651487,0,1.0789,0,1.51385,0,0,0,1,0,0,0,0,0,w,m
21250,NEW,1,1,0.891264,0.755888,1.89045,0.784319,0,0,0,0,0,0,0,0.607999,0,0,0,1,0,0,1,1,0,w,m
21251,NEW,1,1,0.914858,0.855704,0.945118,0,0,0,0,0.715171,0,0.650229,0.568696,0,0,0,0,1,0,0,1,0,1,w,m
21252,NEW,1,1,0.97945,0.629559,0.854934,1.03839,0,0.579934,0.54493,0.919535,0.512096,1.17073,1.08437,0.983128,0.661216,0,0,1,1,1,1,0,1,w,m
21253,NEW,1,1,0.98398,0,0.948805,1.13477,0,0.737532,0.7299,1.12048,0.518541,1.15018,0.981397,0.892062,0,1.46535,0,1,1,0,1,0,1,w,m
21254,NEW,1,1,0.985788,0.533817,0.685984,1.02036,0,0.608888,0.745139,0.865968,0.594281,1.3767,0,0,0,0,0,0,1,0,1,0,1,w,m
21255,NEW,1,1,0.986007,0,0.556123,1.77514,0,0.679268,1.19097,0.91119,0.788817,1.22466,0.76489,0,0,0,0,1,1,0,1,0,0,w,m
21256,NEW,1,1,0.987218,0,0,1.71084,0,0.653321,0.892001,0.882927,0.830624,1.21953,0.886308,0,0,0,0,1,1,0,1,0,0,w,m
21257,NEW,1,1,0.986162,0,0,1.68843,0,0.749147,1.03096,0.994512,0.860468,1.10875,0.766426,0,0,0.50715,0,1,1,0,1,0,0,w,m
21258,NEW,1,1,0.980837,0,0.51046,1.41698,0,0.718908,0.722478,0.941989,0.848177,1.32912,0.647333,0,0,0.966075,0,1,1,0,1,0,0,w,m
21259,NEW,1,1,0.979707,0,0.624247,1.2397,0,0.871575,0,1.16893,0.964103,1.32603,0,0,0,0.704284,0,1,1,0,1,0,0,w,m
21260,NEW,1,1,0.949247,0,0.520534,1.06556,0,0.949265,0,1.21858,1.0629,1.30352,0,0,0,1.54935,0,1,1,0,1,0,0,w,m
21261,NEW,1,1,0.95124,0,0,1.1334,0,1.00072,0,1.46197,1.25275,1.95694,0,0,0,1.65195,0,1,1,0,1,0,0,w,m
21262,NEW,1,1,0.966064,0,0,1.12066,0,0.996393,0,1.46925,1.50585,1.87659,0,0.604933,0,1.48982,0,1,1,0,1,0,0,w,m
21263,NEW,1,1,0.971558,0,0,0.960556,0,1.15739,0,1.58191,1.84293,2.21236,0,0.728774,0,2.0155,0,1,1,0,1,0,0,w,m
21264,NEW,1,1,0.959678,0,0,0.765298,0,0.885453,0,1.05,1.67115,2.00296,0,0,0,2.39076,0.795602,1,1,0,1,0,0,w,m
21265,NEW,1,1,0.910804,0,0,0.508398,0,0.71532,0,0.862931,1.13366,1.43688,0,0,0,1.40251,0.634416,1,1,0,1,0,0,w,m
21266,NEW,1,1,0.902127,0,0,0.762615,0,0,0,0,0.912834,0.909457,0,0,0,0,0,1,1,0,0,0,0,w,m
21267,NEW,1,1,0.944541,0,0,0,0,0,0,0,0.765045,0.773884,0,0,0,0,0,0,1,0,0,0,0,w,m
21268,NEW,1,1,0.959323,0,0,0,0,0,0,0,0,0,0,0,0,1.30836,0,1,0,0,0,0,0,w,m
21269,NEW,1,1,0.91998,0.700713,0.699116,0,0,0,0,0,0,0.862129,0,0.557138,0,0,0,0,0,0,1,0,0,w,m
21270,NEW,1,1,0.944898,0.541415,0,0,0,0,0,0.723905,0.512806,1.13608,0,0.509063,0,0,0,1,0,0,1,0,0,w,m
21278,NEW,1,1,0.966768,0.579258,1.38416,1.06638,0,0.819691,1.16712,1.16381,0.745782,1.27698,0,0.510021,0.586389,2.36343,0,1,1,0,1,0,0,w,m
21279,NEW,1,1,0.968506,0.599628,1.52461,0.986863,0,0.830985,1.13688,1.10486,0.595993,1.06681,0,0.547922,0.572854,2.65129,0,1,1,0,1,0,0,w,m
21280,NEW,1,1,0.975197,0.562536,1.17534,1.2278,0,0.818741,1.25629,0.906279,0.963787,0.856747,0,0,0,2.8024,0,1,1,0,1,0,1,w,m
21281,NEW,1,1,0.972594,0,1.10628,1.22935,0,0.883607,1.71325,0.98146,0.987221,0.946342,0,0,0,2.1396,0,1,1,0,1,0,1,w,m
21282,NEW,1,1,0.977681,0.7335,0.799429,1.1954,0,0.801275,1.34989,0.732917,0.957726,0.88237,0,0,0.701681,2.4176,0,0,1,0,1,0,1,w,m
21283,NEW,1,1,0.978875,0.958017,1.07525,0.948564,0,0.881835,1.07453,0.70931,0.884141,0,0,0,0,2.47137,0,0,1,0,1,0,1,w,m
21284,NEW,1,1,0.986092,0.740765,1.21344,0.88135,0,0.787074,1.24495,0.689397,0.976326,1.10284,0,0,0,2.07999,0,0,1,0,1,0,1,w,m
21285,NEW,1,1,0.988839,0.687492,1.0598,0.898067,0,0.767861,1.2161,0.771502,1.01156,0.981947,0,0,0,1.81666,0,0,1,0,1,0,1,w,m
21286,NEW,1,1,0.988592,0,1.35368,0.704637,0,0.789989,0.918139,0.88238,1.22419,0.931129,0,0,0,2.59997,0,0,1,0,1,0,1,w,m
21287,NEW,1,1,0.987036,0,1.03635,0.814393,0,0.745093,1.04387,0.968982,1.09181,0.967358,0,0,0,1.91215,0,0,1,0,1,0,1,w,m
21288,NEW,1,1,0.982233,0,1.35159,1.06552,0,0.630821,1.74225,0.688992,0.980754,0.799195,0,0,0,0.793122,0,0,1,0,1,0,1,w,m
21289,NEW,1,1,0.94451,1.30632,1.19236,1.3145,0,0.646067,0.700626,0.736814,0.719707,1.12418,0,0,0,0,0,0,0,0,0,0,0,w,m
21290,NEW,1,1,0.961276,0.99562,1.56085,1.20707,0,0,1.6352,0,0,0.882456,0,0,0,0,0,0,0,0,1,0,1,w,m
21291,NEW,1,1,0.931219,1.12085,0.956965,1.72205,0,0,2.07867,0,0,0,0,0,0.940501,0,0,1,0,0,1,0,1,w,m
21292,NEW,1,1,0.952364,0.565886,0,0,0,0,1.61936,0,0,0,0.540962,0,0.645606,0,0,0,0,0,1,0,1,w,m
21293,NEW,1,1,0.845543,0,0,0,0,0,0,0,0,0,0,0,1.90386,0,0,0,0,0,0,0,0,w,m
21294,NEW,1,1,0.967274,0,0,0.908384,0,0,1.14335,0,0,0,1.54243,0,0,0.988763,0,1,0,0,1,0,1,w,m
21295,NEW,1,1,0.961033,0.700057,0,0.536857,0,0,1.1785,0,0,0.604024,1.22979,0,1.30647,2.00939,0,0,0,0,0,0,1,w,m
21296,NEW,1,1,0.970689,0.810578,0,0,0,0,1.41011,0,0,0,1.45813,0,1.17781,0.873699,0,0,0,0,1,0,1,w,m
21297,NEW,1,1,0.976142,1.02032,0,0.753006,0,0,1.35425,0,0,0,1.55522,0,0.546189,0,0,0,0,0,1,0,1,w,m
21298,NEW,1,1,0.961806,1.17837,0,0.980766,0.608038,0,1.61518,0,0,0,1.46081,0,0.695026,0,0,0,0,0,1,0,0,w,m
21299,NEW,1,1,0.96408,1.6846,0,0,0,0,0.780952,0,0,0,1.25284,0,0,0,0,0,0,0,1,0,1,w,m
21300,NEW,1,1,0.906801,1.17193,0,0,0,0,0,0,0,0,0.913632,0,0,0.883371,0,0,0,0,1,0,1,w,m
21301,NEW,1,1,0.86481,1.1877,0,0,0,0,0,0,0,0,0.6347,0,0,0,0,0,0,0,1,0,0,w,m
21302,NEW,1,1,0.852731,1.34364,0.559283,0,0,0,0,0,0,0,0.721877,0,0,0,0.540194,0,0,0,1,0,0,w,m
21303,NEW,1,1,0.837833,1.39407,0,0,0,0,0,0,0,0,0.60963,0,0,0,0.592804,0,0,0,1,1,0,w,m
21304,NEW,1,1,0.879603,1.27317,0,0,0,0,0,0,0,0,0.881163,0,0,0,0.519061,0,0,0,1,1,0,w,m
21305,NEW,1,1,0.904033,1.02819,0,0,0,0,0,0,0,0,0.949517,0,0,0,0,0,0,0,1,0,0,w,m
21306,NEW,1,1,0.950745,1.10962,0,0,0,0,0,0,0,0,1.37422,0,0,0,0,0,0,0,1,0,0,w,m
21307,NEW,1,1,0.954065,1.44674,0,0,0,0,0,0,0,0,1.24116,0,0,0.673005,0,1,0,0,1,0,1,w,m
21308,NEW,1,1,0.965312,1.55358,0,0,0,0,0,0,0,0,0.632779,0,0,0,0,0,0,0,1,0,1,w,m
21309,NEW,1,1,0.966544,1.14939,0,0,0.519949,0,0,0,0,0,0,0,0,0,0,0,0,0,1,0,1,w,m
21310,NEW,1,1,0.970359,1.15089,0,0,0,0,0.990099,0,0,0,0,0,0,0,0,0,0,0,0,0,1,w,m
21311,NEW,1,1,0.974129,1.56448,0,0,0,0,0.781854,0,0,0,0,0,0,0,0,0,0,0,1,0,1,w,m
21312,NEW,1,1,0.957656,1.64687,0,0,0,0,0.678449,0,0,0,0.573121,0,0,0,0,0,0,0,1,0,1,w,m
21313,NEW,1,1,0.962472,1.56114,0,0,0,0,0,0,0,0,0.651179,0,0,0,0,0,0,0,1,0,1,w,m
21314,NEW,1,1,0.966889,1.53007,0,0,0.576724,0,0,0,0,0,0.894423,0,0,0,0,0,0,0,1,0,1,w,m
21315,NEW,1,1,0.953086,1.49922,0,0,0,0,0,0,0,0,0.6677,0,0,0,0,0,0,0,1,0,1,w,m
21316,NEW,1,1,0.927788,1.30874,0,0,0,0,0,0,0,0,0.721706,0,0,0,0,0,0,0,1,0,1,w,m
21317,NEW,1,1,0.833774,1.32766,0,0,0,0,0.797525,0,0,0,0.540749,0,0,0,0.642523,0,0,0,1,0,1,w,m
21318,NEW,1,1,0.851746,1.41402,0.895428,0,0,0,0.606688,0,0,0,0.560917,0,0,0.845771,0.56125,0,0,0,1,0,1,w,m
21319,NEW,1,1,0.814681,1.54603,1.13847,0,0,0,0.805238,0,0,0,0,0,0,1.09675,0.709971,0,0,0,1,1,1,w,m
21320,NEW,1,1,0.874029,1.03219,0.775553,0,0,0,1.28302,0,0,0,0,0,0,0.596461,0.515082,0,0,0,1,0,1,w,m
21321,NEW,1,1,0.916623,0,0,0,0,0,0,0,0,0,0.561688,0,0,0.993541,0,0,0,0,1,1,0,w,m
21322,NEW,1,1,0.92236,0.799853,0.97149,0,0.873303,0,0,0,0,0,0,0,0,1.41812,0,0,0,0,1,0,0,w,m
21323,NEW,1,1,0.946041,0.828978,1.06207,0,0.780449,0,0,0,0,0,0,0,0,1.91607,0,0,0,0,1,0,0,w,m
21324,NEW,1,1,0.968385,1.01095,0.615919,0,0,0,0.832001,0,0,0,0,0,0,1.69615,0.598474,0,0,0,1,0,1,w,m
21325,NEW,1,1,0.976773,0.878163,0,0,0.668172,0,0.782045,0,0.593231,0,0,0,0,1.25625,0.810319,0,0,0,1,0,1,w,m
21326,NEW,1,1,0.984468,1.42968,0,0.522292,0.629106,0,1.17302,0.54683,0,0,0,0,0,1.81778,0.603671,0,0,0,1,0,1,w,m
21327,NEW,1,1,0.985634,0.684413,0,0,0.683967,0,1.27735,0.65563,0,0.577454,0,0,0,2.67129,0.564571,0,0,0,1,0,1,w,m
21328,NEW,1,1,0.986569,0.721979,0.559605,0,0.744849,0,1.45514,0.632566,0,0,0,0,0,2.62068,0.545462,0,0,0,1,0,1,w,m
21329,NEW,1,1,0.985013,0.824993,0.793165,0,0.621619,0,1.24389,0.711253,0,0,0.578198,0,0,2.25022,0.525224,0,0,0,1,0,1,w,m
21330,NEW,1,1,0.987189,0.812737,0.710252,0,0.827929,0,1.16594,0.523849,0,0,0,0,0,2.28551,0.557668,0,0,0,1,0,1,w,m
21331,NEW,1,1,0.986446,1.05098,1.07855,0,0.766079,0,1.09456,0.61115,0,0,0.50813,0,0,2.64707,0,0,0,0,1,0,1,w,m
21332,NEW,1,1,0.987564,0.980375,0.952232,0.892214,0.823622,0,1.07621,0.565273,0,0,0,0,0,2.59527,0.574497,0,0,0,1,0,1,w,m
21333,NEW,1,1,0.986832,0.979723,1.09618,0.919904,0,0,1.08425,0.575978,0,0.501036,0.541565,0,0,2.14484,0.602668,0,0,0,1,0,1,w,m
21334,NEW,1,1,0.987617,0.869626,0.833983,0.949414,0.791411,0,0.761769,0,0,0,0.77834,0,0,2.97656,0.699254,0,0,0,1,0,1,w,m
21335,NEW,1,1,0.987571,1.057,0.834171,0.98708,0.951503,0,1.06639,0,0,0,0.658101,0,0,2.46404,0.687834,0,0,0,1,0,1,w,m
21336,NEW,1,1,0.989759,0.52528,1.06368,0.707742,1.2057,0,0.67932,0,0,0.739741,0,0,0.955345,2.92149,0.558974,0,0,0,1,0,1,w,m
21337,NEW,1,1,0.991443,0,1.4738,0.780773,1.46198,0.618706,0.972216,0.763634,0.730936,1.01158,0,0,0.679092,3.12666,0.526933,0,0,0,1,0,1,w,m
21338,NEW,1,1,0.992366,0,1.24582,0.50841,1.301,0.705273,0.676755,0.794408,1.28941,1.31278,0,0,0.660165,3.14292,0,0,1,0,1,0,1,w,m
21339,NEW,1,1,0.988688,0,1.3108,0,1.33129,0.78961,0,0.896643,1.29511,1.39483,0,0,0.786743,2.61046,0,0,1,0,1,0,0,w,m
21340,NEW,1,1,0.985835,0,1.35117,0.606886,1.3931,0.55962,0.683189,0.535081,1.21306,1.22781,0.553208,0,0.71146,2.35313,0,0,0,0,1,0,0,w,m
21341,NEW,1,1,0.982182,0.693971,1.64471,0.618979,1.59876,0,1.11647,0,0.740517,0.821105,0.751832,0,0,1.93222,0,0,0,0,1,0,0,w,m
21342,NEW,1,1,0.986923,0,1.23224,0.857516,1.22296,0,0.629576,0,0.783403,0.695178,0.511051,0,0,1.11749,0.690094,0,0,0,1,0,1,w,m
21343,NEW,1,1,0.987681,0,1.40472,0.660069,1.19853,0,1.12022,0,0,0,0,0,0.80628,1.17286,0.807445,0,0,0,0,0,1,w,m
21344,NEW,1,1,0.983755,0,1.42353,0.978333,0.849583,0,1.46411,0,0,0,0,0,0.897952,1.16589,1.13369,0,0,0,1,0,0,w,m
21345,NEW,1,1,0.976665,0,1.57829,0,1.25609,0,1.06943,0,0,0,0,0,1.18402,0.898654,1.18742,0,0,0,1,0,0,w,m
21346,NEW,1,1,0.979037,0,1.42995,0,1.36341,0,0.868062,0,0,0.618468,0.574689,0,1.29965,0.955381,1.32173,0,0,0,1,0,0,w,m
21347,NEW,1,1,0.984646,0.665566,1.42171,0,1.15313,0,0,0,0,0.894997,0.552704,0,1.57818,0.8663,1.17208,0,0,0,1,0,0,w,m
21348,NEW,1,1,0.979315,0.554968,1.91834,0,1.34603,0.564199,0,0,0,0.738443,0.760001,0,0.805586,1.23071,0.608493,0,0,0,1,0,0,w,m
21349,NEW,1,1,0.972508,0,1.32676,0,1.14583,0.755044,0.983175,0.834442,0.851405,1.02417,1.02548,0,0.661387,1.75876,0,0,1,0,1,0,0,w,m
21350,NEW,1,1,0.969794,0,0.91628,0,1.12907,0.820841,1.15623,0.855193,0.867542,1.32769,1.1347,0,0.721933,2.27682,0,0,1,0,1,0,0,w,m
21351,NEW,1,1,0.966894,0,1.06484,0,1.10517,0.897412,0.700495,0.984572,1.00064,0.884385,1.11647,0,0.50252,2.26057,0,0,1,0,0,0,0,w,m
21352,NEW,1,1,0.936447,0.538789,1.29946,0.777699,1.03888,0.634783,1.20783,0.642992,0.916822,0.890547,1.07262,0,0,2.10975,0.892603,0,1,0,1,0,1,w,m
21353,NEW,1,1,0.893883,0,1.3947,0,0.945205,0.546534,0.99334,0.624328,0.776915,0.530731,1.68002,0,0.781935,1.51448,0.996613,0,0,0,1,0,0,w,m
21354,NEW,1,1,0.888647,0.560725,0.8234,0.858661,0.970806,0.567356,1.68693,0.67525,0.882628,0.625359,1.42523,0,0.76277,1.8908,1.02638,0,0,0,1,0,0,w,m
21355,NEW,1,1,0.895635,0.69248,0.670316,0.759799,1.10175,0.61216,1.67818,0.763097,0.848459,0.753565,1.31437,0,0.59795,1.38563,0.998666,0,0,0,1,0,0,w,m
21357,NEW,1,1,0.827405,1.56402,0.973636,0,0.781796,0.855364,1.25934,0.851651,1.35301,0,0.903422,0,1.03723,2.76009,0,0,1,0,1,0,1,w,m
21358,NEW,1,1,0.935041,1.41814,0.825873,0.510856,0,0.603553,0,0,0.926895,0.684997,1.2426,0,1.41023,0.521149,0,0,0,1,1,0,1,w,m
21359,NEW,1,1,0.92639,1.23789,0.592156,0,0,0,0,0,0.698915,1.59937,1.26547,0.913151,1.81536,0.954681,0,0,0,1,1,0,0,w,m
21360,NEW,1,1,0.95576,1.19578,0,0.525065,0.670649,0,0.779799,0,0,0.529606,1.55616,0,1.11744,2.1501,0,0,0,0,1,0,1,w,m
21361,NEW,1,1,0.959354,0.670292,0,0,0,0,0.734439,0,0,0,0,0,0,2.047,0,0,0,0,1,0,1,w,m
21362,NEW,1,1,0.918689,0.880428,0,0,0,0,0,0,0,0,0,0,0,1.33616,0.928306,0,0,0,1,0,1,w,m
21363,NEW,1,1,0.905392,1.40745,0,0,0,0,0,0,0,0,0.570692,0.627167,0,1.039,1.09729,0,0,0,1,0,1,w,m
21364,NEW,1,1,0.905312,1.45281,0,0,0,0,0,0,0,0,0.529745,0,0,0,1.06761,0,0,0,1,0,0,w,m
21365,NEW,1,1,0.905902,1.54221,0,0,0,0,0,0,0,0,0,0,0,0.597865,0.901705,0,0,0,1,0,0,w,m
21366,NEW,1,1,0.870626,1.59054,0.864049,0,0,0,0,0,0,0,0,0,0,1.52417,0.722529,0,0,0,1,1,0,w,m
21367,NEW,1,1,0.881143,1.75901,0,0,0,0,0,0,0.696176,0,0,0,0,1.19533,0.765021,0,0,0,1,0,0,w,m
21368,NEW,1,1,0.901851,1.89396,1.54408,0,0,0,0.600921,0,0,0,0,0,0,1.14466,0,0,0,0,1,1,0,w,m
21369,NEW,1,1,0.876566,1.52941,0,0,0.691588,0,0,0,0,0,0,0,0,0,0,0,0,0,1,0,1,w,m
21370,NEW,1,1,0.966393,1.74333,0,0,0.712802,0,0.504325,0,0,0,0,0,0,0,0,0,0,0,1,0,1,w,m
21371,NEW,1,1,0.950748,1.77972,0.77384,0,0.736393,0,0,0,0,0,0.687719,0,0,0.850119,0,0,0,0,1,0,1,w,m
21372,NEW,1,1,0.956708,1.91644,0.745723,0.654133,0,0,0.74373,0,0,0,0,0,0,1.98751,0,0,0,0,1,0,1,w,m
9459,NEW,1,1,0.973844,0,0,1.84457,0,0,2.53166,0,0,0,0,0,0,0,0,1,0,0,1,0,1,m,m
9460,NEW,1,1,0.974897,0,0,1.47372,0,0,2.05711,0,0,0,0.567238,0,0,0,0,1,0,0,1,0,1,m,m
9461,NEW,1,1,0.976869,0,0,1.53435,0,0,2.22991,0,0,0,0.667962,0,0,0,0,1,0,0,1,0,1,m,m
9462,NEW,1,1,0.978719,0,0,1.21284,0,0,2.25872,0,0,0,0,0,0,0,0,1,0,0,1,0,1,m,m
9463,NEW,1,1,0.978612,0.65234,0,1.10277,0,0,2.15935,0,0,0,0,0,0,0,0,1,0,0,1,0,1,m,m
9464,NEW,1,1,0.976669,0.501679,0,0.971819,0,0,1.84457,0,0,0,0,0,0,0,0,1,0,0,1,0,1,m,m
9465,NEW,1,1,0.973957,0.543072,0,0.79593,0,0,1.97595,0,0,0,0,0,0,0,0,1,0,0,1,0,1,m,m
9466,NEW,1,1,0.973616,0.615054,0,0.559088,0,0,1.51645,0,0,0,0,0,0,0,0,1,0,0,1,0,1,m,m
9467,NEW,1,1,0.972814,0.743371,0.730089,0.680655,0,0,1.59033,0,0,0,0,0,0,0,0,1,0,0,1,0,1,m,m
9468,NEW,1,1,0.972583,0.809483,0.628585,0.759652,0.579093,0,1.59534,0,0,0,0,0,0,0,0,1,0,0,1,0,1,m,m
9469,NEW,1,1,0.972467,0.885279,0.524441,0.683174,0.527817,0,1.58585,0,0,0,0,0,0,0.543265,0,1,0,0,1,0,1,m,m
9470,NEW,1,1,0.972303,1.02101,0.695653,0.993224,0,0,1.9297,0,0,0,0,0,0,0,0,1,0,0,1,0,1,m,m
9471,NEW,1,1,0.969908,0.943496,0.603094,0.713731,0,0,1.77656,0,0,0,0,0,0,0,0,1,0,0,1,0,1,m,m
9472,NEW,1,1,0.969377,0.778474,0,0.537136,0,0,1.97157,0,0,0,0,0,0,0,0,1,0,0,1,0,1,m,m
9473,NEW,1,1,0.970813,1.16304,0.620257,0,0,0,1.66519,0,0,0,0,0,0,0,0,1,0,0,1,0,1,m,m
9474,NEW,1,1,0.966936,1.25006,0.775476,0,0.658494,0,1.67571,0,0,0,0,0,0,0,0,1,0,0,1,0,1,m,m
9475,NEW,1,1,0.95816,1.38857,0.925804,0,0.519608,0,1.65454,0,0,0,0.532491,0.513428,0,0,0,1,0,0,1,0,1,m,m
9476,NEW,1,1,0.949962,1.58533,0.954125,0,0.64184,0,1.39885,0,0,0,0.674885,0.660944,0,0,0,1,0,0,1,0,1,m,m
9477,NEW,1,1,0.946482,2.01136,1.17593,0,0.82429,0,1.44872,0,0,0,0.645267,0.603667,0,0.658466,0,1,0,0,1,0,1,m,m
9478,NEW,1,1,0.943987,2.219,1.33242,0,0.546743,0,1.72735,0,0,0,0.618032,0.512321,0,0,0,0,0,0,0,0,1,m,m
9479,NEW,1,1,0.946622,2.39998,1.65321,0,0,0,1.39724,0,0,0,0.591968,0,0,0,0,0,0,0,1,0,1,m,m
9480,NEW,1,1,0.949674,2.37616,1.22535,0,0.637752,0,1.56089,0,0,0,0.846298,0,0,0,0.51378,0,0,0,1,0,0,m,m
9481,NEW,1,1,0.964066,2.1001,1.18772,0,0.633122,0,1.95871,0,0,0,0.579272,0,0,1.06246,0,0,0,0,1,0,0,m,m
9482,NEW,1,1,0.962266,1.60252,0.659951,0,0.634285,0,1.86499,0,0,0,0.632699,0,0,0.872163,0,1,0,0,1,0,0,m,m
9483,NEW,1,1,0.954452,1.60883,1.09634,0.681681,0.542958,0,2.06076,0,0,0,0.539233,0,0,0.607178,0,1,0,0,1,0,1,m,m
9484,NEW,1,1,0.884675,1.14784,0.97742,0,0.568415,0,0.931969,0,0,0,0.554054,0,0,0.687784,0,1,0,0,1,0,1,m,m
9485,NEW,1,1,0.843568,0.851131,0.874818,0,0.678456,0,0.7395,0,0,0,0,0.556173,0,0.918319,0,0,0,0,1,0,1,m,m
9486,NEW,1,1,0.83692,0.678304,1.13405,0,0.660748,0,0.658652,0,0,0,0,0,0,0.901704,0,0,0,0,1,0,0,m,m
9487,NEW,1,1,0.834002,0.590434,0.739682,0,0.707425,0,0,0,0,0,0,0,0,0.812304,0,0,0,0,1,0,0,m,m
9488,NEW,1,1,0.891827,0.707266,0,0,0.549225,0,0.880002,0,0,0,0,0,0,0,0,0,0,0,1,0,1,m,m
9489,NEW,1,1,0.861525,0.57422,0,0,0,0,0.729138,0,0,0,0,0,0.69404,0.573789,0.811698,1,0,0,1,0,1,m,m
9503,NEW,1,1,0.983777,0,0,0,0,0,0,0,0,0.989861,0,0.516154,1.16748,0,0,0,0,0,1,0,0,m,m
9504,NEW,1,1,0.978511,0,0,0,0,0,0,0,0,0.812269,0,0.523097,1.17362,0,0,1,0,0,1,0,0,m,m
9505,NEW,1,1,0.961041,0,0,0.552901,0,0,0,0,0,0,0.648915,0,0.779314,1.35342,0,1,0,1,1,0,0,m,m
9506,NEW,1,1,0.945155,0,0,1.0492,0,0,0,0,0.635334,0.660005,0.83175,0,0,0.833809,0,1,0,0,1,0,0,m,m
9507,NEW,1,1,0.943427,0,0,0.849182,0,0.629471,0,0,0.752018,0,0.604434,0,0,1.03761,0,1,0,0,1,0,0,m,m
9508,NEW,1,1,0.971635,0,0,0,0,0.703005,0,0.711123,1.24915,1.22036,0.619571,0,0,0.832077,0,1,1,1,1,0,0,m,m
9509,NEW,1,1,0.974104,0.843895,0,0.586554,0,0.623038,0,0.555519,1.11936,1.02723,0.67542,0,0,0,0,1,0,1,1,0,0,m,m
9510,NEW,1,1,0.970863,0,0,0,0,0.711151,0,0.606071,1.09488,0.853793,0.503186,0,0,0.853641,0,1,0,0,1,0,0,m,m
9511,NEW,1,1,0.972468,0,0,0,0,0.756223,0,0.656354,1.16075,0.771935,0,0.555551,0,0,0,1,0,0,1,0,0,m,m
9512,NEW,1,1,0.979263,0,0,0,0,0.701243,0,0.59171,1.22154,0.899884,0.526011,0.531863,0,0.856131,0,1,0,0,1,0,0,m,m
9513,NEW,1,1,0.982235,0,0,0,0,0.790381,0,0.764397,1.39316,1.13137,0,0.535745,0,1.06786,0,1,1,0,1,0,0,m,m
9514,NEW,1,1,0.980721,0,0,0,0,0.694258,0,0.637841,1.17789,1.17845,0,0.543157,0,0,0,1,0,0,1,0,0,m,m
9515,NEW,1,1,0.978182,0,0,0,0,0.631346,0,0.610814,0.941218,1.15325,0.517482,0.512732,0,0.517394,0,1,0,0,1,0,0,m,m
9516,NEW,1,1,0.976128,0,0,0.645107,0,0.519141,0,0,0.930222,0.708865,0,0,0,0.616142,0,1,0,0,1,0,0,m,m
9517,NEW,1,1,0.981608,0,0,0,0,0.526424,0,0,0.851481,1.26938,0,0.641508,0,0,0,1,0,0,1,0,0,m,m
9518,NEW,1,1,0.982212,0,0,0,0,0,0,0,0.535398,0.983864,0,0,0,0,0,1,0,0,1,0,0,m,m
9519,NEW,1,1,0.981692,0,0,0,0,0,0,0,0,0.87986,0,0,0,0,0,1,0,0,1,0,0,m,m
9539,NEW,1,1,0.984723,0,0,0,0,0,0,0,0,0,0,0,1.43238,0,0,0,0,0,1,0,0,m,m
9540,NEW,1,1,0.983231,0,0,0,0,0,0,0,0,0,0.843109,0,1.16654,0.518282,0,1,0,0,1,0,0,m,m
9541,NEW,1,1,0.976114,0,0,0,0,0,0,0,0,0,0.895481,0.598854,0,0,0,1,0,0,1,0,0,m,m
9542,NEW,1,1,0.956665,0,0,0.603397,0,0,0,0,0.677718,0,0.993104,0.546696,0,0.821807,0,1,0,0,1,0,1,m,m
9543,NEW,1,1,0.79003,0.94867,1.48766,2.06516,0,0.873651,0.69946,0.816327,1.26377,0.575473,0.649369,1.42558,0,1.49478,0,1,0,1,0,0,0,m,m
9544,NEW,1,1,0.882866,0,2.71183,1.71971,1.17752,0.99331,1.19624,0.691473,1.5085,0.844732,0,0.918093,0,0,0,1,1,0,1,0,0,m,m
9545,NEW,1,1,0.91774,0.833061,1.59951,2.03029,1.22004,0.928282,0,0.812649,1.69483,0,0,0.911077,0,0,0,1,1,0,1,0,1,m,m
9546,NEW,1,1,0.917497,0.690729,1.82105,1.52058,1.04747,0.805006,0,0.725977,1.77054,0.616757,0,0.922722,0,0,0,1,1,0,1,0,0,m,m
9547,NEW,1,1,0.939822,0,1.74697,1.71907,1.26797,0.866495,0,0.718515,1.82293,0,0,0.735988,0,0,0,1,1,0,1,0,0,m,m
9548,NEW,1,1,0.974997,0.621126,1.73406,1.4942,0.913375,0.886699,0,0.748671,1.82791,0,0,0.788692,0,0,0,1,1,0,1,0,1,m,m
9549,NEW,1,1,0.977357,0,1.42392,1.30013,0.880746,0.951449,0,0.999738,1.53871,0.666243,0,1.04038,0,0,0,1,1,0,1,0,0,m,m
9550,NEW,1,1,0.978788,0,1.2641,1.40367,0.732979,0.809701,0,0.836055,1.40357,0.817237,0,0.810772,0,1.54826,0,1,1,0,1,0,1,m,m
9551,NEW,1,1,0.950079,0,0.963159,1.27224,0.682459,0.747852,0,0.804018,1.11439,0.816969,0,0.853731,0,1.62576,0,1,1,0,1,0,1,m,m
9552,NEW,1,1,0.958826,0,1.14831,1.25883,0,0.611527,0,0.646585,1.12426,0.72798,0,0.55748,0,1.5526,0,1,1,0,1,0,1,m,m
9553,NEW,1,1,0.969124,0,1.30579,0.826841,0.741707,0.581644,0,0.695051,0.976033,0.882508,0,0,0,1.16933,0,1,0,0,1,0,1,m,m
9554,NEW,1,1,0.977545,0,0.956982,0.638291,0.832248,0,0.519434,0,0.909173,0.703707,0,0,0,1.16565,0,1,0,0,1,0,0,m,m
9555,NEW,1,1,0.979686,0,0.748725,0,0.958203,0,0,0,0.79098,0,0,0,0,0,0,1,0,0,1,0,0,m,m
9556,NEW,1,1,0.979504,0,0,0,0.920841,0,0,0,0.794453,0,0,0,0,0,0,1,0,0,1,0,0,m,m
9557,NEW,1,1,0.948147,0,1.1532,0,1.28695,0,0.707125,0,0.857636,0.547029,0,0,0,1.13887,0,1,0,0,1,0,0,m,m
9558,NEW,1,1,0.93452,0,1.26148,0,0.587606,0,0,0,0,1.02334,0.776951,0.947571,1.14476,2.05253,0,1,0,1,1,0,0,m,m
9559,NEW,1,1,0.925301,0,0.833445,0,0.701238,0,0.741607,0,0,0.53663,0.508044,0.503085,0,0.612337,0,1,0,0,0,0,0,m,m
9560,NEW,1,1,0.966477,0,0.880009,0,1.05838,0,0.541722,0,0,0,1.16559,0,0,0,0.56665,1,0,0,1,0,0,m,m
9561,NEW,1,1,0.978658,0,0.644643,0,0.746167,0,0.645391,0,0,0,0,0,0,0,0,1,0,0,1,0,0,m,m
9562,NEW,1,1,0.982869,0,0,0,0,0,0,0,0,0,0.968204,0,0,0,0,1,0,0,1,0,0,m,m
9563,NEW,1,1,0.982713,0,0,0,0.617679,0,0,0,0,0,1.07348,0,0,0,0,1,0,0,1,0,0,m,m
9564,NEW,1,1,0.977053,0,0,0,0,0,0,0,0,0,1.05087,0,0,0,0,1,0,0,1,0,0,m,m
9565,NEW,1,1,0.978701,0,0,0,0.508287,0,0,0,0,0,1.09986,0,0,0,0,1,0,0,1,0,0,m,m
9566,NEW,1,1,0.979875,0,0,0,0,0,0,0,0,0,0.788768,0,0,0,0,1,0,1,1,0,0,m,m
9567,NEW,1,1,0.979409,0,0,0,0,0,0,0,0,0,0.794423,0,0,0.622226,0,0,0,0,1,0,0,m,m
9568,NEW,1,1,0.981377,0,0,0,0,0,0,0,0,0,0.799217,0,0,0.827477,0,1,0,0,1,0,0,m,m
9569,NEW,1,1,0.986358,0,0,0,0.652505,0,0,0,0,0,0,0,0,0,0,1,0,0,1,0,0,m,m
