time_stamp,word,frame,success,confidence,AU01_r,AU02_r,AU04_r,AU05_r,AU06_r,AU09_r,AU10_r,AU12_r,AU14_r,AU15_r,AU17_r,AU20_r,AU25_r,AU26_r,AU04_c,AU12_c,AU15_c,AU23_c,AU28_c,AU45_c,speaker_gender,listener_gender
51726,G:THAT-IS-ALL,1,1,0.792583,0.775546,0.975422,0.781252,0.973676,0,0,0,0,0,0,0.618016,0,0,0,0,1,0,0,0,0,m,w
51727,G:THAT-IS-ALL,1,1,0.791044,1.0818,0.819449,0,0.962172,0,0,0,0,0,0,0.516963,0,0,0,0,1,0,0,0,0,m,w
51729,G:THAT-IS-ALL,1,1,0.806311,1.5415,0.856249,1.62703,0,0,0,0,0,0,0,0.592952,0,0,0,1,0,0,1,0,0,m,w
21533,G:THAT-IS-ALL,1,1,0.827924,1.27326,0,0.897462,1.44069,0,0,0,0,0,0,0,0.771667,0,0,1,1,0,0,0,0,w,w
39915,G:THAT-IS-ALL,1,1,0.980334,0,0,0.53265,0,0,0,0,0,0.59607,0.999953,0.628166,1.98244,0,0,0,0,1,1,0,0,w,w
39917,G:THAT-IS-ALL,1,1,0.981192,0.66203,0.74478,1.27898,0,0,0.902993,0,0,0,1.27052,0,1.08442,4.95777,0,1,0,1,1,0,0,w,w
39918,G:THAT-IS-ALL,1,1,0.957927,0.905407,0.792887,1.51762,0,0,0.857838,0,0,0,1.17674,0,0,3.19104,0.643333,0,1,1,1,0,0,w,w
39919,G:THAT-IS-ALL,1,1,0.832144,0,0,1.13603,0,0,0.626581,0,0,0,0.614995,0,0,2.01509,0.794747,1,0,1,1,0,0,w,w
39920,G:THAT-IS-ALL,1,1,0.889119,0,0,1.31096,0,0,0.641139,0,0,0,0,0,0,1.70818,1.05462,1,0,1,0,0,0,w,w
39921,G:THAT-IS-ALL,1,1,0.927857,0,0.713121,1.33468,0,0,1.33569,0,0,0,0.6238,0,0,1.14089,1.10094,1,1,1,0,0,0,w,w
39922,G:THAT-IS-ALL,1,1,0.809845,0,0,1.71776,0,0.549391,0.647226,0,0.915686,0.542458,0,0,1.16086,5,0.644187,0,1,1,0,0,0,w,w
39923,G:THAT-IS-ALL,1,1,0.957039,0,0,0.808491,0,0,0.709063,0,0,0,0.544073,0,1.44465,3.53414,0,1,1,1,1,0,0,w,w
39948,G:THAT-IS-ALL,1,1,0.751937,0.610037,0,0,0.857705,0,0,0,0,0,0,0,1.70176,2.68755,0,0,1,0,0,0,0,w,w
39949,G:THAT-IS-ALL,1,1,0.768223,0.779727,0,0.846875,0.768881,0,0,0,0,1.30093,0,0,1.01208,2.96195,0,0,1,0,0,1,0,w,w
39950,G:THAT-IS-ALL,1,1,0.750605,1.08985,1.19446,1.02542,1.24417,0,0.679227,0,0,0,0,0,0.639697,2.2724,0,0,0,0,1,1,0,w,w
39951,G:THAT-IS-ALL,1,1,0.787583,0.921537,0.854536,0.960458,0.952142,0,0.808115,0,0,0,0,0,0.82498,2.3153,0,0,0,0,1,1,0,w,w
39952,G:THAT-IS-ALL,1,1,0.737181,1.19409,0.930926,1.2532,0.86489,0,0,0,0,0.945168,0,0.554651,0.714879,2.53545,0,0,0,0,1,1,0,w,w
39960,G:THAT-IS-ALL,1,1,0.854875,0,0.847015,0.616684,0,0,0.908833,0,0,0,0,0,0,0,0,0,0,0,0,0,0,w,w
17137,G:THAT-IS-ALL,1,1,0.977417,0.742932,0.510261,0.536323,0,0,0,0.753146,0,1.03084,0,0.699225,0,0,0,1,0,0,0,0,0,m,w
17138,G:THAT-IS-ALL,1,1,0.964658,0,0,0,0,0,0,0.66438,0,1.38693,0,0.688998,0,0,0,0,0,0,0,0,0,m,w
17139,G:THAT-IS-ALL,1,1,0.958392,0,0,0,0,0,0,0,0,1.10556,0,0.577454,0,0,0,0,0,0,0,0,0,m,w
17258,G:THAT-IS-ALL,1,1,0.953984,0.710305,0,0,0,0,0,0,0.928719,0,0.701314,0,0,0,0,0,0,0,0,0,1,m,w
17259,G:THAT-IS-ALL,1,1,0.917968,1.09717,0,0,0,0,0,0,0,0,0.973214,0,0,0,0,0,0,0,0,0,1,m,w
17260,G:THAT-IS-ALL,1,1,0.986667,0,0,0.963433,0,0,0.734608,0,0,0,0.908977,0,0,2.56004,0,1,0,1,1,0,1,m,w
17261,G:THAT-IS-ALL,1,1,0.952197,0.773786,0,1.14513,0,0,0,0,0,0,1.24044,0,0,1.78652,0,1,0,1,1,0,1,m,w
17262,G:THAT-IS-ALL,1,1,0.930023,0.876965,0.509876,1.55591,0,0,0.658167,0,0,0,1.07112,0,0,3.01078,0,1,0,1,1,0,0,m,w
17263,G:THAT-IS-ALL,1,1,0.967094,0.81071,0,1.46862,0,0,0.965497,0,0,0,0.975485,0,0,2.90629,0,1,0,1,1,0,1,m,w
17264,G:THAT-IS-ALL,1,1,0.979914,0,0,1.31599,0,0,1.41457,0,0,0,0.867734,0,0,3.14155,0,1,0,1,1,0,1,m,w
17265,G:THAT-IS-ALL,1,1,0.977804,0,0,1.22311,0,0,1.24741,0,0.508504,0,0.739941,0,0,3.31209,0.503506,1,0,1,1,0,1,m,w
17266,G:THAT-IS-ALL,1,1,0.975242,0,0,1.01978,0,0,1.26274,0,0.530943,0,0.621733,0,0,3.52818,0,1,0,1,1,0,1,m,w
17267,G:THAT-IS-ALL,1,1,0.975661,0,0,0.835027,0,0,1.15357,0,0.534429,0,0.537596,0,0,3.64172,0,1,0,1,1,0,1,m,w
17268,G:THAT-IS-ALL,1,1,0.97736,0,0,0.978186,0,0,1.49079,0,0.584725,0,0,0,0,3.43404,0,1,0,1,0,0,1,m,w
17269,G:THAT-IS-ALL,1,1,0.976149,0,0,0.980082,0,0,1.54108,0,0.555565,0,0,0,0,3.53628,0,1,0,1,1,0,1,m,w
17270,G:THAT-IS-ALL,1,1,0.975234,0,0,0.927841,0,0,1.75481,0,0.533286,0,0,0,0,3.76554,0,1,0,1,1,0,1,m,w
17271,G:THAT-IS-ALL,1,1,0.974773,0,0,0.837043,0,0,1.83501,0,0.569897,0,0,0,0,3.75135,0,1,0,1,1,0,1,m,w
17272,G:THAT-IS-ALL,1,1,0.97766,0,0,0.704388,0,0,1.60669,0,0.54702,0,0,0,0,3.63,0,1,0,1,1,0,1,m,w
17273,G:THAT-IS-ALL,1,1,0.978139,0,0,0.768408,0,0,1.6443,0,0,0,0,0,0,3.67098,0,1,0,1,1,0,1,m,w
17274,G:THAT-IS-ALL,1,1,0.977816,0,0,0.695629,0,0,1.82783,0,0,0,0,0,0,3.49223,0,1,0,1,1,0,1,m,w
17275,G:THAT-IS-ALL,1,1,0.977336,0,0,0.755535,0,0,1.8049,0,0,0,0,0,0,3.55384,0,1,0,1,0,0,1,m,w
17276,G:THAT-IS-ALL,1,1,0.976988,0,0,0.791905,0,0,1.75229,0,0,0,0,0,0,3.63528,0,1,0,1,1,0,1,m,w
17277,G:THAT-IS-ALL,1,1,0.974823,0,0,0.696166,0,0,1.54054,0,0,0,0,0,0,3.73377,0,1,0,1,1,0,1,m,w
17278,G:THAT-IS-ALL,1,1,0.983227,0,0,0.725394,0,0,1.7925,0,0,0,0,0,0,3.88331,0,1,0,1,1,0,1,m,w
15376,G:THAT-IS-ALL,1,1,0.919253,0,0,0,0,0,0,0,0,0,0,0,0.760103,2.65673,0.771318,0,0,0,0,0,1,w,m
15377,G:THAT-IS-ALL,1,1,0.921926,0,0,0,0,0,0,0,0,0,0,0,0,2.75429,1.03723,0,0,0,0,0,1,w,m
15378,G:THAT-IS-ALL,1,1,0.815316,0,0,0,0,0,0.648599,0,0,0,0,0,0.733233,1.06419,0.696186,1,0,0,1,0,1,w,m
15379,G:THAT-IS-ALL,1,1,0.800618,0.704554,0.773167,0,0,0,0,0,0,0,0,0,0,0,0.929818,0,0,0,1,0,1,w,m
15380,G:THAT-IS-ALL,1,1,0.880516,0.924681,0,0,0,0,1.2259,0,0,0,0,0,1.01715,1.37013,0,0,0,0,1,0,0,w,m
15381,G:THAT-IS-ALL,1,1,0.970475,0,0,0.669329,0,0,0,0,0,1.06289,0.99075,0,0,2.48198,0,0,0,1,1,0,1,w,m
15382,G:THAT-IS-ALL,1,1,0.980073,0,0,0.915336,0,0,0.74522,0,0,1.23562,1.15456,0,1.04871,2.57817,0,0,0,1,1,0,1,w,m
15383,G:THAT-IS-ALL,1,1,0.977213,0,0,0.727355,0,0,0.786563,0,0,1.25354,1.17643,0.544419,0.992245,2.55035,0,0,0,1,1,0,1,w,m
15384,G:THAT-IS-ALL,1,1,0.979502,0,0,0.805071,0,0,0.690029,0,0,0.983521,1.18803,0,0.884335,2.88826,0,0,0,1,1,0,1,w,m
15385,G:THAT-IS-ALL,1,1,0.976172,0,0,0.567771,0,0,0.500945,0,0,1.01857,1.47662,0.602253,0.95393,2.66276,0,0,0,1,1,0,1,w,m
15386,G:THAT-IS-ALL,1,1,0.976183,0,0,0.914273,0,0,0.719854,0,0,0.809742,1.27444,0,0.998384,2.21414,0,0,0,1,1,0,1,w,m
15387,G:THAT-IS-ALL,1,1,0.980139,0,0.603686,0.820843,0,0,0.785132,0,0,0.849932,1.545,0.556141,0.772461,2.26077,0,0,0,0,1,0,1,w,m
15388,G:THAT-IS-ALL,1,1,0.982482,0,0,0.947824,0,0,1.00869,0,0,0.922373,1.50857,0.530839,0.983146,1.93512,0,0,0,0,1,0,1,w,m
15389,G:THAT-IS-ALL,1,1,0.981485,0,0.551026,0.84056,0,0,0.83694,0,0,1.07615,1.33561,0.530094,0,2.15429,0,0,0,0,1,0,1,w,m
15390,G:THAT-IS-ALL,1,1,0.981983,0,0,0.806401,0,0,0.56376,0,0,1.0205,1.26508,0.530045,0,2.51639,0,0,0,0,0,0,1,w,m
15391,G:THAT-IS-ALL,1,1,0.979738,0,0.665389,1.05591,0,0,0.951269,0,0,1.06751,1.39102,0.590175,0,2.31058,0,0,0,0,1,0,1,w,m
15392,G:THAT-IS-ALL,1,1,0.982195,0,0.643452,1.01034,0,0,0.896959,0,0,1.01803,1.03893,0,1.04815,1.23693,0,0,0,0,1,0,1,w,m
15393,G:THAT-IS-ALL,1,1,0.979481,0.50635,0.583784,1.28756,0.610484,0,1.03301,0,0,1.10877,0.979311,0,1.22297,0.609199,0,0,0,0,1,0,1,w,m
15394,G:THAT-IS-ALL,1,1,0.975936,0,0,1.25712,0.657498,0,1.13119,0,0,1.28246,0.918204,0.560272,1.28611,0,0,0,0,0,1,0,1,w,m
15395,G:THAT-IS-ALL,1,1,0.972835,0.649697,0.506239,1.28178,0.524637,0,1.08195,0,0,1.04449,0.883161,0.564562,1.15867,0,0,1,0,1,1,0,1,w,m
15396,G:THAT-IS-ALL,1,1,0.972984,0.71024,0,1.14306,0,0,1.03459,0,0,1.02766,0.904708,0,1.06365,0,0,1,0,0,1,0,1,w,m
15397,G:THAT-IS-ALL,1,1,0.974208,0.639756,0,1.06449,0,0,0.903761,0,0,1.10678,0.964342,0.529265,1.26203,0,0,1,0,0,1,0,1,w,m
15398,G:THAT-IS-ALL,1,1,0.976603,0.614662,0,1.05472,0,0,0.733694,0,0,1.0591,1.1834,0.62008,1.27973,0.806112,0,1,0,0,1,0,1,w,m
15399,G:THAT-IS-ALL,1,1,0.976819,0,0,1.0076,0,0,0.951631,0,0,1.2787,1.17542,0.607199,1.1093,0.768035,0,0,0,0,1,0,1,w,m
15400,G:THAT-IS-ALL,1,1,0.979067,0,0,0.721991,0,0,0.656973,0,0,1.28615,1.07964,0,1.108,0.86949,0,0,0,0,1,0,1,w,m
15401,G:THAT-IS-ALL,1,1,0.978935,0,0,0.686694,0,0,0.642129,0,0,1.08439,0.86101,0.517497,1.64249,1.46319,0,1,0,0,1,0,1,w,m
15402,G:THAT-IS-ALL,1,1,0.981191,0,0,0.576284,0,0,0,0,0,1.07178,1.0516,0,1.64963,1.72364,0,0,0,0,1,0,0,w,m
15403,G:THAT-IS-ALL,1,1,0.978613,0,0,0.79607,0,0,0,0,0,1.00069,1.13669,0,1.50994,2.04499,0,1,0,0,1,0,1,w,m
15404,G:THAT-IS-ALL,1,1,0.974436,0,0,0.684962,0,0,0,0,0,0.920148,1.22818,0.502958,1.85786,1.6658,0,1,0,0,1,0,1,w,m
15405,G:THAT-IS-ALL,1,1,0.970441,0,0,0.724109,0,0,0,0,0,0.833072,1.36348,0.522862,1.91582,1.62904,0,0,0,0,1,0,1,w,m
15406,G:THAT-IS-ALL,1,1,0.971531,0,0,0.752727,0,0,0,0,0,0.84149,1.58024,0.685913,1.57519,1.5621,0,0,0,1,1,0,1,w,m
15407,G:THAT-IS-ALL,1,1,0.9713,0,0,0,0,0,0,0,0.570937,0.837901,1.38696,0.795626,1.37386,1.73488,0,0,0,1,1,0,1,w,m
15408,G:THAT-IS-ALL,1,1,0.965961,0,0,0.863345,0,0,0.53528,0,0.574654,1.24365,2.04099,0.986088,1.72258,1.83205,0,0,0,1,1,0,1,w,m
15409,G:THAT-IS-ALL,1,1,0.969157,0,0,0.64418,0,0,0.575078,0,0.677167,1.23657,2.10095,0.889355,1.55599,1.99046,0,1,0,1,1,0,1,w,m
15410,G:THAT-IS-ALL,1,1,0.958267,0,0,0.7336,0,0,0,0.552804,0.647483,1.24573,2.21035,1.19894,1.81589,2.64302,0,0,0,1,1,0,1,w,m
15411,G:THAT-IS-ALL,1,1,0.95867,0,0,0,0,0,0,0.598171,0.638781,1.09258,2.279,1.08646,1.93529,2.23451,0,0,0,1,1,0,1,w,m
15412,G:THAT-IS-ALL,1,1,0.951001,0,0,0.521994,0,0,0,0.642962,0,1.17103,2.04744,1.11624,1.93674,1.67909,0,0,0,1,1,0,1,w,m
15413,G:THAT-IS-ALL,1,1,0.962951,0,0,0.647602,0,0,0.543526,0.649826,0,1.15263,2.19464,1.11093,1.77881,1.68711,0,0,0,1,1,0,1,w,m
15414,G:THAT-IS-ALL,1,1,0.959363,0,0,0.662123,0,0,0,0.578508,0.566754,1.08643,1.98957,1.1301,1.82767,1.54726,0,0,0,1,1,0,1,w,m
15415,G:THAT-IS-ALL,1,1,0.952729,0,0,0.62729,0,0,0.559047,0.503013,0,0.806091,1.83151,1.22507,1.65073,1.88503,0,0,0,1,1,0,1,w,m
15416,G:THAT-IS-ALL,1,1,0.947688,0,0,0.836752,0,0,0.772549,0,0,0.954656,1.92154,1.08745,1.72164,1.8324,0,1,0,1,1,0,1,w,m
15417,G:THAT-IS-ALL,1,1,0.94611,0,0,0.87712,0,0,0.668182,0,0,0.963177,1.82978,1.16229,1.7221,2.23164,0,1,0,1,1,0,1,w,m
15418,G:THAT-IS-ALL,1,1,0.951065,0,0,0.97269,0,0,0,0,0,0.779382,1.84948,1.09223,1.6739,1.98787,0,1,0,1,1,0,1,w,m
15419,G:THAT-IS-ALL,1,1,0.952911,0,0,0.806014,0,0,0,0,0.585157,0.801778,1.88485,0.939845,1.34734,1.77309,0,1,0,1,1,0,0,w,m
15420,G:THAT-IS-ALL,1,1,0.957383,0,0,0.868308,0,0,0.659801,0,0.627054,0.634998,1.53684,0.845099,1.23381,1.56123,0,1,0,1,1,0,0,w,m
15421,G:THAT-IS-ALL,1,1,0.958145,0,0,0.812496,0,0,0,0,0.592834,0.674716,1.4215,0.900699,1.29071,1.09952,0,1,0,1,1,0,0,w,m
15422,G:THAT-IS-ALL,1,1,0.964653,0,0,1.41027,0,0,0,0,0.634442,0.678616,1.34846,0.62109,1.15354,0.838845,0,1,0,1,0,0,0,w,m
15423,G:THAT-IS-ALL,1,1,0.969607,0,0,1.39873,0,0,0,0,0,0.617939,0.964774,0.668617,1.26646,0.70012,0,1,0,1,1,0,0,w,m
15424,G:THAT-IS-ALL,1,1,0.971318,0,0,1.33918,0.571946,0,0,0,0,0,1.12028,0,1.10593,0.54033,0,1,0,1,0,0,0,w,m
15425,G:THAT-IS-ALL,1,1,0.970537,0,0,1.34591,0,0,0,0,0,0,1.10807,0,1.22051,0.723131,0,1,0,1,0,0,0,w,m
15426,G:THAT-IS-ALL,1,1,0.975796,0,0,1.36735,0.55372,0,0,0,0,0,0.871329,0,1.25231,0,0,1,0,1,0,0,1,w,m
15427,G:THAT-IS-ALL,1,1,0.977218,0.545831,0,1.04765,0.623836,0,0.719938,0,0,0,0.752256,0.574864,1.30533,0.672691,0,0,0,0,0,0,1,w,m
15428,G:THAT-IS-ALL,1,1,0.974463,0.55581,0,1.30125,0.700796,0,0.513743,0,0,0,0.647479,0,1.15721,0,0,0,0,0,0,0,1,w,m
15429,G:THAT-IS-ALL,1,1,0.973291,0.795829,0,1.69465,0.62368,0,0.721619,0,0,0,0.794256,0,0.771101,0,0,1,0,0,0,0,1,w,m
15430,G:THAT-IS-ALL,1,1,0.965157,0.684197,0,2.06083,0.571969,0,0.808977,0,0,0,0.862964,0,0,0,0,1,0,0,0,0,0,w,m
15431,G:THAT-IS-ALL,1,1,0.966073,0.591281,0,1.84325,0.624159,0,0.684609,0,0,0,0.865149,0,0,0,0,1,0,0,0,0,0,w,m
15432,G:THAT-IS-ALL,1,1,0.970743,0,0,1.82771,0.503507,0,0.811972,0,0,0,0.965207,0,0.700069,0,0,1,0,0,0,0,1,w,m
15433,G:THAT-IS-ALL,1,1,0.973141,0.654605,0,1.91912,0,0,1.60275,0,0,0.592297,1.03172,0,0.988068,0,0,0,0,0,1,0,1,w,m
15434,G:THAT-IS-ALL,1,1,0.969806,1.04369,0,1.48941,0,0,1.45214,0,0,1.35172,1.35805,0.537261,0.916085,0.86519,0,0,0,0,1,0,1,w,m
15435,G:THAT-IS-ALL,1,1,0.966067,1.37547,0,1.66047,0,0,1.52799,0.535605,0.539515,1.52783,1.05328,0.580441,1.20137,0.563761,0,1,0,0,1,0,1,w,m
15436,G:THAT-IS-ALL,1,1,0.950448,1.46842,0,1.71902,0,0,1.87307,0,0,0.752757,0,0,1.16937,0,0,1,0,0,1,0,1,w,m
15437,G:THAT-IS-ALL,1,1,0.91557,1.62201,0,1.65579,0,0,2.22006,0.516246,0.690343,1.06827,0,0,0.96238,0,0,1,0,0,0,0,1,w,m
15438,G:THAT-IS-ALL,1,1,0.910946,1.39098,0,1.6197,0,0,2.64241,0,0.791682,0,0,0,0,0,0,1,0,0,1,0,1,w,m
15439,G:THAT-IS-ALL,1,1,0.966435,1.32912,0,0.913369,0,0,2.0834,0,0,0,0.576472,0,0,0.839056,0,1,0,0,1,0,1,w,m
15440,G:THAT-IS-ALL,1,1,0.975625,1.37796,0,0.774144,0,0,1.8933,0,0.556771,0,0.667244,0,0,2.13967,0,1,0,0,1,0,1,w,m
15441,G:THAT-IS-ALL,1,1,0.973274,1.33853,0,0.618004,0,0,2.07007,0,0,0,0.99519,0,0,1.67333,0,1,0,0,1,0,1,w,m
15442,G:THAT-IS-ALL,1,1,0.981779,1.06708,0,1.038,0,0,2.57109,0,0,0,0.812921,0,0,1.32639,0,0,0,0,1,0,1,w,m
15443,G:THAT-IS-ALL,1,1,0.976888,1.04728,0,0.989294,0,0,2.34504,0.553255,0.54585,1.0924,1.07292,0,0.702738,0,0,0,0,0,1,0,1,w,m
15444,G:THAT-IS-ALL,1,1,0.973502,0.98016,0,1.39073,0,0,2.18359,0,0.638051,0.749741,1.13402,0,0,0,0,0,0,0,1,0,1,w,m
15445,G:THAT-IS-ALL,1,1,0.981196,0.952768,0,1.02491,0,0,2.21561,0,0.675791,0.934732,0.865348,0,0,0,0,0,0,0,1,0,1,w,m
15446,G:THAT-IS-ALL,1,1,0.977337,0.74658,0,1.14542,0,0,2.17033,0.526114,0,1.4375,0.911669,0,0.775531,0.646252,0,0,0,0,1,0,1,w,m
15447,G:THAT-IS-ALL,1,1,0.954391,1.38181,0,1.06152,0,0,1.84362,0,0.617829,1.41236,1.19486,0,0.702306,0,0,0,0,0,1,0,0,w,m
15448,G:THAT-IS-ALL,1,1,0.973029,0.97868,0,0.603455,0,0,1.28054,0.60583,1.53963,0.899042,0,0,0.50256,0,0,0,1,0,1,0,1,w,m
15449,G:THAT-IS-ALL,1,1,0.977157,1.05598,0,0,0.6157,0,1.34845,0.816375,1.24898,0.973832,0.937281,0.528206,1.09623,0,0,0,0,0,0,0,1,w,m
15450,G:THAT-IS-ALL,1,1,0.981455,1.33689,0.53032,0.920173,0.660784,0,1.32196,0.668489,1.09148,0.800636,1.39358,0.612652,0.731048,0,0,0,0,0,0,0,1,w,m
15451,G:THAT-IS-ALL,1,1,0.966823,1.40713,0.666775,0,0.661871,0.519063,1.12954,0.753164,0.880069,1.15318,0.667017,0.861315,1.1861,0,0,0,1,0,1,0,1,w,m
15452,G:THAT-IS-ALL,1,1,0.856383,1.24239,0,0,0.611779,0,1.40404,0,0.549144,0,1.10846,0,0,0,0,0,0,0,1,0,1,w,m
15453,G:THAT-IS-ALL,1,1,0.749148,1.8245,1.71897,0,0.721205,0,1.11353,0,0,0,0,0,0,0,0,1,0,0,1,0,0,w,m
15454,G:THAT-IS-ALL,1,1,0.939959,1.21246,0,0,0.5938,0,0,0.878107,1.27436,1.42699,1.7685,0.755053,0,0,0,1,0,0,0,0,1,w,m
15455,G:THAT-IS-ALL,1,1,0.978538,1.57736,0,0,0.928738,0,0,0.87973,0.948395,0.700369,1.88812,0.747177,0.848465,0,0,0,1,0,0,0,1,w,m
15456,G:THAT-IS-ALL,1,1,0.974349,1.99347,0,0,1.04217,0,0.775048,0.552287,0.747907,0,1.96145,0,0,0,0,0,0,0,0,0,1,w,m
15457,G:THAT-IS-ALL,1,1,0.956512,1.7211,0.685221,0,0,0,0.933723,0,0,0,1.74196,0,0,0,0,1,0,0,1,0,1,w,m
15458,G:THAT-IS-ALL,1,1,0.922148,1.78146,1.39501,0,0,0,1.33671,0,0,0,1.49687,0,0,2.45528,0,0,0,0,1,0,1,w,m
15459,G:THAT-IS-ALL,1,1,0.85482,1.32952,0.619242,0.66663,0,0,1.37094,0,0,0,1.56902,0,0,1.9828,0.934507,0,0,0,1,0,1,w,m
15460,G:THAT-IS-ALL,1,1,0.850206,1.25622,0,0,0,0,0,0,0,0,1.37355,0,0,2.83872,0.884861,0,0,0,1,0,1,w,m
15461,G:THAT-IS-ALL,1,1,0.923907,1.17775,0.548916,0.88983,0,0,0.584247,0,0,0,1.3938,0,0,2.08665,1.08161,0,0,0,1,0,1,w,m
15462,G:THAT-IS-ALL,1,1,0.934639,0.772206,0,0.928631,0,0,1.31456,0,0,0.5247,1.3737,0,0.570241,2.56288,0.968672,0,0,0,1,0,1,w,m
15463,G:THAT-IS-ALL,1,1,0.960229,0.900903,0.703179,0.55387,0,0,0,0,0,0,0.91029,0,0,0.891411,0.53115,0,0,0,1,0,1,w,m
15464,G:THAT-IS-ALL,1,1,0.935619,0.837417,0,0,0,0,0,0,0,0,0,0,0,0.843545,0,0,0,0,1,0,1,w,m
15465,G:THAT-IS-ALL,1,1,0.894661,0.659859,0,0,0,0,0,0,0,0,0,0,0,2.48268,0.546533,0,0,0,0,0,1,w,m
15466,G:THAT-IS-ALL,1,1,0.800316,1.05719,0,0,0,0,0.717819,0,0,0,0,0,0.555645,4.35245,0.75939,0,0,0,0,0,1,w,m
15467,G:THAT-IS-ALL,1,1,0.741652,1.25822,0.830973,0.746877,0,0,0,0,0,0,0,0,0.573453,5,0.867477,0,0,0,0,0,1,w,m
15468,G:THAT-IS-ALL,1,1,0.927611,0.872104,0,0,0,0,0,0,0,0,0,0,0,0.900948,0,0,0,0,1,0,1,w,m
15469,G:THAT-IS-ALL,1,1,0.890343,1.26048,1.01031,0,0,0,0,0,0,0,0.986034,0,0.625562,1.58944,0,0,0,0,1,0,1,w,m
15470,G:THAT-IS-ALL,1,1,0.90728,1.1085,0,0.58195,0,0,0,0,0,0,1.9308,0,0,1.83738,0,0,0,0,1,0,1,w,m
15471,G:THAT-IS-ALL,1,1,0.845117,2.23224,1.13707,1.87142,0,0,1.6355,0,0,0,0.665129,0,0,0,0,1,0,0,1,0,1,w,m
15472,G:THAT-IS-ALL,1,1,0.885544,0.962699,0,1.43408,0.523157,0,0,0,0,0,1.45449,0,0,0,0,1,0,0,1,0,1,w,m
15473,G:THAT-IS-ALL,1,1,0.970077,1.05933,0,1.30704,0,0,0.529254,0,0,0,0.916161,0,0,0,0,1,0,0,1,0,1,w,m
15474,G:THAT-IS-ALL,1,1,0.979766,0.526718,0,1.32954,0,0,0,0,0,0,1.14931,0,0,0.762645,0.564678,1,0,0,1,0,1,w,m
15479,G:THAT-IS-ALL,1,1,0.782907,0.71039,0,0.730539,0,0,0,0,0,0,0.917389,0.54908,3.36511,1.06399,0.95897,1,0,0,1,0,0,w,m
15480,G:THAT-IS-ALL,1,1,0.938265,1.2074,0,0,0,0,1.35696,0,0,0,0.641699,0,0.570503,2.68907,1.27996,1,0,1,1,0,1,w,m
15481,G:THAT-IS-ALL,1,1,0.940306,1.04426,1.07442,1.49177,0.681253,0,1.2155,0.587013,1.2418,0,0,0,2.12798,1.95102,0.85612,1,0,1,1,0,0,w,m
15482,G:THAT-IS-ALL,1,1,0.958888,1.75654,2.0586,2.0299,0,0,0,0,0,0,0,0,0,0.994557,0.977899,1,0,0,1,0,0,w,m
15483,G:THAT-IS-ALL,1,1,0.967599,0.683271,1.57991,1.17519,0,0,1.65586,0,0.777345,0,0,0,0.863337,0,0,1,0,0,1,0,0,w,m
15484,G:THAT-IS-ALL,1,1,0.978747,0,0,1.40573,0,0,1.66987,0,0.71202,0,0,0,0,0,0,1,0,0,1,0,0,w,m
15485,G:THAT-IS-ALL,1,1,0.965034,0,0,1.07623,0,0,2.09137,0,0,0,0,0,0.92198,0,0,1,0,0,1,0,0,w,m
15486,G:THAT-IS-ALL,1,1,0.845415,0,0.541646,2.43268,0,0,2.43113,0,0.523175,0.840757,0.809004,0,0,0,0,1,0,0,1,0,1,w,m
15487,G:THAT-IS-ALL,1,1,0.948198,0,0.707932,2.32474,0,0,1.63219,0,0,0.865588,1.19079,0.505935,0.92421,0,0,0,0,0,0,0,1,w,m
15488,G:THAT-IS-ALL,1,1,0.926742,0.573319,1.05214,2.79142,0,0,1.58814,0,0,0.869044,1.33857,0,0.619696,0,0,1,0,0,0,0,0,w,m
15493,G:THAT-IS-ALL,1,1,0.938609,0.943935,0.580629,0.786953,0.803458,0,1.27562,0.856353,0.685127,2.04098,0.827223,0.611704,1.84772,0.7598,0,0,1,0,0,0,0,w,m
15494,G:THAT-IS-ALL,1,1,0.899205,0.511639,1.54487,0,0,0,1.51414,0.576243,0.984256,1.42539,0.529984,0,1.39617,1.44716,0,0,1,0,0,0,0,w,m
15495,G:THAT-IS-ALL,1,1,0.827236,0.549395,1.47838,0,0,0.67436,1.08521,0.71263,0.85141,0.968293,0,0,0.806721,2.60746,0,0,0,0,0,0,0,w,m
15496,G:THAT-IS-ALL,1,1,0.813803,0,0.903968,0,0,0.761624,1.04938,0.710128,0.913601,1.17138,0,0,1.25999,2.2992,0,0,0,0,0,0,0,w,m
15497,G:THAT-IS-ALL,1,1,0.7736,0,0.7673,0.565657,0,0.848843,1.25178,0.825703,1.02588,1.21006,0,0,1.03636,1.97412,0,0,1,0,0,0,0,w,m
15498,G:THAT-IS-ALL,1,1,0.798564,0.647422,0.972397,1.11227,0,0.865642,1.87204,0.805083,1.01158,1.19199,0,0,1.14132,1.99772,0,0,1,0,0,0,0,w,m
15499,G:THAT-IS-ALL,1,1,0.880965,0.608126,1.17244,0.840767,0,0.928342,1.65413,0.871759,0.992127,1.21089,0,0,1.3936,1.25874,0,0,1,0,0,0,0,w,m
15500,G:THAT-IS-ALL,1,1,0.902263,0,0.851621,0.912793,0,0.958738,1.3761,0.807339,1.20357,1.44882,0,0,1.44315,1.27021,0,1,1,0,0,0,0,w,m
15501,G:THAT-IS-ALL,1,1,0.890208,0,1.25409,0.636118,0,0.77974,1.03668,0.5986,0.926778,1.50294,0,0,1.20104,0.997174,0,0,0,0,0,0,0,w,m
15502,G:THAT-IS-ALL,1,1,0.843045,0,1.27967,0.617668,0,0.77713,1.10484,0.51927,1.14924,1.08328,0,0,0.96869,0.715101,0,0,0,0,0,0,0,w,m
15506,G:THAT-IS-ALL,1,1,0.841606,0.656889,0.601191,0.768778,0,0.839071,0.796908,0.506834,1.23204,0,0,0,0.865762,0,0,0,0,0,0,0,0,w,m
15507,G:THAT-IS-ALL,1,1,0.848157,0.550809,0,0.568113,0,0.80952,0.869576,0,1.32814,0,0,0.531802,0.811525,0,0,0,0,0,0,0,0,w,m
15508,G:THAT-IS-ALL,1,1,0.749231,0.556282,0,0.920951,0,0.635315,0,0,1.27749,1.02816,0,1.17676,1.17223,0,0,0,0,0,0,0,0,w,m
15509,G:THAT-IS-ALL,1,1,0.949353,1.1955,0,1.64579,0,0,1.36799,0.501831,0.633953,1.10784,0.996448,1.13662,1.46955,0,0,1,0,0,1,0,1,w,m
15510,G:THAT-IS-ALL,1,1,0.930415,1.23652,0,1.63173,0,0,1.0536,0,0,0.861521,0.861559,1.19936,1.35726,0,0,1,0,0,1,0,1,w,m
15511,G:THAT-IS-ALL,1,1,0.911384,1.32408,0,1.56904,0,0,0,0,0,0.754103,1.15998,1.51497,1.21835,0,0,1,0,0,0,0,1,w,m
15512,G:THAT-IS-ALL,1,1,0.894222,1.14476,0,1.249,0,0,0,0,0,0,0.979833,1.61661,1.11692,0,0,1,0,0,0,0,1,w,m
15513,G:THAT-IS-ALL,1,1,0.89127,1.24297,0,1.27172,0,0,0,0,0,0,1.04953,1.61477,1.23423,0,0,1,0,0,0,0,1,w,m
15514,G:THAT-IS-ALL,1,1,0.895899,1.05466,0,1.36215,0,0,0,0,0,0.517565,0.823581,1.44444,1.37943,0,0,1,0,0,0,0,1,w,m
15515,G:THAT-IS-ALL,1,1,0.869871,0.884926,0,1.28363,0,0,0,0,0,0,0.835305,1.61078,1.5862,0,0,1,0,0,0,0,0,w,m
15519,G:THAT-IS-ALL,1,1,0.929163,1.16742,0,1.95065,0,0,1.12076,0,0,0,0.857798,1.43029,0.756355,0,0,1,0,0,1,0,1,w,m
15520,G:THAT-IS-ALL,1,1,0.916122,0.962683,0,1.68667,0,0,1.2945,0,0,0.778999,1.23515,1.593,0,0,0,1,0,0,1,0,1,w,m
15521,G:THAT-IS-ALL,1,1,0.908819,1.14446,0,1.37775,0,0,1.31609,0,0,0.552762,1.22565,1.46375,0.800306,0,0,1,0,0,1,0,1,w,m
15522,G:THAT-IS-ALL,1,1,0.903599,1.03867,0,1.30752,0,0,1.59694,0,0,0.614847,1.57268,1.41054,0.793317,0.781309,0,1,0,0,1,0,1,w,m
15523,G:THAT-IS-ALL,1,1,0.902086,1.14484,0,1.04046,0,0,2.07395,0,0,0,1.65331,1.31159,0.900641,0,0,1,0,0,0,0,1,w,m
15524,G:THAT-IS-ALL,1,1,0.742462,0.613845,0,0,0,0,1.65893,0,0,1.18265,0.990446,1.15732,1.32038,0,0,0,0,0,0,0,1,w,m
15525,G:THAT-IS-ALL,1,1,0.942869,1.32597,0,1.50983,0,0,0.74196,0,0.5252,0,1.84453,0.771212,0,0,0,1,0,0,1,0,1,w,m
15526,G:THAT-IS-ALL,1,1,0.9802,1.2051,0,1.50825,0,0,1.29003,0,0.591032,0.562283,1.65774,0.957618,0,0,0,1,0,0,1,0,1,w,m
15527,G:THAT-IS-ALL,1,1,0.982663,1.10694,0,1.31129,0,0,1.53719,0,0,0,1.77181,0.983883,0,0,0,1,0,0,0,0,1,w,m
15528,G:THAT-IS-ALL,1,1,0.981886,1.09774,0,1.61145,0,0,1.88389,0,0,0.547017,1.82918,0.84697,0.503294,0,0,1,0,0,0,0,1,w,m
15529,G:THAT-IS-ALL,1,1,0.982499,1.33364,0,1.53315,0,0,1.7363,0,0,0,1.74617,0.782032,0,0,0,1,0,0,0,0,1,w,m
15530,G:THAT-IS-ALL,1,1,0.980689,1.13202,0,1.66674,0,0,1.94759,0,0,0.621758,1.93373,0.763505,0,0,0,1,0,0,0,0,1,w,m
15531,G:THAT-IS-ALL,1,1,0.980898,1.21922,0,1.66242,0.552305,0,1.9836,0,0,0.565441,1.86272,0.722082,0,0,0,1,0,0,1,0,1,w,m
15532,G:THAT-IS-ALL,1,1,0.982486,1.01815,0,1.5656,0.558092,0,1.82942,0,0,0.516021,2.0936,0.548536,0,0,0,1,0,0,0,0,1,w,m
15533,G:THAT-IS-ALL,1,1,0.982491,0.956067,0,1.50623,0,0,1.7243,0,0,0,2.25679,0.648016,0,0,0,1,0,0,0,0,1,w,m
15534,G:THAT-IS-ALL,1,1,0.98141,0.972779,0,1.46736,0,0,1.83951,0,0,0.508595,2.23651,0.56565,0,0,0,1,0,0,0,0,1,w,m
15535,G:THAT-IS-ALL,1,1,0.981496,0.79564,0,1.37616,0,0,1.80839,0,0,0,2.31906,0.53609,0,0,0,1,0,0,0,0,1,w,m
15536,G:THAT-IS-ALL,1,1,0.980799,0.780551,0,1.37499,0,0,2.03128,0,0,0,2.45826,0,0,0,0,1,0,0,0,0,1,w,m
15537,G:THAT-IS-ALL,1,1,0.980187,0.780591,0,1.42093,0,0,2.02199,0,0,0,2.40385,0,0,0,0,1,0,0,0,0,1,w,m
15538,G:THAT-IS-ALL,1,1,0.97907,0.858671,0,1.33063,0,0,1.8975,0,0,0,2.38963,0,0,0,0,1,0,0,1,0,1,w,m
15539,G:THAT-IS-ALL,1,1,0.97823,0.845348,0,1.28388,0,0,1.84524,0,0,0,2.29904,0,0,0,0,1,0,0,1,0,1,w,m
15540,G:THAT-IS-ALL,1,1,0.977607,0.90822,0,1.35845,0,0,1.91907,0,0,0,2.36339,0,0,0,0,1,0,0,1,0,1,w,m
15541,G:THAT-IS-ALL,1,1,0.978097,0.900586,0,1.25526,0,0,1.8947,0,0,0,2.26031,0,0,0,0,1,0,0,1,0,1,w,m
15542,G:THAT-IS-ALL,1,1,0.981029,0.872695,0,1.25811,0,0,1.80964,0,0,0,2.33412,0,0,0,0,1,0,0,1,0,1,w,m
15543,G:THAT-IS-ALL,1,1,0.978044,0.884678,0,1.32987,0,0,1.75786,0,0,0,2.28183,0,0,0,0,1,0,0,1,0,1,w,m
15544,G:THAT-IS-ALL,1,1,0.976702,0.742661,0,1.17943,0,0,1.39404,0,0,0,2.32133,0,0,0,0,0,0,0,1,0,1,w,m
15545,G:THAT-IS-ALL,1,1,0.960455,0.822525,0,1.17129,0.851147,0,1.52256,0,0,0,2.05217,0,0,0,0,0,0,0,1,0,1,w,m
15546,G:THAT-IS-ALL,1,1,0.905342,0.986899,0,0.971676,1.00649,0,0.760355,0,0,0,1.41739,0,0,0,0,1,0,0,0,0,0,w,m
15547,G:THAT-IS-ALL,1,1,0.898538,1.25374,0.991147,0.986694,1.42863,0,0,0,0,0,0.745631,0,0,0,0,0,0,0,0,0,0,w,m
15548,G:THAT-IS-ALL,1,1,0.866905,1.14627,1.34076,0.825474,0.972683,0,0,0,0,0,0.785722,0,0,0,0,1,0,0,0,0,0,w,m
15549,G:THAT-IS-ALL,1,1,0.772783,0.971587,1.37276,0.661644,1.0011,0,0,0,0,0,0,0,0,0,0,0,0,0,1,0,0,w,m
15550,G:THAT-IS-ALL,1,1,0.964638,0,0,0.978425,0,0,0.503932,0,0.679506,0.580639,1.80908,0,1.24657,0,0,0,0,0,0,0,0,w,m
15553,G:THAT-IS-ALL,1,1,0.974584,0,0,1.82559,0,0,0.619823,0,0.506893,0,1.72525,0,1.20605,0,0,1,0,0,1,0,0,w,m
15554,G:THAT-IS-ALL,1,1,0.97186,0,0,1.63482,0,0,0.566472,0,0,0,1.63568,0,0.865858,0,0,1,0,0,1,0,0,w,m
15555,G:THAT-IS-ALL,1,1,0.972357,0,0,1.49826,0,0,0.622918,0,0,0,1.63792,0,0.868434,0,0,1,0,1,1,0,1,w,m
15556,G:THAT-IS-ALL,1,1,0.973614,0,0,1.32524,0,0,0.524068,0,0,0,1.73777,0,1.0409,0.721657,0,0,0,1,1,0,1,w,m
15557,G:THAT-IS-ALL,1,1,0.969009,0,0,0.905445,0,0,0.642006,0,0,0.534802,1.68658,0,0.581407,1.74795,0,0,0,1,0,0,1,w,m
15558,G:THAT-IS-ALL,1,1,0.893263,0,0,0.910027,0,0,1.70885,0,0,1.08549,0,0,0.541063,1.94977,0,1,0,0,0,0,1,w,m
15559,G:THAT-IS-ALL,1,1,0.981407,0.846994,0,0,0,0,0.733282,0,0,0,1.44147,0.560623,0,0,0,1,0,0,1,0,1,w,m
15560,G:THAT-IS-ALL,1,1,0.979402,0.86017,0,0,0,0,0.940849,0,0,1.00499,0,0,0,0.827768,0,1,0,0,0,0,1,w,m
15561,G:THAT-IS-ALL,1,1,0.972284,1.16081,0,0,0,0,1.13669,0,0,0.958804,0,0,0,0.895305,0,1,0,0,0,0,1,w,m
15562,G:THAT-IS-ALL,1,1,0.957046,1.43874,0.567284,0,0,0,0.624082,0,0,1.25491,0,0,0,0,0,1,0,0,1,0,1,w,m
15563,G:THAT-IS-ALL,1,1,0.940688,2.04565,1.08968,0,0,0,0,0,0,1.00225,0,0,0.926534,0,0,0,0,0,1,0,1,w,m
15564,G:THAT-IS-ALL,1,1,0.940059,1.10333,0,0,0,0.50399,0,0.874464,0.696599,1.82147,0,1.05544,0.804609,0,0,0,0,0,1,0,1,w,m
15565,G:THAT-IS-ALL,1,1,0.892968,1.41436,0.720306,0,0.507407,0.547397,0,0.877961,0.831932,1.44632,0,0,0,0,0,1,1,0,0,0,1,w,m
15566,G:THAT-IS-ALL,1,1,0.943329,1.00306,0,0.876626,0.5597,0,0,0.603627,0.645417,1.39038,0,0,0,0,0,1,1,0,0,0,1,w,m
15567,G:THAT-IS-ALL,1,1,0.892994,1.42152,0,0.842607,0.513833,0.788426,0,0.799622,1.16308,0.785799,0,0,0,0,0,1,1,0,0,0,1,w,m
15568,G:THAT-IS-ALL,1,1,0.871161,1.36618,0,0.795188,0,0.690011,0,0.64399,1.12049,0.698868,0,0,0,0,0,1,0,0,0,0,1,w,m
15569,G:THAT-IS-ALL,1,1,0.850477,1.61912,0,1.3253,0,0,0,0,0.748204,0.555417,1.03322,0,0,1.00498,0,1,1,0,1,1,1,w,m
15570,G:THAT-IS-ALL,1,1,0.895342,1.01568,0.559478,1.53973,0,0,0,0,0,0.531002,1.23949,0,0,0,0,1,0,0,1,0,1,w,m
15571,G:THAT-IS-ALL,1,1,0.888011,0.650781,0,1.49397,0,0,0,0,0.644627,0,1.25768,0,0,0,0,1,0,0,1,0,1,w,m
15572,G:THAT-IS-ALL,1,1,0.947212,0.663195,0,2.16044,0,0,0,0,0.956629,0.515095,1.06343,0,0,0,0,1,0,0,0,0,1,w,m
15573,G:THAT-IS-ALL,1,1,0.981244,0,0,1.75224,0,0,0,0,0.964432,0.953982,0.690573,0,0,0,0,1,0,0,1,0,1,w,m
15574,G:THAT-IS-ALL,1,1,0.986887,0,0,1.88612,0,0.520803,0,0,0.949315,1.36321,0,0,0,0,0,1,0,0,1,0,1,w,m
15575,G:THAT-IS-ALL,1,1,0.981696,0,0,1.68231,0,0.514992,0,0.546454,0.505931,1.26919,0.959435,0,0.709747,0.723757,0.624098,1,0,0,1,0,1,w,m
15576,G:THAT-IS-ALL,1,1,0.980452,0,0,1.4603,0,0,0,0,0,1.04968,0.938197,0.512333,1.09633,1.28204,0.660785,1,0,0,1,0,1,w,m
15577,G:THAT-IS-ALL,1,1,0.978734,0,0,1.30003,0,0,0.516212,0,0,1.16193,0.557878,1.0884,0.661545,0,0,1,0,0,1,0,1,w,m
15578,G:THAT-IS-ALL,1,1,0.990749,0,0.7189,0.951029,0,0,1.184,0,0,1.18855,0.632715,1.14274,0.666185,0,0,0,0,0,1,0,1,w,m
15579,G:THAT-IS-ALL,1,1,0.990944,0.6216,0,0.714267,0,0,1.30332,0,0,1.03993,0.848868,1.26447,0.728542,0,0,0,0,0,1,0,1,w,m
15580,G:THAT-IS-ALL,1,1,0.989188,0,0,0.559011,0,0,0.529411,0,0,0.88274,0.692479,1.36979,0.992448,0,0,0,0,0,1,0,1,w,m
15581,G:THAT-IS-ALL,1,1,0.985891,0.544889,0,0,0,0,0,0,0,0.958338,0,0.839444,0.840737,0,0,1,0,0,1,0,1,w,m
15582,G:THAT-IS-ALL,1,1,0.981803,0.516861,0,0,0,0,0.654519,0,0,1.20511,0.566242,1.61081,1.98466,0,0,1,0,0,1,0,1,w,m
15583,G:THAT-IS-ALL,1,1,0.982539,0.729084,0,0.530791,0,0,0,0,0,1.14296,0,1.04226,1.34125,0,0,1,0,0,1,0,1,w,m
15584,G:THAT-IS-ALL,1,1,0.982325,0.53234,0,0.684068,0,0,0,0,0,0.886625,0.742301,1.00287,1.20801,0,0,1,0,0,1,0,1,w,m
15585,G:THAT-IS-ALL,1,1,0.975537,0.508734,0,0.72618,0,0,0,0,0,1.03723,1.04272,0.904513,0,0,0,1,0,0,1,0,1,w,m
15586,G:THAT-IS-ALL,1,1,0.953838,0.537271,0,1.32187,0,0,0,0,0,0,1.22896,0.57764,0,0,0,1,0,0,1,0,1,w,m
15587,G:THAT-IS-ALL,1,1,0.951997,0.782438,0,1.15176,0,0,0,0,0,0,1.24654,0.512861,0,0,0,1,0,0,1,0,1,w,m
15588,G:THAT-IS-ALL,1,1,0.970401,0,0,0.669995,0,0,0.677611,0,0,0.536118,1.08748,0.757218,0,0,0,0,0,1,1,0,1,w,m
15589,G:THAT-IS-ALL,1,1,0.973326,0,0,0.833541,0,0,0.554567,0,0,0.839435,0.78178,0.860052,0,0,0,0,0,1,1,0,1,w,m
15590,G:THAT-IS-ALL,1,1,0.973113,0,0,0.936163,0,0,0.655698,0,0,0.670915,0.545523,0.819256,0,0,0,1,0,1,1,0,1,w,m
15591,G:THAT-IS-ALL,1,1,0.973065,0,0.750505,0,0,0,0,0,0,0,0,0.667583,0,0,0,0,0,1,1,0,1,w,m
15592,G:THAT-IS-ALL,1,1,0.958133,0,0.628798,0.642654,0.543668,0,1.06784,0,0,1.1926,0,0.815933,0,1.43535,0,0,0,0,1,0,1,w,m
15593,G:THAT-IS-ALL,1,1,0.949985,0,0.883448,0.824767,0,0,0.828249,0,0,0.961889,0,0.997047,0.557632,1.59575,0.538865,1,0,1,1,0,1,w,m
15594,G:THAT-IS-ALL,1,1,0.950024,0,0.913857,0.700246,0,0,0.838797,0,0,0.87808,0,0.706055,0.513063,1.25957,0.519014,1,0,0,1,0,1,w,m
15595,G:THAT-IS-ALL,1,1,0.946285,0,0.997249,0,0.505916,0,0.776924,0,0,0.67999,0,0.653198,0,1.1308,0.576768,0,0,0,1,0,1,w,m
15596,G:THAT-IS-ALL,1,1,0.914633,0,0.834799,0,0,0,0,0,0,0,0,0,0,1.97308,0.890269,0,0,0,1,0,1,w,m
15597,G:THAT-IS-ALL,1,1,0.892948,0.83167,1.15842,0,0,0,0,0,0,0,0,0,0.901172,3.79467,1.07485,0,0,0,1,0,1,w,m
15598,G:THAT-IS-ALL,1,1,0.843668,0,0,0,0,0,0,0,0,0,0,0,1.46349,2.93691,0.980709,0,0,0,0,0,1,w,m
15599,G:THAT-IS-ALL,1,1,0.760096,0,0.877412,0.864779,0,0,0,0,0,0,0,0,0,0,0.725083,0,0,0,1,0,0,w,m
15600,G:THAT-IS-ALL,1,1,0.774721,0.793719,2.29011,0,0,0,0,0,0.692572,0,0,0,0,3.79276,0,0,1,0,0,0,0,w,m
15601,G:THAT-IS-ALL,1,1,0.949049,0,0.592325,1.02292,0,0,1.2815,0,0,0,0,0,1.33804,2.52971,0.616487,1,0,0,1,0,1,w,m
15602,G:THAT-IS-ALL,1,1,0.878395,0,0,0,0,0,0,0,0.555529,0,0,0,2.10826,3.08008,0,0,0,0,0,0,1,w,m
15603,G:THAT-IS-ALL,1,1,0.760005,0,0,0,0,0,0,0,0,0,0,0,0,1.52836,0.718146,0,0,0,0,0,0,w,m
15604,G:THAT-IS-ALL,1,1,0.95101,0,0,1.08611,0,0,0.955913,0,0.602112,0,0,0,0.848394,1.20719,0,1,0,0,0,0,1,w,m
15605,G:THAT-IS-ALL,1,1,0.935228,0,0,1.33247,0,0,0,0,0,0,0,0.679538,1.51643,2.21953,0.515501,0,0,1,1,0,1,w,m
15606,G:THAT-IS-ALL,1,1,0.880841,0.50406,0.727791,0,0,0,1.21167,0,0,0,0,0.547014,1.75759,0,0.637158,0,0,1,1,0,1,w,m
15607,G:THAT-IS-ALL,1,1,0.887611,0,0,0,0,0,0,0,0,0,0,0.518353,2.10084,2.27726,0,0,0,0,0,0,1,w,m
15608,G:THAT-IS-ALL,1,1,0.901702,0,0,0,0,0,0,0,0,0,0,0.565661,1.94614,2.23635,0,0,0,0,0,0,1,w,m
15609,G:THAT-IS-ALL,1,1,0.929359,0,0,0,0,0,0,0,0.545981,0,0,0.603608,2.16937,2.38271,0,0,0,0,0,0,1,w,m
15610,G:THAT-IS-ALL,1,1,0.953399,0,0,0.509586,0,0,0,0,0.562022,0.793709,0,0,2.1117,2.01994,0,0,0,0,0,0,1,w,m
15611,G:THAT-IS-ALL,1,1,0.922834,0,0,0,0,0,0,0,0,1.15433,0,0,1.17457,2.2182,0,0,0,0,0,0,1,w,m
15612,G:THAT-IS-ALL,1,1,0.980849,0.5057,0,0,0,0,0.767634,0,0,0.846866,1.7478,0,1.37708,0.554212,0,0,0,0,1,0,1,w,m
15613,G:THAT-IS-ALL,1,1,0.981332,0,0,0,0,0,0,0,0,0.839362,1.29111,0,1.62211,0.570785,0,0,0,0,0,0,1,w,m
15614,G:THAT-IS-ALL,1,1,0.979834,0.687893,0,0,0,0,0,0,0,0.809332,1.1041,0,1.48777,0,0,0,0,0,0,0,1,w,m
15615,G:THAT-IS-ALL,1,1,0.978225,0.775605,0,0,0,0,0,0,0,0.763334,1.02837,0,1.59877,0,0,0,0,0,0,0,1,w,m
15616,G:THAT-IS-ALL,1,1,0.977144,0.802881,0,0,0,0,0,0,0,0.719798,1.10144,0,1.7199,0,0,0,0,0,0,0,1,w,m
15617,G:THAT-IS-ALL,1,1,0.968988,1.0917,0,0,0,0,0.600587,0,0,0,0.841017,0,1.34859,0,0,0,0,0,0,0,1,w,m
15618,G:THAT-IS-ALL,1,1,0.936836,1.35737,0,0,0,0,0,0,0,0,0.788614,0,0,0,0,0,0,0,0,0,1,w,m
15619,G:THAT-IS-ALL,1,1,0.80636,1.41382,1.26358,0,0,0,0,0,0,0,0.586901,0,0,0,0,0,0,0,0,0,0,w,m
15620,G:THAT-IS-ALL,1,1,0.974647,0.505566,0,0,0,0,0,0,0,0,1.64902,0,0.693128,0,0,0,0,0,1,0,1,w,m
15621,G:THAT-IS-ALL,1,1,0.731465,1.48344,1.4777,0.7986,0.86023,0,0,0,0,0,0.595641,0,0,0,0,1,0,0,0,0,0,w,m
15622,G:THAT-IS-ALL,1,1,0.973878,0.663615,0,0.545883,0,0,1.0865,0,0,0,1.52374,0,0,0,0,0,0,0,1,0,1,w,m
15623,G:THAT-IS-ALL,1,1,0.75288,1.46408,1.67644,1.19945,0.890647,0,0,0,0,0,0,0,0,0,0,1,0,0,0,0,0,w,m
15624,G:THAT-IS-ALL,1,1,0.965994,0.651546,0,0.791693,0,0,1.14216,0,0,0,1.10113,0,0,0,0,1,0,0,1,0,1,w,m
15625,G:THAT-IS-ALL,1,1,0.930679,0.716413,0,0.952693,0.716062,0,0.71457,0,0,0,0.900846,0,0,0,0,1,0,0,0,0,1,w,m
15626,G:THAT-IS-ALL,1,1,0.758705,1.04775,1.10468,1.73836,0,0,0,0,0,0,0.54353,0,0,0,0,1,0,0,1,0,0,w,m
15627,G:THAT-IS-ALL,1,1,0.977688,0,0,0.834925,0,0,0,0,0,0,0.821394,0,1.11284,0,0,1,0,0,0,0,1,w,m
15628,G:THAT-IS-ALL,1,1,0.979008,0,0,1.16705,0,0,1.19668,0,0,0,0.529594,0,0,0,0,1,0,0,0,0,1,w,m
1062,G:THAT-IS-ALL,1,1,0.939253,0.8017,0,0,0.541829,0,0,0,0.56931,0,0,0,1.22928,0,0,0,1,0,1,0,0,m,w
1063,G:THAT-IS-ALL,1,1,0.935618,0.896622,0,0,0.669396,0,0,0,0.545962,0,0,0,1.2439,0,0,0,1,0,1,0,0,m,w
1064,G:THAT-IS-ALL,1,1,0.952735,0.579973,0,0,0.752537,0,0,0,0,0,0,0,1.32116,0,0,0,1,0,1,0,1,m,w
1065,G:THAT-IS-ALL,1,1,0.964094,0.739339,0,0,0.868763,0,0.516828,0,0,0,0.610775,0,1.36822,0,0,0,1,0,1,0,1,m,w
1066,G:THAT-IS-ALL,1,1,0.969137,0.995549,0,0,1.06464,0,0.571771,0,0,0,0,0,1.14693,0,0,0,1,0,1,0,1,m,w
1067,G:THAT-IS-ALL,1,1,0.972924,1.09509,0,0,0.816469,0,0,0,0,0,0,0,0.967441,0,0,0,1,0,1,0,1,m,w
1068,G:THAT-IS-ALL,1,1,0.964936,0.912006,0,0,0.62622,0,0.672296,0,0,0,0.713668,0,1.14074,0,0,0,1,0,1,0,1,m,w
1069,G:THAT-IS-ALL,1,1,0.974099,0.671614,0,0,0.83631,0,0.811835,0,0,0,0.667315,0,0.687293,0,0,0,1,0,1,0,1,m,w
1070,G:THAT-IS-ALL,1,1,0.975982,0.53154,0,0,0.730977,0,1.05833,0,0,0,0.566413,0,0.725906,0,0,0,1,0,1,0,1,m,w
1071,G:THAT-IS-ALL,1,1,0.975142,0,0,0,0.505255,0,1.11202,0,0,0,0.726136,0,0.598095,0,0,0,1,0,1,0,1,m,w
1072,G:THAT-IS-ALL,1,1,0.968549,0.688231,0,0,0,0,1.52019,0,0,0,0.829429,0.604372,0.61495,0,0,0,1,0,1,0,1,m,w
1073,G:THAT-IS-ALL,1,1,0.964169,0.662871,0,0,0,0,1.00881,0,0,0,0.802857,0.921096,0,0,0,0,1,0,0,0,1,m,w
1074,G:THAT-IS-ALL,1,1,0.959381,1.36499,0.531896,0,0.639777,0,0,0,0.804782,0,0,0.628801,0,0,0,0,1,0,1,0,0,m,w
1075,G:THAT-IS-ALL,1,1,0.911914,1.58136,1.25302,0,0,0,1.43606,0,0,0,0,0.79892,0,0,0,0,1,0,1,0,0,m,w
1076,G:THAT-IS-ALL,1,1,0.78113,1.95987,1.51651,0,0,0.669078,2.18902,0.588823,0,0.571637,0,0.839729,0,0,0,0,1,0,1,1,0,m,w
1077,G:THAT-IS-ALL,1,1,0.819413,0.870539,0,0,0.676615,0.503499,1.21835,0,0,0,0,0,0,0,0,0,1,0,1,0,1,m,w
1078,G:THAT-IS-ALL,1,1,0.818796,0.92129,1.00449,0,0.649549,0.557742,1.42367,0,0,0,0,0,0,1.00225,0,0,1,0,1,0,0,m,w
1079,G:THAT-IS-ALL,1,1,0.855556,0.606771,0,0,0.574813,0,1.26448,0,0,0,0.712155,0,0,1.93219,0,0,1,0,1,0,1,m,w
1080,G:THAT-IS-ALL,1,1,0.910398,0.591615,0.649494,0,0.810596,0,1.52332,0,0,0,1.16386,0,0,2.163,0,0,1,0,0,0,1,m,w
1081,G:THAT-IS-ALL,1,1,0.962376,0,0,0,0.59476,0,1.41857,0,0,0,0.730015,0,0,2.23679,0,0,1,0,1,0,0,m,w
1082,G:THAT-IS-ALL,1,1,0.970986,0,0,0,0.601203,0,1.21042,0,0,0,0.639881,0,0,1.50815,0,0,1,0,1,0,0,m,w
1083,G:THAT-IS-ALL,1,1,0.962859,0,0,0,0.60919,0,0.692155,0,0,0,0,0,0,1.13089,0,0,1,0,1,0,0,m,w
1084,G:THAT-IS-ALL,1,1,0.951626,0,0,0,0.587427,0,0,0,0,0,0,0,0,1.56548,0,0,1,0,1,0,0,m,w
1085,G:THAT-IS-ALL,1,1,0.961006,0,0,0,0,0,0,0,0,0,0,0,0,2.04716,0,0,1,0,1,0,0,m,w
1086,G:THAT-IS-ALL,1,1,0.885827,1.05749,0,0,0,0,0,0,0,0,0,0,0,1.92145,0.703663,0,1,0,1,0,0,m,w
1087,G:THAT-IS-ALL,1,1,0.876009,1.0801,0,0,0,0,0,0,0.513176,0,0,0,0,2.51663,0.669407,0,1,0,1,0,0,m,w
1088,G:THAT-IS-ALL,1,1,0.843131,0.577915,0.652915,0,0,0,0,0,0,0,0,0,0.555988,1.11481,0.767143,0,1,0,1,0,1,m,w
1089,G:THAT-IS-ALL,1,1,0.844075,0,0,0,0,0,0,0,0,0,0,0,0.505465,0.585274,0.72944,0,0,0,1,0,0,m,w
1090,G:THAT-IS-ALL,1,1,0.858251,0.649496,0.565792,0,0,0,0,0,0,0,0,0,0,1.04979,0.859356,0,0,0,1,0,0,m,w
1091,G:THAT-IS-ALL,1,1,0.837897,0.975263,0.969845,0,0,0,0,0,0,0,0,0,0,1.35919,0.787822,0,0,1,0,0,0,m,w
1092,G:THAT-IS-ALL,1,1,0.756999,0.967954,2.84753,0,0,0,0,0,0.585066,0,0,0,0,1.88387,0.544118,0,1,0,0,0,1,m,w
1093,G:THAT-IS-ALL,1,1,0.932691,0,0,0.996402,0,0,1.17579,0,0,0,0.62155,0,0,0.671044,0,1,1,0,1,0,0,m,w
1094,G:THAT-IS-ALL,1,1,0.898837,0.51292,0.54759,0,0.61925,0,0.715313,0,0,0,0.525704,0,0,0.95421,0,1,1,0,1,0,0,m,w
1095,G:THAT-IS-ALL,1,1,0.825488,0.966774,2.01652,0,0.864297,0,0,0,0,0,0.729269,0,0,1.13865,0,0,1,0,1,0,0,m,w
1096,G:THAT-IS-ALL,1,1,0.749993,1.38231,2.09558,0,1.45119,0,0,0,0,0,0.618877,0,0,1.8343,0,0,1,0,1,0,0,m,w
1097,G:THAT-IS-ALL,1,1,0.871956,0,0,1.04623,0,0,0,0,0,0,0,0,0,0,0.751335,0,0,0,0,0,0,m,w
1098,G:THAT-IS-ALL,1,1,0.856391,0,0.585803,0.697782,0,0,0,0,0.567228,0,1.29172,0.512215,0.829464,0.743802,0.768781,0,1,0,0,0,0,m,w
1099,G:THAT-IS-ALL,1,1,0.745743,1.07694,0.533474,0.814596,0.537187,0,0,0,0,0,0.504691,0,3.12595,0,0,0,1,0,0,0,0,m,w
1104,G:THAT-IS-ALL,1,1,0.925074,1.07844,0.510013,0,0.682627,0,0,0,0.678489,0.514214,0.870454,0,0,2.63489,0.785781,0,1,0,0,0,0,m,w
1106,G:THAT-IS-ALL,1,1,0.909553,0.640452,0.882675,0,0.573703,0,0,0,0.71565,0,0,0,0.91393,0.564011,0.50574,0,1,1,0,0,1,m,w
1107,G:THAT-IS-ALL,1,1,0.869967,1.27027,1.0552,1.00126,0.700765,0,0,0,0,0,0,0,0,1.60886,0.65895,0,1,1,1,0,0,m,w
1108,G:THAT-IS-ALL,1,1,0.77002,0.5025,0,2.37562,0,0.648707,0.64758,0.664035,0.676791,0,0,0,0,0.565732,0.658093,1,1,1,0,0,1,m,w
1109,G:THAT-IS-ALL,1,1,0.970599,0.894567,0.75408,0,0.776326,0,0,0,0.913096,0,0,0,0,0,0,0,1,0,0,0,0,m,w
1110,G:THAT-IS-ALL,1,1,0.942656,0,0,0,0.674813,0,0.787768,0,0.733591,0,0,0,0,1.22194,0,0,1,0,0,0,1,m,w
1111,G:THAT-IS-ALL,1,1,0.961854,0,0,0,0,0,1.03389,0,0,0,0,0,0,1.11789,0,0,1,0,0,0,1,m,w
1112,G:THAT-IS-ALL,1,1,0.962679,0.8389,0,0,0,0,1.57015,0,0,0,0,0,0,0,0,0,1,0,0,0,1,m,w
1113,G:THAT-IS-ALL,1,1,0.96058,0.842539,0,0,0,0,1.37421,0,0,0,0,0,0,0.744783,0,0,1,0,0,0,1,m,w
1114,G:THAT-IS-ALL,1,1,0.950245,0.655435,0,0,0.88138,0,1.08021,0,0,0,0.70683,0,0.835007,0,0,0,1,0,1,0,0,m,w
1115,G:THAT-IS-ALL,1,1,0.949387,0.688409,0,0,1.00307,0,0.848541,0,0.62067,0,0,0,1.08997,0,0,0,1,0,1,0,0,m,w
1116,G:THAT-IS-ALL,1,1,0.943743,0.9028,0,0,1.16808,0,0.774627,0,0,0,0,0,1.11715,0,0,0,1,0,1,0,0,m,w
1117,G:THAT-IS-ALL,1,1,0.941465,1.0448,0,0,1.38536,0,0,0,0.549237,0,0.667142,0,1.16205,0,0,0,1,0,1,0,0,m,w
1118,G:THAT-IS-ALL,1,1,0.946368,1.09827,0,0,1.4113,0,0,0,0,0,0.908409,0,1.31301,0,0,0,1,0,0,0,0,m,w
1119,G:THAT-IS-ALL,1,1,0.954902,1.14261,0,0,1.35855,0,0,0,0,0,0.999521,0,1.39099,0,0,0,1,0,1,0,0,m,w
1120,G:THAT-IS-ALL,1,1,0.967043,0.747398,0,0,1.15061,0,0,0,0.532024,0,0.775804,0,1.24235,0,0,0,1,0,0,0,1,m,w
1121,G:THAT-IS-ALL,1,1,0.969193,0.777366,0,0,1.17203,0,0.564045,0,0.540575,0,0.64149,0,1.48636,0,0,0,1,0,0,0,0,m,w
1122,G:THAT-IS-ALL,1,1,0.971655,0.807062,0,0,0.991661,0,0.875611,0,0.508332,0,0.691794,0,1.45424,0,0,0,1,0,0,0,0,m,w
1123,G:THAT-IS-ALL,1,1,0.976238,0.771774,0,0,0.761609,0,1.26534,0,0,0,0.797804,0,1.47312,0,0,0,1,0,0,0,0,m,w
1124,G:THAT-IS-ALL,1,1,0.979114,0.756789,0,0,0.692434,0,1.45749,0,0,0,0.745734,0,1.37633,0,0,0,1,0,0,0,1,m,w
1125,G:THAT-IS-ALL,1,1,0.979386,0.795142,0,0,0.608282,0,1.45348,0,0,0,0.612645,0,1.3996,0,0,0,1,0,1,0,1,m,w
1126,G:THAT-IS-ALL,1,1,0.97858,0.691328,0,0,0.684591,0,1.4139,0,0,0,1.14848,0,1.045,0,0,0,1,0,1,0,1,m,w
1127,G:THAT-IS-ALL,1,1,0.975628,0.693309,0,0,0.996368,0,1.14144,0,0,0,1.05494,0,0.814668,0,0,0,1,0,0,0,1,m,w
1128,G:THAT-IS-ALL,1,1,0.977637,0.787126,0,0,0.89769,0,1.59021,0,0,0,0.989986,0,0.878098,0,0,0,1,0,1,0,1,m,w
1129,G:THAT-IS-ALL,1,1,0.983264,0.62409,0,0.52554,0.55821,0,1.74162,0,0,0,1.15763,0,0.8185,0,0,0,1,0,0,0,1,m,w
1130,G:THAT-IS-ALL,1,1,0.98315,0.50088,0,0,0.545636,0,1.42443,0,0,0,0.940118,0,0.875944,0.931534,0,0,1,0,0,0,1,m,w
1131,G:THAT-IS-ALL,1,1,0.98487,0.522768,0,0,0,0,1.25673,0,0,0,0.960478,0,0.956897,0.572764,0,0,1,0,1,0,0,m,w
1132,G:THAT-IS-ALL,1,1,0.98486,0.670242,0,0,0,0,1.31456,0,0,0,1.26958,0,0.840802,0.979298,0,0,1,0,1,0,0,m,w
1133,G:THAT-IS-ALL,1,1,0.984201,0.645385,0,0,0,0,1.22296,0,0,0,1.21271,0,0.81905,0.636204,0,0,1,0,1,0,0,m,w
1134,G:THAT-IS-ALL,1,1,0.9856,0,0,0,0,0,1.49504,0,0,0,1.34565,0,0.991361,0.859291,0,0,1,0,1,0,0,m,w
1135,G:THAT-IS-ALL,1,1,0.985899,0,0,0,0,0,1.34253,0,0,0,1.36612,0,0.879097,1.1783,0,0,1,0,1,0,0,m,w
1136,G:THAT-IS-ALL,1,1,0.982937,0,0,0.50859,0,0,1.91934,0,0,0,1.34205,0,0.672594,1.26019,0,0,1,0,1,0,0,m,w
1137,G:THAT-IS-ALL,1,1,0.983988,0,0,0,0,0,1.86541,0,0,0,1.30214,0,0,1.63529,0,0,1,0,1,0,0,m,w
1138,G:THAT-IS-ALL,1,1,0.977022,0,0,0.753533,0,0,2.02603,0,0,0,0.969546,0,0,1.7006,0,0,1,0,1,0,0,m,w
1139,G:THAT-IS-ALL,1,1,0.971827,0.726351,0,0.708445,0,0,2.09831,0,0,0,0.866133,0,0,1.77212,0,1,1,0,1,0,0,m,w
1140,G:THAT-IS-ALL,1,1,0.977411,1.13041,0,1.04089,0,0,2.17839,0,0,0,1.09404,0,0,2.08905,0,1,0,0,1,0,0,m,w
1141,G:THAT-IS-ALL,1,1,0.976833,1.01994,0,0.949615,0,0,1.99851,0,0,0,1.20152,0,0,1.99191,0,1,0,0,1,0,0,m,w
1142,G:THAT-IS-ALL,1,1,0.979167,0.89446,0,1.19417,0,0,2.36263,0,0,0,1.16438,0,0,1.71329,0,1,1,0,1,0,0,m,w
1143,G:THAT-IS-ALL,1,1,0.977505,1.17454,0,1.3527,0,0,2.45689,0,0,0,0.874872,0,0,1.3965,0,1,1,0,1,0,0,m,w
1144,G:THAT-IS-ALL,1,1,0.982031,1.15881,0,1.61394,0,0,2.55642,0,0,0,0.600725,0,0,1.64258,0,1,1,0,0,0,0,m,w
1145,G:THAT-IS-ALL,1,1,0.984325,1.2455,0,1.78515,0,0,2.50233,0,0,0,0.910207,0,0.663407,1.73822,0,1,1,1,0,0,0,m,w
1146,G:THAT-IS-ALL,1,1,0.97756,1.33542,0,1.80348,0.559235,0,1.83155,0,0,0,0.754031,0,0,0.953379,0,1,1,0,0,0,1,m,w
1147,G:THAT-IS-ALL,1,1,0.967766,1.03711,0,1.17965,0.927264,0,1.41408,0,0,0,0.811321,0,0.718005,0,0,0,1,0,0,0,0,m,w
1148,G:THAT-IS-ALL,1,1,0.961148,1.16956,0,1.31708,0.566709,0,1.34503,0,0.666548,0,0.680981,0,0.518182,0,0,0,1,0,0,0,0,m,w
1149,G:THAT-IS-ALL,1,1,0.963334,0.920364,0,1.01996,0.55379,0,1.23142,0,0.618126,0,0.669616,0,0.664721,0,0,0,1,0,0,0,1,m,w
1150,G:THAT-IS-ALL,1,1,0.971298,0.929686,0,1.63717,0,0,1.50798,0,0.612916,0,0,0,0.731763,0,0,1,1,0,1,0,0,m,w
