time_stamp,word,frame,success,confidence,AU01_r,AU02_r,AU04_r,AU05_r,AU06_r,AU09_r,AU10_r,AU12_r,AU14_r,AU15_r,AU17_r,AU20_r,AU25_r,AU26_r,AU04_c,AU12_c,AU15_c,AU23_c,AU28_c,AU45_c,speaker_gender,listener_gender
4627,TEACH,1,1,0.968089,0,1.11576,0.626368,0,0,1.19626,0,0,0,0,0,0,0.849209,0,0,1,0,0,0,1,m,w
689,TEACH,1,1,0.777994,1.942,1.33855,0,0.687913,0,0,0,0,0,0,0,0,0,0,0,0,0,1,0,0,m,w
703,TEACH,1,1,0.911529,1.53295,1.07458,0,0,0,1.13861,0,0.815006,0.870386,0,0.780696,0.768598,0,0,0,0,1,0,0,0,m,w
704,TEACH,1,1,0.889847,1.25508,1.09218,0,0,0,1.12721,0,0.633568,0.843157,0,0.73596,0,0,0,0,0,1,1,0,0,m,w
705,TEACH,1,1,0.90747,1.09196,0,0,0,0,0.720591,0,0,0.771226,0,0.725715,0,0,0,0,0,1,1,0,0,m,w
706,TEACH,1,1,0.927311,1.14932,1.42114,0,0,0,0.698385,0,0,0.624755,0,0,0,0,0,0,0,0,1,0,0,m,w
707,TEACH,1,1,0.9356,1.26632,1.27727,0,0,0,0,0,0,0.688943,0,0,0,1.72054,0,0,0,0,1,0,0,m,w
708,TEACH,1,1,0.928877,1.13326,1.26557,0,0,0,1.01894,0,0,0,0,0,0,1.52657,0,0,0,1,1,0,0,m,w
709,TEACH,1,1,0.953203,1.05315,1.11114,0,0,0,0,0,0,0,0.552423,0,0,2.09322,0,0,0,1,1,0,0,m,w
710,TEACH,1,1,0.944705,1.25764,1.55487,0,0,0,0,0,0,0,0,0,0,2.01173,0,0,0,1,1,0,0,m,w
711,TEACH,1,1,0.942086,0.953011,1.09965,0,0,0,0,0,0,0,0,0,0,1.6545,0,0,0,0,1,0,0,m,w
712,TEACH,1,1,0.939153,1.46015,1.03922,0,0,0,0,0,0,0,0,0,0,1.84373,0,0,0,0,1,0,0,m,w
713,TEACH,1,1,0.945616,1.64724,1.45974,0,0,0,0,0,0,0,0.660627,0,0,2.19615,0,0,0,1,1,0,0,m,w
714,TEACH,1,1,0.937458,1.86091,2.05749,0,0.512283,0,0,0,0,0,0.589319,0,0,2.40912,0,0,0,1,1,0,0,m,w
715,TEACH,1,1,0.923606,1.79159,1.73925,0,0,0,0.768136,0,0,0,0.586923,0,0.716701,2.27941,0.544427,0,0,1,1,0,0,m,w
716,TEACH,1,1,0.909793,1.69348,1.26826,0,0,0,0.583615,0,0,0.958354,0,0,0,2.59208,0.52632,0,0,0,1,0,0,m,w
717,TEACH,1,1,0.943763,1.59638,1.48821,0,0.859187,0,0.788724,0,0,1.01378,0,0,0.501914,2.43773,0,0,0,0,1,0,0,m,w
718,TEACH,1,1,0.920669,1.48072,1.58652,0,0,0,0.764387,0.597408,0,0.986105,0,0.512102,0.615577,1.23817,0,0,0,0,1,0,0,m,w
719,TEACH,1,1,0.936795,1.00964,1.00694,0,0.905872,0.605532,0,0.883934,0.54457,1.40075,0,0.641898,0.870332,0.822528,0,0,0,1,1,0,0,m,w
720,TEACH,1,1,0.95518,0.843112,1.0494,0,0.602433,0.646361,0,0.993325,1.03453,1.34685,0,0,1.75598,0,0,0,1,0,1,0,0,m,w
748,TEACH,1,1,0.85948,0.5264,1.25138,0,0,0.894611,1.52314,1.28673,1.70709,1.14968,0,0,0,0,0,0,1,1,1,0,0,m,w
749,TEACH,1,1,0.832099,0,0.983185,0,0.628635,0.997066,1.45856,1.30248,1.48197,0.99423,0,0,0,0,0,0,1,1,1,0,0,m,w
750,TEACH,1,1,0.839758,0,1.0901,0,0,0.982878,1.41972,1.30114,1.43978,0.901504,0,0,0,0,0,0,1,0,1,0,0,m,w
751,TEACH,1,1,0.869063,0,1.16669,0,0,0.901357,1.42679,1.11257,1.16767,0.930397,0,0,0,0.847159,0,0,1,1,1,0,0,m,w
752,TEACH,1,1,0.849984,0,0,0,0,0.833361,0.561104,1.01323,0.838737,0.615051,0,0,0.713336,1.47779,0,0,1,0,1,0,0,m,w
753,TEACH,1,1,0.882999,0,0.522409,0,0,0.64812,0.748478,0.79317,0.714653,0.579583,0,0,0,1.00189,0,0,1,0,1,0,0,m,w
754,TEACH,1,1,0.942301,0,0,0,0,0.567179,0,0.635957,0.623604,0.683138,0,0.672558,0,0.926002,0,1,1,1,1,0,0,m,w
755,TEACH,1,1,0.925728,0,0,0,0,0.622471,0.773215,0.657801,0,0.80172,0.530303,0.580694,0.562731,0.726764,0,1,1,1,1,0,0,m,w
756,TEACH,1,1,0.944538,0,0,0.848164,0,0.812474,0.668174,0.8159,0.545113,0.956142,0,0,0,2.64944,0,1,1,1,1,0,0,m,w
757,TEACH,1,1,0.947479,0,0,1.54726,0,0.893996,1.2564,0.948378,0.558392,1.09866,0.575675,0,0,3.11639,0,1,1,1,1,0,0,m,w
758,TEACH,1,1,0.944344,0,0,1.62316,0,1.05375,1.67552,1.09341,0.987058,1.08884,0,0,0,3.26437,0,1,1,1,1,0,0,m,w
759,TEACH,1,1,0.944186,0,0,1.68659,0,0.974703,1.18539,0.981351,0.892657,1.35159,0,0,0,3.30898,0,1,1,1,1,0,0,m,w
760,TEACH,1,1,0.938802,0,0,2.00521,0,1.0219,1.02469,0.981572,0.893924,1.50276,0,0,0,2.99171,0,1,1,1,1,0,0,m,w
761,TEACH,1,1,0.92305,0,0,1.6453,0,1.29561,1.20513,1.2851,1.45555,1.44243,0,0.633742,0,2.692,0,1,1,1,1,0,0,m,w
762,TEACH,1,1,0.92325,0,0,1.9354,0,1.36393,0.732321,1.51228,1.34792,1.43153,0,0.654259,0,2.18824,0,1,1,0,1,0,0,m,w
763,TEACH,1,1,0.931614,0,0,2.1034,0,1.37304,1.60441,1.48673,1.20777,1.55275,0,0.560874,0,1.07486,0,1,1,0,1,0,0,m,w
764,TEACH,1,1,0.929612,0,0,2.05699,0,1.48993,1.60785,1.70353,1.3096,1.68321,0,0.560015,0,1.71829,0,1,1,0,1,0,0,m,w
765,TEACH,1,1,0.931108,0,0,2.29393,0,1.49204,1.11841,1.58715,1.43386,1.67768,0,0.622478,0,1.88539,0,1,1,0,1,0,0,m,w
766,TEACH,1,1,0.934904,0,0,2.27656,0,1.56662,1.46719,1.70146,1.57827,1.76914,0,0.757745,0,2.08549,0,1,1,0,1,0,0,m,w
767,TEACH,1,1,0.912848,0,0,2.68633,0,1.33832,1.5135,1.41865,1.34415,1.53502,0,0.796749,0,1.98232,0,1,1,1,1,0,0,m,w
768,TEACH,1,1,0.915821,0,0,2.2955,0,1.17374,0.81085,1.35862,0.869297,1.83159,0,0.694263,0,2.75335,0,1,1,1,1,0,0,m,w
769,TEACH,1,1,0.92773,0,0,1.98221,0,1.15148,1.15994,1.28541,0.737831,1.79447,0,0,0,3.2046,0,1,1,1,1,0,0,m,w
770,TEACH,1,1,0.911108,0,0,2.30204,0,1.07291,1.08695,1.28989,0.664978,1.33117,0,0,0,2.16237,0,1,1,0,1,0,0,m,w
771,TEACH,1,1,0.912041,0,0,1.83723,0,1.07545,0.652018,1.29506,0.597026,1.51535,0,0,0,2.86492,0,1,1,0,1,0,0,m,w
772,TEACH,1,1,0.922102,0,0,1.96569,0,1.07904,1.13175,1.32935,0,1.31536,0,0,0,3.00823,0,1,1,0,1,0,0,m,w
773,TEACH,1,1,0.929248,0,0,1.83765,0,1.10847,1.10137,1.27186,0,1.62588,0,0,0,2.49622,0,1,1,0,1,0,0,m,w
774,TEACH,1,1,0.936782,0,0,1.95606,0,1.32501,0.993673,1.59034,0.858349,1.67616,0,0,0,2.7162,0,1,1,0,1,0,0,m,w
775,TEACH,1,1,0.950676,0,0,1.60258,0,1.23598,0.757159,1.52534,0.965787,1.91646,0,0,0,3.06383,0,1,1,0,1,0,0,m,w
776,TEACH,1,1,0.926439,0,0,1.82225,0,1.37915,1.13786,1.69338,1.00015,1.74958,0,0,0,2.95278,0,1,1,0,1,0,0,m,w
777,TEACH,1,1,0.941478,0,0,1.97158,0,1.2554,0.921715,1.61827,1.2067,1.86998,0,0,0,2.67465,0,1,1,0,1,0,0,m,w
778,TEACH,1,1,0.879374,0,0,1.53256,0,1.52871,0.795373,1.87559,1.41147,1.87842,0,0,0,2.8058,0,1,1,0,1,0,0,m,w
779,TEACH,1,1,0.907989,0,0,1.33201,0.530437,1.4891,0.538312,1.88119,1.51477,2.07215,0,0,0,3.13733,0,1,1,0,1,0,0,m,w
780,TEACH,1,1,0.912777,0,0,1.04992,0,1.53253,0,2.05366,1.73557,1.86065,0,0,0,2.76973,0,1,1,0,1,0,0,m,w
781,TEACH,1,1,0.915967,0,0,0.948933,0.632651,1.483,0,2.04492,1.8135,1.67311,0,0,0,2.23687,0,1,1,0,1,0,0,m,w
782,TEACH,1,1,0.867029,0,0,0.752951,0.61772,1.44098,0,1.97581,1.86144,1.43049,0,0,0,0.808545,0,1,1,0,1,0,0,m,w
791,TEACH,1,1,0.896825,0,0,0,0,0.873071,0.907523,1.30811,1.09589,1.10836,0,0,0.744717,0,0,0,1,1,1,0,0,m,w
792,TEACH,1,1,0.903605,0,0.576902,0,0,1.03383,0,1.20884,1.25313,1.4731,0,0,1.24051,0,0,0,1,0,1,0,0,m,w
793,TEACH,1,1,0.902644,0,0,0,0.506347,1.03153,0,1.18939,1.34592,1.70667,0,0,0.588003,0.776215,0,0,1,0,1,0,0,m,w
794,TEACH,1,1,0.905878,0,0,0,0.534356,1.17795,0,1.40788,1.43386,2.15505,0,0,0.66538,0.64841,0,0,1,0,0,0,0,m,w
795,TEACH,1,1,0.922893,0,0,0,0.658537,1.04519,0,1.29591,1.33935,1.84401,0,0,1.12655,0,0,0,1,0,1,0,0,m,w
796,TEACH,1,1,0.928478,0,0,0,0,1.0845,0,1.36654,1.61431,1.88024,0,0.572956,0,1.03961,0,0,1,0,1,0,0,m,w
797,TEACH,1,1,0.923402,0,0,0,0.500508,1.08044,0,1.28446,1.36156,1.5135,0,0.551414,0.696393,0.954785,0,0,1,0,1,0,0,m,w
798,TEACH,1,1,0.885393,0,0,0,0,1.05913,0,1.19769,1.32811,1.6701,0,0.696062,0.567163,0.663392,0,0,1,1,1,0,0,m,w
799,TEACH,1,1,0.897834,0,0,0,0,0.981296,0,1.08105,1.21274,1.67195,0,0.725351,0,0.834529,0,0,1,0,1,0,0,m,w
800,TEACH,1,1,0.906802,0,0,0.798404,0,1.01846,0,1.20437,1.17483,1.46926,0,0.784069,0,0,0,0,1,0,1,0,0,m,w
801,TEACH,1,1,0.919243,0,0,1.03085,0.682147,1.02588,0,1.1592,1.10016,1.37556,0,0.797834,0,0,0,1,1,0,1,0,0,m,w
802,TEACH,1,1,0.921905,0,0,1.07039,0,0.929056,0,1.13734,0.795358,1.31531,0,1.01718,0,0.543449,0,1,1,0,1,0,0,m,w
803,TEACH,1,1,0.928529,0,0,1.36265,0.5947,0.879484,0,1.03814,0.923506,0.688506,0,0.69375,0,0.60479,0,1,1,0,1,0,0,m,w
804,TEACH,1,1,0.952279,0,0,0.844719,0,0.735597,0,0.896292,0.759514,0.958698,0,0.580667,0,1.6792,0,1,1,0,1,0,0,m,w
805,TEACH,1,1,0.950199,0,0,0.929189,0,0.918623,0,1.10094,0.862939,1.17612,0,0.813943,0,1.44158,0,1,1,0,1,0,0,m,w
806,TEACH,1,1,0.946415,0,0,0,0,0.878997,0,1.00997,0.685969,1.01879,0,0.65472,0.854486,0.728326,0,1,1,0,1,0,0,m,w
807,TEACH,1,1,0.955596,0,0,0.556387,0,0.75438,0,0.929588,0,0.984812,0,0.53357,0.698303,1.13848,0,1,0,0,1,0,0,m,w
808,TEACH,1,1,0.965211,0,0,1.10557,0,0.577863,0,0.674187,0,0.818847,0,0,0,1.94093,0,1,0,1,1,0,0,m,w
809,TEACH,1,1,0.958251,0,0,1.31317,0,0.618079,0,0,0,0.943441,0,0,0,2.15385,0,1,0,1,1,0,0,m,w
810,TEACH,1,1,0.959283,0,0,1.29348,0,0.61262,0,0.595477,0,0.901554,0,0,0,1.84388,0,1,0,1,1,0,0,m,w
811,TEACH,1,1,0.970729,0,0,1.37684,0,0.593124,0,0.605077,0,0.56137,0,0,0.539864,1.98494,0,1,0,1,1,0,0,m,w
812,TEACH,1,1,0.971998,0,0,1.38485,0,0.54322,0,0.547763,0,0,0,0,0,2.21294,0,1,0,1,1,0,0,m,w
813,TEACH,1,1,0.972285,0,0,1.48607,0,0.547965,0.55386,0,0,0.596873,0.650332,0,0.513019,2.24252,0,1,0,1,1,0,0,m,w
814,TEACH,1,1,0.973533,0,0,1.20433,0,0.606579,0,0.585884,0,0.566354,0.840612,0,0,3.04572,0,1,0,1,1,0,0,m,w
815,TEACH,1,1,0.975251,0,0,1.51582,0,0,0.82256,0,0,0.783186,0.549484,0,0,3.20081,0,1,0,1,1,0,0,m,w
816,TEACH,1,1,0.976493,0,0,1.65827,0,0,1.43248,0,0,0.688521,0,0,0,2.61081,0,1,0,1,1,0,0,m,w
817,TEACH,1,1,0.979268,0,0,1.46577,0,0,0.772772,0,0,0.534772,0.702631,0,0.589893,3.19492,0,1,0,1,1,0,0,m,w
818,TEACH,1,1,0.978956,0,0,1.54657,0,0,0.588408,0,0,0.601482,0.925498,0,0.691579,3.21903,0,1,0,1,1,0,0,m,w
819,TEACH,1,1,0.98199,0,0,1.58434,0,0,0.940173,0,0,0.502269,0.66698,0,0.714142,3.78149,0,1,0,1,1,0,0,m,w
820,TEACH,1,1,0.98001,0,0,1.79249,0,0,1.45159,0,0,0.741301,0,0,0.792309,3.65468,0,1,0,1,1,0,0,m,w
821,TEACH,1,1,0.980723,0,0,1.89783,0,0.535541,1.0295,0,0,0.595011,0.830818,0,0.617744,3.73863,0,1,0,1,1,0,0,m,w
822,TEACH,1,1,0.976259,0,0,1.84865,0,0.609419,1.09716,0,0,1.08079,0.607472,0,0.662017,4.38912,0,1,0,1,1,0,0,m,w
823,TEACH,1,1,0.981603,0,0,1.82057,0,0.715409,1.14421,0,0,0.941269,0.730396,0,0.808547,3.42804,0,1,0,1,1,0,0,m,w
824,TEACH,1,1,0.981678,0,0.506463,1.86804,0,0.566108,0,0,0,0.868577,0.609843,0,0.843319,2.97168,0.530183,1,0,1,1,0,0,m,w
825,TEACH,1,1,0.977499,0,0,2.15051,0,0.605409,0.757509,0,0,1.03984,0,0,1.0147,3.44765,0.644106,1,0,1,1,0,0,m,w
826,TEACH,1,1,0.978525,0,0.589623,1.89879,0,0.617598,0,0,0,1.11618,0,0,0.906918,2.93752,0.588249,1,0,1,1,0,0,m,w
827,TEACH,1,1,0.980036,0,0,1.97723,0,0.577769,0,0,0,0.944069,0,0,1.0084,2.87106,0.585488,1,0,1,1,0,0,m,w
828,TEACH,1,1,0.976628,0,0,2.05169,0,0,0,0,0.500056,0.880306,0,0,1.1852,2.65248,0.676783,1,0,1,1,0,0,m,w
829,TEACH,1,1,0.969887,0,0,2.12091,0,0,0,0,0.50176,0.882595,0,0,0.956239,2.44805,0.707677,1,0,1,1,0,0,m,w
830,TEACH,1,1,0.977705,0,0.636744,2.32118,0,0,0,0,0,0.831641,0,0,1.49499,2.64901,0.751876,1,0,1,1,0,0,m,w
831,TEACH,1,1,0.973051,0,0.563555,2.31655,0,0,0,0,0,0.918944,0,0,1.78939,2.61363,0.744902,1,0,1,1,0,0,m,w
832,TEACH,1,1,0.978999,0,0.799539,2.46575,0,0.525736,0,0,0.567234,1.02281,0,0,1.54574,3.35168,0.702208,1,0,1,1,0,0,m,w
833,TEACH,1,1,0.979457,0,0.853475,2.23441,0,0.564199,0,0,0.647557,0.850007,0,0,1.30468,3.0344,0.731978,1,0,1,1,0,0,m,w
834,TEACH,1,1,0.977581,0,0.606563,2.21585,0,0,0,0,0,0.704058,0,0,1.19088,3.02576,0.772613,1,0,0,1,0,0,m,w
835,TEACH,1,1,0.972162,0,0,1.96946,0,0,0,0,0,0.844805,0,0,1.11305,2.97579,0.799592,1,0,0,1,0,0,m,w
836,TEACH,1,1,0.974116,0,0.595466,2.08077,0,0,0,0,0.534008,0.821978,0,0,1.28831,2.99166,0.766406,1,0,1,1,0,0,m,w
837,TEACH,1,1,0.978505,0,0.888872,2.00698,0,0,0,0,0.570648,0.700216,0,0,1.2301,3.39723,0.806635,1,0,1,1,0,0,m,w
838,TEACH,1,1,0.968779,0,0,2.36345,0,0,0,0,0.541761,0.612858,0,0,1.34528,3.10042,0.77467,1,0,1,1,0,0,m,w
839,TEACH,1,1,0.973285,0,0,2.18635,0,0,0,0,0.52805,0.648423,0,0,1.0852,3.43085,0.793929,1,0,0,1,0,0,m,w
840,TEACH,1,1,0.973029,0,0.842206,2.36557,0,0.518251,0,0,0.549153,0.84847,0,0,0.94077,3.31349,0.760911,1,0,1,1,0,0,m,w
841,TEACH,1,1,0.974422,0,0.562756,2.16089,0,0,0,0,0,0.747286,0,0,1.20289,3.08739,0.796307,1,0,0,1,0,0,m,w
842,TEACH,1,1,0.979141,0,0.773956,1.98889,0,0.524584,0,0,0.624088,0.810506,0,0,1.19813,3.45633,0.741235,1,0,0,1,0,0,m,w
843,TEACH,1,1,0.96709,0,0.682598,2.14131,0,0.629396,0,0,0.602782,0.658786,0,0,0.778358,3.18235,0.690621,1,0,1,1,0,0,m,w
844,TEACH,1,1,0.97059,0,0.536478,2.04702,0,0.699926,0,0,0.671407,0.657207,0,0,0.940677,3.25528,0.763291,1,0,1,1,0,0,m,w
845,TEACH,1,1,0.973192,0,0.647352,2.05164,0,0.643535,0,0,0.647519,0.809809,0,0,0.955652,3.31865,0.757076,1,0,1,1,0,0,m,w
846,TEACH,1,1,0.97248,0,0.566823,2.26659,0,0.665686,0,0,0.693934,0.618673,0,0,1.02016,3.44998,0.764678,1,0,1,1,0,0,m,w
847,TEACH,1,1,0.972516,0,0.606053,2.18077,0,0.596172,0,0,0.660614,0,0,0,1.00486,3.26951,0.741236,1,0,1,1,0,0,m,w
848,TEACH,1,1,0.971829,0,0.784258,2.26594,0,0.626354,0,0,0.669592,0.654857,0,0,0.834115,3.27143,0.76793,1,0,1,1,0,0,m,w
849,TEACH,1,1,0.977526,0,0.604048,2.20808,0,0.553405,0,0,0.555831,0.611525,0,0,0,3.24719,0.795041,1,0,1,1,0,0,m,w
850,TEACH,1,1,0.972303,0,0.867139,2.00766,0,0.535864,0,0,0.530566,0.510145,0,0,0.664324,2.57897,0.767738,1,0,1,1,0,0,m,w
851,TEACH,1,1,0.974714,0,0,2.17136,0,0.586185,0,0,0,0.521434,0,0,0.665587,2.86746,0.756905,1,0,1,1,0,0,m,w
852,TEACH,1,1,0.966389,0,0.835221,2.18758,0,0.552565,0,0,0,0.592051,0,0,0.519881,3.01923,0.770575,1,0,1,1,0,0,m,w
853,TEACH,1,1,0.968086,0,0.879981,2.16979,0,0.564097,0,0,0,0.556451,0,0,0.545196,3.3031,0.751842,1,0,0,1,0,0,m,w
854,TEACH,1,1,0.97239,0,0.864188,2.03771,0,0,0,0,0,0.636594,0,0,0.791972,3.50156,0.82504,1,0,0,1,0,0,m,w
855,TEACH,1,1,0.971921,0,0.689577,1.99604,0,0,0,0,0,0,0,0,0,2.62932,0.718945,1,0,0,1,0,0,m,w
856,TEACH,1,1,0.973267,0,0.705965,2.29431,0,0.561625,0,0,0,0,0,0,0,3.08216,0.765692,1,0,0,1,0,0,m,w
857,TEACH,1,1,0.96986,0,0.869721,2.0064,0,0.544601,0,0,0,0,0,0,0.792775,3.61416,0.79075,1,0,0,1,0,0,m,w
858,TEACH,1,1,0.966181,0,0.964957,1.99495,0,0.567458,0,0,0.588481,0,0,0,0.952441,3.39416,0.781831,1,0,1,1,0,0,m,w
859,TEACH,1,1,0.972121,0,1.05826,2.39585,0,0,0,0,0,0.600958,0,0,0.789744,2.84386,0.736347,1,0,0,1,0,0,m,w
860,TEACH,1,1,0.966579,0,0.77344,2.10386,0,0,0,0,0,0,0,0,0.600721,2.82136,0.678286,1,0,0,1,0,0,m,w
861,TEACH,1,1,0.969782,0,1.06037,2.25027,0,0.57737,0,0,0,0,0,0,0,2.74042,0.69167,1,0,1,1,0,0,m,w
862,TEACH,1,1,0.963196,0,0.864128,2.13415,0,0.565385,0,0,0.593163,0,0,0,0.530985,3.39235,0.733193,1,0,1,1,0,0,m,w
863,TEACH,1,1,0.965112,0,0.779443,2.17744,0,0.548826,0,0,0,0,0,0,0,3.49132,0.746818,1,0,1,1,0,0,m,w
864,TEACH,1,1,0.968358,0,0.618564,2.23379,0,0.502952,0,0,0.676669,0,0,0,0,2.46398,0.822485,1,0,1,1,0,0,m,w
865,TEACH,1,1,0.971182,0,0.786879,2.19631,0,0.58296,0,0,0.650767,0.572444,0,0,0,2.87047,0.759413,1,0,1,1,0,0,m,w
866,TEACH,1,1,0.963389,0,0.779628,2.54074,0,0,0,0,0.530444,0,0,0,0,3.19967,0.781619,1,0,1,1,0,0,m,w
867,TEACH,1,1,0.96523,0,0.825197,2.55042,0,0.585307,0,0,0,0.500309,0,0,0.654962,3.25918,0.687733,1,0,1,1,0,0,m,w
868,TEACH,1,1,0.969782,0,0.585702,2.3293,0,0.599821,0,0,0.65184,0,0,0,0.687138,3.35413,0.788545,1,0,1,1,0,0,m,w
869,TEACH,1,1,0.969022,0,0,2.43609,0,0.524969,0,0,0,0,0,0,0.520582,3.25784,0.78613,1,0,1,1,0,0,m,w
870,TEACH,1,1,0.969059,0,0.780747,2.63273,0,0.587513,0,0,0,0,0,0,0,3.37622,0.733501,1,0,1,1,0,0,m,w
871,TEACH,1,1,0.966005,0,0.746952,2.2693,0,0.59753,0,0,0,0,0,0,0,3.24347,0.70376,1,0,1,1,0,0,m,w
872,TEACH,1,1,0.963555,0,0.773531,2.56561,0,0.569252,0,0,0,0,0,0,0,2.96945,0.737839,1,0,1,1,0,0,m,w
873,TEACH,1,1,0.966381,0,0.610605,2.54979,0,0.585527,0,0,0,0.569402,0,0,0,3.08968,0.704105,1,0,1,1,0,0,m,w
874,TEACH,1,1,0.966337,0,0.810651,2.39962,0,0.607144,0,0,0,0.620413,0,0,0,2.78957,0.630922,1,0,1,1,0,0,m,w
875,TEACH,1,1,0.976445,0,0,2.34028,0,0.678355,0,0,0,0,0,0,0,2.73785,0.72825,1,0,1,1,0,0,m,w
876,TEACH,1,1,0.970965,0,0.707928,2.38634,0,0.735456,0,0,0.572278,0,0,0,0,3.14013,0.701719,1,0,1,1,0,0,m,w
877,TEACH,1,1,0.975405,0,0.747449,2.55284,0,0.664979,0,0,0,0,0,0,0,2.98584,0.588983,1,0,1,1,0,0,m,w
878,TEACH,1,1,0.964449,0,0,2.70373,0,0.665427,1.4074,0,0,0,0,0,0,3.37747,0,1,0,1,1,0,1,m,w
879,TEACH,1,1,0.97411,0,0,2.30715,0,0.500489,1.52797,0,0,0,0,0,0,3.75175,0,1,0,1,1,0,1,m,w
880,TEACH,1,1,0.977239,0,0,1.93113,0,0,0.837319,0,0,0,0,0,0,3.81344,0,1,0,0,1,0,1,m,w
881,TEACH,1,1,0.965574,0,0,1.55894,0,0,0,0,0,1.20121,0,0,0,2.30844,0,1,1,0,0,0,0,m,w
882,TEACH,1,1,0.859174,0,0,0.735857,0,0,0,0,0,1.39874,0,0,0,0,0,1,0,0,0,0,0,m,w
883,TEACH,1,1,0.871174,0,0,0,0.66574,0.547833,0,0.559048,0.588586,1.44675,0,0,0,0,0,1,0,0,0,0,0,m,w
884,TEACH,1,1,0.844309,0,0,0.762942,0,0,0,0.835268,0.836634,1.14534,0,0,0,0,0,1,0,0,0,0,0,m,w
1648,TEACH,1,1,0.944375,0,0,1.72952,0,0.596757,0,0.674302,0,0.552422,0.825646,0,0,2.09559,0,1,0,1,1,0,0,m,w
1649,TEACH,1,1,0.935988,0,0.958899,1.78383,0,0.586242,0,0,0,0,0.66595,0,0,3.22322,0,1,0,1,0,0,1,m,w
1650,TEACH,1,1,0.855473,0,1.53731,1.42024,0,0.708732,0,0,0.837373,1.01566,0,0,0,1.87858,0,1,0,1,0,0,0,m,w
1651,TEACH,1,1,0.806113,0.660111,1.63429,1.25226,0,0.710616,0,0,0.886904,0,0,0,0,2.04609,0,0,0,1,0,0,0,m,w
1652,TEACH,1,1,0.829188,1.31011,1.87278,0.737719,0.869925,0.509448,0,0,0.789751,0.600485,0.511859,0,0,1.35151,0,0,0,1,0,0,0,m,w
1653,TEACH,1,1,0.731608,1.42812,1.46081,0,0.971032,0.53275,0,0,1.18064,0,0,0,0,1.56833,0.582543,0,0,1,0,0,0,m,w
1654,TEACH,1,1,0.771991,1.48776,1.78931,0,1.37095,0,0,0,1.18798,0,0,0,0.874947,0.85462,0.752932,0,0,1,0,0,0,m,w
1655,TEACH,1,1,0.821442,2.201,2.22249,0,1.46957,0,0,0,0.767928,0,0,0,0.79112,1.10804,0.675267,0,0,1,0,0,0,m,w
1656,TEACH,1,1,0.828478,2.35868,2.53868,0,1.51068,0,0,0,0.59386,0,0,0,1.72958,0.601632,0.705796,0,0,1,0,0,0,m,w
1657,TEACH,1,1,0.895557,2.11936,2.80099,0,1.45479,0,0,0,0.712391,0,0,0,1.12271,0.882245,0.756859,0,0,1,0,0,0,m,w
1658,TEACH,1,1,0.834524,2.96723,3.05835,0,1.90664,0,0,0,0.718499,0,0,0,0.791064,0.533528,0.618062,0,0,1,0,0,0,m,w
1659,TEACH,1,1,0.877765,2.72495,2.90921,0,1.23044,0,0,0,1.29101,0,0.552426,0,0,2.98052,0.797061,0,0,1,0,0,0,m,w
1660,TEACH,1,1,0.7935,2.63787,3.37209,0.512582,0,0,0,0,0.764301,0,0,0,0.890782,1.56395,0.939133,0,0,1,1,0,0,m,w
1661,TEACH,1,1,0.840726,1.7051,2.58269,0,1.10437,0,0,0,0,0,0,0,0.575618,4.99231,0.541786,0,0,0,1,0,0,m,w
1662,TEACH,1,1,0.768536,1.50127,2.55114,0,1.27067,0,0,0,0,0.677419,0,0,0.69322,2.6971,0,0,0,0,1,0,0,m,w
1663,TEACH,1,1,0.773534,0,2.78142,0,1.36368,0,0,0,0.603397,1.39446,0,0,0.611751,2.64686,0,0,0,0,0,0,0,m,w
1666,TEACH,1,1,0.799853,2.0547,0,0,0,0,0,0,0,0.528346,0.625634,0,0,0,0,0,0,0,0,0,0,m,w
1672,TEACH,1,1,0.906305,1.82586,0.936275,0,0.689306,0,0,0,0,0,0.577902,0,0,0,0,0,0,0,0,0,0,m,w
1677,TEACH,1,1,0.889904,2.1346,1.21621,0.549018,0,0,0,0,0,0,0.516273,0,0,0,0,0,0,1,1,0,0,m,w
1678,TEACH,1,1,0.8819,2.27801,1.80469,0,0,0,0,0,0,0.725637,0.596217,0,0,0,0,0,0,1,0,0,0,m,w
1703,TEACH,1,1,0.855392,1.50203,0,0,0.577329,0,0,0,0,0,0,0,0,0,0,0,0,0,0,0,0,m,w
1704,TEACH,1,1,0.88783,1.79618,0,0,0,0,0,0,0.608207,0,0.790133,0,0,0,0,0,0,0,1,0,0,m,w
1705,TEACH,1,1,0.893324,1.6821,0,0,0,0,0,0,0,0,0.74364,0,0,0,0,0,0,0,1,0,0,m,w
1706,TEACH,1,1,0.832621,0.828763,0,0,0,0,0,0,0,0,1.29388,0,0,0.710219,0,0,0,0,1,0,0,m,w
1707,TEACH,1,1,0.885405,1.12045,0.642332,0,0,0,0,0,0,0.946745,0,0,0,0,0,0,0,0,0,0,1,m,w
1708,TEACH,1,1,0.809431,1.26339,1.03518,0.570293,0,0.646294,0,0.772362,0.83925,0.646286,0,0,0,0,0,0,0,0,0,0,1,m,w
1713,TEACH,1,1,0.773647,1.79711,2.03527,0,0,0,0,0,1.13524,0,0,0,0.920084,3.08201,0.971923,0,0,1,1,0,0,m,w
1720,TEACH,1,1,0.968254,1.38001,1.83413,0,0,0.724282,0,0,1.02316,0,0,0,0,1.39609,0,0,0,1,0,0,0,m,w
1721,TEACH,1,1,0.920402,1.30295,1.93223,0,0,0.611174,1.29998,0,0.948382,0,0.911596,0,0.548052,1.5607,0,0,0,1,0,0,0,m,w
1722,TEACH,1,1,0.953199,1.7529,2.43398,0,0.576808,0,2.22786,0,0.698637,0,0.759467,0,0.671889,2.09583,0,0,0,1,1,0,0,m,w
1723,TEACH,1,1,0.957517,1.86632,1.99906,0,0.744374,0,2.26057,0,0,0,1.14385,0,0,2.30794,0,0,0,1,1,0,0,m,w
1724,TEACH,1,1,0.957578,2.06962,1.98827,0,1.14636,0,1.80192,0,0,0,1.03785,0,0,2.00447,0,0,0,1,1,0,0,m,w
1725,TEACH,1,1,0.956351,1.98474,1.7869,0,1.11082,0,1.8373,0,0,0,0.791037,0,0.696329,2.03041,0,0,0,0,1,0,0,m,w
1726,TEACH,1,1,0.956338,1.88324,1.84978,0,1.10039,0,1.95444,0,0,0,0.966581,0,0,2.13385,0,0,0,1,1,0,0,m,w
1727,TEACH,1,1,0.959047,1.91621,1.76382,0,1.05072,0,2.00709,0,0,0,0.749881,0,0.820369,2.15315,0,0,0,1,1,0,0,m,w
1728,TEACH,1,1,0.949181,1.8918,1.55452,0,0.98608,0,1.66666,0,0,0,0.75598,0,0.734771,2.42616,0,0,0,1,1,0,0,m,w
1729,TEACH,1,1,0.946101,2.02001,1.76616,0,1.0592,0,2.00958,0,0,0,0.577963,0,0.629678,2.38356,0,0,0,1,1,0,0,m,w
1730,TEACH,1,1,0.940422,2.2624,1.48596,0.576505,0.881497,0,2.00555,0,0,0,0.893748,0,0,2.3552,0,0,0,1,1,0,0,m,w
1731,TEACH,1,1,0.930486,2.2445,1.64706,0.522757,0.980781,0,1.72517,0,0,0,0.76678,0,0.611588,2.88208,0,0,0,0,1,0,0,m,w
1732,TEACH,1,1,0.930185,2.0951,1.624,0,0.775909,0,1.34441,0,0,0,0.514824,0,0,2.98895,0,0,0,0,1,0,0,m,w
1733,TEACH,1,1,0.935696,1.8938,1.36375,0,0.517819,0,1.1702,0,0,0,0.579837,0,0,2.38146,0,0,0,1,1,0,0,m,w
1734,TEACH,1,1,0.93806,1.73065,1.03547,0,0.554972,0,1.25135,0,0,0,0,0,0,1.94462,0,0,0,0,1,0,0,m,w
1735,TEACH,1,1,0.942049,1.19885,0.925672,0,0,0,0,0,0,0,0,0,0,2.09978,0,0,0,0,1,0,0,m,w
1736,TEACH,1,1,0.873514,1.22633,0.723013,0,0,0,0,0,0,0,0,0,0.796752,0,0,0,0,0,1,0,0,m,w
1737,TEACH,1,1,0.869984,0.939947,1.0715,0,0,0,0,0,0,0,0,0,0.801434,0,0,0,0,0,1,0,0,m,w
1738,TEACH,1,1,0.850158,1.47647,1.56847,0,0,0,0,0,0.513075,0,0,0,0.937015,0,0,0,0,1,1,0,0,m,w
1749,TEACH,1,1,0.941331,1.74245,2.03167,0,0.608216,0,1.8547,0,1.1415,0,0,0,0.594544,0,0,0,0,1,0,0,0,m,w
1750,TEACH,1,1,0.83681,1.43397,1.52495,0,0,0,1.69083,0,0.69644,0,0.650216,0,0.771193,1.32809,0,0,0,1,1,0,0,m,w
1751,TEACH,1,1,0.9125,1.79617,1.30264,0,1.03037,0,1.07777,0,0,0,0.516638,0,0.752249,1.58785,0,0,0,1,1,0,0,m,w
1752,TEACH,1,1,0.830231,1.46516,1.61065,0,0.843914,0,1.05182,0,0,0,0.820417,0.513262,1.1879,2.91685,0,0,0,1,1,0,0,m,w
1753,TEACH,1,1,0.924369,1.46075,1.64092,0,1.38838,0,1.1611,0,0,0,0.881399,0,1.77546,3.19421,0,0,0,1,1,0,0,m,w
1754,TEACH,1,1,0.955908,0.839324,1.06538,0,1.41846,0,1.04576,0,0.529754,0,0.538833,0,0.866788,3.21196,0,0,0,0,1,0,0,m,w
1755,TEACH,1,1,0.961664,1.39473,1.41169,0,0.650263,0,1.65159,0,0,0.736464,0,0,1.09327,3.39654,0,0,0,0,1,0,1,m,w
1756,TEACH,1,1,0.951627,0.905851,1.73533,0,0,0,1.43189,0,0.672971,0.650829,0.543327,0,0.912689,3.59861,0,0,0,0,1,0,0,m,w
1757,TEACH,1,1,0.94153,0.879572,1.61628,0,0.669007,0,1.55553,0,0.756363,0.808149,0,0,1.19306,3.07363,0,0,0,0,1,0,0,m,w
1758,TEACH,1,1,0.934369,1.18499,1.69867,0,0.817979,0.529164,1.00018,0.538966,0.794081,0.822908,0,0,0.620862,2.50539,0,0,0,0,1,0,0,m,w
1759,TEACH,1,1,0.957451,0.764926,1.35203,0,0.631462,0,1.52662,0,0.723813,0.678371,0,0,1.11214,3.29742,0,0,0,0,1,0,0,m,w
1760,TEACH,1,1,0.931025,1.14394,1.43424,0,0.516185,0,1.53418,0,0.547076,0.647145,0,0,1.64559,3.98726,0,0,0,1,1,0,0,m,w
1761,TEACH,1,1,0.928091,1.33395,2.01222,0,0.855575,0.678096,1.06162,0,1.14323,0,0,0,0.531679,1.73205,0,0,1,0,1,0,0,m,w
1762,TEACH,1,1,0.959363,1.03214,1.58644,0,0,0.557727,0.973939,0,1.03631,0.861303,0,0,1.32606,2.60812,0,0,0,1,1,0,0,m,w
1763,TEACH,1,1,0.901924,1.12929,2.1629,0,0.612811,0,0,0,0.975819,0,0,0,0.648671,1.52099,0,0,0,0,1,0,0,m,w
1764,TEACH,1,1,0.966371,1.6469,2.38552,0,1.02398,0,1.31199,0,0.622725,0,0,0,1.15297,2.38205,0,0,0,0,1,0,0,m,w
1765,TEACH,1,1,0.964806,1.54695,2.65905,0,0.542434,0,1.5707,0,0.759978,0,0,0,1.31889,3.29838,0,0,0,0,1,0,0,m,w
1766,TEACH,1,1,0.955879,1.40639,1.98277,0,0.931199,0,1.19075,0,0.722512,0.879513,0,0.701638,1.00694,3.01928,0,0,1,1,1,0,0,m,w
1767,TEACH,1,1,0.956098,1.0158,1.54295,0,1.0327,0,1.05219,0,0,0,0.673674,0,0.942459,2.7045,0,0,0,1,1,0,0,m,w
1768,TEACH,1,1,0.953268,1.16161,1.77671,0,1.15463,0,1.04803,0,0.664392,0,0,0,0.520486,1.86596,0,0,0,0,1,0,0,m,w
1769,TEACH,1,1,0.967075,1.60872,1.84346,0,1.08961,0,1.33892,0,0,0,0,0,1.11309,2.58758,0,0,0,0,1,0,0,m,w
1770,TEACH,1,1,0.968593,1.6721,2.25367,0.786224,0.964534,0,1.97562,0,0,0,0,0,1.50563,2.55311,0,0,0,1,1,0,0,m,w
1771,TEACH,1,1,0.959367,2.25635,2.53341,0.569549,0.776897,0,1.28755,0,0,0,0,0,1.07514,2.29026,0,0,0,1,1,0,0,m,w
1772,TEACH,1,1,0.936668,2.65869,2.59156,0.696034,0,0,0.949216,0,0,0,0,0,1.07697,2.77514,0.694454,0,0,0,1,0,0,m,w
1773,TEACH,1,1,0.891436,2.51362,1.91702,0,0,0,0,0,0,0,0,0,0.817358,2.93857,0,0,0,0,1,0,0,m,w
1774,TEACH,1,1,0.892203,2.56333,2.11766,0,0,0,0,0,0,0,0,0,1.07836,2.07089,0.663918,0,0,0,1,0,0,m,w
1775,TEACH,1,1,0.873025,2.15511,1.83141,0,0,0,0,0,0,0,0,0,0.654568,3.38564,0.598253,0,0,0,1,0,0,m,w
1776,TEACH,1,1,0.855137,1.78703,1.6265,0,0,0,0,0,0,0.651723,0,0,0.812313,2.67765,0.534966,0,0,0,1,0,0,m,w
1777,TEACH,1,1,0.868261,1.24535,1.17451,0,0,0,0,0,0,0.844322,0,0,0.680183,2.79087,0,0,0,0,1,0,0,m,w
1778,TEACH,1,1,0.77496,1.04681,1.24353,0,0,0,0,0,0,0.925052,0,0,0,2.82186,0,0,0,0,1,0,0,m,w
1779,TEACH,1,1,0.791786,1.21005,1.49041,0,0,0,0,0,0,0,0,0,0,3.02673,0,0,0,0,1,0,0,m,w
1780,TEACH,1,1,0.794864,1.22742,1.55976,0,0.67863,0,0,0,0,0,0,0,0,3.0521,0.519227,0,0,0,1,0,0,m,w
1781,TEACH,1,1,0.777042,1.05777,1.37065,0,0,0,0,0,0.508975,0,0,0,0,2.46744,0.556384,0,0,0,1,0,0,m,w
1782,TEACH,1,1,0.804847,0.960073,1.05172,0,0,0,0,0,0,0,0,0,0,2.9703,0.565169,0,0,0,1,0,0,m,w
1783,TEACH,1,1,0.79476,0.690972,0.791108,0,0,0,0,0,0,0,0,0,0,3.63924,0.509147,0,0,0,1,0,0,m,w
1784,TEACH,1,1,0.797,0.687511,0.848055,0,0,0,0,0.519936,0,0,0,0,0,2.79524,0,0,0,0,1,0,0,m,w
1785,TEACH,1,1,0.777606,0.803264,1.19236,0,0,0,0,0,0,0,0,0,0,3.10584,0.526364,0,0,0,1,0,0,m,w
1786,TEACH,1,1,0.752986,0.723234,1.08759,0,0,0,0,0.521669,0,0.589959,0,0,0,3.21078,0,0,0,0,1,0,0,m,w
1787,TEACH,1,1,0.782775,0,1.31084,0,0,0,0.586403,0.53148,0,0.665164,0,0,0,2.6866,0,0,0,0,1,0,0,m,w
1788,TEACH,1,1,0.799283,0,1.30923,0,0,0.545669,0,0.601537,0.504281,0.779067,0,0,0,2.18938,0,0,0,0,1,0,0,m,w
1789,TEACH,1,1,0.767726,0,1.10286,0,0,0,0,0,0,0.696342,0,0,0,2.51087,0,0,0,0,1,0,0,m,w
1790,TEACH,1,1,0.75382,0.557999,0.759718,0,0,0,0,0,0,0.501281,0,0,0,2.5511,0,0,0,0,1,0,0,m,w
1791,TEACH,1,1,0.812768,0,1.02709,0,0,0.535451,0,0.680899,0.590968,0.916403,0,0,0,2.92206,0,0,0,0,1,0,0,m,w
1792,TEACH,1,1,0.800399,0,1.32619,0,0,0,0,0.684866,0,0,0,0,0,2.64525,0,0,0,0,1,0,0,m,w
1793,TEACH,1,1,0.811487,0,1.60778,0,0,0,1.10416,0.515187,0,0.682377,0,0,0,3.75485,0,0,0,0,1,0,0,m,w
1794,TEACH,1,1,0.821924,0.516873,1.63028,0,0,0.649232,1.07623,0.885167,0.763539,0.861096,0,0,0,3.48811,0.606979,0,0,0,1,0,0,m,w
1795,TEACH,1,1,0.862833,0.814531,1.96705,0,0,0.675163,2.05212,0.868735,0.675436,0.777459,0,0,0,3.73065,0.512256,0,0,0,1,0,0,m,w
1796,TEACH,1,1,0.936322,0.664377,1.70574,0,0,0.637049,1.18888,0.794893,0.691982,0.635411,0,0,0,3.5113,0,0,0,0,1,0,0,m,w
1797,TEACH,1,1,0.916778,0.61633,1.86722,0,0,0.627241,1.83785,0.700459,0.762926,0.687228,0,0,0,3.59148,0,0,0,0,1,0,0,m,w
1798,TEACH,1,1,0.910236,0.513404,1.89678,0,0,0.758622,1.29573,0.974349,0.609303,0.96284,0,0,0,3.93021,0,0,0,0,1,0,0,m,w
1799,TEACH,1,1,0.910201,0,1.75585,0,0.518199,0.693049,1.40054,0.885969,0.629041,0.654372,0,0,0,4.13404,0,0,1,0,1,0,0,m,w
1800,TEACH,1,1,0.899159,0,1.68338,0,0.629305,0.626982,1.35764,0.826937,0.588358,0.687425,0,0,0,3.31251,0,0,1,0,1,0,0,m,w
1801,TEACH,1,1,0.887965,0,2.09898,0,0.503491,0.681618,1.18805,0.822862,0.640017,0.614768,0,0,0,3.67483,0,0,1,0,1,0,0,m,w
1802,TEACH,1,1,0.893608,0,1.79127,0,0.505606,0.758088,1.39543,0.907407,0.780378,0.532612,0,0,0,3.86474,0,0,1,0,1,0,0,m,w
1803,TEACH,1,1,0.905329,0,1.76036,0,0,0.612087,1.36064,0.764423,0.557569,0.53677,0,0,0,3.75634,0,0,0,0,1,0,0,m,w
1804,TEACH,1,1,0.901089,0,1.83736,0,0.570992,0,1.3981,0.665504,0,0.66818,0,0,0,3.37176,0,0,0,0,1,0,0,m,w
1805,TEACH,1,1,0.91501,0.614375,1.61562,0,0.569059,0,1.67621,0,0,0,0,0,0,3.12379,0,0,0,0,1,0,0,m,w
1806,TEACH,1,1,0.923497,0,1.40659,0,0.920928,0,0.715169,0,0,0,0,0,0,3.10705,0,0,0,0,1,0,0,m,w
1807,TEACH,1,1,0.895203,0,0.942125,0,0,0,1.35022,0,0,0,0,0,0.701311,1.48193,0,0,0,0,1,0,0,m,w
1808,TEACH,1,1,0.904945,0,1.3463,0,0,0,0.762819,0,0,0,0,0,0,1.38769,0,0,0,0,1,0,0,m,w
1809,TEACH,1,1,0.834823,0.607556,1.80782,0,0,0,0.807844,0,0,0,0,0,0,3.66155,0.512937,0,0,0,1,0,0,m,w
1810,TEACH,1,1,0.832438,0.720756,1.37048,0,0.648261,0,0,0.621281,0.650486,0,0,0,0,3.8941,0.720013,0,0,0,1,0,0,m,w
1811,TEACH,1,1,0.866124,0,1.03152,0,0,0,0,0.694224,0.519675,0.520616,0,0,0.662622,4.08495,0.646384,0,0,0,1,0,0,m,w
1812,TEACH,1,1,0.876496,0.618004,1.27864,0,0.726037,0.5883,0,0.933156,0.694847,0.565941,0,0,0,3.13892,0.640944,0,0,0,1,0,0,m,w
1813,TEACH,1,1,0.870139,0.81197,0.905281,0,0,0.748876,0,1.08746,1.04615,0.704273,0,0,0.609248,1.95623,0.507888,0,1,0,1,0,0,m,w
1814,TEACH,1,1,0.868614,0.8497,0.67378,0,0,0.732185,0,0.9473,1.28477,0.527615,0,0,0,0,0,0,1,0,0,0,0,m,w
1823,TEACH,1,1,0.881404,1.30225,0,0,0,0,0,0,0,0,0.655047,0,0,0.661114,0,0,0,0,0,0,1,m,w
1824,TEACH,1,1,0.93196,1.08431,0.619464,0,0,0,0,0,0,0,0.903155,0,0,0.703589,0,0,0,1,0,0,0,m,w
1825,TEACH,1,1,0.955212,1.90923,1.12755,0.65361,0,0,0.582693,0,0,0,1.02892,0,0,3.4055,0,0,0,1,1,0,0,m,w
1826,TEACH,1,1,0.954598,2.43847,1.28174,1.06098,0,0,1.343,0,0,0,1.50123,0,0,3.07255,0.560456,0,0,0,1,0,0,m,w
1827,TEACH,1,1,0.918425,2.14331,1.51674,0.593294,0,0,1.50411,0,0,0,1.32161,0,0,1.52085,0.656025,0,0,0,1,0,0,m,w
1828,TEACH,1,1,0.962875,2.27299,1.80205,0.659967,0,0,1.55196,0,0,0,1.04411,0,0.726634,2.42246,0.698839,0,0,1,1,0,0,m,w
1829,TEACH,1,1,0.968889,2.76052,2.68705,0.686081,0,0,0.759389,0,0,0,0.784726,0,0.898715,2.19152,0.842119,0,0,1,1,0,0,m,w
1830,TEACH,1,1,0.929277,3.27506,2.80926,0.808624,0,0,0.617161,0,0,0,1.20749,0,0,2.13804,0.936931,0,0,1,1,0,0,m,w
1831,TEACH,1,1,0.942353,2.74564,2.76439,0.5214,0.570934,0,0,0,0.56025,0,1.19385,0,0,1.91798,0.96996,0,0,1,0,0,0,m,w
1832,TEACH,1,1,0.931007,2.83032,2.51508,0.655167,0.845166,0,0,0,0.842068,0,0.543699,0,0.719074,2.08442,1.05286,0,0,1,0,0,0,m,w
1833,TEACH,1,1,0.909278,2.5309,2.32489,0.636952,0.846817,0,0,0,0.756394,0,0.706345,0,0.982319,1.32564,0.995838,0,0,1,0,0,0,m,w
1834,TEACH,1,1,0.889694,2.22415,2.06657,1.03456,0.574689,0,0,0,0,0,0.703812,0,1.21832,0.753042,0.954366,0,0,1,1,0,0,m,w
1835,TEACH,1,1,0.871328,1.93973,1.74497,0,0.858857,0,0,0,0,0,0.657824,0,1.59854,0,0.820527,0,0,1,1,0,0,m,w
1836,TEACH,1,1,0.912306,2.07463,2.10915,0,0.777526,0,0,0,0,0,0,0,1.5459,0.622498,0.781269,0,0,1,1,0,0,m,w
1837,TEACH,1,1,0.913159,1.87687,1.58442,0,0.632485,0,0,0,0,0,0,0,1.49581,1.42491,0.705673,0,0,1,1,0,0,m,w
1838,TEACH,1,1,0.917002,2.13004,1.62187,0,0,0,0.92864,0,0,0,0,0,1.06418,1.40471,0.589996,0,0,1,1,0,0,m,w
1839,TEACH,1,1,0.934074,1.99827,1.4393,0,0,0,1.00054,0,0,0,0,0,1.37326,1.69684,0.517153,0,0,0,1,0,0,m,w
1840,TEACH,1,1,0.933983,1.2393,0.987898,0,0,0,0.551867,0,0.651157,0,0,0,1.87271,2.76795,0,0,0,0,1,0,0,m,w
1841,TEACH,1,1,0.934214,1.05624,0,0,0.851584,0,0,0,0,0,0,0,1.39783,0.875686,0,0,0,0,0,0,0,m,w
5602,TEACH,1,1,0.918,1.12258,0,0,0.505102,0,0,0,0.68484,1.00429,0,0.551317,1.40219,0,0,0,0,1,1,0,1,m,w
5603,TEACH,1,1,0.921766,0.766591,0,0,0.583386,0,0,0,0,0.987985,0,0,1.53045,0,0,0,0,1,1,0,1,m,w
5604,TEACH,1,1,0.895497,0.853442,0,0,0.710459,0,0,0.596792,0,0.780206,0,0.545947,1.20394,0,0,0,0,1,1,0,1,m,w
5605,TEACH,1,1,0.920663,0.926868,0,0,0.640811,0,0,0,0.533071,1.2633,0,0.509389,1.10184,0,0,0,0,1,1,0,0,m,w
5606,TEACH,1,1,0.89128,0.632818,0.574099,0,0,0,0,0,0,1.0844,0,0.569321,1.10229,0,0,0,0,1,1,0,0,m,w
5607,TEACH,1,1,0.88515,0.641258,0,0,0,0,0,0,0,0.595884,0,0.633179,1.12936,0,0,0,0,1,1,0,1,m,w
5608,TEACH,1,1,0.883044,0.714427,0,0,0,0,0,0,0,0.50849,0.617085,0.871741,0.570392,0,0,0,0,1,1,0,1,m,w
5609,TEACH,1,1,0.85695,0,0,0,0,0,0,0,0,0.571327,0.882652,0.594758,1.06704,0,0,1,0,1,1,0,1,m,w
5610,TEACH,1,1,0.913632,0,0,1.03475,0,0,0.825182,0,0,0,0.617552,0,1.47024,1.11923,0,1,0,1,1,0,0,m,w
5611,TEACH,1,1,0.973289,0,0,1.17869,0,0,1.16807,0,0,0.500393,0,0,1.01873,1.86396,0,1,0,1,1,0,0,m,w
5612,TEACH,1,1,0.924011,0,0,1.01801,0,0,1.0553,0,0,0,0.936578,0,1.18968,1.42587,0,1,0,1,0,0,1,m,w
5613,TEACH,1,1,0.97493,0,0,1.87804,0,0,1.37385,0,0,0.63503,0.757122,0,1.47453,1.21115,0,1,0,1,0,0,0,m,w
5614,TEACH,1,1,0.975348,0,0,2.09772,0,0.511332,2.15227,0.816168,0,0.675099,0.661885,0,0.59032,2.11219,0,1,0,1,0,0,0,m,w
5615,TEACH,1,1,0.973266,0,0,2.22366,0,0.588434,2.357,0.79703,0,1.28935,0,0,0.805088,2.30051,0,1,0,0,1,0,0,m,w
5616,TEACH,1,1,0.967229,0,0,2.53261,0,0.578175,1.70078,0.796879,0,1.14994,0,0,0.628913,3.40475,0,1,0,1,1,0,0,m,w
5617,TEACH,1,1,0.91477,0,0,2.3884,0,0.711282,1.13089,0.986739,0,1.28716,0,0,0.84214,4.53467,0,1,0,0,1,0,0,m,w
5618,TEACH,1,1,0.924836,0,0,2.37855,0,0.619261,1.54069,0.971859,0,1.05342,0,0,0.672004,3.82688,0,1,0,0,1,0,0,m,w
5619,TEACH,1,1,0.965082,0,0,2.56291,0,0.676378,1.82176,0.887411,0,0.988956,0,0,0,2.13352,0,1,0,0,1,0,0,m,w
5620,TEACH,1,1,0.969283,0,0,2.50674,0,0.614578,2.0384,0.845792,0,1.10908,0,0,0.528796,1.35462,0,1,0,1,0,0,1,m,w
5621,TEACH,1,1,0.970856,0,0,2.12807,0,0.564333,1.07501,0.701021,0,1.22545,0,0,0,2.01054,0,1,0,0,0,0,1,m,w
5622,TEACH,1,1,0.96316,0,0,1.75011,0,0.620979,0.663625,0.933821,0,0.970212,0,0,0,1.48478,0,1,0,1,0,0,0,m,w
5623,TEACH,1,1,0.974324,0,0,1.75479,0,0.590171,0.822868,0.865639,0,0.976028,0,0,0,1.32547,0,1,0,0,0,0,0,m,w
5624,TEACH,1,1,0.922534,0,0,0.995023,0.776421,0.558513,0,0.900245,0,0.881112,0,0,0,0.965493,0,1,0,0,0,0,0,m,w
5625,TEACH,1,1,0.91164,0,0,1.81204,0.502299,0.767991,0.644539,1.12383,0,1.49289,0,0,0,0.637299,0,1,0,1,0,0,0,m,w
5626,TEACH,1,1,0.907951,0,0,1.69677,0.520201,0.802954,0.659731,1.26709,0,2.35661,0,0,0,0,0,1,0,1,0,0,0,m,w
5645,TEACH,1,1,0.939826,0,0,1.8092,0,0,0,0,0,0.936442,0,0,0.710388,1.33667,0,0,0,1,0,0,1,m,w
5646,TEACH,1,1,0.926766,0,0,1.12684,0.790386,0,0,0,0,1.49737,0,0,0.890011,1.85051,0,0,0,1,0,0,1,m,w
5647,TEACH,1,1,0.895999,0,0,1.02894,0,0,0,0,0,2.10081,0,0,1.76008,1.92739,0,0,0,1,0,0,0,m,w
5648,TEACH,1,1,0.905587,1.23288,0,1.24327,0,0,0,0,0,1.61382,0,0,1.81682,1.5388,0,0,0,1,0,0,0,m,w
5649,TEACH,1,1,0.771917,1.52112,0.562379,0,0,0,0,0,0,0.692703,0,0,0,2.84298,0,0,0,0,0,0,0,m,w
5650,TEACH,1,1,0.983546,0,0,2.12391,0,0.591605,1.01594,0,0,1.66536,0.868693,0,1.39785,2.89655,0,1,0,1,1,0,1,m,w
5651,TEACH,1,1,0.965661,0,0,2.4312,0,0.6042,0,0,0,1.07738,0,0,0.667398,1.97796,0,1,0,1,1,0,0,m,w
5652,TEACH,1,1,0.964595,0,0.89336,2.37079,0,0.53374,0,0,0,1.00055,0,0,1.211,1.46934,0.53943,1,0,1,1,0,0,m,w
5653,TEACH,1,1,0.978698,0,1.20637,1.99111,0,0,0,0,0,0.918781,0,0.534362,1.59803,1.62509,0.649581,1,0,1,1,0,0,m,w
5654,TEACH,1,1,0.977018,0,0.955642,2.26255,0,0,0,0,0,1.15903,0,0.616023,1.33106,1.73104,0.708408,1,0,1,1,0,0,m,w
5655,TEACH,1,1,0.964149,0,0.841164,2.25366,0,0,0,0,0,1.30625,0,0.77523,1.50552,2.30325,0.74394,1,0,1,1,0,0,m,w
5656,TEACH,1,1,0.961192,0,1.10474,2.11979,0,0,0,0,0,1.37009,0,0.886403,2.43685,1.65684,0.692334,1,0,1,1,0,0,m,w
5657,TEACH,1,1,0.961671,0,0.843616,2.25932,0,0,0,0,0,1.08711,0,0.79042,1.96653,1.51745,0.699755,1,0,1,1,0,0,m,w
5658,TEACH,1,1,0.961726,0,0.683249,2.0883,0,0,0,0,0,0.94961,0,0.748928,2.16565,1.89314,0.726329,1,0,1,1,0,0,m,w
5659,TEACH,1,1,0.959357,0,1.03746,1.83479,0,0,0,0,0,1.15334,0,0.79471,1.9454,1.46104,0.724195,1,0,1,1,0,0,m,w
6546,TEACH,1,1,0.901646,1.79,1.67185,1.19857,0,0,1.41812,0,0.742601,0,0.862658,0.63237,0,3.93258,0,0,0,1,1,0,0,m,w
6547,TEACH,1,1,0.929101,1.64788,1.30653,1.05883,0,0,1.78721,0,0,0.845502,0,0.642157,0,3.62464,0,0,0,0,1,0,1,m,w
6548,TEACH,1,1,0.920528,1.25342,1.34296,0.630935,0,0,1.8109,0,0,0.596761,0.517896,0,0,2.29734,0,0,0,0,1,0,1,m,w
6549,TEACH,1,1,0.92035,1.40253,1.08407,0.538089,0,0,1.25319,0,0,0.709977,0,0,0,2.35025,0,0,0,0,1,0,1,m,w
6550,TEACH,1,1,0.834668,1.37859,1.33864,0.59479,0,0,0.996011,0.544763,0,0.656309,0,0,0,1.28797,0,0,0,0,1,0,1,m,w
6551,TEACH,1,1,0.828935,1.13448,0.761787,0,0,0,1.27062,0.506596,0,0.716582,0,0,0,0.990839,0,0,0,0,1,0,1,m,w
6552,TEACH,1,1,0.776162,1.44223,0.845974,0,0,0,0.743888,0.598046,0,0.702141,0,0,0,0.903946,0,0,0,0,1,0,0,m,w
6553,TEACH,1,1,0.76344,1.30633,0.702725,0,0,0,0,0,0,0.578666,0,0,0,0,0,0,0,0,1,0,1,m,w
6554,TEACH,1,1,0.780291,1.25583,0.812529,0,0,0,0,0,0,0.666703,0,0,0,0,0,0,0,0,1,0,0,m,w
6555,TEACH,1,1,0.770415,1.13052,1.05552,0,0,0,0,0,0,0,0,0,0,0,0,0,0,0,1,0,0,m,w
6556,TEACH,1,1,0.75258,1.36541,1.43506,0,0,0,0,0,0,1.18308,0,0.82836,0,0,0,0,0,0,1,0,0,m,w
6557,TEACH,1,1,0.801172,1.5546,1.08873,0,0,0,0,0,0,1.085,0,0.611969,0,0,0,0,0,0,0,0,1,m,w
6566,TEACH,1,1,0.862172,1.79936,0.886364,0,0,0,0,0,0.75796,0,0.876229,0,0,0,0,0,1,0,1,0,0,m,w
6567,TEACH,1,1,0.890352,1.94973,0.994843,0,0,0,0,0,1.08782,0,0.992531,0,0,0,0,0,1,0,1,0,0,m,w
6569,TEACH,1,1,0.879647,2.15476,0.796748,0.580099,0,0,0,0,0.782529,0,0.805719,0,0,0,0,0,1,0,1,0,0,m,w
6571,TEACH,1,1,0.75038,1.77973,0,0,0,0,0,0,0,0,0,0,0,0,0,0,0,0,0,0,0,m,w
6593,TEACH,1,1,0.796985,0.80021,0,0,1.30539,0,0,0,0,0,0,0,0,0,0,0,0,0,1,0,0,m,w
6594,TEACH,1,1,0.775482,1.06083,0,0,1.1993,0,0,0,0,0,0,0,0,0,0,0,0,0,1,0,0,m,w
6595,TEACH,1,1,0.783978,1.6743,0.722268,0,1.40905,0,0,0,0,0,0,0,0,0,0,0,0,0,1,0,0,m,w
6596,TEACH,1,1,0.841701,1.34116,0.8184,0,0.643407,0,0,0,0,0,0.631452,0,0,0,0,0,0,0,1,0,0,m,w
6597,TEACH,1,1,0.884529,0.93925,0,0,1.52454,0,0,0,0,0,0.608966,0,0,0,0,0,0,0,1,0,0,m,w
6598,TEACH,1,1,0.919439,0,0,0,1.15907,0,0,0,0.769407,0,0.770394,0,1.3673,0,0,0,0,0,1,0,0,m,w
6599,TEACH,1,1,0.904307,0.511874,0,0,1.09967,0,0.531114,0,0.775601,0,1.20821,0,1.31406,0.584886,0,0,0,0,1,0,1,m,w
6600,TEACH,1,1,0.891035,0.730146,0,0,1.2869,0,0.781842,0,0.623572,0,1.06047,0,0.773386,1.36109,0,0,0,0,1,0,0,m,w
6601,TEACH,1,1,0.917202,0.90088,0,0,1.29283,0,0.781343,0,0.793084,0,1.03112,0,1.03659,0,0,0,0,0,1,0,0,m,w
6602,TEACH,1,1,0.862948,1.22028,1.12134,0,0.941997,0,0.973246,0,0.579541,0,0.92696,0.559124,0.794137,0,0,0,0,1,1,0,1,m,w
6603,TEACH,1,1,0.886851,1.59672,1.75977,0,0.692274,0,0.921543,0,0.624628,0,0.549761,0.917344,0,0,0,0,0,1,1,0,1,m,w
6604,TEACH,1,1,0.90549,1.77943,1.59308,0.549461,0.552973,0,1.43407,0,0.77581,0,0.742264,0.77096,0,0,0,0,0,1,1,0,1,m,w
6605,TEACH,1,1,0.897313,1.58977,1.89002,0,0.541075,0,1.33341,0,0.783042,0,0,0.663333,0,0,0,0,0,1,1,0,1,m,w
6606,TEACH,1,1,0.900824,1.57922,1.61599,0,0.634945,0,0.732139,0,0.583646,0,0.577733,0.562929,0,0,0,0,0,1,1,0,1,m,w
6607,TEACH,1,1,0.902204,1.52751,1.5216,0,0.757192,0,0.758903,0,0.536985,0,0.536839,0.546826,0,0,0,0,0,1,1,0,1,m,w
6608,TEACH,1,1,0.909612,1.61923,1.61103,0,0,0,1.11058,0,0,0,0.867517,0.558874,0,0,0,0,0,1,1,0,0,m,w
6609,TEACH,1,1,0.893174,1.85465,1.7388,0,0,0,1.57323,0,0.67482,0,0.928232,0.520507,0,0,0,0,0,1,1,0,0,m,w
6610,TEACH,1,1,0.901074,1.71449,1.64894,0,0,0,0.874435,0,0,0,0.680343,0.52781,0,1.4348,0,0,0,1,1,0,0,m,w
6611,TEACH,1,1,0.878428,1.96288,2.26195,0,0,0,1.31204,0,0,0,0.557513,0.617745,0,0,0,0,0,1,1,0,0,m,w
6612,TEACH,1,1,0.857149,1.73262,1.74214,0,0,0,1.74711,0,0,0.62365,0.519881,0.808575,0,0,0,0,0,1,1,0,0,m,w
6613,TEACH,1,1,0.864732,1.95435,2.37344,0,0,0,2.06859,0,0,0.617743,0,0.771499,0,0,0,0,0,0,1,0,0,m,w
6614,TEACH,1,1,0.806463,1.87556,2.13011,0,0.501308,0,2.34302,0,0,0.804038,0,0.881908,0,0,0,0,0,0,1,0,0,m,w
6615,TEACH,1,1,0.792263,1.76169,2.10518,0,0.505883,0.513029,1.72773,0.670015,0.602212,0.86909,0,0.754387,0,0,0,0,0,0,1,0,0,m,w
6616,TEACH,1,1,0.896397,1.22904,1.35414,0,0.821231,0,1.35357,0.730695,0.76291,0.820825,0.614,0.558621,0,0,0,0,0,0,1,0,0,m,w
6618,TEACH,1,1,0.729746,1.66417,1.51058,0,0.752071,0.506744,1.90886,0.902933,0.659443,0,0.654308,0.698857,0,0,0,0,0,0,1,0,0,m,w
6621,TEACH,1,1,0.79784,1.46833,1.41615,0,0.517839,0,1.7968,0.690976,0.862762,0.550662,0,0.584021,0,0,0,0,0,0,1,0,0,m,w
6622,TEACH,1,1,0.825045,1.6869,1.72063,0,0,0,2.18977,0.857055,0.554387,0,0,0.67837,0,0,0,0,0,0,1,0,1,m,w
6623,TEACH,1,1,0.826121,1.76533,1.4818,0,0.684171,0,1.71968,0.63836,0.558132,0,0.718912,0.607005,0,0,0,0,0,0,1,0,1,m,w
6624,TEACH,1,1,0.844436,1.80318,2.0024,0,0.603981,0,1.64031,0.836405,0.672101,0,0,0.662847,0,0,0,0,0,0,1,0,1,m,w
6625,TEACH,1,1,0.873731,1.62954,1.35013,0,0,0,1.3187,0.648026,0.735599,0,0.547953,0,0.516582,0,0,0,0,0,1,0,0,m,w
6626,TEACH,1,1,0.898956,1.82391,1.53263,0,1.02197,0,0.821904,0.579047,0.814346,0,0,0,0,0,0,0,0,0,1,0,0,m,w
6627,TEACH,1,1,0.907376,1.62521,1.24448,0,0.952013,0,0,0,0.880617,0,0.546969,0,0.83208,0,0,0,0,0,1,0,0,m,w
6628,TEACH,1,1,0.905729,1.55787,1.67581,0,0.755516,0,0.623971,0,0.611759,0,0.586269,0,0.924387,0,0,0,0,0,1,0,0,m,w
6629,TEACH,1,1,0.935866,1.32601,1.13511,0,0.928296,0,0.624677,0.551747,1.02933,0,0.81527,0,0.757641,0,0,0,0,1,1,0,0,m,w
6630,TEACH,1,1,0.934446,1.38791,1.40659,0,1.18717,0,0.572753,0,0.909268,0,0,0,0,0,0,0,0,1,1,0,0,m,w
6631,TEACH,1,1,0.934285,1.44757,1.48489,0,1.30977,0,0.858518,0,0.71254,0,0,0,0,0,0,0,0,1,1,0,0,m,w
6632,TEACH,1,1,0.923392,1.23195,1.29247,0,1.31801,0,0.842785,0,0.812017,0,0,0,0,0,0,0,0,1,1,0,0,m,w
6633,TEACH,1,1,0.92123,1.14476,1.48395,0,0.922997,0,1.22106,0.554893,0.949884,0,0,0,1.03936,0,0,0,0,1,1,0,0,m,w
6634,TEACH,1,1,0.908046,1.36419,2.00021,0,0,0,0.605661,0.677737,0.973464,0,0.687092,0,0.859807,0,0,0,0,1,1,0,0,m,w
6635,TEACH,1,1,0.911738,1.64459,1.51753,0,0.516059,0,1.10183,0.599067,1.04779,0,0,0,0,0,0,0,0,1,1,0,0,m,w
6675,TEACH,1,1,0.727592,1.23745,0.903425,0,0.840415,0,0.636973,0.552552,0.887682,0.501337,0,0,0,0,0,0,0,0,0,0,0,m,w
6676,TEACH,1,1,0.746736,1.23553,0.913985,0,0.75854,0,1.23179,0.571236,0.667102,0,0,0.541099,0,0,0,0,0,0,1,0,0,m,w
6677,TEACH,1,1,0.764987,1.08827,1.63149,0.672042,1.04237,0,1.78222,0.623779,0,0.631613,0.679923,0,0,0,0,0,0,0,1,0,0,m,w
6681,TEACH,1,1,0.768646,1.44224,1.29042,0.816927,0.888879,0,1.49643,0.553096,0,0,0.599548,0,0,0,0,0,0,0,1,0,1,m,w
6682,TEACH,1,1,0.773676,1.10068,2.1199,0,0.512582,0,1.31801,0.791677,0.525449,0,0,0,0,0,0,0,0,0,0,0,1,m,w
6712,TEACH,1,1,0.933366,1.64233,1.27691,0,0.545739,0,0.728982,0,0.625476,0,0.537527,0,0.934161,0,0,0,0,1,1,0,1,m,w
6713,TEACH,1,1,0.938964,1.35145,1.58929,0,0,0,0.87107,0,0,0,0,0,0.768526,2.037,0,0,0,1,1,0,0,m,w
6714,TEACH,1,1,0.942437,1.81575,1.891,0,0.646648,0,1.77043,0,0,0,0.618377,0,0,2.26838,0,0,0,0,1,0,0,m,w
6715,TEACH,1,1,0.948487,1.78587,1.86607,0,0.80381,0,1.78029,0,0,0,0.667923,0,0.776676,2.73819,0,0,0,1,1,0,0,m,w
6716,TEACH,1,1,0.936793,2.07303,2.01309,0,0.529377,0,1.99839,0,0.530565,0,0.773959,0,0.660846,2.99015,0,0,0,0,1,0,0,m,w
6717,TEACH,1,1,0.943844,1.90561,1.75973,0,0,0,1.8596,0,0.532559,0,0.593211,0,0.916845,3.02167,0,0,0,1,1,0,0,m,w
6718,TEACH,1,1,0.962473,1.75565,1.80119,0,0.752407,0,1.63183,0,0,0,0.782157,0,0.653775,2.45929,0,0,0,1,1,0,0,m,w
6719,TEACH,1,1,0.9478,1.63927,1.21815,0,0.64659,0,1.5059,0,0,0,0.543278,0,0.989477,2.66561,0,0,0,0,1,0,0,m,w
6720,TEACH,1,1,0.971307,1.53318,1.30245,0,0.882948,0,1.34411,0,0,0,0.897752,0,0.840057,2.76304,0,0,0,1,1,0,0,m,w
6721,TEACH,1,1,0.971866,1.02965,0.765374,0,0,0,1.45802,0,0,0,0.921557,0,0.863754,2.72787,0,0,0,1,1,0,0,m,w
6722,TEACH,1,1,0.970463,1.12323,0,1.06904,0.672828,0,1.48899,0,0,0,1.21333,0,0,3.02124,0,1,0,1,1,0,0,m,w
6723,TEACH,1,1,0.96623,1.06354,0,1.27063,0.661881,0,1.38742,0,0,0,1.16652,0,0.699423,2.80862,0,1,0,1,1,0,0,m,w
6724,TEACH,1,1,0.965831,0.85259,0,1.37083,0.671714,0,1.46028,0,0,0,1.00061,0,0.510048,3.34327,0,1,0,0,1,0,1,m,w
6725,TEACH,1,1,0.970088,0.522829,0,1.69407,0.52826,0,1.48789,0,0,0,0.937211,0,1.05549,3.20323,0,1,0,1,1,0,1,m,w
6726,TEACH,1,1,0.970108,0,0,1.94684,0,0,1.46514,0,0,0,0.924271,0,0.781399,3.21892,0,1,0,1,1,0,1,m,w
6727,TEACH,1,1,0.973121,0,0,1.96064,0,0,1.34256,0,0,0.508757,0,0,0.58112,2.45431,0,1,0,0,1,0,0,m,w
6728,TEACH,1,1,0.900405,0,0,1.96956,0,0,1.19561,0,0,0.565874,0.518491,0,0.690138,2.00688,0,1,0,1,1,0,0,m,w
6729,TEACH,1,1,0.898164,0,0,2.09045,0,0.516139,1.66087,0.560673,0,0.710191,0,0,0,2.74076,0,1,0,0,1,0,0,m,w
6730,TEACH,1,1,0.916988,0,0,2.03404,0,0.610205,1.46015,0.814132,0,0.876498,0,0,0,2.46381,0,1,0,0,1,0,0,m,w
6731,TEACH,1,1,0.927882,0,0,2.04207,0,0,1.66562,0.629674,0,0.788205,0.576412,0,0,2.56602,0,1,0,1,1,0,0,m,w
6732,TEACH,1,1,0.944672,0,0,1.44246,0,0,1.33396,0,0,0,0.544987,0,0,2.34015,0,1,0,1,1,0,0,m,w
6733,TEACH,1,1,0.967525,0,0,1.06699,0,0,0.857144,0,0,0,0.857867,0,0,2.49944,0,1,0,1,1,0,0,m,w
6734,TEACH,1,1,0.975501,0.719121,0,0.979406,0,0,1.14697,0,0,0,0.851437,0,0.960318,2.03225,0,0,0,1,1,0,0,m,w
6735,TEACH,1,1,0.970466,0,0,0.696857,0,0,1.18128,0,0,0,0.786216,0,0.615954,1.1801,0,1,0,1,1,0,0,m,w
6736,TEACH,1,1,0.973212,0,0,0.798512,0,0,1.19722,0,0,0.616158,0.568451,0,0,1.84849,0,0,0,1,1,0,0,m,w
6737,TEACH,1,1,0.968998,0,0,1.26805,0,0,1.32141,0,0,0.736381,0.684249,0,0,1.78338,0,1,0,1,1,0,0,m,w
6738,TEACH,1,1,0.948613,0,0,1.29755,0,0,1.51032,0,0,0.796343,0,0,0,1.85712,0,1,0,1,1,0,0,m,w
6739,TEACH,1,1,0.931439,0,0,1.59063,0,0,1.4885,0.630924,0,0.938118,0.611038,0,0,2.18958,0,1,0,1,1,0,0,m,w
6740,TEACH,1,1,0.916585,0,0,1.39321,0,0.640615,1.55049,0.947468,0,0.731702,0,0,0,2.04113,0,1,0,0,1,0,0,m,w
6741,TEACH,1,1,0.923977,0,0,1.28742,0,0.577851,1.87429,0.825411,0,0.613754,0,0,0,1.51897,0,1,0,0,1,0,0,m,w
6742,TEACH,1,1,0.922339,0,0,1.02438,0,0,1.64749,0.675203,0,0.506516,0.910981,0,0,1.22375,0,1,0,1,1,0,0,m,w
6743,TEACH,1,1,0.963709,0,0,0.939682,0,0,1.39982,0,0,0,0.663706,0,0,1.87471,0,1,0,1,1,0,0,m,w
6744,TEACH,1,1,0.96007,0,0,0.700071,0,0,1.00542,0,0,0,0.65009,0,0,1.6763,0,1,0,0,1,0,0,m,w
6745,TEACH,1,1,0.935911,0,0,0.962632,0,0,0.91871,0,0,0.597163,0.702209,0,0,1.94067,0,1,0,1,1,0,1,m,w
6746,TEACH,1,1,0.947569,0,0,0.724772,0,0,1.43207,0,0,0,0.664015,0,0,1.07532,0,1,0,1,1,0,1,m,w
6747,TEACH,1,1,0.929529,0,0,0.700214,0,0,1.01872,0,0,0,0.784258,0,0.642727,2.00824,0,1,0,1,1,0,0,m,w
6748,TEACH,1,1,0.929142,0,0,0.947934,0,0,1.13189,0,0,0.784239,0.680255,0,0.677382,1.84442,0,1,0,1,1,0,0,m,w
6749,TEACH,1,1,0.896472,0,0,1.07599,0,0,1.43616,0.633743,0,0.762797,1.07415,0,0.714713,1.18423,0,1,0,1,1,0,0,m,w
6750,TEACH,1,1,0.88955,0,0,1.46372,0,0.546236,0.900373,0.847064,0,0,0.575229,0,0.570533,2.33835,0,1,0,0,1,0,0,m,w
7338,TEACH,1,1,0.976983,0.953581,0.913441,1.0561,0,0,0.689051,0,0,0,0,0,0.772135,4.08896,0.65912,0,0,0,1,0,0,m,m
7339,TEACH,1,1,0.974926,0.597858,0.604378,0.819382,0,0,0.554181,0,0,0,0,0,0.826759,3.46089,0,0,0,0,1,0,1,m,m
7340,TEACH,1,1,0.972665,0,0.609372,0.857344,0,0,1.06037,0,0,0,0,0,1.31962,3.20796,0,0,0,0,1,0,1,m,m
7341,TEACH,1,1,0.977655,0,0.515613,0.673178,0,0,1.19008,0,0,0,0,0,1.27555,2.72352,0,0,0,1,1,0,1,m,m
7342,TEACH,1,1,0.978606,0,0.596411,0.735721,0,0,1.19796,0,0,0,0,0,1.31382,3.1203,0,0,0,1,1,0,1,m,m
7343,TEACH,1,1,0.976571,0,0,0,0,0,0.943057,0,0,0,0,0,1.56961,2.75347,0,0,0,1,1,0,1,m,m
7344,TEACH,1,1,0.973802,0,0,0,0,0,0.805924,0,0,0,0,0.553169,1.68355,2.05402,0,0,0,1,1,0,1,m,m
7345,TEACH,1,1,0.970812,0,0,0,0,0,0.758778,0,0,0,0,0.915021,1.50256,1.62016,0,0,0,1,1,0,1,m,m
7346,TEACH,1,1,0.971567,0,0,0,0,0,0.837285,0,0,0,0,0.782595,1.70154,1.61165,0,0,0,1,1,0,1,m,m
7347,TEACH,1,1,0.959899,0,0,0,0,0,1.02421,0,0,0,0,0.807278,1.93609,0,0,0,0,1,1,0,1,m,m
7348,TEACH,1,1,0.964959,0,0,0,0,0,0.986707,0,0,0,0,0.743805,1.60815,1.46212,0,0,0,1,1,0,1,m,m
7349,TEACH,1,1,0.973398,0,0,0,0,0,1.0171,0,0,0,0,0.7313,1.70582,1.31432,0,0,0,1,1,0,1,m,m
7350,TEACH,1,1,0.975543,0,0.521812,0,0,0,0.626298,0,0,0,0,0.727734,1.65237,0.734097,0,0,0,1,1,0,1,m,m
7351,TEACH,1,1,0.974259,0,0,0,0,0,0.770493,0,0,0,0,0.75778,1.74168,0.886149,0,0,0,1,1,0,1,m,m
7352,TEACH,1,1,0.975616,0,0,0,0,0,0.948583,0,0,0,0,0.629105,1.64661,1.54979,0,0,0,1,1,0,1,m,m
7353,TEACH,1,1,0.975705,0,0,0,0,0,1.13531,0,0,0,0,0.687469,1.64949,1.92901,0,0,0,1,1,0,1,m,m
7354,TEACH,1,1,0.972155,0,0.680677,0.505959,0,0,0.888018,0,0,0,0,0.567891,1.49082,2.79781,0,0,0,1,1,0,1,m,m
7355,TEACH,1,1,0.972226,0,1.18433,0,0,0,1.09922,0,0,0,0,0.548905,1.68502,3.3438,0,0,0,1,1,0,1,m,m
7356,TEACH,1,1,0.972172,0,0.735595,0,0,0,1.06612,0,0,0,0,0,1.44034,2.69791,0,0,0,1,1,0,1,m,m
7357,TEACH,1,1,0.971977,0,0.642841,0,0,0,1.0933,0,0,0,0,0.502395,1.56726,3.32056,0,0,0,1,1,0,1,m,m
7358,TEACH,1,1,0.973636,0,0.731747,0,0,0,1.44194,0,0,0,0,0,1.60654,3.15539,0,0,0,1,1,0,1,m,m
7359,TEACH,1,1,0.975601,0,0.689914,0,0,0,1.31101,0,0,0,0,0,1.58902,2.96322,0,0,0,1,1,0,1,m,m
7360,TEACH,1,1,0.980418,0.663914,0.880927,0.605157,0,0,1.58761,0,0,0,0,0,1.61264,2.84431,0,0,0,1,1,0,1,m,m
7361,TEACH,1,1,0.978081,0.69054,0,0,0,0,1.31138,0,0,0,0,0,1.74453,1.55235,0,0,0,1,1,0,1,m,m
7362,TEACH,1,1,0.97433,0.668634,0,0,0,0,1.10028,0,0,0,0,0,1.93989,1.13838,0,0,0,1,1,0,1,m,m
7363,TEACH,1,1,0.974703,0.75434,0,0,0,0,1.35402,0,0,0,0,0.555119,1.86961,1.57667,0,0,0,1,1,0,1,m,m
7364,TEACH,1,1,0.97587,0.710828,0.512216,0.904272,0,0,0.989919,0,0,0,0.546498,0.602278,1.72085,1.93504,0,0,0,1,1,0,1,m,m
7365,TEACH,1,1,0.975102,0.660307,0.630747,0,0,0,0.640014,0,0,0,0.770191,0.757649,2.05773,1.57126,0,0,0,1,1,0,1,m,m
7366,TEACH,1,1,0.974741,0.724618,0,0,0,0,0.89676,0,0,0,0.920833,0.785243,1.84124,1.92971,0,0,0,1,1,0,1,m,m
7367,TEACH,1,1,0.973688,0.718442,0.719717,0,0,0,0.707413,0,0,0,1.14832,0.911103,1.88236,2.68575,0,0,0,1,1,0,1,m,m
7368,TEACH,1,1,0.975717,0.540909,0,0,0,0,0.887189,0,0,0,1.12448,0.915539,1.90629,2.77046,0,0,0,1,1,0,1,m,m
7369,TEACH,1,1,0.976832,0.563617,0,0.76371,0,0,1.1354,0,0,0,1.18053,0.891683,2.16201,2.52222,0,0,0,1,1,0,1,m,m
7370,TEACH,1,1,0.978216,0.772574,0,0.78801,0,0,1.18147,0,0,0,1.08335,0.870086,2.01623,2.82676,0,0,0,1,1,0,1,m,m
7371,TEACH,1,1,0.980415,0.595974,0,0.650799,0,0,1.08984,0,0,0,1.11439,0.91367,2.13258,3.1017,0,0,0,1,1,0,1,m,m
7372,TEACH,1,1,0.979242,0.706848,0,0.612018,0,0,0.88498,0,0,0,1.17692,0.962681,1.94091,3.1938,0,0,0,1,1,0,1,m,m
7373,TEACH,1,1,0.976613,0.520601,0,0.602818,0,0,0.80736,0,0,0,1.15943,0.899589,1.79834,3.3182,0,0,0,1,1,0,1,m,m
7374,TEACH,1,1,0.976803,0,0,0.722213,0,0,0.786116,0,0,0,1.19626,0.931518,1.97375,3.31712,0,0,0,1,1,0,1,m,m
7375,TEACH,1,1,0.972619,0.555844,0,0,0,0,0.883124,0,0,0,1.258,0.958956,1.93001,3.15022,0,0,0,1,1,0,1,m,m
7376,TEACH,1,1,0.971703,0,0,0.534337,0,0,1.05379,0,0,0.539183,1.23519,0.796815,1.64225,3.30527,0,0,0,1,1,0,1,m,m
7377,TEACH,1,1,0.972157,0,0,0.511181,0,0,1.28633,0,0,0,1.06876,0.730907,1.36019,3.13599,0,0,0,1,1,0,0,m,m
7378,TEACH,1,1,0.972788,0,0,0,0,0,1.60656,0,0,0,1.07456,0.582937,1.02876,3.15849,0,0,0,1,1,0,1,m,m
7379,TEACH,1,1,0.972948,0,0.518149,0.598319,0,0,1.27478,0,0,0,1.07286,0,1.03414,2.81833,0,0,0,1,1,0,0,m,m
7380,TEACH,1,1,0.96903,0,0.820434,0.72997,0,0,1.46119,0,0,0,1.0478,0,0.997483,3.59767,0,0,0,1,1,0,0,m,m
7381,TEACH,1,1,0.919246,0,0,0,0,0,0,0,0,0.977117,0,0,0.991134,3.48533,0,0,0,0,1,0,0,m,m
7383,TEACH,1,1,0.843197,0.834314,0,1.04816,0,0,0,0,0,0,0,0,0.660405,2.87104,0,0,0,0,1,0,0,m,m
7384,TEACH,1,1,0.963323,0,0,1.67562,0,0,0.880768,0,0,0.698503,1.22784,0,0.50111,4.20886,0.506969,1,0,1,1,0,0,m,m
7385,TEACH,1,1,0.977709,0,0,2.24087,0,0.547218,1.47537,0,0,0,0.861114,0,0,3.98496,0,1,0,1,1,0,0,m,m
7386,TEACH,1,1,0.956282,0,0,1.82799,0,0,1.22279,0,0,0.521033,0.756186,0,0,4.46823,0.579823,0,0,1,1,0,0,m,m
7387,TEACH,1,1,0.974626,0,0,1.95704,0,0.578424,1.51161,0,0,0.768109,0,0,0,4.19492,0.72237,0,0,1,1,0,0,m,m
7388,TEACH,1,1,0.975583,0,0,1.89963,0,0.649697,1.17269,0,0,0.84028,0.6063,0,0,4.05516,0.64325,0,0,1,1,0,0,m,m
7389,TEACH,1,1,0.974962,0,0,1.72569,0,0.640333,1.69995,0,0,1.06542,0,0,0.689081,4.04702,0.687183,0,0,1,1,0,0,m,m
7390,TEACH,1,1,0.975983,0,0,1.94642,0,0.701589,1.87898,0,0,1.11515,0.640573,0,0.802689,3.80856,0.642724,1,0,1,1,0,0,m,m
7391,TEACH,1,1,0.974787,0,0,1.84956,0,0.704919,1.59987,0,0,1.05327,0,0,0.840028,3.69172,0.570046,1,0,1,1,0,0,m,m
7392,TEACH,1,1,0.966136,0,0,2.06384,0,0.668436,1.87844,0,0,0.81311,0.94914,0,0.804809,3.69822,0.585347,1,0,1,1,0,0,m,m
7393,TEACH,1,1,0.96829,0,0,2.15273,0,0.6655,1.76741,0,0,0.592062,0.544362,0,0.800294,3.9499,0.90319,1,0,1,1,0,0,m,m
7394,TEACH,1,1,0.968214,0,0,2.25835,0,0.548138,2.08021,0,0,0.683597,0,0,0.63429,4.32134,0.712759,1,0,1,1,0,0,m,m
7395,TEACH,1,1,0.974555,0,0,2.18703,0,0.587296,1.68935,0,0,0,0.737943,0,0.647091,4.18386,0,1,0,1,1,0,0,m,m
7396,TEACH,1,1,0.973523,0,0,1.97528,0,0.512553,1.9061,0,0,0,0.709401,0,0.965066,4.06158,0,1,0,1,1,0,0,m,m
7397,TEACH,1,1,0.976047,0,0,1.85864,0,0,1.91136,0,0,0.576417,0.805887,0,0.92086,3.09628,0,1,0,1,1,0,0,m,m
7398,TEACH,1,1,0.977847,0,0,1.76711,0,0,1.90607,0,0,0.562569,0.579779,0,0.848297,3.22226,0,1,0,1,1,0,0,m,m
7399,TEACH,1,1,0.983028,0,0,1.7281,0,0,1.67142,0,0,0.754406,0,0,0.91403,2.45042,0,1,0,0,1,0,0,m,m
7400,TEACH,1,1,0.983501,0,0,1.8051,0,0,1.84765,0,0,0.623919,0,0,0.919113,2.46925,0,1,0,0,1,0,0,m,m
7401,TEACH,1,1,0.985081,0,0,1.6351,0,0,1.8194,0,0,0.771927,0,0,0.963985,2.79015,0,1,0,0,1,0,0,m,m
7402,TEACH,1,1,0.985802,0,0,1.57843,0,0,1.5262,0.552423,0,0.831895,0,0,1.19413,2.15594,0,1,0,0,1,0,0,m,m
7403,TEACH,1,1,0.961777,0,0,1.57753,0,0,1.27931,0.567729,0,1.0539,0,0.504491,1.02519,2.21361,0,1,0,0,1,0,0,m,m
7404,TEACH,1,1,0.952533,0,0,1.39923,0,0,1.10089,0.589855,0,1.03272,0,0.641276,0.823544,1.07057,0,1,0,1,1,0,0,m,m
7405,TEACH,1,1,0.936145,0,0,0.860012,0,0,1.31953,0.563714,0,0.847052,0.685968,0.615038,0.638613,1.75592,0,0,0,1,1,0,0,m,m
7406,TEACH,1,1,0.92923,0,0,0.835055,0,0,1.04351,0.606397,0.501418,0.940181,0.703854,0.530877,0.627862,2.46929,0,0,0,1,1,0,0,m,m
7407,TEACH,1,1,0.907008,0,0,0.774137,0,0,1.47055,0.622886,0.594619,0.831233,0.717377,0.590002,0.55716,2.11201,0,0,0,1,1,0,0,m,m
7408,TEACH,1,1,0.937701,0,0,0.591754,0,0,1.19778,0.616551,0.709051,0.874134,0.957529,0.611534,0,1.76923,0,0,0,1,1,0,0,m,m
7409,TEACH,1,1,0.919566,0,0,0,0,0,0.748819,0.565487,0.742278,0.725233,0.819936,0,0,2.04926,0,0,0,1,1,0,0,m,m
7410,TEACH,1,1,0.917762,0,0,0,0,0,0.711845,0.584753,0.686882,0.907087,0.780399,0.55543,0,1.68837,0,0,0,1,1,0,0,m,m
7411,TEACH,1,1,0.924825,0,0,0,0,0,0.830123,0.623903,0.815033,0.884905,0.761382,0,0,1.22663,0,0,0,1,1,0,0,m,m
7412,TEACH,1,1,0.915528,0,0,0,0,0,1.11791,0.633768,0.762617,0.868782,0.787844,0,0.610021,1.22005,0,0,0,1,1,0,0,m,m
7413,TEACH,1,1,0.883666,0,0,0.55227,0,0,0.597216,0.667772,0.670279,0.857209,0.593071,0,0,1.75578,0,0,0,1,1,0,0,m,m
7414,TEACH,1,1,0.866302,0.573125,0,0.567944,0,0,1.07322,0.613862,0,0.825551,0,0,0,3.48851,0,0,0,0,1,0,0,m,m
7415,TEACH,1,1,0.863668,0.784541,0,0,0,0,0.752431,0.649662,0.550592,0.900731,0,0,0.638705,3.43142,0.529399,0,0,0,1,0,0,m,m
7416,TEACH,1,1,0.877882,0.701375,0,0,0,0,1.02587,0.666654,0.506157,0.823278,0,0,0.570248,3.04446,0.53792,0,0,0,1,0,0,m,m
7417,TEACH,1,1,0.877248,0.752167,0,0,0,0,0.723967,0.702263,0.641967,0.838323,0,0,0,3.30979,0,0,0,0,1,0,0,m,m
7418,TEACH,1,1,0.886765,0,0,0.566789,0,0,0.669864,0.688781,0.670431,0.775837,0,0,0,2.95912,0,0,0,0,1,0,0,m,m
7419,TEACH,1,1,0.900252,0,0,0,0,0,0.84282,0.742805,0.653114,0.847179,0,0,0,2.41089,0,0,0,1,1,0,0,m,m
7420,TEACH,1,1,0.897141,0,0,0.610161,0,0,1.36974,0.656194,0.563914,1.05261,0.609839,0,0,2.522,0,0,0,1,1,0,0,m,m
7421,TEACH,1,1,0.917573,0,0,0.572348,0,0,0.797711,0.739825,0.700225,1.177,0.584511,0.532966,0.511915,2.57765,0,0,0,1,1,0,0,m,m
7422,TEACH,1,1,0.930121,0,0,0.542966,0,0,0.749594,0.762478,0.815641,1.25983,0.658595,0,0,2.04142,0,0,0,1,1,0,0,m,m
