time_stamp,word,frame,success,confidence,AU01_r,AU02_r,AU04_r,AU05_r,AU06_r,AU09_r,AU10_r,AU12_r,AU14_r,AU15_r,AU17_r,AU20_r,AU25_r,AU26_r,AU04_c,AU12_c,AU15_c,AU23_c,AU28_c,AU45_c,speaker_gender,listener_gender
27336,SLEEP,1,1,0.779736,1.26425,1.31892,0,1.09291,0.783406,1.56093,0.779391,1.86984,1.51663,0,0,0,0,0,0,1,0,0,0,0,m,m
27340,SLEEP,1,1,0.775635,1.37182,0.663575,0.555032,0.620704,0,1.21437,0,0.673334,0,0,0,0,0,0,0,0,0,0,0,0,m,m
39148,SLEEP,1,1,0.990155,0,0,0,0,0,1.39551,0.718128,1.05496,0,0,0,0.826065,0,0,0,1,1,0,0,0,m,m
39149,SLEEP,1,1,0.992001,0,0,0,0,0,1.14674,0.735261,1.15069,0.645484,0,0,0.787836,0,0,0,1,1,0,0,0,m,m
39150,SLEEP,1,1,0.992883,0,0,0.576055,0,0,0.930141,0.727867,1.13122,0.879121,0,0,0.797703,0,0,0,1,1,0,0,0,m,m
14187,SLEEP,1,1,0.961541,0,0,0,0,0,0,0,0,0,0.965252,0,1.2507,0,0.509747,1,0,1,0,0,0,m,m
15070,SLEEP,1,1,0.943385,0,0,0.96318,0.695294,0,0.957866,0,0,0,0.762007,0,1.61161,0,0,1,0,1,0,0,1,m,m
15071,SLEEP,1,1,0.934055,0,0,0.880361,0,0,1.01735,0,0,0,0.896319,0,0.972889,0,0,1,0,1,0,0,1,m,m
15072,SLEEP,1,1,0.931191,0,0,0.870324,0,0,1.11444,0,0,0,1.23902,0,0.559313,0,0,1,0,1,0,0,1,m,m
15073,SLEEP,1,1,0.932227,0,0,0.903373,0,0,1.21285,0,0,0,1.29393,0,0,0,0,1,0,1,1,0,1,m,m
15074,SLEEP,1,1,0.929559,0,0,0.817165,0,0,1.04893,0,0,0,1.32175,0.530459,0,0,0,1,0,1,1,0,1,m,m
15075,SLEEP,1,1,0.920721,0,0,0.77153,0,0,1.52428,0,0,0,1.65849,0.530364,0,0,0,1,0,1,0,0,1,m,m
15076,SLEEP,1,1,0.927493,0,0,0.92645,0,0,1.24636,0,0,0,1.1809,0,0,0,0,1,0,1,0,0,1,m,m
15077,SLEEP,1,1,0.928638,0,0,0.884845,0,0,1.20798,0,0,0,1.31135,0,0,0,0,1,0,1,1,0,1,m,m
15078,SLEEP,1,1,0.93655,0,0,0.831855,0,0,1.07443,0,0,0,0.828801,0,0.553858,0.718201,0,1,0,1,1,0,1,m,m
15079,SLEEP,1,1,0.964152,0,0,0.758982,0,0,0.970128,0,0,0,1.06438,0,0,0.824917,0,1,0,1,0,0,1,m,m
15080,SLEEP,1,1,0.960798,0,0,0.987896,0,0,1.21404,0,0,0,0.967046,0,0,0.591282,0,1,0,1,0,0,1,m,m
15081,SLEEP,1,1,0.96073,0,0,0.807268,0,0,0.792389,0,0,0,1.00983,0,0,0.854952,0,1,0,1,0,0,1,m,m
15082,SLEEP,1,1,0.965297,0,0,0.967073,0,0,1.12407,0,0,0,1.17558,0,0,0.987746,0,1,0,1,0,0,1,m,m
15083,SLEEP,1,1,0.96671,0,0,0.757017,0,0,0.888367,0,0,0,0.90818,0,0,0.910255,0,1,0,1,0,0,1,m,m
15084,SLEEP,1,1,0.965561,0,0,0.768794,0,0,0.917522,0,0,0,0.580463,0,0,0.904382,0,1,0,1,0,0,1,m,m
15085,SLEEP,1,1,0.96648,0,0,0.923429,0,0,0.904646,0,0,0,0.634657,0,0,0.716442,0,1,0,1,0,0,1,m,m
15086,SLEEP,1,1,0.961685,0,0,0.730102,0,0,1.04946,0,0,0,0.579847,0,0,0.838761,0,1,0,1,0,0,1,m,m
15087,SLEEP,1,1,0.956857,0,0,0.808023,0,0,1.4661,0,0,0,0.686018,0,0,0.632205,0,1,0,1,0,0,1,m,m
15088,SLEEP,1,1,0.948647,0,0,0.814338,0,0,1.56032,0,0,0,0.624894,0,0,0.674714,0,1,0,1,0,0,1,m,m
15089,SLEEP,1,1,0.947242,0,0,0.828368,0,0,1.42313,0,0,0,1.14232,0,0,0.537211,0,1,0,1,0,0,1,m,m
15090,SLEEP,1,1,0.93582,0,0,1.04363,0,0,1.64308,0,0,0,0.988081,0.627284,0,0.562582,0,1,0,1,0,0,1,m,m
15091,SLEEP,1,1,0.934986,0,0,1.14392,0,0,2.03205,0,0,0,0.9091,0.841676,0,0.660629,0,1,0,1,0,0,1,m,m
15092,SLEEP,1,1,0.899896,0,0,0.994368,0,0,0.92671,0,0,0,0.730016,1.03516,0,0,0,1,0,1,1,0,1,m,m
15093,SLEEP,1,1,0.92466,0,0,0.636781,0,0,1.22301,0,0,0,0.538324,0.889672,0,0,0,1,0,1,0,0,1,m,m
15094,SLEEP,1,1,0.923246,0,0,0.577839,0,0,0.922561,0,0,0,0,0.820016,0,0,0,1,0,1,1,0,1,m,m
15095,SLEEP,1,1,0.869478,0,0,0,0,0,0.774532,0,0,0,1.21058,0.865743,0,0,0,1,0,1,0,0,1,m,m
15096,SLEEP,1,1,0.812439,0,0,0,0,0,0,0,0,0,1.33305,0.816166,0.758018,0,0,1,0,1,0,0,1,m,m
15097,SLEEP,1,1,0.788678,0,0,0,0,0,0.510918,0,0,0,1.3298,0.848852,0.622522,0,0,1,0,1,0,0,1,m,m
15098,SLEEP,1,1,0.898916,0,0,0,0,0,0,0,0,0,1.4593,0.555035,0,1.17032,0,1,0,1,0,0,1,m,m
15099,SLEEP,1,1,0.908501,0,0,0.559031,0,0,0.552419,0,0,0,1.07474,0.549782,0.682927,1.00565,0,1,0,1,0,0,1,m,m
15100,SLEEP,1,1,0.912058,0,0,0.757678,0,0,0.563107,0,0,0,1.19983,0,0.80975,1.2345,0,1,0,1,0,0,1,m,m
15101,SLEEP,1,1,0.916344,0,0,0.648807,0,0,0,0,0,0,1.00721,0,0.800434,0.610149,0,1,0,1,0,0,1,m,m
15102,SLEEP,1,1,0.919359,0,0,0.759559,0,0,0,0,0,0,1.35148,0,1.14809,0.802954,0,1,0,1,0,0,1,m,m
15103,SLEEP,1,1,0.910983,0,0,0,0,0,0,0,0,0,0.902884,0,1.05581,1.17809,0,1,0,1,0,0,1,m,m
15104,SLEEP,1,1,0.90503,0,0,1.03315,0,0,0.622275,0,0,0,1.26248,0,0.802167,1.00054,0,1,0,1,0,0,1,m,m
15105,SLEEP,1,1,0.900567,0,0,0.880745,0,0,1.02041,0,0,0,1.03506,0,0.717053,0.974707,0,1,0,1,0,0,1,m,m
15106,SLEEP,1,1,0.911071,0,0,0.998756,0,0,0.945132,0,0,0,1.03172,0,0,0.6486,0,1,0,1,0,0,1,m,m
15107,SLEEP,1,1,0.896747,0,0,0.859083,0,0,0.972148,0,0,0,1.3099,0,0,0.535204,0,1,0,1,0,0,1,m,m
15108,SLEEP,1,1,0.90099,0,0,0.603094,0,0,0.508919,0,0,0,1.10561,0,0,0.735887,0,1,0,1,0,0,1,m,m
15109,SLEEP,1,1,0.899322,0,0,0.656906,0,0,0.936882,0,0,0,1.27144,0.621279,0,0,0,1,0,1,0,0,1,m,m
15110,SLEEP,1,1,0.903289,0,0,0.741485,0,0,1.05792,0,0,0,1.22918,0.554398,0,0,0,1,0,1,0,0,1,m,m
15111,SLEEP,1,1,0.9063,0,0,0.705726,0,0,1.25144,0,0,0,1.1148,0.674323,0,0,0,1,0,1,0,0,1,m,m
15112,SLEEP,1,1,0.900988,0,0,0.777379,0,0,0.919388,0,0,0,1.20769,0.704063,0,0,0,1,0,1,0,0,1,m,m
15113,SLEEP,1,1,0.899724,0,0,0.844486,0,0,0.942735,0,0,0,1.29178,0.794113,0,0,0,1,0,1,0,0,1,m,m
15114,SLEEP,1,1,0.947102,0,0,0.78438,0,0,0.983584,0,0,0,1.08313,0.688752,0,0,0,1,0,1,0,0,1,m,m
15115,SLEEP,1,1,0.872005,0,0,0.820868,0,0,1.09772,0,0,0,0.998622,0.910116,0,0,0,1,0,1,0,0,1,m,m
15116,SLEEP,1,1,0.859678,0,0,0.793215,0,0,1.17305,0,0,0,1.07764,0.825177,0,0,0,1,0,1,0,0,1,m,m
15117,SLEEP,1,1,0.938531,0,0,0.758696,0,0,1.07578,0,0,0,0.931687,0.798837,0,0.751128,0,1,0,1,0,0,1,m,m
15118,SLEEP,1,1,0.848397,0,0,0.6007,0,0,0.894221,0,0,0,1.25732,0.951211,0,0.516166,0,1,0,1,0,0,1,m,m
15119,SLEEP,1,1,0.846799,0,0,0.64513,0,0,1.19103,0,0,0,1.40399,0.836804,0,0.645885,0,1,0,1,0,0,1,m,m
15120,SLEEP,1,1,0.864373,0,0,0.717307,0,0,1.29463,0,0,0,1.10603,0.941163,0.719864,0,0,1,0,1,1,0,1,m,m
15121,SLEEP,1,1,0.864451,0,0,0.716254,0,0,0.917381,0,0,0,0.712247,0.966155,0,0,0,1,0,1,1,0,1,m,m
15122,SLEEP,1,1,0.854235,0,0,0.842049,0.682857,0,1.11444,0,0,0,0.606259,1.04115,0,0,0,1,0,1,1,0,1,m,m
15123,SLEEP,1,1,0.863891,0,0,0.676318,0,0,0.632847,0,0,0,0.644793,0.941758,0,0,0,1,0,1,0,0,1,m,m
15124,SLEEP,1,1,0.845712,0,0,1.0639,0,0,1.00935,0,0,0,0.780843,0.831259,0.872169,0,0,1,0,1,0,0,1,m,m
18426,SLEEP,1,1,0.844389,0.786969,0,0,0,0,1.6058,0,0,0,0,0.536283,1.63996,0,0,1,0,1,0,0,0,m,m
18427,SLEEP,1,1,0.896878,0.64364,0.777792,0,0.550633,0,1.37006,0,0,0,0,0,0.723028,1.04235,0,1,0,0,0,0,0,m,m
18428,SLEEP,1,1,0.88587,0.527874,0.655608,0,0.799172,0,1.75964,0,0,0,0.824584,0.895282,1.79908,1.33454,0,1,0,1,0,0,0,m,m
18429,SLEEP,1,1,0.890206,0.68776,0.870637,0,0.824766,0,1.73033,0,0,0,0.568282,0.642942,1.59382,0.998349,0,1,0,1,1,0,0,m,m
18430,SLEEP,1,1,0.900127,0.605566,0.738665,0,0.737887,0,1.37657,0,0,0,0.735336,0,1.26662,0.556241,0,1,0,1,0,0,0,m,m
18431,SLEEP,1,1,0.916499,0,0,0,0.528118,0,1.10887,0,0,0,0,0,1.02444,0.541828,0,1,0,1,0,0,1,m,m
22660,SLEEP,1,1,0.931791,0.554823,1.69706,0,0,0.924615,0,1.22286,1.35311,1.2957,1.32959,0,0.910172,2.40937,0,0,1,1,1,0,0,m,m
22661,SLEEP,1,1,0.947702,1.31824,0.881217,0,0.520012,0.924635,0,1.11412,1.47009,2.42807,0,0,0.720739,1.26741,0,0,1,0,0,0,0,m,m
22662,SLEEP,1,1,0.891667,2.00152,0.915106,0,0.854687,0.645712,0,0.551834,1.15771,2.60192,0,0,1.06851,1.41389,0,0,1,0,0,0,0,m,m
22677,SLEEP,1,1,0.931066,1.34056,1.75977,0.656297,0,0,1.19579,0.548825,1.09502,1.1676,0,0,1.17162,3.15593,0.539838,0,1,1,0,0,1,m,m
22678,SLEEP,1,1,0.944143,0.881655,1.53113,0,0,0.581302,0.941567,0.629503,1.13493,1.13217,0,0,0.605314,3.10693,0,0,1,1,0,0,1,m,m
22679,SLEEP,1,1,0.946954,1.22087,1.88995,0,0,0.683759,0.878731,0.645232,1.35333,1.20453,0,0,0,2.98851,0.535612,0,1,1,0,0,1,m,m
22680,SLEEP,1,1,0.949997,0.778579,1.56332,0,0,0.685216,0.687313,0.647395,1.17655,1.29359,0,0,0,3.15943,0.540803,0,1,1,0,0,1,m,m
22681,SLEEP,1,1,0.93689,0,1.61461,0,0,0.587593,1.39097,0.573503,1.00655,1.10357,0,0,1.41253,2.67908,0.668823,0,1,1,0,0,1,m,m
22696,SLEEP,1,1,0.915445,0.737905,1.72127,0,0.597624,0.538845,0.829016,0.558932,1.19969,1.5176,0.690082,0,0,2.88097,0.522226,0,1,1,1,0,1,m,m
22697,SLEEP,1,1,0.894816,0,0.871871,0,0.612058,0.750505,0,0.918559,1.06393,0.845546,0.602501,0,0,1.5901,0,1,1,1,0,0,0,m,m
22698,SLEEP,1,1,0.847497,0,0.831307,0,0,0.570804,0,0.87493,0.628719,1.33206,0,0,0,1.47163,0,1,0,1,1,0,1,m,m
22699,SLEEP,1,1,0.893255,0,0.540262,0,0.518972,0.653634,0,1.13711,0,1.03618,0,0.574724,0,0,0,1,0,0,1,0,0,m,m
22700,SLEEP,1,1,0.921348,0,0.503766,0,0.995159,0.557024,0,0.873637,0,1.08557,0,0,0,0.591478,0,1,0,0,1,0,0,m,m
22701,SLEEP,1,1,0.94993,0,0,0,0.763349,0.612442,0,0.910458,0.639022,1.1745,0,0,0,0,0,1,0,0,1,0,0,m,m
22702,SLEEP,1,1,0.968466,0,0,0,0.547044,0.695891,0,1.06617,0.823118,1.4964,0,0,0,0,0,1,1,0,1,0,0,m,m
22703,SLEEP,1,1,0.96142,0,0,0,0,0.640384,0,1.01406,0.907644,1.25929,0,0,0,1.04262,0,1,1,0,1,0,1,m,m
22704,SLEEP,1,1,0.912887,0,0,0,0,0.632187,0,0.817054,1.10896,1.5207,0,0,0,2.61812,0,1,0,1,1,0,1,m,m
22705,SLEEP,1,1,0.808557,1.07392,1.97133,0.779781,0,0.688042,0,0.666452,0.743093,1.5118,0,0.561262,0,2.05861,0,1,0,1,0,0,1,m,m
22706,SLEEP,1,1,0.939813,0,1.33064,0,0,0.572954,0.672357,0.721421,0.955049,1.37687,1.56296,0,0,1.14297,0,1,0,1,1,0,1,m,m
22707,SLEEP,1,1,0.83413,1.11898,2.22245,0,0,0.540882,0.62489,0,0.841226,1.70382,1.00057,0.713437,0,1.03174,0,1,0,1,1,0,0,m,m
22708,SLEEP,1,1,0.89084,1.1631,1.72229,0,0.784872,0.689324,0,0.932047,1.37025,1.55289,0,0,0.870291,1.97394,0,0,1,0,1,0,0,m,m
22709,SLEEP,1,1,0.923452,0.624997,0.849784,0,0,0,0,0,0.671005,1.48803,0,0,1.2563,1.27736,0.513716,0,0,1,1,0,0,m,m
28911,SLEEP,1,1,0.729111,0.918041,0.907637,0,0,0,2.11764,0,0.9847,1.56814,0,0,1.63315,1.15737,0,0,0,0,0,0,0,m,m
28912,SLEEP,1,1,0.770493,0,0,0,0,0,1.96222,0,1.54547,0,0,0,2.0714,1.54305,0,0,1,0,1,0,0,m,m
28913,SLEEP,1,1,0.770329,0.640359,0,0,0.521053,0,1.20375,0.608444,0.770672,0,0,0.621549,2.41767,3.18344,0,0,1,1,1,1,0,m,m
28914,SLEEP,1,1,0.846321,0,0,0,0.742685,0,0,0,0.627222,0.730201,0,0,2.51702,1.13486,0,0,0,1,0,0,0,m,m
28915,SLEEP,1,1,0.885942,0,0,0,0.835451,0,0,0.536114,0.795009,0.667079,0,0.52808,1.64948,1.50272,0,0,1,1,0,0,0,m,m
28916,SLEEP,1,1,0.921798,0.50618,0,0,0,0,0,0,0.946183,1.23789,0,0.512291,1.94028,1.26255,0,0,1,1,0,0,0,m,m
28917,SLEEP,1,1,0.936834,0,0,0,0,0,0.501349,0.596735,0.979964,1.37515,0,0,1.99661,1.96535,0,0,0,1,0,0,1,m,m
28918,SLEEP,1,1,0.919286,0,0.596971,1.35682,0,0,0.829307,0,0.52845,1.41236,0,0,2.14771,1.58215,0,1,0,1,0,0,1,m,m
28919,SLEEP,1,1,0.812287,0,0.857214,1.11466,0,0,0,0,0,1.04568,0.829866,0,0.847456,0.630855,0,1,0,0,0,0,1,m,m
28920,SLEEP,1,1,0.940695,0,0,0,0,0,1.29127,0.563732,0,1.423,0,0,2.32151,0.865125,0.683257,1,0,1,0,0,0,m,m
29468,SLEEP,1,1,0.884429,0,0,0.551796,0,0,0.522863,0,0,0,0,0,1.17876,0,0,1,0,1,1,0,0,m,m
29469,SLEEP,1,1,0.889969,0,0,0.640304,0,0,0,0,0,0,0,0,1.37741,0.808955,0,1,0,1,1,0,0,m,m
29470,SLEEP,1,1,0.904998,0,0,0.648568,0,0,0.797992,0,0,0,0,0,1.50662,1.03693,0.511044,1,0,1,1,0,0,m,m
31041,SLEEP,1,1,0.906382,0,0,1.2044,0,0,0,0,0,0,0,0,0,0.567587,0.629088,1,0,1,0,1,1,m,m
31042,SLEEP,1,1,0.887028,0,0,0.994052,0,0,0,0,0,0,0,0,0,0.80642,0.703635,1,0,1,0,1,1,m,m
31043,SLEEP,1,1,0.880772,0,0,1.04811,0,0,0,0,0,0,0,0,0,0,0.566008,1,0,1,1,1,1,m,m
31044,SLEEP,1,1,0.879345,0.579194,0,0.792819,0,0,0,0,0,0,0.574707,0.510119,0,0,0.539551,1,0,1,1,1,1,m,m
31045,SLEEP,1,1,0.889419,0.899829,0,0,0,0,0,0,0,0,0,0.557122,0,0,0.508252,1,0,1,1,1,1,m,m
31046,SLEEP,1,1,0.909179,1.32864,0.693068,0,0,0,0,0,0,0,0,0,0,0,0,1,0,1,1,1,1,m,m
31047,SLEEP,1,1,0.855695,1.51317,0.833603,0.613075,0.511197,0,0,0,0,0,0,0.680029,0.891849,0,0,1,0,1,1,1,1,m,m
31048,SLEEP,1,1,0.849015,0.879382,0,1.15603,0,0,0.545677,0,0,0,0,0,0.762289,0,0,1,0,1,1,0,1,m,m
31049,SLEEP,1,1,0.90179,0.508554,0.858613,0.757444,0,0,0.788629,0,0,0,0.866581,0,0,1.58573,0.59806,1,0,0,1,0,1,m,m
31050,SLEEP,1,1,0.829111,0.67295,1.63714,0.884197,0,0,0,0,0,0,0.542988,0.678179,0,0,0,1,0,1,1,1,1,m,m
31051,SLEEP,1,1,0.864134,1.10027,0.80679,0.985272,0,0,0,0,0,0,1.33013,0,0,1.89469,0.853628,1,0,1,0,0,1,m,m
31052,SLEEP,1,1,0.802747,1.64485,0.831161,1.64244,0,0,0,0,0,0,1.1214,0,0.587374,1.40382,1.14299,1,0,1,0,0,1,m,m
31053,SLEEP,1,1,0.794732,1.51533,0,1.6214,0,0,0,0,0,0,0.722021,0,0,1.31337,1.09908,1,0,1,0,0,1,m,m
31054,SLEEP,1,1,0.821316,1.25363,0,1.44562,0,0,0,0,0,0,1.10996,0,0,1.48159,1.1176,1,0,0,0,0,1,m,m
31813,SLEEP,1,1,0.854321,1.33922,0,1.87398,0,0,0,0,0,0.525054,0,0.710784,1.46094,0.982524,0,1,0,1,1,0,1,m,m
31815,SLEEP,1,1,0.854769,1.5658,1.44996,0.570803,0.948433,0,0,0,0,0,0,0,2.45619,0,0,1,0,0,1,0,1,m,m
31816,SLEEP,1,1,0.860682,1.35174,1.60346,0,0,0.557264,0,0.722931,0.818586,1.76572,0,0,1.41135,1.5553,0,1,0,1,0,0,0,m,m
31819,SLEEP,1,1,0.773314,0,2.98909,1.73714,1.40583,0.95247,0,0.736058,1.91065,2.03733,1.14786,0,0,0,0,1,1,1,0,0,0,m,m
31820,SLEEP,1,1,0.803225,0,2.83563,1.76383,0.854848,0.845438,0,0.50269,1.73657,1.81265,0.951359,0,0,0,0,1,1,1,0,0,0,m,m
31821,SLEEP,1,1,0.745959,0,2.62983,1.71325,0.94325,0.882061,0,0.597172,1.77945,1.83662,0.715616,0,0,0,0,1,1,1,0,0,0,m,m
31835,SLEEP,1,1,0.812487,0.999187,1.44021,1.56999,0.926429,0.695442,0,0.79928,1.03739,1.51221,1.07298,0,0,1.09295,0,1,0,1,1,0,0,m,m
31837,SLEEP,1,1,0.73958,0,1.40104,0,0,0.746603,0,0.948107,0.617606,1.36443,1.41638,0,0,0.504415,0,1,0,0,1,0,0,m,m
31838,SLEEP,1,1,0.799742,0,1.57923,0,0.551879,0,0.588565,0.73409,0,0.774339,1.31356,0,0.903927,0,0,1,0,1,1,0,0,m,m
31839,SLEEP,1,1,0.911388,0,1.6543,0,0,0.824069,0,1.31095,1.07996,1.11116,0,0.53481,0.658533,1.75334,0,1,0,0,1,0,0,m,m
31840,SLEEP,1,1,0.810968,0,1.19482,0,0.554004,0.807336,0,1.29893,1.14793,1.33578,0,0,1.1713,1.88264,0,1,1,0,1,0,0,m,m
31841,SLEEP,1,1,0.926898,0,2.11558,0,0,0.551107,0,1.02627,0.637789,0.900968,0,0,1.4558,2.85407,0,1,0,0,0,0,0,m,m
31842,SLEEP,1,1,0.863995,0,1.66667,1.58773,0,0,0.687553,0.865062,0,0,0,0,2.49068,1.15543,0,1,0,1,1,0,1,m,m
31843,SLEEP,1,1,0.823344,0.648713,1.83753,1.99385,0,0,0.636107,0.643866,0,0,0,0,2.79616,0,0,1,0,1,1,0,1,m,m
31844,SLEEP,1,1,0.749941,0.917427,1.54496,1.50155,0,0,0,0.581637,0,0,0,0,3.03099,0,0,1,0,1,1,0,1,m,m
31845,SLEEP,1,1,0.878035,0.523437,0,0.634787,0.800177,0,0,0,0,0,0.856346,0.735282,1.35763,0.569873,0,1,0,1,0,0,0,m,m
31847,SLEEP,1,1,0.838279,0.665594,0,0.933941,0,0,1.7395,0,0,0,0,1.38794,3.38215,0,0,1,0,1,1,0,0,m,m
31848,SLEEP,1,1,0.742158,0,0,1.46351,0,0,0.951987,0,0,0,0.778148,1.20465,3.52938,1.55565,0.530216,1,0,1,1,0,1,m,m
32370,SLEEP,1,1,0.943699,0,0,0,0,0.608648,0.788521,0.714485,1.10266,1.23587,0.6954,0,0.64125,0,0,0,1,1,0,0,1,m,m
32411,SLEEP,1,1,0.854404,0.974243,1.66374,0,0,0.549011,0,0.938021,0.792971,1.14514,0.627825,0,0.590355,2.10365,0,1,1,1,1,0,1,m,m
32412,SLEEP,1,1,0.888856,0.801913,1.66852,0,0,0.60278,0,0.890657,1.1656,1.67755,0.901046,0,0,2.50025,0,1,1,1,1,0,0,m,m
32413,SLEEP,1,1,0.911751,1.07414,2.06576,0,0,0.639291,0,0.934657,1.24043,1.6029,0.890731,0,0.85235,2.78616,0,1,1,0,1,0,0,m,m
32414,SLEEP,1,1,0.909804,1.20373,2.11927,0,0.707823,0.576616,0,0.931088,1.34486,1.56532,0,0,1.08641,2.79105,0,1,1,0,1,0,0,m,m
32415,SLEEP,1,1,0.83955,1.16587,2.23915,0,0,0.559475,0,0.85676,1.34973,1.41056,0,0,1.29478,2.20983,0,1,1,0,1,0,0,m,m
32416,SLEEP,1,1,0.836833,1.01815,2.29401,0,0.652617,0,0,0.552754,1.31637,1.65329,0,0,1.65067,2.10348,0,1,0,1,1,0,0,m,m
32417,SLEEP,1,1,0.787689,1.09669,2.12402,0,0.930106,0,0,0.564446,1.26146,1.4821,0,0,2.1213,2.0513,0,1,0,1,1,0,0,m,m
32418,SLEEP,1,1,0.75794,1.28535,2.50135,0,0.905057,0,0,0.55138,1.2499,1.3953,0,0,2.07375,2.4571,0,1,0,1,1,0,0,m,m
32419,SLEEP,1,1,0.921975,0.654575,0.605369,0,0,0.632602,0,0.846211,1.43581,1.8434,0.880773,0,0,2.44761,0,1,1,0,1,0,0,m,m
32424,SLEEP,1,1,0.91561,2.03987,1.84269,0,0.770469,0.798866,0,0.784077,1.70821,0,0,0,0,2.19429,0,1,1,0,1,0,0,m,m
32425,SLEEP,1,1,0.855562,1.73486,1.53913,0,0,0,0,0,1.50172,0,0,0,0,1.41554,0,0,0,1,1,0,0,m,m
18222,SLEEP,1,1,0.966559,1.13833,0,0,1.74398,0,0,0,0,0,1.09775,0,0,1.09924,0,0,0,0,1,0,0,w,m
18223,SLEEP,1,1,0.962607,1.07448,0,0,1.44672,0,0,0,0,0,1.0598,0,0,1.04652,0,0,0,0,1,0,0,w,m
18224,SLEEP,1,1,0.962143,1.18058,0,0,1.63221,0,0,0,0,0,1.03975,0,0,0.749642,0,0,0,0,1,0,0,w,m
18225,SLEEP,1,1,0.964166,1.10079,0,0,1.34802,0,0,0,0,0,1.00737,0,0,0.914825,0,0,0,0,1,0,0,w,m
18226,SLEEP,1,1,0.963953,1.19186,0,0,1.14738,0,0,0,0,0,1.00428,0,0,0.849396,0,0,0,0,1,0,0,w,m
18227,SLEEP,1,1,0.964277,1.07,0,0,1.23167,0,0,0,0,0,1.03672,0,0,1.35322,0,0,0,0,1,0,0,w,m
18228,SLEEP,1,1,0.964776,1.22831,0,0,1.32081,0,0,0,0,0,1.15513,0,0,0.982355,0,0,0,0,1,0,0,w,m
18229,SLEEP,1,1,0.964688,1.13965,0,0,1.16305,0,0,0,0,0,1.08815,0,0,1.86831,0,0,0,0,1,0,0,w,m
18230,SLEEP,1,1,0.958982,1.2007,0,0,1.24994,0,0,0,0,0,1.47995,0,0,1.79121,0,0,0,0,1,0,0,w,m
18231,SLEEP,1,1,0.965508,1.51872,0,0,1.80467,0,0,0,0,0,1.19727,0,0,1.21719,0,0,0,0,1,0,0,w,m
18232,SLEEP,1,1,0.964755,1.28243,0.556514,0,1.95478,0,0,0,0,0,1.26715,0,0,0.853737,0,0,0,0,1,0,0,w,m
18233,SLEEP,1,1,0.964336,0.990053,0,0,1.8395,0,0,0,0,0,0.933303,0.566844,0,0.627656,0,0,0,0,1,0,0,w,m
18234,SLEEP,1,1,0.96378,1.24474,0.643581,0,1.28477,0,0,0,0,0,0.91814,0,0,1.36425,0,0,0,0,1,0,0,w,m
18235,SLEEP,1,1,0.958697,1.1971,0,0,1.57235,0,0,0,0,0,1.16729,0,0,0.875738,0,0,0,0,1,0,0,w,m
18236,SLEEP,1,1,0.967455,0.889222,0.542142,0,1.54225,0,0,0,0,0,1.24302,0,0,0.86551,0,0,0,0,1,0,0,w,m
18237,SLEEP,1,1,0.964285,0.992974,0,0,1.17452,0,0,0,0,0,1.18354,0,0,1.086,0,0,0,0,1,0,0,w,m
18238,SLEEP,1,1,0.959087,0.812629,0,0,1.14556,0,0,0,0,0,0.900951,0,0,0.848481,0,0,0,0,1,0,0,w,m
18239,SLEEP,1,1,0.95784,0.923936,0,0,1.2922,0,0,0,0,0,1.11094,0,0,0.980087,0,0,0,0,1,0,0,w,m
18240,SLEEP,1,1,0.960865,1.03106,0,0,1.73443,0,0,0,0,0,1.25207,0,0,0.958955,0,0,0,0,1,0,0,w,m
18241,SLEEP,1,1,0.961672,0.885365,0,0,1.4033,0,0,0,0,0,1.09494,0,0,0.772319,0.518289,0,0,0,1,0,0,w,m
18242,SLEEP,1,1,0.959991,1.07995,0,0,1.34012,0,0,0,0,0,0.942809,0,0,1.44085,0,0,0,0,1,0,0,w,m
18243,SLEEP,1,1,0.960955,1.00449,0,0,1.38941,0,0,0,0,0,0.876527,0,0,1.22089,0,0,0,0,1,0,0,w,m
18244,SLEEP,1,1,0.961431,0.797414,0,0,1.3484,0,0,0,0,0,1.39436,0,0,0.620404,0,0,0,0,1,0,0,w,m
18245,SLEEP,1,1,0.958336,1.38262,0,0,1.71717,0,0,0,0,0,1.03759,0,0,0,0,0,0,0,1,0,0,w,m
18246,SLEEP,1,1,0.958236,1.18653,0,0,1.79101,0,0,0,0,0,1.19428,0,0,0.549072,0,0,0,0,1,0,0,w,m
18247,SLEEP,1,1,0.960986,0.941126,0,0,1.54337,0,0,0,0,0,1.1814,0,0,0.630289,0,0,0,0,1,0,0,w,m
18248,SLEEP,1,1,0.961108,1.14497,0,0,1.5674,0,0,0,0,0,1.12939,0,0,0,0,0,0,0,1,0,0,w,m
18249,SLEEP,1,1,0.961859,0.933622,0,0,1.42553,0,0,0,0,0,1.34602,0,0,0,0,0,0,0,1,0,0,w,m
18250,SLEEP,1,1,0.963702,0.845519,0,0,1.30297,0,0,0,0,0,1.13447,0,0,0,0,0,0,0,1,0,0,w,m
18251,SLEEP,1,1,0.967453,0.973846,0,0,1.47249,0,0,0,0,0,1.11622,0,0,0.512982,0,0,0,0,1,0,0,w,m
18252,SLEEP,1,1,0.966765,0.94184,0,0,1.53573,0,0,0,0,0,1.12644,0,0,0.834832,0,0,0,0,1,0,0,w,m
18253,SLEEP,1,1,0.953498,1.13279,0,0,1.63945,0,0,0,0,0,0.918476,0,0,0,0,0,0,0,1,0,0,w,m
18254,SLEEP,1,1,0.962416,1.0395,0,0,1.18979,0,0,0,0,0,1.21964,0,0,0.717703,0,0,0,0,1,0,0,w,m
18255,SLEEP,1,1,0.956934,1.16416,0,0,1.4936,0,0,0,0,0,0.856411,0.568893,0,0.76676,0,0,0,0,1,0,0,w,m
18256,SLEEP,1,1,0.962556,0.814641,0.785931,0,1.04461,0,0,0,0,0,1.1196,0.647496,0,0.518752,0,0,0,0,1,0,1,w,m
18257,SLEEP,1,1,0.957612,1.13145,0.91586,0,1.23979,0,0,0,0,0,0.910737,0.658681,0,0,0,0,0,0,1,0,1,w,m
18258,SLEEP,1,1,0.955254,1.04297,0.907066,0,1.2235,0,0,0,0,0,0.72964,0,0,0,0,0,0,0,1,0,1,w,m
18259,SLEEP,1,1,0.95467,0.774309,0.706866,0,1.42095,0,0,0,0,0,1.15051,0,0,0,0,0,0,0,1,0,1,w,m
18260,SLEEP,1,1,0.951077,0.935341,0.730822,0,1.12022,0,0,0,0,0,1.2046,0,0,0,0,0,0,0,1,0,0,w,m
18261,SLEEP,1,1,0.950965,0.850124,0.71038,0,1.15106,0,0,0,0,0,1.33215,0,0,0,0,0,0,0,1,0,1,w,m
18262,SLEEP,1,1,0.953961,0.935134,0.710762,0,1.34013,0,0,0,0,0,1.26843,0,0,0,0,0,0,0,1,0,1,w,m
18263,SLEEP,1,1,0.955608,1.05417,0.740257,0,1.36401,0,0,0,0,0,1.31883,0,0,0,0,0,0,0,1,0,1,w,m
18264,SLEEP,1,1,0.951622,0.776157,0.648256,0,1.28683,0,0,0,0,0,1.3702,0,0,0.549678,0,0,0,0,1,0,1,w,m
18265,SLEEP,1,1,0.954342,0.945846,0.638952,0,1.36208,0,0,0,0,0,1.13721,0,0,0.904212,0,0,0,0,1,0,1,w,m
18266,SLEEP,1,1,0.953149,0.950576,0.528425,0,1.27139,0,0,0,0,0,1.08238,0,0,0.554898,0,0,0,0,1,0,1,w,m
18267,SLEEP,1,1,0.950286,0.90917,0.65247,0,1.24749,0,0,0,0,0,1.11217,0,0,0.749246,0,0,0,0,1,0,1,w,m
18268,SLEEP,1,1,0.947199,0.85642,0.500693,0,1.22411,0,0,0,0,0,1.2277,0,0,0.766085,0,0,0,0,1,0,1,w,m
18269,SLEEP,1,1,0.946684,1.00954,0,0,1.158,0,0,0,0,0,1.09276,0,0,0.79453,0,0,0,0,1,0,1,w,m
18270,SLEEP,1,1,0.949679,1.09212,0.569699,0,1.03023,0,0,0,0,0,1.22473,0,0,0.754813,0,0,0,0,1,0,1,w,m
18271,SLEEP,1,1,0.949607,0.88588,0.518853,0,1.10749,0,0,0,0,0,1.04097,0,0,1.00397,0,0,0,0,1,0,1,w,m
18272,SLEEP,1,1,0.948675,0.869003,0.725626,0,1.11082,0,0,0,0,0,1.1915,0,0,0.532633,0,0,0,0,1,0,1,w,m
18273,SLEEP,1,1,0.946947,0.70067,0,0,1.32361,0,0,0,0,0,1.275,0,0,0,0,0,0,0,1,0,1,w,m
18274,SLEEP,1,1,0.946465,0.824515,0,0,1.49803,0,0,0,0,0,1.13899,0,0,0,0,0,0,0,1,0,1,w,m
18275,SLEEP,1,1,0.944096,0.69469,0,0,0.850774,0,0,0,0,0,0.967953,0,0,0,0,0,0,0,1,0,1,w,m
18276,SLEEP,1,1,0.931595,0.818932,0,0,0.80689,0,0,0,0,0,1.06671,0,0,0,0,0,0,0,1,0,1,w,m
18277,SLEEP,1,1,0.859871,0.903893,2.25193,0,1.30978,0,1.11663,0,0,0,0,0,0,0,0,0,0,0,1,1,0,w,m
18286,SLEEP,1,1,0.755063,0,0.983809,0,0,0,0,0,0,0,1.17089,0,0,2.91552,0,0,0,0,1,1,0,w,m
18287,SLEEP,1,1,0.874673,0,0.900603,0,0.707512,0,0,0,0.743282,0,0,0,0,1.17415,0,0,0,0,1,0,0,w,m
18288,SLEEP,1,1,0.915601,0,0,0,0.759555,0,0,0,0.74836,0,1.49114,0,0,1.88522,0,0,0,0,1,0,0,w,m
18289,SLEEP,1,1,0.93994,0,0,0,0.557207,0,1.29583,0,0,0,1.92771,0,0,3.21817,0,0,0,1,1,0,1,w,m
18290,SLEEP,1,1,0.940599,0.641148,0,0,0.539237,0,1.17352,0,0,0,1.78534,0,0.653079,2.25528,0,0,0,1,1,0,1,w,m
18291,SLEEP,1,1,0.953891,0.603136,0,0,0.657112,0,1.30802,0,0,0,1.67472,0,0.90986,2.46741,0,0,0,1,1,0,1,w,m
18292,SLEEP,1,1,0.949205,0.722943,0,0,0.535098,0,1.00597,0,0,0,1.44803,0,0.963488,2.38176,0,0,0,1,1,0,1,w,m
18293,SLEEP,1,1,0.946502,0.64681,0,0,0.649719,0,0.812684,0,0,0,1.91047,0,0.844146,1.53047,0,0,0,1,1,0,1,w,m
18294,SLEEP,1,1,0.949639,0.717337,0,0.832836,0.701396,0,1.24547,0,0,0,1.90727,0,0.549202,1.92999,0,0,0,1,1,0,1,w,m
18295,SLEEP,1,1,0.946899,0.852515,0,0,0.677651,0,1.19297,0,0,0,2.06023,0,1.02095,2.14879,0,0,0,1,1,0,1,w,m
18296,SLEEP,1,1,0.941753,0.772929,0,0.549457,0.824351,0,1.38797,0,0,0,1.83231,0,0.89543,1.9884,0,0,0,1,1,0,1,w,m
18297,SLEEP,1,1,0.941764,0.963459,0,0,0.786234,0,0.610255,0,0,0,1.79074,0,0.936675,2.64948,0,0,0,1,1,0,1,w,m
18298,SLEEP,1,1,0.948469,0.900614,0,0,0.63096,0,0.878504,0,0,0,1.95273,0,0.722168,1.83059,0,0,0,1,1,0,1,w,m
18299,SLEEP,1,1,0.942964,0.966004,0,0.647672,0.615576,0,0.706503,0,0,0,1.83855,0,1.04754,2.09926,0,0,0,1,1,0,1,w,m
18300,SLEEP,1,1,0.94517,1.0041,0,0.597904,0.616292,0,0.941311,0,0,0,1.85453,0,1.0757,2.28011,0,0,0,1,1,0,1,w,m
18301,SLEEP,1,1,0.949047,1.12722,0,0.772731,0.699034,0,1.02035,0,0,0,1.84369,0,1.00113,1.84107,0,0,0,1,1,0,1,w,m
18302,SLEEP,1,1,0.944432,0.811351,0,1.33216,0.5017,0,0.933742,0,0,0,2.05353,0,0.900048,2.05118,0,0,0,1,1,0,1,w,m
18303,SLEEP,1,1,0.945194,1.03259,0,0.776159,0.675027,0,1.19898,0,0,0,1.74119,0,1.06972,2.43743,0,0,0,1,1,0,1,w,m
18304,SLEEP,1,1,0.954669,0.894441,0,0.672225,0,0,0.735101,0,0,0,1.97988,0,0.94037,2.27999,0,0,0,1,1,0,1,w,m
18305,SLEEP,1,1,0.941085,1.0537,0,1.37948,0,0,0.917048,0,0,0,1.95222,0,0,2.22753,0,0,0,1,1,0,1,w,m
18306,SLEEP,1,1,0.943244,1.06337,0,0.778728,0,0,0.973008,0,0,0,2.05032,0,0.917992,2.71885,0,0,0,1,1,0,1,w,m
18307,SLEEP,1,1,0.944518,0.990678,0.743331,1.125,0,0,1.18278,0,0,0,1.86128,0,0,2.1725,0,0,0,1,1,0,1,w,m
18308,SLEEP,1,1,0.947048,0.94527,0,0.540764,0,0,0.677463,0,0,0,1.9556,0.50122,0.905318,2.63583,0,0,0,1,1,0,0,w,m
18309,SLEEP,1,1,0.946711,0.91502,0.613613,0.774906,0,0,0.737115,0,0,0,1.80568,0,0.834798,2.17456,0,0,0,1,1,0,1,w,m
18310,SLEEP,1,1,0.947889,0.986249,0.599559,0.683387,0,0,0.542789,0,0,0,1.8608,0,0.804191,2.07508,0,0,0,1,1,0,1,w,m
18311,SLEEP,1,1,0.947159,0.88418,0,0.637629,0,0,0.810604,0,0,0,1.85504,0,1.03582,2.08235,0,0,0,1,1,0,1,w,m
18312,SLEEP,1,1,0.946726,0,0,0,0,0,0,0,0,0,1.7356,0,1.1297,2.48164,0.521232,0,0,1,1,0,0,w,m
18313,SLEEP,1,1,0.961841,0.693041,0.749487,0.806198,0,0,0.855839,0,0,0,1.82535,0.537879,0.649467,1.97111,0,0,0,1,1,0,0,w,m
18314,SLEEP,1,1,0.960329,0.570737,0,0,0,0,0.881203,0,0,0,1.89718,0,0.662837,1.807,0,0,0,1,1,0,0,w,m
18315,SLEEP,1,1,0.959934,0,0.571629,0,0,0,1.19762,0,0,0,1.80025,0,0.651066,1.74534,0,0,0,1,1,0,0,w,m
18316,SLEEP,1,1,0.959384,0.684948,0.82296,0.571009,0,0,0.997109,0,0,0,1.9397,0,0.843902,2.18096,0,0,0,0,1,0,0,w,m
18317,SLEEP,1,1,0.957151,0.635485,0.926635,0,0,0,1.13266,0,0,0,1.72942,0,1.10316,2.10108,0,0,0,1,1,0,0,w,m
18318,SLEEP,1,1,0.957809,0.621281,0.838034,0,0,0,1.3745,0,0,0,1.6716,0,0.776888,2.10452,0,0,0,1,1,0,0,w,m
18319,SLEEP,1,1,0.956267,0,0.659936,0,0,0,1.02379,0,0,0,1.89354,0,0.980217,2.0745,0,0,0,0,1,0,0,w,m
18320,SLEEP,1,1,0.955503,0.627762,0.542461,0.561172,0,0,1.14373,0,0,0,1.68352,0,0,2.32393,0,0,0,0,1,0,0,w,m
18321,SLEEP,1,1,0.963836,0,0,0,0,0,0.823385,0,0,0,1.54809,0,1.01614,1.62986,0,0,0,1,1,0,0,w,m
18322,SLEEP,1,1,0.966041,0,0,0,0,0,0.937817,0,0,0,1.47489,0.666193,0.71408,1.58266,0,0,0,1,1,0,0,w,m
18323,SLEEP,1,1,0.9538,0,0,0.633387,0,0,0.666328,0,0,0.620278,1.53742,0.84404,0.694366,1.92026,0,0,0,1,1,0,0,w,m
18324,SLEEP,1,1,0.95041,0,0,0,0,0,0,0,0,0.868648,1.4661,0.779601,0,1.70942,0,0,0,1,1,0,0,w,m
18325,SLEEP,1,1,0.867759,0,0,0,0,0,0,0,0,0.960443,1.16664,0.557145,0,0,0,0,0,1,1,0,0,w,m
18326,SLEEP,1,1,0.877412,0,0,0,0,0,0,0.786456,0.637298,1.17982,1.27051,0,0,0,0,0,0,1,1,0,1,w,m
18327,SLEEP,1,1,0.86638,0,0,0,0,0,0,0.812674,0.612546,1.17864,0.831379,0,0,0,0,0,0,0,1,0,1,w,m
18372,SLEEP,1,1,0.742131,0,1.8386,0,1.5788,0,0.509965,0,0.824453,0.942277,0,0,0,1.75128,0,0,0,0,0,1,0,w,m
18373,SLEEP,1,1,0.748291,1.93558,1.65163,2.42866,0,0.586081,1.14763,0,0,0,0,0.854528,2.01523,0,0,1,0,0,0,1,0,w,m
18374,SLEEP,1,1,0.882905,1.63732,1.43597,1.84728,0,0.939561,0.948806,0.615802,0.757902,0,0,1.14066,2.79145,0,0,1,0,1,1,1,0,w,m
18375,SLEEP,1,1,0.800569,0.982095,0,1.31055,0,1.07358,0.807473,0.723149,1.20896,0.969502,0.527516,1.04593,2.58323,0,0,1,0,1,0,1,1,w,m
18376,SLEEP,1,1,0.776713,0,0,0,1.07757,1.16989,0,1.21926,1.78116,1.6961,0,1.06732,1.74446,0,0,0,1,0,1,1,1,w,m
18377,SLEEP,1,1,0.938712,0.780156,0,1.6984,0,0,1.02958,0,0,0,0,0,1.39231,0,0.513412,1,0,0,1,0,1,w,m
18378,SLEEP,1,1,0.873869,0,0,0,0,0.929121,1.59371,0.773646,0,0,0,0,2.21328,0,0.569304,0,0,0,1,0,1,w,m
18379,SLEEP,1,1,0.950368,0,0,1.84844,0,0.526259,1.73846,0,0,0,0,0,0.508949,0,0,0,0,0,1,0,1,w,m
18380,SLEEP,1,1,0.952975,0,0,1.39004,0,0.574798,2.50187,0.685013,0,0,0,0,0.513057,1.0535,0,1,0,0,1,0,1,w,m
18381,SLEEP,1,1,0.929275,0,0,0.651418,0,0,1.75642,0.582121,0.693888,0,0,0,0,2.52313,0,0,0,0,1,0,1,w,m
18382,SLEEP,1,1,0.911928,0,0,0,0,0.514448,1.02347,0.742163,0.858765,0,0,0,0,3.02107,0,0,0,0,1,0,1,w,m
18383,SLEEP,1,1,0.912466,0,0,0,0.687479,0,0.811938,0.891827,0.831079,0.516069,0,0,0,1.82057,0,0,0,0,1,0,1,w,m
18384,SLEEP,1,1,0.927966,0,0,0,0.6538,0,0.767205,0.815787,1.13011,0.62844,0,0,0,2.30238,0,0,0,0,1,0,1,w,m
18385,SLEEP,1,1,0.949048,0,0,0,1.37536,0.609274,0.617849,1.05064,0.887645,1.9147,0,0,0,1.21429,0,0,0,0,1,0,0,w,m
18386,SLEEP,1,1,0.941705,0,0,0,0.644798,0.64287,0,1.25061,0,1.83123,0,0,0,0,0,0,0,0,1,0,0,w,m
18387,SLEEP,1,1,0.965791,0,0,0,0.653395,0,0,0.959943,0,1.52955,0,0,0,1.08575,0,0,0,0,1,0,1,w,m
18388,SLEEP,1,1,0.97517,0,0.594477,0,0,0,0,0.712405,0.746333,0.670982,0.603971,0,0.599466,1.88967,0,0,0,0,1,0,0,w,m
18389,SLEEP,1,1,0.895832,0,0.55658,1.38973,0,0.578202,1.33716,0.859995,0.985467,1.29098,0,0,0,1.90948,0,0,0,0,0,0,0,w,m
18394,SLEEP,1,1,0.819584,0,0,0,0,0,0,0,0,0.641167,0,0.574656,0,1.29412,0.729114,0,0,1,1,0,0,w,m
18395,SLEEP,1,1,0.775382,0,0,0,0.616502,0,0,0,0.597063,0.851477,0,0,0,2.1054,0,0,0,0,1,0,0,w,m
18396,SLEEP,1,1,0.828014,0,0,0,0.618955,0,0,0,0.944826,0.938829,0,0,0,2.72356,0,0,0,0,1,0,0,w,m
18397,SLEEP,1,1,0.828454,0,0,0,0,0,0,0,1.27423,1.36712,0,0,0,1.56349,0,0,0,0,1,0,0,w,m
18398,SLEEP,1,1,0.820878,0,0,0,0,0,0,0,1.57052,0.902014,0,0,0,1.50004,0.564132,0,0,0,1,0,0,w,m
18399,SLEEP,1,1,0.874313,0,0,0,0,0.503645,0,0,1.58881,1.02424,0,0,0,2.68218,0.531921,0,0,0,1,0,0,w,m
18400,SLEEP,1,1,0.749561,0,0,0,0,0,0,0,1.79619,0.868373,0,0,0,2.6803,0,0,0,0,1,0,0,w,m
18401,SLEEP,1,1,0.85791,0,0,0,0,0,0,0,1.70237,0.830727,0,0,0,3.17975,0.569298,0,0,0,1,0,0,w,m
18402,SLEEP,1,1,0.898747,0,0.509039,0,0,0,0,0.531571,1.85509,0.948876,0,0,0,2.70928,0.632316,0,0,0,1,0,0,w,m
18403,SLEEP,1,1,0.917404,0,0,0,0,0.576837,0,0.575549,1.88117,1.48758,0,0,0,2.9058,0.675354,0,1,0,1,0,0,w,m
18404,SLEEP,1,1,0.902686,0,1.15901,0,0,0.663534,0.798479,0.689475,2.22161,1.38235,0,0,0,2.14172,0.724494,0,1,0,1,0,0,w,m
18405,SLEEP,1,1,0.905083,0,0,0,0,0.756783,0,0.764006,2.10257,1.6959,0,0,0,2.35737,0.652055,0,1,0,1,0,0,w,m
18406,SLEEP,1,1,0.8743,0,0.646393,0,0,0.803946,0,0.73237,2.38935,1.64955,0.612651,0,0.53031,2.42749,0.592577,0,1,0,1,0,0,w,m
18407,SLEEP,1,1,0.871865,0,0.83393,0,0,0.7915,1.00111,0.660686,2.19567,1.88088,0.54934,0,0,2.35421,0.623917,0,1,0,1,0,0,w,m
18408,SLEEP,1,1,0.867655,0,0.90739,0,0,0.861831,0,0.73149,2.60893,1.29799,0,0,0,1.72501,0.553725,0,1,0,1,0,0,w,m
18409,SLEEP,1,1,0.865733,0,0.591581,0,0,0.858343,0,0.755882,2.6391,1.02459,0,0,0.585275,2.1627,0.541488,0,1,1,1,0,0,w,m
18410,SLEEP,1,1,0.847388,0,0.659074,0,0,0.979348,0,0.9729,2.49622,1.15376,0,0,0,2.92509,0.565581,0,1,1,1,0,0,w,m
18411,SLEEP,1,1,0.833539,0,0,0,0,0.891656,0,0.895314,2.28918,1.1777,0.588279,0,0,3.15073,0.573813,0,0,0,1,0,0,w,m
18412,SLEEP,1,1,0.777904,0,0,0,0,0.790988,0,0.834447,2.20699,1.25828,0.611482,0,0,2.67923,0,0,0,1,1,1,0,w,m
18413,SLEEP,1,1,0.802398,0,0,0,0,0.69069,0,0.760895,2.16312,1.03412,0.554484,0,0,2.9625,0,0,0,0,1,0,0,w,m
18414,SLEEP,1,1,0.792561,0,0,0,0,0.663222,0,0.669864,2.1235,1.15265,0,0,0,2.02953,0,0,1,0,1,1,0,w,m
18415,SLEEP,1,1,0.826477,0,0,0,0,0.604686,0,0.536443,1.82233,0.849677,0,0,0,2.01479,0,0,0,0,1,1,0,w,m
18416,SLEEP,1,1,0.8254,0,0,0,0,0.664474,0,0.635835,1.87749,1.09953,0,0.505987,0,2.74108,0.50005,0,0,0,1,1,0,w,m
18417,SLEEP,1,1,0.871255,0,0,0,0,0.608416,0,0,1.96481,1.13274,0,0,0,2.96641,0.75596,0,0,1,1,1,0,w,m
18418,SLEEP,1,1,0.892344,0,0.727275,0,0,0.785009,0.735041,0.766301,1.54904,1.63082,0,0,0,2.4506,0.835236,0,0,1,1,1,0,w,m
18419,SLEEP,1,1,0.887704,0,0.666591,0,0,0.751298,0.905653,0.714429,1.91984,1.46334,0,0,0,2.86098,0.892131,0,1,0,1,0,0,w,m
18420,SLEEP,1,1,0.870568,0,0,0,0,0.798791,1.02705,0.754105,1.66334,1.69643,0,0,0,3.11182,0.96553,0,1,0,1,0,0,w,m
18421,SLEEP,1,1,0.900879,0,0.696542,0,0,0.896513,1.25259,0.754944,1.90392,1.67688,0,0,0,3.03102,0.722635,0,1,0,1,0,0,w,m
18422,SLEEP,1,1,0.88137,0,0.557092,0,0,1.03907,1.5357,0.994355,2.11183,1.76124,0,0,0,2.64722,0.518698,0,1,0,1,0,0,w,m
18423,SLEEP,1,1,0.88751,0,0.596964,0.536782,0,1.35923,1.05939,1.33362,2.42215,1.57668,0,0,0,2.37665,0,0,1,0,1,0,0,w,m
18424,SLEEP,1,1,0.899607,0,0.821054,0,0,1.47511,0.563976,1.641,2.43939,2.14641,0,0,0,1.96325,0,0,1,0,1,0,0,w,m
18425,SLEEP,1,1,0.877377,0,0.594865,0,0,1.49656,0.972174,1.69251,2.31403,1.88412,0,0,0,2.33181,0,0,1,0,1,0,0,w,m
18426,SLEEP,1,1,0.878384,0,0,0,0.585266,1.49942,0,1.93057,2.36055,2.20948,0,0,0,2.84299,0,0,1,0,1,0,0,w,m
18427,SLEEP,1,1,0.881594,0,0,0,0.726644,1.51415,0,1.93832,2.47701,2.10744,0,0,0,2.46626,0,0,1,0,1,0,0,w,m
18428,SLEEP,1,1,0.874447,0,0,0,1.05368,1.46634,0,1.93481,2.27324,2.36767,0,0,0,2.85089,0,0,1,0,1,0,0,w,m
18429,SLEEP,1,1,0.873617,0,0,0,0.758968,1.34836,0,1.8143,2.24473,2.20591,0,0,0,2.14208,0,0,1,0,1,0,0,w,m
18430,SLEEP,1,1,0.859652,0,0,0,1.07165,1.33744,0,1.85123,2.07484,2.3235,0,0,0,1.52926,0,0,1,0,1,0,0,w,m
18431,SLEEP,1,1,0.873602,0,0,0,0.784977,1.25724,0,1.79203,1.60756,2.28764,0,0,0,1.1252,0,0,1,0,1,0,0,w,m
18432,SLEEP,1,1,0.940059,0,0,0,0.758392,1.10218,0,1.57802,1.53335,2.23126,0,0,0,2.45111,0,0,1,0,1,0,0,w,m
18433,SLEEP,1,1,0.932869,0,0,0,0,0.856823,0,1.32749,0.929595,2.11065,0,0,0,1.94452,0,0,0,0,1,0,0,w,m
18434,SLEEP,1,1,0.934457,0,0,0,0,0.627066,0,1.06069,0.663621,1.76998,0,0,0,1.35903,0,0,0,0,1,0,0,w,m
18435,SLEEP,1,1,0.946175,0,0,0,0,0,0,0.728792,0.628437,1.42906,0,0,0,1.31541,0,0,0,0,1,0,0,w,m
18436,SLEEP,1,1,0.947458,0,0,0,0.636271,0,0,0.662581,0,1.39193,0,0,0,2.09547,0,0,0,0,1,0,0,w,m
18437,SLEEP,1,1,0.943911,0,0,0,0,0,0,0.526281,0,1.34504,0,0,0,1.15915,0,0,0,0,1,0,0,w,m
18438,SLEEP,1,1,0.937745,0,0,0.629308,0.686534,0,0,0,0,1.18928,0,0,0,1.19783,0,0,0,0,1,0,0,w,m
18439,SLEEP,1,1,0.956393,0,0,0.8101,0,0,0,0,0,1.11334,0.65296,0,0,1.18675,0,0,0,0,1,0,0,w,m
18440,SLEEP,1,1,0.972552,0,0,0.798185,0,0,0,0,0,1.18054,0.664366,0.639522,0.501734,1.42323,0,0,0,0,1,0,0,w,m
18441,SLEEP,1,1,0.970421,0,0,1.20165,0.509886,0,0,0,0,1.22554,0,0,0.556692,1.07541,0,0,0,0,1,0,0,w,m
18442,SLEEP,1,1,0.973843,0,0,1.2798,0.685112,0,0,0,0,0.969184,0.67942,0.608615,0.751097,1.18518,0,0,0,0,1,0,0,w,m
18443,SLEEP,1,1,0.967345,0,0,1.1131,0,0,0,0,0,0.648855,0.795195,0,0.921342,1.23167,0,0,0,0,1,0,0,w,m
18444,SLEEP,1,1,0.973106,0,0,1.64362,0.54987,0,0,0,0,0.95652,0.764319,0,0.768607,1.35786,0,0,0,0,1,0,1,w,m
18445,SLEEP,1,1,0.968648,0,0,1.29779,0.540203,0,0,0,0,0.978097,0.534359,0,0.977643,1.93943,0,0,0,0,1,0,0,w,m
18446,SLEEP,1,1,0.965312,0,0,1.36899,0.566282,0,0,0,0,0.782745,0,0,0.885086,1.84806,0,0,0,0,1,0,0,w,m
18447,SLEEP,1,1,0.966623,0,0.509617,1.39136,0,0,0,0,0,0.889484,0.617278,0,0.621179,1.72398,0,0,0,0,1,0,0,w,m
19590,SLEEP,1,1,0.791394,0.859916,2.00687,1.99946,1.06132,0,0.669006,0,0.71342,0.747859,0,0,1.19176,0,0,1,0,0,1,0,0,w,m
19591,SLEEP,1,1,0.831825,1.16362,2.17849,1.82243,0,0,1.78975,0,0,0.900725,0,0,2.08403,0,0,0,0,0,1,0,0,w,m
19592,SLEEP,1,1,0.77142,1.04096,1.65491,1.60084,0,0.701599,1.96718,0.644346,0.637194,1.58414,0.92104,0.633429,2.07164,1.46862,0,1,0,0,1,0,1,w,m
19593,SLEEP,1,1,0.823425,0,1.21462,1.65307,0,1.01028,1.83841,0.855795,0.584928,2.17606,1.00083,0.808085,2.53278,2.35492,0,1,0,0,1,0,1,w,m
19594,SLEEP,1,1,0.834549,0,1.19734,1.34107,0,0.873753,1.30571,0.819131,0.558314,1.77644,1.13137,0.709441,2.16652,1.89334,0,1,0,0,1,0,1,w,m
19595,SLEEP,1,1,0.870375,0,0,1.12236,0,0.763938,1.25865,0.744207,0,1.72052,0.893353,0.564085,2.21476,0,0,1,0,0,1,0,1,w,m
19596,SLEEP,1,1,0.879458,0,1.03428,1.20632,0,0.589824,1.4996,0.656914,0,1.25398,0.928971,0.605825,1.47359,0,0,1,0,0,1,0,1,w,m
19597,SLEEP,1,1,0.905664,0,0.965829,0.664268,0,0,1.59416,0.668597,0,1.23283,0,0,1.09924,0,0,1,0,0,1,0,1,w,m
19598,SLEEP,1,1,0.930092,0,0.780318,0.517344,0,0,1.71641,0.521676,0,1.23138,0,0,0.766674,0,0,1,0,0,1,0,0,w,m
19599,SLEEP,1,1,0.934199,0,0,0.68397,0,0.563973,1.87249,0.7942,0,1.06292,0,0,0.663793,0,0,1,0,1,1,0,0,w,m
19600,SLEEP,1,1,0.941477,0,0,0.553357,0,0.718843,1.36568,1.08019,0,0.870116,0,0,0,0,0,1,0,1,1,0,0,w,m
19601,SLEEP,1,1,0.94236,0,0,0.50584,0,1.00158,2.21627,1.22083,0,0.612373,0,0,0,0,0,1,0,1,1,0,1,w,m
19602,SLEEP,1,1,0.951839,0,0.606058,0,0,0.898403,0,1.06992,0,1.57911,0,0.542317,0,0,0,1,0,1,1,0,1,w,m
19603,SLEEP,1,1,0.963216,0,0,0,0,0.804299,0,1.21985,0,2.48563,0,0.565956,0.714339,0,0,1,0,1,0,0,1,w,m
19604,SLEEP,1,1,0.971185,0,0,0,0,0,0.623235,0.522035,0,1.80388,0,0,0,1.21282,0,1,0,0,0,0,0,w,m
19605,SLEEP,1,1,0.983663,0,0.764164,0,0,0,0,0,0,1.22276,0.737169,0,0,0,0,0,0,0,0,0,0,w,m
19606,SLEEP,1,1,0.983154,0,0.653957,0,0,0,0,0,0,0.955151,0.579934,0,0,0.857016,0,0,0,0,1,0,0,w,m
19607,SLEEP,1,1,0.975759,0,0.677721,0,0,0,0,0,0,1.06406,0,0,0,1.58252,0,0,0,0,0,0,1,w,m
19608,SLEEP,1,1,0.93482,0,0.577972,0,0,0,0,0,0,0.72488,0,0.539215,1.13439,1.54406,0.782564,0,0,0,1,0,1,w,m
19609,SLEEP,1,1,0.971839,0,0.788879,1.02775,0,0,1.50135,0,0,0,0,0,1.14617,1.70755,0.735779,0,0,0,1,0,1,w,m
19610,SLEEP,1,1,0.962148,0.731716,0.607373,1.3445,0,0,2.0993,0,0,0,0,0,0,0.868988,0.655462,1,0,0,1,0,1,w,m
19611,SLEEP,1,1,0.879097,0,0,1.63457,0,0,1.26684,0,0,0,0,0,0.669466,0,0.668974,1,0,0,1,0,1,w,m
19612,SLEEP,1,1,0.861566,0,0,2.0358,0,0,0.959357,0,0,0,0,0,1.05733,0.715155,0.732268,1,0,0,0,0,1,w,m
19613,SLEEP,1,1,0.896115,0,0,1.68603,0,0,0.669031,0,0,0,0,0,1.4746,0,0.740448,1,0,0,1,0,1,w,m
19614,SLEEP,1,1,0.896711,0,0,2.24276,0,0,0.788367,0,0,0,0,0,0.704062,0,0.765697,1,0,0,1,0,1,w,m
19615,SLEEP,1,1,0.888637,0,0,2.17916,0,0,0.823056,0,0,0,0,0,0.893477,0,0.740037,1,0,0,1,0,1,w,m
19616,SLEEP,1,1,0.904509,0,0,2.41068,0,0,0.832409,0,0,0,0,0,0.908692,0,0.675792,1,0,0,1,0,1,w,m
19617,SLEEP,1,1,0.899331,0,0,2.3106,0,0,0,0,0,0,0,0,0.922705,0,0.608894,1,0,0,0,0,1,w,m
19618,SLEEP,1,1,0.905256,0,0,2.70334,0,0,0,0,0,0,0,0,1.06649,0,0.645288,1,0,0,1,0,1,w,m
19619,SLEEP,1,1,0.917182,0,0,2.70639,0,0,0,0,0,0,0,0,0.936466,0,0.593836,1,0,0,0,0,1,w,m
19620,SLEEP,1,1,0.893596,0,0,2.62178,0,0,0,0,0,0,0,0,0.85061,0,0.641621,1,0,0,0,0,1,w,m
19621,SLEEP,1,1,0.894575,0,0,2.39224,0,0,0,0,0,0,0,0,0.952236,0,0.636954,1,0,0,0,0,1,w,m
19622,SLEEP,1,1,0.900593,0,0,2.27327,0,0,0,0,0,0,0,0,1.14766,0,0.550115,1,0,0,0,0,1,w,m
19623,SLEEP,1,1,0.918695,0,0,2.48281,0,0,0,0,0,0,0,0,1.25699,0,0.575023,1,0,0,0,0,1,w,m
19624,SLEEP,1,1,0.916008,0,0,2.65176,0,0,0,0,0,0,0,0,1.434,0,0.607179,1,0,0,0,0,1,w,m
19625,SLEEP,1,1,0.917326,0,0,2.63366,0,0,0,0,0,0,0,0,1.34228,0,0.630824,1,0,0,0,1,1,w,m
19626,SLEEP,1,1,0.923058,0,0,2.52742,0,0,0,0,0,0,0,0,1.11847,0,0.603332,1,0,0,0,0,1,w,m
19627,SLEEP,1,1,0.924531,0,0,2.49073,0,0,0,0,0,0,0,0,1.15661,0,0.574987,1,0,0,0,0,1,w,m
19628,SLEEP,1,1,0.927517,0,0,2.71852,0,0,0,0,0,0,0,0,1.01023,0,0.545865,1,0,0,0,1,1,w,m
19632,SLEEP,1,1,0.941392,0,0,2.28017,0,0,0,0,0,0,0,0,1.09694,0,0,1,0,0,0,1,1,w,m
19633,SLEEP,1,1,0.937248,0,0,2.52471,0,0,0,0,0,0,0,0,1.35527,0,0,1,0,0,0,1,1,w,m
19658,SLEEP,1,1,0.955053,0,0,2.25436,0.584663,0,0,0,0,0,0,0,1.23301,0,0,1,0,0,0,0,0,w,m
19659,SLEEP,1,1,0.963365,0,0,2.93666,0,0,0,0,0,0,0,0,1.10769,0,0,1,0,0,0,0,0,w,m
19660,SLEEP,1,1,0.959297,0,0,2.12356,0.675924,0,0,0,0,0,0,0,1.11798,0,0,1,0,0,0,0,1,w,m
19661,SLEEP,1,1,0.967819,0,0,2.49704,0.907201,0,0,0,0,0,0,0,1.27219,0,0,1,0,0,1,0,0,w,m
19662,SLEEP,1,1,0.964179,0,0,2.19641,0.750006,0,0,0,0,0,0,0,1.08951,0,0,1,0,0,1,0,1,w,m
19663,SLEEP,1,1,0.963617,0,0,2.50854,0.844563,0,0.565331,0,0,0,0,0,1.30701,0,0,1,0,0,0,0,1,w,m
19664,SLEEP,1,1,0.968141,0,0,2.30023,0.704024,0,0,0,0,0,0,0,1.39275,0,0,1,0,0,1,0,1,w,m
19665,SLEEP,1,1,0.962982,0,0,2.0635,0.566752,0,0.646201,0,0,0,0,0,1.15282,0,0,1,0,0,1,0,0,w,m
19666,SLEEP,1,1,0.956729,0,0,1.99609,0.937936,0,0.589046,0,0,0,0,0,0.994348,0,0,1,0,0,1,0,0,w,m
19667,SLEEP,1,1,0.960389,0,0,1.88689,0.841545,0,0,0,0,0,0,0,0.995399,0,0,1,0,0,1,0,0,w,m
19668,SLEEP,1,1,0.965609,0,0,2.13069,0.50806,0,0.693531,0,0,0,0,0,0.889419,0,0,1,0,0,1,0,0,w,m
19669,SLEEP,1,1,0.966096,0,0,2.23126,0,0,0.588558,0,0,0,0,0,0.72219,0,0,1,0,0,1,0,0,w,m
19670,SLEEP,1,1,0.969368,0,0,2.22595,0.56749,0,0.983435,0,0,0,0,0,1.12929,0,0,1,0,0,1,0,0,w,m
19671,SLEEP,1,1,0.968673,0,0,2.25876,0,0,0.622512,0,0,0,0,0,1.08922,0,0,1,0,0,1,0,0,w,m
19672,SLEEP,1,1,0.966028,0,0,1.82858,0,0,0.530648,0,0,0,0,0,0.889033,0,0,1,0,0,1,0,0,w,m
19673,SLEEP,1,1,0.958847,0,0,1.68722,0.653302,0,0,0,0,0,0,0,0.898571,0,0,1,0,0,1,0,0,w,m
19674,SLEEP,1,1,0.953982,0,0,1.37325,0.632567,0,0.627707,0,0,0,0,0,0.868029,0,0,1,0,0,1,0,0,w,m
19675,SLEEP,1,1,0.960849,0,0,1.27938,0,0,0.782154,0,0,0,0,0,1.14902,0,0,1,0,0,1,0,1,w,m
19676,SLEEP,1,1,0.966343,0.734518,0,1.56565,0,0,0.95572,0,0,0,0,0,0.862835,0,0,1,0,0,1,0,1,w,m
19677,SLEEP,1,1,0.968907,0.833088,0,1.76196,0,0,1.09269,0,0,0,0,0,0.941769,0.566723,0,1,0,0,1,0,1,w,m
19678,SLEEP,1,1,0.967408,0.65702,0,1.61467,0,0,1.25755,0,0,0,0,0,0,0,0,1,0,0,1,0,1,w,m
19679,SLEEP,1,1,0.969781,0,0,0.742993,0,0,0.962854,0,0,0,0.52903,0,1.02829,0,0,1,0,0,1,0,1,w,m
19680,SLEEP,1,1,0.974,0,0,0.784932,0,0,1.49067,0,0,0,0.85037,0,1.02622,0.800607,0,1,0,0,1,0,1,w,m
19681,SLEEP,1,1,0.97301,0,0,1.08952,0,0,1.22528,0,0,0,0.665046,0,0.990856,1.0317,0,0,0,0,1,0,1,w,m
19682,SLEEP,1,1,0.972117,0.561819,0,1.23688,0,0,1.20433,0,0,0,0.784861,0,1.54471,1.46389,0,1,0,0,1,0,1,w,m
19683,SLEEP,1,1,0.974614,0,0,1.11973,0,0,1.40879,0,0,0,0.883869,0,1.52054,0,0,0,0,0,1,0,1,w,m
19684,SLEEP,1,1,0.975425,0,0,1.02194,0,0,1.70703,0,0,0,0.667098,0,0,0.602576,0,0,0,0,1,0,1,w,m
19685,SLEEP,1,1,0.97505,0,0,0.767537,0.923189,0,1.42666,0,0,0.716882,0.820978,0,0,0,0,0,0,0,1,0,1,w,m
19686,SLEEP,1,1,0.97397,0,0.723934,1.03923,0.913839,0,0.9158,0,0,0.717487,0.558802,0,0,0,0,0,0,0,1,0,1,w,m
19687,SLEEP,1,1,0.972905,0,0.54987,1.2083,0,0,0.699183,0,0,0,0,0,0,0,0,0,0,0,1,0,0,w,m
19688,SLEEP,1,1,0.964563,0,0,0.920801,0,0,0,0,0,0,0,0.549422,0,0,0,0,0,1,1,0,1,w,m
19689,SLEEP,1,1,0.970997,0,0,1.01842,0.602869,0,0,0,0,0.886879,0,0,0,0,0,0,0,0,1,0,1,w,m
19690,SLEEP,1,1,0.967934,0,0,1.29814,0,0,0,0,0,1.04725,0,0.589677,0,1.28456,0,0,0,0,1,0,0,w,m
19691,SLEEP,1,1,0.971161,0,0,0.982609,0,0,0.660263,0.571236,0,1.18738,0.528547,0.634898,0.512316,1.92223,0,0,0,0,1,0,0,w,m
19692,SLEEP,1,1,0.977368,0,0,0,0,0,0.554104,0.688908,0,0.903332,0,0.51905,0.833777,1.91616,0,0,0,0,1,0,0,w,m
19693,SLEEP,1,1,0.976294,0,0,1.15651,0,0,0.625248,0.72771,0,0.798963,0,0,0.665047,1.72757,0,0,0,0,1,0,1,w,m
19694,SLEEP,1,1,0.976792,0,0,0,0,0,0.557823,0.976366,0,1.14057,0,0,0,0,0,0,0,0,1,0,1,w,m
19695,SLEEP,1,1,0.978361,0,0,0.841541,0,0,0,1.03656,0,1.40381,0,0,0,0,0,1,0,0,1,0,1,w,m
19764,SLEEP,1,1,0.903867,0,0,1.10809,0,0,0,0.520232,0,1.12208,0,0,1.91674,0,0,0,0,0,1,0,1,w,m
19765,SLEEP,1,1,0.8553,0,0,0.536087,0,0,0,0,0,0.73694,0,0,1.97345,0,0,0,0,0,1,0,1,w,m
19766,SLEEP,1,1,0.951066,0,0,0,0,0,0,0,0,0.776097,0,0,2.0831,0,0,0,0,0,1,0,1,w,m
19767,SLEEP,1,1,0.934474,0,0,0.930408,0,0,0,0,0,0.615143,0.642566,0,1.59124,1.99833,0,0,0,0,1,0,1,w,m
19768,SLEEP,1,1,0.923568,0,0,0.843167,0,0,0,0.74094,0.699135,1.036,0,0.571156,1.40269,1.83582,0,0,0,0,1,0,1,w,m
19769,SLEEP,1,1,0.950111,0,0,0.561861,0,0,0.602983,0.972593,0,1.77449,0,0.615707,1.51985,1.01982,0,0,0,0,1,0,1,w,m
19770,SLEEP,1,1,0.957036,0,0,0.576012,0,0,0.69603,0.885594,0,1.54609,0,0,1.60715,0,0,0,0,0,1,0,1,w,m
19771,SLEEP,1,1,0.953786,0,0,0.722244,0,0,0.740887,0.995282,0.633435,1.68273,0,0,1.45045,0,0,0,0,0,1,0,1,w,m
19772,SLEEP,1,1,0.953999,0,0,0,0,0.508367,0.675904,1.09754,0.875797,1.81569,0,0,1.66435,0,0,0,0,0,1,0,1,w,m
19773,SLEEP,1,1,0.960526,0,0,0,0,0.57222,0.787699,1.13271,1.03322,1.91392,0,0,1.2348,0,0,0,0,0,1,0,1,w,m
19774,SLEEP,1,1,0.962061,0,0,0,0,0.550782,0.939377,1.1752,0.967117,2.00156,0,0,0.831206,0,0,0,0,0,1,0,1,w,m
19775,SLEEP,1,1,0.954466,0,0,0.935593,0,0,0.852621,0.931468,0.737942,1.57343,0,0,0,0,0,0,0,0,1,0,1,w,m
19776,SLEEP,1,1,0.944394,0,0,1.49433,0,0,1.6046,0.969861,0.739663,1.89775,0,0,0.752734,0,0,0,0,0,1,0,1,w,m
19777,SLEEP,1,1,0.93668,0,0,1.87612,0,0,1.51764,1.02665,0.528917,1.40364,0,0,0.801013,0,0,0,0,0,1,0,1,w,m
19778,SLEEP,1,1,0.954292,0,0,1.71153,0,0.573873,2.22712,0.993482,0,1.37771,0,0,0.661858,0,0,0,0,0,1,0,1,w,m
19779,SLEEP,1,1,0.954788,0,0,1.43877,0,0,2.53293,0.78576,0,1.11025,0,0,0,0,0,0,0,0,1,0,1,w,m
19780,SLEEP,1,1,0.9499,0,0,1.17526,0,0,1.6635,0.658897,0,1.00552,0,0,0,0,0,0,0,0,1,0,1,w,m
19781,SLEEP,1,1,0.961455,0,0,1.50231,0,0,2.11474,0,0,1.30406,0,0,0,0.687303,0,0,0,0,1,0,1,w,m
19782,SLEEP,1,1,0.96323,0,0,1.43628,0,0,1.7901,0,0,1.10287,0,0,0,1.27053,0,0,0,0,1,0,1,w,m
19783,SLEEP,1,1,0.952329,0,0,1.61259,0,0,1.62268,0.597165,0,1.13605,0,0,0,1.47767,0,1,0,0,1,0,1,w,m
19784,SLEEP,1,1,0.945384,0,0,1.31135,0,0,1.26175,0.621286,0,1.10697,0,0.532848,0,1.9649,0,0,0,0,1,0,1,w,m
19785,SLEEP,1,1,0.95135,0,0,1.46094,0,0,1.42526,0.802801,0,1.14503,0,0,0,1.83786,0,0,0,0,1,0,1,w,m
19786,SLEEP,1,1,0.944591,0,0,1.23696,0,0,0.981563,0.794743,0,1.56237,0,0.613529,0,1.79473,0,0,0,0,1,0,1,w,m
19787,SLEEP,1,1,0.949363,0,0.642202,1.02324,0,0,0.935949,0.776903,0,1.56673,0,0.589156,0,1.95395,0,0,0,0,1,0,1,w,m
19788,SLEEP,1,1,0.951933,0,0.612157,1.06316,0,0,1.2472,0.745528,0,1.31158,0.641759,0.532892,0,1.3866,0,0,0,0,1,0,1,w,m
19789,SLEEP,1,1,0.9563,0,0.562408,1.25856,0,0,0.770346,0.596311,0,1.09873,0.670692,0.620407,0,2.15587,0,0,0,0,1,0,1,w,m
19790,SLEEP,1,1,0.961043,0,0.674962,1.12988,0,0,0.574133,0.56949,0,0.884401,0,0.533797,0,2.05285,0.553254,0,0,0,1,0,1,w,m
19791,SLEEP,1,1,0.923499,0,0,1.12454,0,0,0,0,0,0.641755,0,0,0.85493,1.57084,0.945924,0,0,0,1,0,1,w,m
19792,SLEEP,1,1,0.947219,0,0,0,0,0,0,0,0,1.02364,0,0,0,0.670342,0.832852,0,0,0,1,0,1,w,m
19793,SLEEP,1,1,0.926543,0,0,0,0.590119,0.521929,0,0.860991,0.56887,1.56216,0,0,0,0,0.525902,0,0,0,1,0,1,w,m
19879,SLEEP,1,1,0.814877,2.02385,0.751631,0,0.974427,0,0,0,0,0.704788,0,0,0,0,0.669922,0,0,0,1,0,0,w,m
19880,SLEEP,1,1,0.850385,1.78144,1.16201,0,0.856934,0,0.87871,0,0,0.756652,0,0.680387,0,0,0,0,0,0,1,0,0,w,m
19881,SLEEP,1,1,0.880121,1.00493,1.88887,0,1.09441,0,0,0,0,0,0,0.586752,0,0,0,0,0,1,1,0,0,w,m
19882,SLEEP,1,1,0.869307,0.824562,1.28111,0,0.966442,0,0,0,0,0,0,0,0,0,0,0,0,1,1,0,0,w,m
19883,SLEEP,1,1,0.874072,0.545704,1.3952,0,0.942928,0,0,0,0,0,0,0,0,0,0,0,0,1,1,0,0,w,m
19884,SLEEP,1,1,0.863469,0,1.62374,0,0,0,0,0,0,0,0,0.536917,0,0,0,0,0,0,1,0,0,w,m
19885,SLEEP,1,1,0.883747,0,1.07077,0,0.689199,0,0,0,0,0,0,0.634881,0,0,0,0,0,1,1,0,0,w,m
19886,SLEEP,1,1,0.940296,0.668144,0.979028,0,0,0,0,0,0,0,0,0,0,1.35086,0.62575,0,0,0,1,0,0,w,m
19887,SLEEP,1,1,0.949274,0.825167,1.06537,0,1.01595,0,0,0,0,0,0,0,0,0,0,0,0,0,1,0,1,w,m
19888,SLEEP,1,1,0.953917,0.888103,1.22859,0,1.45121,0,0,0,0,0,0,0,0,0.81269,0,0,0,0,1,0,1,w,m
19889,SLEEP,1,1,0.96286,0.505516,0.955482,0,1.29112,0,0,0,0,0.732601,0,0.539084,0,0,0,0,0,0,1,0,1,w,m
19890,SLEEP,1,1,0.92928,0.615121,0.95152,0,0.508739,0,0,0,0,1.09384,0,0.923862,0.716251,0,0,0,0,0,1,0,1,w,m
19891,SLEEP,1,1,0.920215,0,0,0,0.775593,0,0,0,0,1.12035,0,1.03243,0,0.809066,0,0,0,0,1,0,1,w,m
19892,SLEEP,1,1,0.897689,0,0.645046,0,0.601539,0,0,0,0,1.10341,0,0.909183,0,0.710343,0,0,0,0,1,0,0,w,m
19893,SLEEP,1,1,0.894072,0,0,0,0.629027,0,0,0,0,1.7595,0,0.915277,0,0,0,0,0,0,1,0,0,w,m
19894,SLEEP,1,1,0.852263,0,0,0.822226,0.890421,0,0,0,0,2.53135,0,0.813509,0.56661,0,0,0,0,0,1,0,0,w,m
19895,SLEEP,1,1,0.827598,0,0,0,0.547221,0.746872,0,0.768461,0.619398,2.8407,0,0.649726,0.670281,0,0,0,0,0,1,0,0,w,m
19896,SLEEP,1,1,0.841877,0,0,0.516764,0,0.848601,0,0.971551,0.950762,3.30929,0,0.641448,0.555486,0,0,0,0,0,1,0,0,w,m
19897,SLEEP,1,1,0.864237,0,0,0,0,1.10328,0,1.31376,0.973778,3.71361,0,0.712214,0.518536,0,0,0,0,0,1,0,0,w,m
19898,SLEEP,1,1,0.867619,0,0,0.638755,0,1.02005,0,1.22676,0.598828,3.45012,0,0.885777,0.883076,0.941042,0,0,0,0,1,0,0,w,m
19899,SLEEP,1,1,0.928041,0,0,0,0,0.776935,0,1.04638,0.69088,2.71237,0,0.666806,0,1.27838,0,0,0,0,1,0,0,w,m
19900,SLEEP,1,1,0.945704,0,0,0,0,0.51325,0,0.84973,0.673401,2.27629,0,0.597142,0.552257,2.0469,0,0,0,0,1,0,0,w,m
19901,SLEEP,1,1,0.927989,0,0,0,0,0.547012,0,0.922091,0.74513,2.06673,0,0,0,1.8896,0,0,0,0,1,0,0,w,m
19902,SLEEP,1,1,0.933397,0,0,0,0,0.512873,0,0.835975,0.746025,2.31886,0,0,0.603553,2.123,0,0,0,0,1,0,0,w,m
19903,SLEEP,1,1,0.947196,0,0,0,0,0.609119,0,0.855603,0.885649,2.28875,0,0,0.722551,1.60964,0,0,0,0,1,0,0,w,m
19904,SLEEP,1,1,0.942601,0,0,0,0,0.664955,0,1.09039,0.743395,2.57088,0,0,0.777281,1.14218,0,0,0,0,1,0,0,w,m
19905,SLEEP,1,1,0.912961,0,0,0.600373,0,0.863106,0,1.20257,0.652605,2.83937,0,0,0.698227,0.843754,0,0,0,0,0,0,0,w,m
19906,SLEEP,1,1,0.90076,0,0,0.788605,0,0.88969,0,1.27946,0.776457,2.97581,0,0,0.570409,1.13681,0,0,0,0,1,0,0,w,m
19907,SLEEP,1,1,0.924249,0,0,0.659792,0,0.566476,0,0.959343,0,2.14094,0,0,0,1.2434,0,0,0,0,1,0,0,w,m
19908,SLEEP,1,1,0.931432,0,0,0,0,0.547708,0,0.993324,0.529891,1.82345,0,0,0,0.758195,0,0,0,0,1,0,0,w,m
19909,SLEEP,1,1,0.929941,0,0,0.881699,0,0,0,0.882337,0,1.81559,0,0.502391,0,1.40971,0,0,0,0,1,0,0,w,m
19910,SLEEP,1,1,0.905385,0,0,0,0,0.515435,0,0.925988,0,2.01911,0,0,0,0.838097,0,0,0,0,1,0,0,w,m
19911,SLEEP,1,1,0.870973,0,0,0,0,0.565038,0,0.984583,0.654267,2.17095,0,0,0,0.947596,0,0,0,0,1,0,0,w,m
19912,SLEEP,1,1,0.832197,0,0,0,0,0.734064,0,1.22014,0.831503,2.52564,0,0,0,0,0,0,0,0,1,0,0,w,m
19913,SLEEP,1,1,0.767951,0,0,0,0.533711,0.871871,0,1.30693,0.953023,2.22612,0,0,0,0,0,0,0,0,1,0,0,w,m
19914,SLEEP,1,1,0.798073,0,0,0,0,1.04523,0.51168,1.56636,1.17599,2.80842,0,0,0,0.756578,0,0,0,0,1,0,0,w,m
19915,SLEEP,1,1,0.815934,0,0,0.578355,0,1.08764,0,1.6311,0.927141,2.76063,0,0,0,2.22767,0,1,0,0,1,0,0,w,m
19916,SLEEP,1,1,0.790627,0,0,0.876056,0,0.950778,0.780834,1.56865,0.947598,2.33295,0,0,0,1.71058,0,1,0,0,1,0,0,w,m
19917,SLEEP,1,1,0.883984,0,0,0,0,0.711112,0,1.33981,0.92669,2.41986,0,0,0,2.11265,0,0,0,0,0,0,0,w,m
19918,SLEEP,1,1,0.91523,0,0,0,0,0.519867,0,1.01448,0.568469,1.66344,0,0,0,1.39354,0,0,0,0,0,0,0,w,m
19919,SLEEP,1,1,0.915222,0,0,0,0,0,0,0.859472,0.770122,1.29329,0,0,0,1.33392,0,0,0,0,0,0,0,w,m
19920,SLEEP,1,1,0.912012,0,0,0.653208,0,0,0,0.974462,0.503244,1.35033,0,0,0,1.9101,0,0,0,0,1,0,0,w,m
19921,SLEEP,1,1,0.908037,0,0,0.790622,0,0,0,0.993997,0,2.07975,0,0,0,1.76217,0,0,0,0,1,0,0,w,m
19922,SLEEP,1,1,0.900706,0,0,1.13157,0,0,0,0.974844,0,2.06718,0,0,0,1.85884,0,1,0,0,1,0,0,w,m
19923,SLEEP,1,1,0.901232,0,0,0.96896,0,0,1.10727,0.915751,0,1.65591,0,0,0,0,0,1,0,0,1,0,0,w,m
19924,SLEEP,1,1,0.824951,0,0,0.79657,0,0,0.616589,0.633957,0,1.43443,0,0,0,0.915701,0,1,0,0,1,0,0,w,m
19926,SLEEP,1,1,0.76777,0,0,1.06838,0,0,0,0.826009,0.547629,1.68806,0,0,0,1.0247,0,0,0,0,1,0,0,w,m
19927,SLEEP,1,1,0.891217,0,0.5577,0.615469,0,0,0,0.700368,0.565431,1.69282,0,0,0,0,0,1,0,0,1,1,0,w,m
19928,SLEEP,1,1,0.915958,0,0,0.855975,0,0,0,0.994523,0,1.95721,0,0,0,2.09255,0,1,0,0,1,0,0,w,m
19929,SLEEP,1,1,0.92695,0,0,1.58297,0.721068,0,0,0.545417,0,1.52037,0,0,0,1.38375,0,1,0,0,1,0,0,w,m
19930,SLEEP,1,1,0.926091,0,0,0.801865,0,0,0,0.996846,0,1.89288,0,0,0,1.6651,0,0,0,0,1,0,0,w,m
19931,SLEEP,1,1,0.929707,0,0,0.855137,0,0,0,0.7599,0,1.54714,0,0,0,1.18768,0,0,0,0,1,0,0,w,m
19932,SLEEP,1,1,0.941182,0,0,0.848664,0,0,0,0.760366,0,1.65819,0,0,0,1.40872,0,0,0,0,1,0,0,w,m
19933,SLEEP,1,1,0.953487,0,0,0.777811,0,0,0,0.847961,0.539547,1.67988,0,0,0,1.26862,0,0,0,0,1,0,0,w,m
19934,SLEEP,1,1,0.954953,0,0,0.791824,0.74291,0,0,0.800427,0,1.68903,0,0,0,1.6531,0,0,0,0,1,0,0,w,m
19935,SLEEP,1,1,0.942549,0,0,0.923765,0,0,0,0.997108,0.551875,2.06232,0,0,0,1.11702,0,0,0,0,1,0,0,w,m
19936,SLEEP,1,1,0.949421,0,0,0.865824,0,0.553973,0,1.08024,0.705595,2.06862,0,0,0,1.01264,0,0,0,0,1,0,0,w,m
19937,SLEEP,1,1,0.956625,0,0,0.913315,0,0,0,0.904501,0,2.01685,0,0,0.749863,2.76659,0,0,0,0,1,0,0,w,m
19938,SLEEP,1,1,0.95602,0,0,0.826212,0,0,0,0.845155,0,1.81125,0,0,0.619209,2.78837,0,0,0,0,1,0,0,w,m
19939,SLEEP,1,1,0.958472,0,0,1.21568,0,0,0,0.821302,0,1.71084,0,0,0.574132,2.99267,0,0,0,0,1,0,0,w,m
19940,SLEEP,1,1,0.961071,0,0,1.01264,0.512788,0,0,0.644764,0,1.18226,0,0,0,2.81045,0,0,0,0,1,0,0,w,m
19941,SLEEP,1,1,0.969127,0,0,1.54338,0,0,0,0.662536,0,1.49252,0,0,0.542906,2.1031,0,0,0,0,1,0,0,w,m
19942,SLEEP,1,1,0.968969,0,0,1.1835,0,0,0,0,0,1.33583,0,0,0.809522,1.99978,0,0,0,0,1,0,0,w,m
19943,SLEEP,1,1,0.969195,0,0,1.2106,0,0,0,0,0,0.925266,0,0,0,2.33655,0,0,0,0,1,0,0,w,m
19944,SLEEP,1,1,0.970999,0,0.564587,1.08271,0,0,0,0,0,0.635211,0,0,0,1.20267,0,0,0,0,1,0,0,w,m
19945,SLEEP,1,1,0.971333,0,0.623619,0.923081,0,0,0,0,0,0,0,0,0.678132,1.31621,0,0,0,0,1,0,0,w,m
19946,SLEEP,1,1,0.971155,0,0.687538,0.534161,0,0,0,0,0,0,0,0,0.660064,0.56789,0,0,0,0,1,0,1,w,m
19947,SLEEP,1,1,0.977662,0,0.997618,0.905704,0,0,0,0,0,0,0,0,0.644183,0,0,0,0,0,1,0,0,w,m
19948,SLEEP,1,1,0.978094,0.618352,1.09137,0.770105,0,0,0,0,0,0.627417,0,0,1.09448,1.28742,0,0,0,0,1,0,0,w,m
19949,SLEEP,1,1,0.976608,0.790729,0.930385,1.08049,0,0,0,0,0,0,0,0,1.09005,1.41056,0,0,0,0,1,0,0,w,m
19950,SLEEP,1,1,0.968742,0.810791,0.686746,0.927853,0,0,0,0,0,0,0.553669,0,0.863375,1.25135,0,0,0,0,1,0,0,w,m
19951,SLEEP,1,1,0.967466,0,0.731166,0,0,0,0,0,0,0.959979,0.550898,0,0.901066,0.980072,0,0,0,0,1,0,0,w,m
19952,SLEEP,1,1,0.966376,0,0,0,0,0,0,0,0,0.902816,0.589023,0,0.64172,0,0,0,0,0,1,0,0,w,m
19953,SLEEP,1,1,0.975333,0,0.913971,0.845911,0,0,0,0,0,0.663524,0.6281,0,0.824333,0,0,0,0,0,1,0,0,w,m
19954,SLEEP,1,1,0.967052,0,0.952561,0,0,0,0,0,0,0.776958,0.610358,0,0,0,0,0,0,0,1,0,0,w,m
19955,SLEEP,1,1,0.965347,0,0.685172,0.7337,0.628856,0,0,0,0,0.837974,0.591005,0,0,0,0,0,0,0,1,0,0,w,m
19956,SLEEP,1,1,0.95029,0,0,0,0,0,0,0,0,0.953417,0.803577,0,0,0,0,0,0,1,1,0,1,w,m
19970,SLEEP,1,1,0.965452,0,0,0.502543,0,0,0,0.628585,0,1.16601,0.567985,0,0.585733,0,0,0,0,1,1,0,1,w,m
19971,SLEEP,1,1,0.951775,0,0.980928,1.23161,0,0,0,0,0,1.08218,0.77501,0,1.13935,1.22983,0,0,0,0,1,0,1,w,m
19972,SLEEP,1,1,0.907408,0.897479,0.999867,1.78059,0,0,1.22836,0,0,0,0.78503,0,0.984485,2.10084,0,0,0,0,1,0,1,w,m
19973,SLEEP,1,1,0.94928,1.21054,0.965967,2.10706,0,0,0.909218,0,0,0,1.0063,0,0.655251,2.05903,0,0,0,1,1,0,1,w,m
19974,SLEEP,1,1,0.931128,0.710662,0,1.83955,0,0,0,0,0,0,0,0,0,0.559216,0,0,0,1,1,0,1,w,m
19975,SLEEP,1,1,0.934893,0.706544,0,2.40276,0,0,0,0,0,0,0,0,0,0,0,1,0,0,1,0,1,w,m
19976,SLEEP,1,1,0.924717,0.610502,0,2.32409,0,0,0,0,0,0,0,0,0,0,0.761125,1,0,0,1,0,1,w,m
19982,SLEEP,1,1,0.943228,0.550101,0.503796,1.84893,0,0,0,0,0,0,0,0,1.0373,0.954211,0.629894,1,0,1,0,0,0,w,m
19983,SLEEP,1,1,0.922992,0.54532,0,1.99646,0,0,0.765227,0,0,0,0,0.733077,1.60648,1.66495,0,1,0,1,1,0,1,w,m
19984,SLEEP,1,1,0.832147,0,0,0.701357,0,0.722177,1.50938,0.918173,0,0.683335,0.568372,0.858427,0.976365,1.86963,0,0,0,1,1,0,1,w,m
19985,SLEEP,1,1,0.973755,0,0,0,0,0,0,0,0,1.05605,0,0.769056,1.48325,2.63943,0,0,0,1,1,0,1,w,m
19986,SLEEP,1,1,0.941803,0,0,0.502259,0,0,1.17871,0.568433,0,1.2948,0.517908,0.781762,1.36744,1.89541,0,0,0,1,1,0,1,w,m
19987,SLEEP,1,1,0.942477,0,0,0.62362,0,0,0.676599,0.746983,0,1.80477,0,0,1.2215,0.834305,0,0,0,0,1,0,1,w,m
19988,SLEEP,1,1,0.952068,0,0,0,0.814072,0.548759,0.547088,1.00712,0,1.75449,0,0.602348,0,0,0,0,0,0,1,0,0,w,m
20012,SLEEP,1,1,0.950243,0,0,0,0,0,0,0.973783,0,2.93285,1.06674,0,0,0,0,0,0,0,1,0,1,w,m
20013,SLEEP,1,1,0.930145,0,0,0,0.563774,0,0,0.793445,0,2.6802,1.07756,0,0,0,0,0,0,0,1,0,1,w,m
20014,SLEEP,1,1,0.931409,0,0,0,0.601564,0,0,0.874778,0,2.36788,0.769307,0,0,0,0,0,0,0,1,0,1,w,m
20015,SLEEP,1,1,0.928423,0,0,0,0,0,0,0.83268,0,2.26828,0,0,0,0,0,0,0,0,1,0,1,w,m
20016,SLEEP,1,1,0.91625,0,0,0,0.741594,0,0,0.673287,0.566713,1.84903,0,0,0,0,0,0,0,0,1,0,1,w,m
20017,SLEEP,1,1,0.911327,0,0,0,0.967971,0,0,0.613274,0.62107,1.85122,0,0,0,0.579737,0,0,0,0,1,0,0,w,m
20018,SLEEP,1,1,0.928667,0,0,0,0.829509,0,0,0.858521,0,2.04747,0,0,0.653733,1.35692,0,0,0,0,1,0,0,w,m
20019,SLEEP,1,1,0.932884,0,0,0,0,0,0,0.700225,0.627922,2.03782,0,0,0.513272,1.15566,0,0,0,0,1,0,0,w,m
20020,SLEEP,1,1,0.953269,0,0.79017,0,0.574592,0,0,0.725951,0,2.24406,0,0,0,0.660405,0,0,0,0,1,0,0,w,m
20021,SLEEP,1,1,0.959496,0,0,0.562528,0,0,0,0.613441,0,1.84837,0,0,0,0.550872,0,0,0,0,1,0,0,w,m
20022,SLEEP,1,1,0.956501,0,0,0.606959,0,0,0,0.705689,0.663303,1.79296,0,0,0,1.11665,0,0,0,0,1,0,0,w,m
20023,SLEEP,1,1,0.9583,0,0.564766,0.896775,0,0,0,0.606976,0,2.05345,0,0.524079,0,1.16508,0,0,0,0,1,0,0,w,m
20024,SLEEP,1,1,0.960184,0,0.78078,0,0,0,0,0.52781,0,1.63902,0,0,0.533749,0,0,0,0,0,1,0,0,w,m
20025,SLEEP,1,1,0.953632,0,0.939579,0,0,0,0,0.680561,0.677715,1.8793,0,0.551334,0.928366,0.583347,0,0,0,0,1,0,0,w,m
20026,SLEEP,1,1,0.94839,0,0.637778,0,0,0,0,0.679646,0.700693,2.1927,0,0,0.783713,0,0,0,0,0,1,0,1,w,m
20027,SLEEP,1,1,0.946356,0,0.604825,0.581869,0,0,0,0.714328,0.599562,2.09468,0,0.583431,0.729598,0.612074,0,0,0,0,1,0,1,w,m
20028,SLEEP,1,1,0.935813,0,1.35546,0,0,0,0,0.673278,0.803843,2.06422,0,0.60022,1.20113,1.06449,0,0,0,0,1,0,1,w,m
20029,SLEEP,1,1,0.933299,0,1.27315,0,0,0.513692,0,0.724833,0.812061,1.7844,0,0.644161,0.685416,1.24158,0,0,0,0,1,0,0,w,m
20030,SLEEP,1,1,0.950065,0,1.12338,0,0,0.517599,0,0.679939,0.879375,1.90715,0,0.968198,1.05661,0.598701,0,0,0,0,1,0,0,w,m
20031,SLEEP,1,1,0.930899,0,1.09659,0,0,0.654182,0,0.775225,1.17763,1.94022,0,1.05646,0.960996,0.765383,0,0,0,0,1,0,0,w,m
20032,SLEEP,1,1,0.936097,0,0.728322,0,0,0.959129,0,1.07658,1.53525,2.19151,0,1.30165,0.598339,0,0,0,0,0,1,0,0,w,m
20033,SLEEP,1,1,0.932676,0,0,0,0,0.999534,0,1.01726,1.49192,2.41575,0,1.16227,0.742837,0.915435,0,0,0,0,1,0,0,w,m
20034,SLEEP,1,1,0.884772,0,0,0,0,1.30372,0,1.44644,1.60627,2.83511,0,1.03619,0.741292,0,0,0,0,0,1,0,0,w,m
20035,SLEEP,1,1,0.831545,0,0,0,0,1.47541,0,1.62134,1.74214,3.46709,0,0.895969,1.35816,0,0,0,0,0,1,0,0,w,m
20043,SLEEP,1,1,0.77389,0,0,0,0.626614,1.43519,0,1.9069,1.54813,3.41421,0,0.551971,0,0.714173,0,0,1,0,1,1,0,w,m
20044,SLEEP,1,1,0.870553,0,0,0,0,1.2501,0,1.74995,1.33225,3.3628,0,0.577332,0,1.31644,0,0,1,0,1,1,0,w,m
20045,SLEEP,1,1,0.882224,0,0,0,0,1.00126,0,1.49108,1.3133,2.8166,0,0,0,0.820964,0,0,1,0,1,0,0,w,m
20046,SLEEP,1,1,0.846951,0,0,0,0,0.845152,0,1.35802,1.09082,2.68828,0,0,0.594629,1.39898,0,0,0,0,1,0,0,w,m
20047,SLEEP,1,1,0.879701,0,0,0,0,0.650004,0,1.0723,1.11883,2.29385,0,0,0,2.0302,0,0,0,0,1,0,0,w,m
20048,SLEEP,1,1,0.874524,0,0,0,0,0.819716,0,1.39595,1.28334,2.04334,0,0,0,1.95308,0,0,1,0,1,0,0,w,m
20049,SLEEP,1,1,0.863741,0,0,0,0,0.663159,0,1.12466,1.0193,1.87756,0,0,0,1.76267,0,0,1,0,1,0,0,w,m
20050,SLEEP,1,1,0.8644,0,0,0,0.656073,0,0,1.02284,1.00827,1.46444,0,0,0,0.744046,0,0,1,0,1,0,0,w,m
20051,SLEEP,1,1,0.799691,0,0,0,0.8028,0.593547,0,1.10189,1.04814,1.92222,0,0,0,0.523816,0,0,1,0,0,0,0,w,m
20052,SLEEP,1,1,0.851288,0,0,0,1.36493,0.552503,0,1.32599,0.7742,1.96082,0,0,0,0,0,0,0,0,0,0,0,w,m
20065,SLEEP,1,1,0.841622,0,0,0,0,0.64432,0,1.09908,0.869697,2.47262,0,0,0,0,0,0,0,0,1,0,0,w,m
20066,SLEEP,1,1,0.863357,0,0,0,0,0.68389,0,1.06564,1.00309,2.6996,0,0,0,0,0,0,0,0,1,0,0,w,m
20067,SLEEP,1,1,0.861904,0,0,0,0,0.784288,0,1.11901,1.2374,2.96764,0,0,0,0,0,0,0,0,1,0,0,w,m
20068,SLEEP,1,1,0.868738,0,0,0,0,0.824209,0,1.22059,1.38248,3.02134,0,0,0,0,0,0,1,0,1,0,0,w,m
20069,SLEEP,1,1,0.847997,0,0,0,0,0.781822,0,1.1438,1.40884,2.83049,0,0,0,0,0,0,1,0,1,0,0,w,m
20070,SLEEP,1,1,0.767156,0,0,0,0,0.748573,0,1.04791,1.5872,3.1038,0,0.588625,0,0,0,0,1,0,1,0,0,w,m
20071,SLEEP,1,1,0.876898,0,0,0,0,0.826788,0,0.987737,1.57018,2.6686,0,0.510348,0,0,0,0,1,0,1,0,0,w,m
20072,SLEEP,1,1,0.890039,0,0,0,0,1.02167,0,1.34294,1.67083,2.29495,0,0.636241,0,0.625064,0,0,1,0,1,0,0,w,m
20073,SLEEP,1,1,0.906796,0,0,0,0,1.05039,0,1.37972,1.51638,2.36515,0,0.510836,0,0.583232,0,0,1,0,1,0,0,w,m
20074,SLEEP,1,1,0.916799,0,0,0,0,0.920746,0,1.29151,1.55967,1.98464,0,0.507032,0.636473,1.14193,0,0,1,0,1,0,0,w,m
20075,SLEEP,1,1,0.909031,0,0,0,0,0.967667,0,1.25696,1.70291,1.69533,0,0,0,2.12771,0,0,1,0,1,0,0,w,m
20076,SLEEP,1,1,0.887303,0,0,0,0,1.03347,0,1.36824,1.85015,1.86493,0,0,0,2.63349,0,0,1,0,1,0,0,w,m
20077,SLEEP,1,1,0.883376,0,0,0,0,0.970658,0,1.30207,1.66796,1.76148,0,0,0,2.74017,0.528595,0,1,0,1,0,0,w,m
20078,SLEEP,1,1,0.894254,0,0,0,0,1.04871,0,1.33482,1.83962,1.73763,0,0,0,2.12115,0.557767,0,1,0,1,0,0,w,m
20079,SLEEP,1,1,0.877965,0,0,0,0,1.01026,0,1.37329,1.74715,2.0047,0,0,0,2.68279,0,0,1,0,1,0,0,w,m
20080,SLEEP,1,1,0.880167,0,0,0,0,1.16721,0,1.44951,2.13409,1.95669,0,0,0,2.26018,0,0,1,0,1,0,0,w,m
20081,SLEEP,1,1,0.916547,0,0,0,0,1.07176,0,1.3977,1.83823,2.12082,0,0,0,2.01521,0,0,1,0,1,0,0,w,m
20082,SLEEP,1,1,0.919121,0,0,0.610011,0,0.97759,0,1.35384,1.48408,2.04627,0,0,0,1.91797,0,0,1,0,0,0,0,w,m
20083,SLEEP,1,1,0.926891,0,0,0.518077,0,0.751894,0,1.05242,1.12141,1.65774,0,0,0,2.43129,0,0,0,0,1,0,0,w,m
20084,SLEEP,1,1,0.925469,0,0,0,0,0.657945,0,1.06893,1.09259,1.66695,0,0,0,2.45413,0,0,0,0,1,0,0,w,m
20085,SLEEP,1,1,0.951875,0,0,0.702954,0,0.552756,0,0.821404,0.820275,1.68523,0,0,0,2.68966,0,0,0,0,1,0,0,w,m
20086,SLEEP,1,1,0.948072,0,0,0,0.615552,0.601919,0,1.01935,0.794987,1.79961,0,0,0,2.12265,0,0,0,0,0,0,0,w,m
20087,SLEEP,1,1,0.949041,0,0,0,0.513057,0.607724,0,1.00701,0.606641,1.82611,0,0,0,1.57037,0,0,0,0,0,0,0,w,m
20088,SLEEP,1,1,0.949341,0,0,0.543763,0.578526,0.581165,0,1.02549,0.814874,2.00173,0,0,0,2.72588,0,0,0,0,0,0,0,w,m
20089,SLEEP,1,1,0.947912,0,0,0.562235,0,0.523063,0,0.894473,0,2.20152,0,0,0,2.7986,0,0,0,0,0,0,0,w,m
20090,SLEEP,1,1,0.951826,0,0,0,0,0,0,0.896411,0,2.07743,0,0,0,2.99577,0,0,0,0,1,0,0,w,m
20091,SLEEP,1,1,0.954974,0,0,0,0,0.530292,0,0.966492,0,1.93912,0,0,0,2.66005,0,0,0,0,0,0,0,w,m
20092,SLEEP,1,1,0.956643,0,0,0,0,0.571428,0,0.97493,0,1.99339,0,0,0,2.92511,0,0,0,0,0,0,0,w,m
20093,SLEEP,1,1,0.934773,0,0,0.776843,0,0.549959,0,0.923906,0,2.00804,0,0,0,2.36846,0,0,0,0,0,0,0,w,m
20094,SLEEP,1,1,0.942059,0,0,0.607779,0,0.541276,0,0.980854,0.67538,2.14925,0,0,0,1.47704,0,0,0,0,0,0,0,w,m
20095,SLEEP,1,1,0.94654,0,0,0.711514,0,0.509695,0,0.959931,0.554826,2.17694,0,0,0,1.76429,0,0,0,0,0,0,0,w,m
20096,SLEEP,1,1,0.943424,0,0,0.530198,0,0.501028,0,0.94106,0.622755,2.06058,0,0,0,1.0211,0,0,0,0,0,0,0,w,m
20097,SLEEP,1,1,0.939244,0,0,0.570704,0,0.503625,0,0.907861,0.659977,1.98239,0,0,0,1.54119,0,0,0,0,0,0,0,w,m
20098,SLEEP,1,1,0.933366,0,0,0,0,0,0,0.923312,0.620375,2.13967,0,0,0,1.2276,0,0,0,0,1,0,0,w,m
20099,SLEEP,1,1,0.93802,0,0,0.516521,0.528503,0,0,0.930755,0,2.27009,0,0,0,1.88852,0,0,0,0,1,0,0,w,m
20100,SLEEP,1,1,0.936015,0,0,0.583084,0,0,0,0.997786,0,2.32477,0,0,0,1.36653,0,0,0,0,1,0,0,w,m
20101,SLEEP,1,1,0.934943,0,0,0,0,0,0,0.955444,0.505031,2.30544,0,0,0,1.76648,0,0,0,0,1,0,0,w,m
20102,SLEEP,1,1,0.932163,0,0,0,0,0.505582,0,0.974244,0.531349,2.32589,0,0,0,1.59233,0,0,0,0,1,0,0,w,m
20103,SLEEP,1,1,0.929694,0,0,0.651954,0,0,0,0.979268,0.533043,2.2406,0,0,0,0.768819,0,0,0,0,1,0,0,w,m
20104,SLEEP,1,1,0.890892,0,0,0,0,0,0,0.923655,0.672414,2.19962,0,0,0,0.677299,0,0,0,0,1,0,0,w,m
16743,SLEEP,1,1,0.979327,0,0,0,0,0,0,0.526127,0,0.825657,0,0,0,0,0,0,1,0,0,0,0,w,w
16744,SLEEP,1,1,0.948881,0,0,0,0,0,0,0,0,0.901425,0,0,0,0,0,1,1,0,0,0,0,w,w
5953,SLEEP,1,1,0.959847,0,0,0.719558,0,0,0,0,0,0,0,0,0,2.14394,0,1,0,1,1,0,1,w,m
5954,SLEEP,1,1,0.964145,0,0,0,0,0,0.852652,0,0,0,0,0,0,2.6627,0,1,0,1,1,0,1,w,m
5955,SLEEP,1,1,0.926974,0,0,0.6345,0,0,0.819419,0,0,0,0.595481,0,0,2.81961,0,1,0,1,1,0,1,w,m
5956,SLEEP,1,1,0.941483,0,0,1.28866,0,0,1.30108,0,0,0,0.640769,0,0,3.48,0,1,0,1,1,0,1,w,m
5957,SLEEP,1,1,0.933496,0.522806,0,1.234,0,0,1.1806,0,0,0,0,0,0,3.46531,0,1,0,0,1,0,1,w,m
5958,SLEEP,1,1,0.939685,0,0,0.809198,0,0,1.02794,0,0,0,0.656189,0,0,3.13773,0,1,0,0,1,0,1,w,m
5959,SLEEP,1,1,0.934945,0,0,0.884184,0,0,0.925522,0,0,0,0,0,0.622981,2.23024,0,1,0,0,1,0,1,w,m
5960,SLEEP,1,1,0.86645,0.76219,0,0.726388,0,0,1.2087,0,0,0,0,0,0,1.49681,0,1,0,0,1,0,1,w,m
5962,SLEEP,1,1,0.919366,1.099,0,1.12312,0.595522,0,0.617251,0,0,0,0,0.559128,1.39424,0.690997,0,1,0,0,0,0,1,w,m
5970,SLEEP,1,1,0.768876,1.20181,0,0,0.801071,0,0,0,1.26946,0,1.13893,0,1.43352,0,0,0,0,0,0,0,1,w,m
5971,SLEEP,1,1,0.757398,1.37159,0,0,0.92613,0,0,0,1.67162,0,1.04588,0,0.959311,0,0,0,1,0,0,0,1,w,m
5972,SLEEP,1,1,0.75368,1.5369,0,0,0.709982,0,0,0,1.35912,0,0.831816,0,1.50927,1.62751,0,0,0,0,0,0,1,w,m
5973,SLEEP,1,1,0.735413,1.66507,0,0,0.69768,0,0,0,1.49685,0,0.634722,0,1.33977,0.921558,0,0,0,0,0,0,1,w,m
5974,SLEEP,1,1,0.782891,1.56812,0,0,0.657087,0,0,0,1.24316,0,0.759349,0,1.35879,1.12866,0,0,0,0,0,0,1,w,m
5975,SLEEP,1,1,0.794415,1.64154,0.531541,0,0.839483,0,0,0,1.06115,0,0.641003,0,1.41711,1.2941,0,0,0,0,0,0,1,w,m
5976,SLEEP,1,1,0.81126,1.48304,0.584519,0,0.974299,0,0,0,1.19058,0,0.629397,0,1.19346,0.751415,0,0,0,0,0,0,1,w,m
5977,SLEEP,1,1,0.804352,1.54066,0.892488,0,1.02609,0,0,0,1.13803,0,0.524685,0,1.27138,0,0,0,0,0,0,0,1,w,m
5978,SLEEP,1,1,0.79987,1.36829,0.580169,0,1.01712,0,0,0,1.03813,0,0.657548,0,1.22905,0,0,0,0,0,0,0,1,w,m
5979,SLEEP,1,1,0.806139,1.63353,0.644355,0,1.00594,0,0,0,1.13307,0,0.592913,0,1.43699,0,0,0,0,0,0,0,1,w,m
5980,SLEEP,1,1,0.816611,1.57076,0,0,0.913529,0,0,0,0.970446,0,0.6484,0,1.14742,0,0,0,0,0,0,0,1,w,m
5981,SLEEP,1,1,0.792661,1.37872,0,0,1.08171,0,0,0,1.03117,0,0.525003,0,1.16811,0,0,0,0,0,0,0,1,w,m
5982,SLEEP,1,1,0.796128,1.38414,0,0,1.08445,0,0,0,1.11583,0,0.645102,0,1.13093,0,0,0,0,0,0,0,1,w,m
5983,SLEEP,1,1,0.81226,1.6292,0.529954,0,1.12125,0,0,0,1.01573,0,0.640724,0,1.05248,0,0,0,0,0,0,0,1,w,m
5984,SLEEP,1,1,0.82566,1.575,0,0,1.39784,0,0,0,1.21594,0,0.607518,0,1.12554,0,0,0,0,0,0,0,1,w,m
5985,SLEEP,1,1,0.855501,1.77445,0.567983,0,1.46268,0,0,0,1.19758,0,0.593891,0,1.11227,0,0,0,0,0,0,0,1,w,m
5986,SLEEP,1,1,0.852907,1.66378,0,0,1.46873,0,0,0,0.962642,0,0,0,1.03607,0,0,0,0,0,0,0,1,w,m
5987,SLEEP,1,1,0.820436,1.6303,0,0,1.4261,0,0,0,1.25194,0,0.53,0,1.07844,0,0,0,0,0,0,0,1,w,m
5988,SLEEP,1,1,0.814286,1.57763,0,0,1.50601,0,0,0,1.26224,0,0.620298,0,1.12583,0,0,0,0,0,0,0,1,w,m
5989,SLEEP,1,1,0.821139,1.6458,0.721534,0,1.38279,0,0,0,1.41812,0,0.59289,0,0.940001,0,0,0,0,0,0,0,1,w,m
5990,SLEEP,1,1,0.803893,1.6664,0.558564,0,1.40116,0,0,0,1.51738,0,0.550512,0,0.884158,0,0,0,0,0,0,0,1,w,m
5991,SLEEP,1,1,0.784123,1.55096,0,0,1.08656,0,0,0,1.433,0,0.616967,0,1.25665,0,0,0,0,0,0,0,1,w,m
5992,SLEEP,1,1,0.774812,1.51675,0,0,1.03449,0,0,0,1.30233,0,0.628244,0,1.48609,0.882532,0,0,0,0,0,0,1,w,m
5993,SLEEP,1,1,0.760865,1.65133,0,0,0.987859,0,0,0,1.32467,0,0.52068,0,1.56612,0.5618,0,0,0,0,0,0,1,w,m
5994,SLEEP,1,1,0.799428,1.65099,0,0,1.06603,0,0,0,1.44897,0,0,0,1.69281,0,0,0,0,0,0,0,1,w,m
5995,SLEEP,1,1,0.789599,1.84106,0,0,0.60342,0,0,0,1.15125,0,0,0,1.72944,0,0,0,0,0,0,0,1,w,m
5996,SLEEP,1,1,0.796196,1.72387,0,0,0.687508,0,0,0,1.23011,0,0,0,1.52917,0,0,0,0,0,1,0,1,w,m
5997,SLEEP,1,1,0.782472,1.92592,0.593526,0,0,0,0,0,1.26423,0,0,0,1.86138,0,0,0,0,0,1,0,1,w,m
5998,SLEEP,1,1,0.801993,2.00035,0.726676,0,0,0.513243,0,0,1.15563,0,0,0,2.00755,0,0,0,0,0,1,0,1,w,m
5999,SLEEP,1,1,0.758986,2.24155,1.10933,0,0,0.57905,0,0,1.29731,0,0,0,1.74811,0,0,0,0,0,1,0,0,w,m
6001,SLEEP,1,1,0.738312,1.95913,0.520629,0,0,0,0,0,1.15675,0,0,0,2.08722,0,0,0,0,0,1,0,0,w,m
6002,SLEEP,1,1,0.890271,0,0,0.982285,0,0,0,0,0,1.02366,0,0,0,1.25651,0,1,0,1,1,0,0,w,m
6003,SLEEP,1,1,0.914048,0,0,0.787828,0,0,0,0,0,1.08417,0,0,0,0.672325,0,1,1,1,1,0,0,w,m
6004,SLEEP,1,1,0.926312,0,0,1.41457,0,0,0,0,0,0.971609,0,0,0,0.884559,0,1,1,1,1,0,0,w,m
6005,SLEEP,1,1,0.922119,0,0,1.20563,0,0,0,0,0,0.564951,0,0,0,1.19865,0,1,0,1,0,0,0,w,m
6006,SLEEP,1,1,0.936587,0,0,1.24465,0,0,0,0,0,0.821592,0,0,0,1.01751,0,1,0,1,1,0,0,w,m
6007,SLEEP,1,1,0.945833,0,0,0.958856,0,0,0,0,0,0.920738,0,0,0,0.8936,0,1,0,1,1,0,0,w,m
6008,SLEEP,1,1,0.943761,0,0,0.984726,0,0,0,0,0,0.810963,0,0,0,1.1127,0,1,0,1,1,0,0,w,m
6009,SLEEP,1,1,0.943229,0,0,0.822302,0,0,0,0,0,0.748295,0,0,0,0.967811,0,1,0,1,1,0,0,w,m
6010,SLEEP,1,1,0.950705,0,0,1.01033,0,0,0,0,0,1.0548,0,0,0,1.27785,0,1,0,1,1,0,0,w,m
6011,SLEEP,1,1,0.944631,0,0,0.866974,0,0,0,0,0,1.20164,0,0,0,1.29146,0,1,1,1,1,0,0,w,m
6012,SLEEP,1,1,0.936193,0,0,1.06256,0,0,0,0,0,1.36568,0,0,0,1.13339,0,1,0,1,1,0,0,w,m
6013,SLEEP,1,1,0.927883,0,0,0.758727,0,0,0,0,0,1.46604,0,0,0,0.732865,0,1,0,1,1,0,0,w,m
6014,SLEEP,1,1,0.927091,0,0,0.761221,0,0,0,0,0,1.28978,0,0,0,0.512146,0,1,0,1,1,0,0,w,m
6015,SLEEP,1,1,0.920737,0,0,0.782458,0,0,0,0,0,1.3314,0,0,0,0.676716,0,1,0,1,1,0,0,w,m
6016,SLEEP,1,1,0.920828,0,0,1.15675,0,0,0,0,0,1.28221,0,0,0,0.652268,0,1,0,1,1,0,0,w,m
6017,SLEEP,1,1,0.909278,0,0,0.95634,0,0,0,0,0,1.23542,0,0,0,0,0,1,0,1,1,0,0,w,m
6018,SLEEP,1,1,0.903361,0,0,1.03902,0,0,0,0,0,1.23241,0,0,0,0,0,1,0,1,1,0,0,w,m
6019,SLEEP,1,1,0.910473,0,0,1.11023,0,0,0,0,0,1.27295,0,0,0,0.617929,0,1,0,1,1,0,0,w,m
6020,SLEEP,1,1,0.923373,0,0,1.08685,0,0,0,0,0,1.16505,0,0,0,0,0,1,0,0,1,0,0,w,m
6021,SLEEP,1,1,0.93425,0,0,0.984315,0,0,0,0,0,1.25089,0,0,0,0.71454,0,1,0,0,1,0,0,w,m
6022,SLEEP,1,1,0.93597,0,0,0.93518,0,0,0,0,0,1.04683,0,0,0,1.29425,0,1,0,1,1,0,0,w,m
6023,SLEEP,1,1,0.942394,0,0,1.00608,0,0,0,0,0,1.03664,0,0,0,1.41888,0,1,0,1,1,0,0,w,m
6024,SLEEP,1,1,0.932374,0,0,0,0,0,0,0,0,0.893858,0,0,0,0.812238,0,1,0,0,1,0,0,w,m
6025,SLEEP,1,1,0.939166,0,0,0.797654,0,0,0,0,0,0.608722,0,0,0,0.712882,0,1,0,1,1,0,0,w,m
6026,SLEEP,1,1,0.941693,0,0,1.07825,0,0,0,0,0,0.635291,0,0,0,0.864864,0,1,0,0,1,0,0,w,m
6027,SLEEP,1,1,0.93778,0,0,0.828243,0,0,0,0,0,0.675252,0,0,0,1.31864,0,1,0,0,1,0,0,w,m
6028,SLEEP,1,1,0.948075,0,0,0.730359,0,0,0,0,0,0.55908,0,0,0,1.38759,0,1,0,0,1,0,0,w,m
6029,SLEEP,1,1,0.94666,0,0,0.851705,0,0,0,0,0,0.546066,0,0,0,1.33272,0,1,0,0,1,0,0,w,m
6030,SLEEP,1,1,0.94518,0,0,0.91533,0,0,0,0,0,0,0,0,0,1.21439,0,1,0,0,1,0,0,w,m
6031,SLEEP,1,1,0.94646,0,0,0.641281,0,0,0,0,0,0,0,0,0,0.741195,0,1,0,0,1,0,0,w,m
6032,SLEEP,1,1,0.961058,0,0,0.761665,0,0,0,0,0,0,0,0,0,1.12001,0.516188,1,0,0,1,0,0,w,m
6033,SLEEP,1,1,0.966593,0,0,0.84758,0,0,0,0,0,0,0,0,0,1.30319,0.542754,1,0,0,1,0,0,w,m
6034,SLEEP,1,1,0.944405,0,0,0.660641,0.790839,0,0,0,0,0,0,0,0,1.55471,0.51064,1,0,1,1,0,0,w,m
6035,SLEEP,1,1,0.89114,0,0,0,0,0,0,0,0,0.79439,0,0,0.871463,2.83379,0.54433,1,0,0,1,0,0,w,m
6036,SLEEP,1,1,0.833377,0,0,0.79362,0,0,0,0,0,0.983667,0,0,0.768431,2.86749,0.639564,1,0,0,1,0,0,w,m
6037,SLEEP,1,1,0.804504,0,0,0.81437,0,0,0.738703,0,0,1.46866,0,0,1.48295,3.46596,0.573039,1,0,0,1,0,0,w,m
6038,SLEEP,1,1,0.817349,0,0,0.71412,0,0,0.500135,0,0,1.22387,0,0,1.48844,3.03202,0.62326,1,0,0,1,0,0,w,m
6039,SLEEP,1,1,0.851017,0,0,0.834674,0.599201,0,0,0,0,0.928447,0,0,0.80275,1.86379,0.503692,1,0,1,1,0,0,w,m
6040,SLEEP,1,1,0.894297,0,0,0.881083,0.53309,0,0,0,0,0.823138,0,0,0.500467,1.40684,0,1,0,0,1,0,0,w,m
6041,SLEEP,1,1,0.915405,0,0,0.597602,0,0,0,0,0,0.812863,0,0,0,1.44941,0,1,0,0,1,0,0,w,m
6042,SLEEP,1,1,0.932823,0,0,0.724803,0,0,0,0,0,0.630194,0,0,0,0.946844,0,1,0,0,1,0,0,w,m
6043,SLEEP,1,1,0.945399,0,0,0.643558,0,0,0,0,0,0.684132,0,0,0,0.799961,0,1,0,0,1,0,0,w,m
6044,SLEEP,1,1,0.951019,0,0,0.741376,0,0,0,0,0,0.594188,0,0,0.540029,0.936413,0,1,0,0,0,0,0,w,m
6045,SLEEP,1,1,0.949895,0,0,0.66388,0,0,0,0,0,0.772213,0,0,0.550932,0.558403,0,1,0,0,1,0,0,w,m
6046,SLEEP,1,1,0.95486,0,0,1.02193,0,0,0,0,0,0.745897,0,0,0.913918,0,0,1,0,0,1,0,0,w,m
