duration,AU01_r,AU02_r,AU04_r,AU05_r,AU06_r,AU09_r,AU10_r,AU12_r,AU14_r,AU15_r,AU17_r,AU20_r,AU25_r,AU26_r,AU04_c,AU12_c,AU15_c,AU23_c,AU28_c,AU45_c
11.0490196078431,0.45614175,0.272516,0.49515475,0,0,0.27816825,0,0.39048825,0.6355445,0,0,0.528799,0.87415325,0,0,0,0.5,0,0,0
11.4827586206897,0.6174715,0.41195175,0.5846845,0,0,0,0.2641495,0.536115,0.59467675,0,0,0.452379,0.78494775,0,0,0,0.5,0,0,0
13.3921568627451,0.6408215,0.5720975,0.525038,0.3918485,0,0.14637625,0,0,0.29007425,0,0,0.6801735,0.6341445,0,0,0,0,0,0,0
7.76923076923077,0.704426,0.4721725,0.826178,0.291448,0,0,0,0.35922425,0.49317575,0,0,0.4690605,0.56792,0,0.5,0,0.75,0,0,0
17.5,0,0.13411025,0,0,0,0,0,0.5551495,0.69510075,0,0,0.6621225,0.80196,0,0,0,0.5,0,0,0
11.1182795698925,0.772032,0.621905,0.639477,0,0,0.4112985,0,0.2504885,0.618874,0,0,0.515192,0.724431,0,0,0,0.5,0,0,0
9.93939393939394,0.679324,0.7739985,1.0770225,0.559959,0,0.544693,0,0,0,0,0,0,0.965444,0,0,0,0,0,0,0
12.8484848484848,0.623901,0,0.680282,0,0,0,0.26417,0.5547055,0.502215,0.2722885,0,0.5920575,0.825255,0,0,0,0,0,0,0
16.3,0.6204325,0.522194,0.6474255,0.128074,0,0.416845,0,0.1589905,0.83677875,0,0,0.710418,0.7183065,0,0,0,0.25,0,0,0
11.936170212766,0,0.432727,0,0.606281,0,0,0,0.58189,0.676895,0,0,0.417251,0.8783925,0,0,1,0,0,0,0
23,0.6312815,0.549591,1.07262,0,0,0.66212325,0,0,0,0.4351335,0,0,2.37717,0,0.5,0,1,0.75,0,0
8.33333333333333,0,0.8113975,0,0.3013595,0,0.271616,0.449944,0.47621025,0.57912425,0.5568875,0,0.26812875,0.7371505,0,0,0.25,1,0,0,0
17.5625,0,0,0.27769175,0,0,0.3057325,0,0,0.6648985,0.12583875,0,0.61282,0.72729,0,0,0,1,0,0,0
18.3333333333333,0,1.1994,0.984054,0,0,0,0,0,1.1044815,0,0,0.6450955,0,0,0,0,0,0,0,0
19.2142857142857,0.27081,0.74689325,0,0.5382935,0,0.75019175,0,0.61677325,0.70884625,0,0,0.6382665,0.49609625,0,0,0,0,1,0,0
13.4444444444444,0,0.259745,0.692592,0,0,0.2621035,0,0.574677,0.818471,0,0,0,0.8775185,0,0,0,0,0,0,0
14.7692307692308,0.537602,0.73404225,0,0.8107415,0,0,0,0,0.58096175,0.505157,0,0.16210375,0.67396925,0,0,0,0,0,0,0
7.33333333333333,0.859357,0.2576875,1.29668,0,0,0.511823,0,0,0,0,0,0.739547,0.689356,0,1,0,1,0.5,0,1
22.1666666666667,0.164846,0,0.3526805,0.2609365,0,0,0,0.67235375,0,0.27334125,0,0,1.50414,0,0,1,0.5,1,0,0
14.5,0.266412,0.4608115,1.1750905,0.65058725,0,0.41403525,0,0.20794075,0.635573,0.40863675,0,0,1.2317575,0,0,0.75,0.5,0,0,0
31,0,0.722842,0,0.71191,0,0.66649,0,0.283716,1.00119,0,0.5502515,0.5246265,1.801915,0,0,0,0,0.5,0,0
14.2307692307692,0,0.494047,0.7447835,0,0.595941,0,0.621837,0.916652,0.879825,0,0,0,1.21523,0,0,1,0.5,0,0,0
21.625,0.3580105,0,0,0.32340225,0,0.40302325,0,0.2639005,0,0.20767675,0,0.698364,1.429275,0,0,0,1,0,0,0
30,0,0.562791,1.424385,0.634279,0.7687275,1.51981,0.739953,0.948141,1.23968,0,0.7328985,1.250715,0,0,1,1,1,1,0,1
8.08333333333333,0,0,0,0.698703,0,0.72554525,0.26943175,0.5848085,0.42115825,0,0,0.37525175,0.815529,0,0,1,0.25,0,0,0
29.6,0.92625875,0.7999755,0.713602,0,0,0.575951,0,0,0.62169925,0,0,0.5449375,0,0,0.25,0,0,0.5,0,0
7.25,0.40348125,0.14460625,0,0.6642575,0,0.15037025,0.22012775,0.128957,0,0.15241925,0,0,0.66497,0,0.75,0.25,0.5,0,0,0.5
11.625,0.82228425,0.9057715,0,0.43712375,0.15492825,0.4289965,0.5724705,0.414045,0.81954925,0,0,0.430449,0.879807,0,0,0.25,1,1,0,0
16.5952380952381,0.7548745,0.610082,0.7298295,0,0,0.5261455,0,0.6091065,0.69930225,0,0.58135525,0.788059,1.09489,0,0,1,0,0,0,0
10.6666666666667,1.01126175,1.059345,0.65911225,0.6460775,0,0,0,0.62954675,0.3509135,0.12885125,0,0.882372,1.054255,0,0,0,0.25,0,0,0
12.125,0.2860045,0,0,0.9641555,0,0,0.29158975,0.14975875,0.2697845,0.467125,0,0.18180925,0.474562,0,0,0.5,0,0,0,0
16.25,1.15671925,0.96748125,0.586619,0.440584,0,0.99572525,0,0.65659875,1.0642525,0.678893,0,0.6536065,1.4787,0,0,1,0.5,0,0,0
11.875,0.86936425,0,0.8627005,0,0,0.57637325,0,0,0.4263535,0,0.328493,0.599701,1.03436,0,0.5,0.5,0,0,0,0
20.75,0.30692025,0.52337175,0.1804275,0.339425,0.40536625,0,0.54233225,0.658318,0.6695895,0,0,0.51616625,1.194932,0,0,0.75,0.5,0.5,0,0
15.5,0.531333,0.7527325,0,0.43084525,0,0.38222575,0,0,0.6968015,0.32325225,0,1.011861,0,0,0.5,0,0,1,0,0
22.2307692307692,0.8909855,0,1.13034,0,0,0.590029,0,0,0,0.6075135,0,1.12782,0.72852,0,0,0,0,0,0,0
6.88888888888889,1.065405,0.790821,1.076045,0,0,0.590368,0.274321,0,1.14896,0,0,0,0,0,0,1,1,0,0,0
10.9615384615385,0.5497565,0.6551815,0.5177595,0,0,0.3241895,0,0,0.477947,0,0.55244725,0.739964,0.6565945,0,0,1,0,0,0,0
8.88679245283019,0.44696,0.50589,0.518223,0,0,0,0,0.285333,0,0,0,0.6987485,1.192765,0,0,0,1,0,0,0
18.6,0,0.528091,0,0,0,0.340722,0.261325,0.659319,0.857802,0.510962,0,0.806578,1.29152,0,0,0,1,0,0,0
10.375,0.5943375,0.3721235,0.53562,0,0,0.1418325,0,0,0,0,0,0.19180575,1.13267,0,0,0,0,0,0,0
24.7368421052632,0,0,0,0.663012,0,0,0,0,0.411289,0,0,0.564151,0.885337,0,0,0,0,0,0,0
16.7142857142857,0,0,1.51027,0,0,0.79857,0,0,0.927928,0,0.2555425,0,0.855958,0.2738085,1,0,1,0,0,1
38,0.9824595,0.2722025,0.7707785,0.5112145,0.57937625,0.5716025,0.46864525,1.12310025,0.97164175,0,0,0,1.4931325,0,0,1,0.25,0.25,0,0
18.4444444444444,0.9226735,0.712381,0.698461,0,0,0,0,0,0.7389375,0.8754265,0.6225375,0,0.6534415,0,0,0,0.5,1,0,0
6.5,0.81230875,0.404543,0.75390975,1.30239,0,0,0,0.12932125,0,0,0,0.623953,0.4259135,0,1,0,0,0,0,0
41.6666666666667,0.791068,0,0,0,0,0.5163745,0,0,0,0.64099,0,0,0,0,0,0,0,1,0,1
45.75,0.8069295,0.6682135,0.355449,0,0,0.3995105,0,0,0,0,0,0,1.461245,0,0,0,0,1,0,0
11.6666666666667,0,0,0,0,0,0.9397645,0,0,0,0,0,0,0.3113575,0,0,0,0,0,0,0
11.0909090909091,1.11137,0.78863,0.762357,0.586792,0,0.543563,0,0.52909,0,0.783194,0,0,0.674503,0,0,0,0,0,0,0
17,0.79129325,0.52699425,0.40785225,0.90266,0,0.32309475,0.154798,0,1.3660975,0,0.1922395,0.401779,0.850335,0,0.25,0.25,0.25,0.5,0,0
8.4,0.67674,0.2699855,0.8604455,0.57517,0.398951,0.7169595,0.327471,0.558155,1.476835,0,0,0,1.588945,0,0.5,0.5,0,0,0,0
2,0.7095225,0.273891,1.377305,0,0,1.684825,0,0.251383,0,0.5529375,0,1.208925,0.3213295,0,1,0,0,0,0,1
18.2666666666667,0.5678535,0.282446,1.001757,0.307081,0.2564855,0.278038,0.324636,0.6399245,0.295102,0,0.273824,0,0.6128625,0,0,1,0,0,0,0
10.25,0.8702835,0.6326405,1.101115,0,0,0.541211,0,0,0.3148525,0,0.447608,0.25928925,0.9481485,0,0,0.25,0,0.5,0,0
3.5,0.4184275,0,0.47492,0.1941735,0,0,0.418674,0.83016825,1.331185,0,0.5348,0.80628375,2.6259375,0,0.25,0.75,0.75,0,0,0
21.84,0.679825,0.556821,0.2760285,0,0,0.572513,0,0,0,0,0,0.254459,1.598145,0,0,0,0.5,0.5,0,0
11.7894736842105,1.16288,0.87186,0.747935,0.6730325,0,0.584,0,0.304653,0,0.3314045,0,0.519427,0.959915,0,0,0.5,1,0,0,0
15.7857142857143,0.9942765,1.30097,1.1883975,0.13355925,0.13392625,1.4790575,0,0,0.6328925,0,0.617889,0.1326825,0.947562,0,0.75,0.5,0,1,0,0
11,0,0.49719,0.293968,0.34995,0.2944245,0.3261895,0.503825,0.417261,0.83103,0,0,0,0,0,0.5,1,0,0,0,0
23.8,0.8542815,0,0.6342625,0.2510155,0,0.326434,0,0,0,0.4564265,0,0.4261225,0.814757,0,0,0,0,0,0,0
48,1.07579,0.3056,0,0.9939215,0,0.998026,0,0,0,0.773833,0,0,0,0.5488265,0,0,0,1,0,0.5
28.3333333333333,0,0.7367765,0,0,0,0,0,0,0.269356,0,0,0.4032725,1.100235,0,0,0,0,1,0,0
17.5,1.0787275,0.229158,0,0.2737225,0,0.57648175,0,0,0.28423,0.3779485,0.44891175,0.422956,1.735235,0,0.25,0.5,0.5,0.5,0.5,0
NaN,NaN,NaN,NaN,NaN,NaN,NaN,NaN,NaN,NaN,NaN,NaN,NaN,NaN,NaN,NaN,NaN,NaN,NaN,NaN,NaN
NaN,NaN,NaN,NaN,NaN,NaN,NaN,NaN,NaN,NaN,NaN,NaN,NaN,NaN,NaN,NaN,NaN,NaN,NaN,NaN,NaN
25,0,1.31266,0,0,0,1.6629,0,0,0,0.639678,0,0,1.57354,0,1,1,0,1,0,0
10.9411764705882,0,0,0,0,0,0,0,0.717896,0.711247,0,0,1.0725125,0.983384,0,0,0,0,0,0,0
39,0.962915,0,0,0,0,0,0,0,0,1.2772,0.770608,1.12115,0,0,0,0,1,1,0,0
NaN,NaN,NaN,NaN,NaN,NaN,NaN,NaN,NaN,NaN,NaN,NaN,NaN,NaN,NaN,NaN,NaN,NaN,NaN,NaN,NaN
NaN,NaN,NaN,NaN,NaN,NaN,NaN,NaN,NaN,NaN,NaN,NaN,NaN,NaN,NaN,NaN,NaN,NaN,NaN,NaN,NaN
4.8,0.5975525,0.341964,0,0.268065,0,0.23723,0,0.280185,0,0,0,0.751024,2.343855,0,0,0.5,0,0,0,0
7.33333333333333,0,0.2520445,0,0,0,0.3113255,0.4317475,0.67191,1.16274,0,0,0.674931,2.068275,0,0,1,1,0,0,0
21.2,0.5745625,0.250999,1.14853,0,0,0.292983,0,0,0.312117,0,0.6174575,0.56063,1.35538,0,1,0,1,0.5,0,0.5
7,1.009692,1.06507,1.40244,0,0.806945,1.530255,0.688686,1.04637,1.175969,0,0,0.2958795,2.800775,0,0,1,0,0,0,0
NaN,NaN,NaN,NaN,NaN,NaN,NaN,NaN,NaN,NaN,NaN,NaN,NaN,NaN,NaN,NaN,NaN,NaN,NaN,NaN,NaN
15.5,0.302492,0.4156115,0.12946025,0.13966575,0,1.27059,0.355909,0.526405,0.4472555,0,0,0.765905,2.5706925,0,0,1,0.5,0,0,0
27.3333333333333,0.7566675,0.4119985,0,0.795925,0,0.6365125,0,0.405318,0,0,0,0,0.7248415,0,0,0.5,1,0,0,0
45.75,0,0.328444,0.304451,0.26825375,0.26792775,0.2785275,0.2616875,0.46833025,0.9255825,0,0,0,0.3371815,0,0.5,0.5,0,0.5,0,0
25,0.628658,0.9761785,1.840384,0.343975,0.362308,1.1187045,0,0.730555,0.69359,0.909092,0.601625,0,1.881225,0,0.5,0,1,1,0,0.5
24.1666666666667,0.305378,0,0.3375085,0.266694,0.36303,0.6565375,0.70729025,0.7343865,1.0607585,0,0,0,0.715232,0,0,1,0,0.5,0,0
6,1.458658,2.038205,0.732469,0.64711475,0,0.5724475,0.279269,0.45080375,0,0,0.312095,1.2104625,0.81945275,0,0,0,0.75,0.25,0.25,0.5
18.2,0.5870985,0.803306,1.0871395,0,0,0,0,0,0.68534,0,0.686934,0.8768865,0,0,0.5,0,1,0,0,0
29,1.65026,0,0,0,0,1.55856,0,0,0,0.646946,0.929754,0,0.663845,0,1,0,1,1,0,1
31.2222222222222,0.5627,0,0,0,0.932874,0.510488,0.967792,1.152185,1.201195,0,0,0,0.336697,0,0,1,0,0,0,0
21.3333333333333,0.22449325,0.73579375,0,0.6790915,0,0.21694125,0.16084,0.884919,0.64842025,0.14813,0.1440415,1.0606275,1.459035,0,0,1,0.75,0.75,0,0
4,0.67942,1.65214575,0.587832,0.5424105,0.5071145,0.35104725,0.432591,0.712573,0.62701,0,0.3083885,1.3825615,0.3146525,0,0,0.5,0.75,0.75,0,0.25
27.3333333333333,0.33500475,0,1.1761025,0,0,0.57812,0,0,0,0.68030325,0.634689,1.2787875,0.3357805,0,0,0,0,0.5,0,0
11.6666666666667,0,0,0.877093,0.888166,0.3719835,0.815455,0.590295,0.984612,1.01939,0,0,0.764395,2.07528,0,0,1,0.5,1,0,0
3,0,0.673645,0,0,0.612933,1.75461,0,1.12509,1.02736,0,0.775638,1.33394,1.10792,0.566363,0,0,0,0,0,0
5.66666666666667,0.63663,0,0.9036665,0.720345,0,0.3396135,0,0,0,0.4999765,0,1.08442,2.425375,0,0.5,0.5,0.5,0.5,0,0
NaN,NaN,NaN,NaN,NaN,NaN,NaN,NaN,NaN,NaN,NaN,NaN,NaN,NaN,NaN,NaN,NaN,NaN,NaN,NaN,NaN
17.5,0.5246775,0.17306225,0.6281545,0.1270215,0,1.0137975,0.41150875,0,0.5439475,0.5076795,0.2466515,1.122715,1.09816725,0,0.25,0,0.75,0.5,0,0.75
24.125,0.3175815,0.74342425,0,0.40972625,0,0,0,0,1.0233885,0,0,0.67199325,1.17559575,0,0,0,0,1,0,0
11.1666666666667,0.37749575,0.94141975,0.326585,0,0,0.3153385,0,0.313982,1.05327975,0,0.26901,1.038495,1.2088755,0,0,0,1,0,0,0
2,0,0,0,0,0,0,0.2630635,0,0.863541,0,0,0,0,0,0.5,1,0,0,0,0
4.33333333333333,1.23884,0.811625,0.770777,0,0,0.649407,0,1.0614445,0,0.903275,0,0.3117295,0.4911105,0,0,0,1,0,0,0
NaN,NaN,NaN,NaN,NaN,NaN,NaN,NaN,NaN,NaN,NaN,NaN,NaN,NaN,NaN,NaN,NaN,NaN,NaN,NaN,NaN
7,0,0,0,1.70807,0,0,0,0,0,0.629153,0,0,1.5695,0,0,0,1,0,0,0
11.4,1.213275,0.62701225,0.6039195,0,0,0.98554625,0,0,0,0.129837,0,0,0.8280695,0,0,0,0.5,0,0,0
2,2.196615,0.8778735,2.742685,0,0,0,0,0,0,1.29568,0,0,0.3849875,0,1,0,0.5,0,0,0
NaN,NaN,NaN,NaN,NaN,NaN,NaN,NaN,NaN,NaN,NaN,NaN,NaN,NaN,NaN,NaN,NaN,NaN,NaN,NaN,NaN
10,0.8022845,0,0.865125,0.5754465,0,0,0.2950695,0.9876755,0,0.2568155,0,0.5289025,0.635465,0,0,1,0,0.5,0,1
NaN,NaN,NaN,NaN,NaN,NaN,NaN,NaN,NaN,NaN,NaN,NaN,NaN,NaN,NaN,NaN,NaN,NaN,NaN,NaN,NaN
27.7142857142857,0.515463,0,0.509872,0.610329,0,0.387852,0,0,0,0,0,0,1.20641,0,0,0,0,0,0,1
NaN,NaN,NaN,NaN,NaN,NaN,NaN,NaN,NaN,NaN,NaN,NaN,NaN,NaN,NaN,NaN,NaN,NaN,NaN,NaN,NaN
12.4,0.7158345,0.734147,0.620588,0,0,0.7121365,0,0,0,0,0,0,0,0,0,0,1,0,0,0
10,1.080399,0.214714,0.942596,0.653047,0,0.6963625,0,0.19084925,0.266065,0.262211,0,0,0.5565515,0,1,0,0,0.5,0,0
7.5,0.2878505,0.14680375,0,0.7021575,0.2695325,0.35383325,0.317025,0.755302,0.46989925,0.14872075,0,0.253941,1.9507175,0,0.25,1,0,0,0,0
8.18181818181818,0,0,0,0.960205,0.520409,0.297092,0.648577,0.846456,0.8178975,0,0,0,1.37028,0,0,1,0,0,0,0
10.6666666666667,0,0,0,0,0,0,0,0,0,1.005694,0,0,0.959044,0,1,0,1,0,0,0
29,0.696269,1.06881,0,0.521523,0,0.551376,0,0,0.593595,0.841957,0,0,1.64915,0,0,1,1,1,0,0
7,1.44987,1.38433,0,0,0,0,0,1.03916,0,0,0,0.64273,2.0882,0,0,0,0,0,0,0
13,0.3211855,0,0,0.7893375,0.519439,0,0,1.06518,0,0.727507,0.626253,0,1.00889,0,0,1,1,0,0,0
11,0.795395,0,1.223205,0.411417,0,1.11082,0,0.2781175,0.448123,0.398327,0,0.286728,2.860065,0,0.5,1,0.5,0,0,0.5
6.66666666666667,1.13974,1.30042,0,1.40909,0,0,0,1.53215,0,0,0,0,0,0,0,1,0,1,0,0.5
17,0.396077,0,0,0,0,0,0,0,0.8031075,0,0.270068,0,1.368275,0,0,0.5,0,1,0,0
18.3333333333333,0,0.2756585,0.986243,0,0.36333,0.297332,0.2786125,0,0,0.5153885,0.521765,0.2555855,1.03614,0,1,0,1,1,0,1
34.5,0,0,0.78472,0,0,1.3946175,0,0,0.4067235,0,0,0.516515,0.8656905,0,0.5,0,0,1,0,0.5
4,0,0.355336,0.69313,0.5661995,0,1.498615,0,0,0.7383155,1.16862,0.967059,0,1.8989,0,0,0,1,1,0,0
